0	0	0	0	0	0
-9124	-9532	8444	-3954	-72	-629
-11248	-10412	7556	-3842	-1839	-316
-10612	-10396	8024	-1259	-860	-645
-9820	-10040	7348	14	351	-509
-9120	-9744	9008	2362	3970	-299
-12432	-10704	6968	2521	7757	483
-11296	-8776	6792	5506	1279	-802
-10196	-7228	6812	458	735	-189
-10768	-10532	7520	-1293	720	-200
-10680	-9324	7120	66	804	86
-11320	-8592	7392	-2279	539	446
-11868	-10772	7096	-2743	-68	540
-12540	-11228	7180	-1557	-155	236
-13256	-11664	7664	-1533	-653	-199
-13508	-13336	9144	-171	-1897	-327
-13444	-13180	8312	1284	-1493	18
-14572	-12912	9504	-171	-1502	133
-14964	-14344	9472	-1967	-1905	637
-15412	-14072	10344	-97	-2063	642
-14724	-13252	9100	-72	-2220	1505
-15172	-12436	9044	317	-1967	1635
-15072	-11664	9444	-228	-3287	3435
-13512	-10636	7840	3332	-3062	4021
-13388	-10468	8584	3020	-3457	5299
-12692	-9748	7600	3898	-2927	6832
-12632	-8676	7840	3732	-2224	8352
-12320	-8720	7808	3523	-1293	9758
-9980	-7440	9372	5865	10	11467
-8572	-7740	7836	5338	3011	12218
-9552	-4532	6584	7809	5230	12668
-9508	-3316	6992	4379	6210	14817
-7804	-3380	9012	3439	7781	16616
-7468	-1884	6104	2106	9831	17762
-8776	820	3632	1572	10869	19311
-6032	1856	8504	-2305	10550	19369
-5340	880	2952	-4850	11831	16384
-8956	1584	5532	-89	10136	12062
-8468	2888	5584	-1907	6718	7664
-10452	1452	6192	-2372	3279	1190
-12800	-1060	3524	-383	-50	-2815
-11792	1212	6020	2972	-4584	-4155
-10112	2796	5876	-3454	-5652	-5035
-13236	-536	5616	-5127	-6737	-6460
-12296	-484	5140	-1707	-8076	-5217
-9816	468	7696	-3537	-7621	-5383
-13020	-552	6480	-5844	-4152	-6317
-13192	-492	6132	-1020	-7172	-5747
-8916	-1136	6104	-1673	-4510	-7330
-13064	-4284	8192	193	-700	-8480
-10912	-1344	6848	5784	-2851	-7369
-10644	-544	5140	2686	32	-9501
-14488	-2464	7648	2203	-685	-8289
-11132	-1280	8548	4171	-3115	-6759
-12128	-2164	6656	-2034	1392	-7268
-16040	-2336	6344	1496	-1538	-5854
-12728	-2520	10648	-4027	-4234	-3339
-12532	-3540	6236	-5023	-748	-4303
-15900	-4132	7972	-1851	-2408	-3010
-12156	-3464	9176	-3980	-4689	-2148
-13272	-5112	8024	-4615	-676	-2855
-14712	-5564	8444	-505	-3451	-1627
-10556	-4692	8992	-1104	-3796	-1394
-11852	-5748	7744	-1477	112	-1746
-14464	-5620	9348	1160	-1037	-1423
-10808	-3488	8236	1036	-1703	-1297
-10876	-3588	7120	-1195	760	-1388
-13320	-5280	9152	-2736	1114	-1406
-13816	-5276	8976	-1633	106	-1263
-11160	-4316	8508	-2858	-58	-260
-13300	-5868	7788	-3413	3374	-1509
-15960	-6420	9264	-875	1631	-1369
-12256	-3972	9596	-2565	155	-163
-11456	-5356	7152	-4654	2845	-6
-14756	-8148	8952	-2611	3559	-152
-13604	-7232	8920	-824	2018	325
-13312	-6628	6916	-1305	3270	1119
-14228	-7236	7636	-1607	2543	2580
-13308	-7700	8356	-1616	2952	3726
-15608	-8884	8304	-1740	4316	3047
-17256	-7216	8344	-230	2632	4112
-16572	-7692	9316	-2763	1626	3703
-17856	-8764	9604	-3579	2178	2737
-18200	-8104	9208	-2695	1009	1333
-18700	-7744	8208	-1942	11	-34
-18416	-7636	9012	-1606	-1863	-837
-16584	-7696	7716	-753	-2595	-2594
-17368	-7460	8116	647	-2202	-3592
-17588	-7364	7484	944	-3629	-4333
-16712	-6796	9272	1148	-4061	-4797
-15936	-7424	9100	807	-3692	-5520
-16476	-6720	8584	896	-2774	-5664
-15932	-6988	9308	664	-3517	-5640
-13960	-7320	8768	-827	-2690	-4741
-14620	-7252	8584	-1765	-1557	-4239
-14276	-7116	8564	-187	-1689	-3496
-13452	-7228	9244	-1328	-762	-2556
-13024	-7972	9368	-2320	-460	-1114
-13452	-8444	6556	2172	214	-292
-12040	-6632	7900	1968	-200	1467
-10360	-5732	8720	1777	1064	2152
-11260	-7520	6760	1981	1911	2330
-11508	-5988	7420	4197	1729	3201
-9196	-5620	8960	4581	1638	3724
-10300	-5968	4956	4868	4045	3358
-12204	-3128	6468	5517	3362	4251
-10744	-3444	8200	119	2307	5672
-10232	-5280	5648	-1192	4040	5587
-12812	-4980	3508	1544	2558	5619
-11152	-2924	6828	-1676	2230	7616
-10756	-3576	7712	-2829	2488	7996
-11400	-4772	5672	-1844	3170	8979
-11452	-4188	7704	-3447	5188	9975
-10468	-3088	6668	-2818	5242	13970
-9132	-2076	5292	-6627	3837	14287
-8620	-1944	7920	-7154	5147	14903
-8860	-584	7388	-8826	6357	12862
-8800	-2252	3780	-7575	6757	6664
-12072	-3224	6368	-2513	4999	1931
-12788	-2040	7604	-313	1961	1011
-12904	-3840	7464	2738	-787	-2255
-12744	-1096	6432	6207	-2331	-3159
-13584	1184	6400	2426	-4802	-4454
-10800	-1608	6572	-4480	-6142	-3143
-12588	-2644	4916	-1167	-6658	-5338
-10004	-1352	5824	-672	-10203	-4478
-9148	-792	6656	-7243	-7462	-4821
-12944	-2860	3868	-4915	-9133	-5957
-8856	-3968	8260	-6603	-9944	-4518
-10260	-4316	6992	-6902	-4262	-6405
-12920	-5596	7576	-1273	-5377	-6149
-10000	-4140	6560	1434	-3090	-6598
-10620	-4924	10092	1945	-609	-7771
-9616	-6752	8916	7689	412	-8106
-12220	-4344	5448	15021	4025	-9382
-11868	-2412	11900	8925	1280	-7079
-11588	-4452	8308	6665	3094	-7865
-12848	-4644	7476	8691	2187	-6546
-11048	-2532	7820	1606	2404	-4414
-15104	-5128	9668	-3238	3935	-3965
-14020	-4444	7728	-1746	-891	-806
-11692	-2912	8036	-6905	-265	311
-13972	-5816	8600	-7684	103	-183
-13508	-6592	6772	-2785	-1421	915
-13100	-4760	8112	-1827	-875	1350
-13712	-5016	9780	-3014	-830	1168
-13028	-5992	7832	-980	-863	1338
-12488	-4728	8108	1805	-482	1463
-12284	-3344	8720	1689	338	688
-13640	-3788	8248	1076	1750	-14
-13996	-4336	9240	541	-31	815
-11204	-3712	8608	457	-471	1489
-12008	-4200	8240	140	3821	473
-15868	-4780	8372	510	3194	829
-12952	-3648	8792	-174	-566	2587
-10860	-4268	8252	-879	2035	2843
-13432	-5484	7972	1306	4727	2664
-15796	-4324	10360	1400	3937	3203
-16504	-4456	9892	-551	2963	2786
-17192	-5060	9460	-786	3563	2740
-20004	-6320	11404	-2281	3311	1756
-20640	-6816	12644	-3729	1713	730
-20920	-7876	10516	-4470	1032	-1114
-21500	-8588	10740	-3009	-1424	-2461
-18672	-7380	10680	-2283	-2813	-3489
-17940	-7344	10244	-2019	-1890	-4884
-19216	-7856	8852	1024	-3342	-5957
-17516	-6324	9584	1062	-4049	-5582
-16108	-6548	9720	-682	-3764	-5706
-15856	-6968	8780	-763	-3041	-5328
-15160	-6700	8676	127	-2564	-4434
-14252	-6288	8892	-484	-1991	-3581
-13692	-6064	8416	-1366	-1050	-2619
-14256	-7120	7308	-867	-907	-2127
-13748	-6508	7712	659	-590	-962
-12532	-6092	9364	80	9	69
-12196	-6372	6832	1195	607	737
-12632	-6176	7560	1981	1308	2013
-11260	-4196	9088	1877	22	3911
-10236	-5376	7152	835	2654	3524
-11276	-4736	6624	3353	1888	4778
-9600	-2480	9256	1201	1454	6394
-9376	-3912	7148	-662	2759	5935
-10700	-3672	6124	2239	2832	6001
-10060	-2788	8112	-137	2944	6582
-10152	-3076	7712	40	3127	6543
-10312	-1980	5500	-125	2859	6137
-10668	-2604	6960	-193	3487	5518
-12560	-3452	8048	621	3171	5674
-12780	-2216	6412	863	2630	6479
-12192	-1416	6580	-199	3611	6335
-13600	-896	10284	-2008	2597	7513
-11908	56	6496	-5819	1960	9184
-12592	-828	5544	-7635	3475	8074
-12264	-1108	8104	-8559	3397	9434
-10620	-1244	5464	-10581	7329	7850
-12356	-1576	4196	-6574	9020	8489
-11176	632	4840	-6371	8321	10507
-12868	-200	5032	-5756	8003	7943
-14132	-2016	5832	-3402	5803	2487
-16240	-2360	5532	-126	3510	1234
-15648	-1432	5836	1824	483	-21
-14528	-164	5148	1093	-225	-620
-14268	-1024	6924	-3345	-2433	152
-11696	-108	6924	-4014	-1547	-812
-15748	-1440	6408	-5652	-1204	-2755
-14704	-3248	5780	-4629	-5702	-2385
-11700	-3488	5648	-543	-6810	-4402
-11000	-1908	5168	1744	-6936	-5547
-10412	-1792	4600	1224	-9336	-6314
-9080	-988	3312	-29	-9222	-6340
-10484	-1704	6432	-3811	-8728	-5168
-11632	-1824	4172	-3243	-8314	-4383
-12396	-1164	5472	-1671	-8028	-3498
-10004	-2872	8908	-5966	-6721	-4084
-10828	-5008	5064	-2936	-2755	-5435
-12300	-1968	7084	2521	-2722	-5852
-10608	-2260	7284	-523	-129	-6854
-11444	-4936	5184	4683	2626	-7280
-11728	-3752	8216	7101	1898	-8109
-12028	-2300	6992	6827	2929	-7609
-12644	-12	6024	6407	3844	-6794
-15156	-1956	7180	-1615	2692	-5882
-15272	-4184	6204	-2704	478	-4165
-12432	-1780	5188	1184	727	-4828
-14540	-2028	7588	-491	2551	-4244
-16492	-4788	8052	2279	-2374	-3741
-11148	-3896	7208	6048	-3166	-4511
-15592	-3300	8944	7208	-227	-3821
-15744	-4012	9416	4689	-4075	-4457
-10620	-4020	9364	4508	-2964	-3533
-13804	-4036	8380	5196	1624	-4105
-15900	-4364	11248	3217	-942	-4136
-13056	-4752	11180	2586	-1887	-3238
-12072	-5964	9832	1488	2122	-3372
-15024	-6732	12964	1450	3483	-2606
-15188	-6836	13036	1269	1934	-1691
-15676	-7516	12572	694	4221	-1830
-19088	-9148	13260	-789	3316	-2260
-18536	-9052	14772	-2520	-9	-933
-16884	-9164	15344	-4943	1628	-1740
-19904	-11008	10012	-3860	1555	-3137
-18600	-10060	11848	-3077	-3620	-796
-14088	-8016	11584	-3468	-3751	-2165
-14276	-8860	9952	-1400	678	-2812
-17536	-9664	7744	807	-476	-2424
-15868	-8144	10876	-814	-2612	-898
-13204	-7680	10496	-2249	-747	-1610
-14468	-8928	7412	10	2155	-1085
-17204	-7908	9872	1874	826	472
-12728	-5508	10888	128	-2189	1348
-11764	-6904	6948	-229	2090	1657
-14100	-6836	8660	2895	282	3357
-10680	-4760	10412	2189	-125	4415
-11160	-6328	7864	1206	2234	5437
-13260	-5276	7024	5599	1158	6297
-9916	-3988	9212	2863	1140	7226
-10100	-4980	9052	2168	2787	8633
-12264	-2704	4300	5813	2030	8168
-9544	-1004	7624	955	2606	9863
-10060	-2356	8600	-1468	3165	10841
-9700	-1620	4452	-279	2764	9527
-10432	-772	5564	-18	3452	9301
-11052	-1036	8168	-2461	2259	9151
-10204	-504	5244	-2799	3452	8764
-11676	1220	5448	-3484	3068	9199
-12064	900	8280	-11127	2999	11059
-10848	-244	7376	-14110	4614	12187
-10216	1420	3900	-11361	7294	10017
-11072	980	6724	-14644	8113	10037
-11780	156	4736	-12161	8033	9978
-11200	-1228	6128	-8794	9205	6367
-15616	-3400	5276	-2921	10368	3962
-16224	-2032	5940	6360	5056	2394
-14472	-896	5184	12392	2136	-731
-15460	1140	6608	12940	-442	-2846
-14108	3216	6920	3523	-3938	-3848
-12940	1692	7516	-4883	-3968	-4334
-12652	904	7392	-10420	-5701	-3222
-13000	-1948	5840	-11164	-5636	-4436
-12868	-3720	8560	-7615	-8882	-5169
-9416	-1984	5652	-872	-9144	-7800
-8556	-2452	4948	4005	-10848	-11305
-7468	-3296	4792	4298	-9511	-11453
-10356	-1200	5076	7030	-8498	-9705
-10376	-1112	8628	332	-7988	-8520
-12320	-4468	6224	-3954	-4599	-6844
-10472	-4464	6588	-852	-5964	-7271
-9592	-3664	8496	-1882	-1140	-8062
-13096	-3428	6064	1850	761	-7360
-10584	-4020	9596	3600	-1895	-8524
-10180	-4392	4788	6396	2798	-9955
-12996	-2772	8056	8752	1671	-8774
-11104	-4040	8736	3209	1098	-8463
-13540	-4912	6808	3226	4415	-6958
-13396	-2892	8324	3034	-1524	-4904
-10212	-3720	7972	-3729	-63	-3614
-13968	-6328	8200	-4093	1550	-1279
-11096	-5384	8052	-603	-1516	-486
-11728	-3412	8108	1308	2703	-1479
-14540	-3620	9604	161	-986	-277
-9568	-3912	8188	298	-2433	624
-11888	-4464	9168	1764	3786	-307
-16076	-3820	10712	2541	1276	119
-11704	-2800	8516	1150	125	1129
-14404	-4964	8708	818	5997	-123
-17600	-5036	11596	2289	2302	381
-14492	-3600	9952	1245	2529	481
-19008	-6152	11684	-1466	5523	-714
-20644	-8192	13476	-3455	1005	-548
-18496	-8540	13668	-4159	725	-1659
-21316	-9988	14232	-4780	1153	-3085
-20912	-11508	14316	-6437	-1871	-3681
-18716	-11408	11872	-5026	-1928	-4752
-18808	-10956	11384	-2363	-3221	-5361
-16928	-9908	11840	-1535	-4105	-5284
-15924	-9728	11052	-1916	-2815	-5385
-16960	-10304	10336	-1009	-2464	-4682
-15684	-9384	10040	-720	-3491	-3094
-13764	-9084	10368	-1596	-1927	-2028
-15540	-9020	8752	385	-15	-1817
-15808	-7872	9720	900	-1540	56
-11732	-6544	8120	597	-1365	1819
-12108	-7672	7500	1270	1667	2141
-12084	-6796	7688	3650	911	3576
-10000	-5284	7084	4126	1967	4471
-9956	-5388	8284	4129	3490	5523
-10196	-5304	7864	4723	3754	6348
-9504	-4420	7168	4310	4442	7711
-8932	-3932	6404	3664	4723	8417
-9508	-3728	6288	2067	5043	9360
-9204	-2524	6380	1289	4991	10063
-9044	-2784	8196	-1233	5568	10978
-9740	-1408	4588	-696	4863	12110
-8448	-1780	5468	-4674	5336	13258
-9528	-2856	8340	-8337	5449	14575
-8768	552	3400	-8455	6235	14113
-7408	-1728	3304	-11797	9683	10837
-11132	-1396	6288	-7739	9113	9796
-11488	-1164	6704	-3341	7753	6590
-13388	-3188	5264	-201	6291	1706
-14732	-2408	5444	5357	3616	93
-15712	-292	7112	4868	1716	-348
-13992	668	6704	2148	-1604	351
-12996	856	6388	-2317	-2034	-1189
-13944	16	6816	-4778	-4223	-1880
-12156	-140	6716	-6957	-5719	-2331
-12328	-460	6256	-5943	-6202	-4542
-11816	-2416	8704	-7053	-8204	-5213
-11256	-2976	5476	-3517	-7481	-4990
-9532	-1632	5408	-1232	-9036	-7137
-8424	-2952	7352	-6166	-6770	-7957
-12164	-4040	4144	-1678	-6890	-6749
-8960	-2596	7656	-3061	-8583	-6700
-11860	-2856	5308	-1039	-4877	-6557
-12448	-4468	9072	-1174	-5980	-5947
-10484	-6892	5812	-327	-3386	-7048
-10812	-4476	7420	5896	-1726	-7657
-10792	-3980	8456	3264	-639	-7793
-9700	-3292	5716	6325	751	-7906
-10792	-3912	9468	4461	1343	-7945
-10520	-5640	6648	2179	2571	-8211
-11488	-4572	7192	5202	2632	-7379
-11808	-3436	7208	2690	1965	-6075
-13412	-4412	7684	769	3205	-4815
-14800	-5944	9804	612	-127	-2816
-10712	-5364	7764	1330	-674	-1104
-14264	-7380	7616	767	4496	-1215
-16232	-6604	10252	3054	-445	1981
-10632	-4628	7264	2331	213	2769
-14372	-5760	8820	2614	4774	1529
-16456	-5736	10132	4181	455	3063
-12276	-3620	9288	3292	1543	4322
-14164	-4492	8100	2681	6273	2339
-17720	-4500	8836	2760	4541	2803
-16924	-2496	9192	2077	2651	2723
-17308	-2632	9944	-170	3138	868
-18564	-3576	10688	-1466	2861	-232
-19964	-5308	10612	-1942	1987	-1915
-21060	-5916	11672	-1535	-105	-3034
-20484	-6680	13372	-2826	-1833	-4128
-20728	-8056	12240	-2078	-2326	-5481
-19736	-8092	11848	3	-4072	-5545
-17392	-7144	11400	-1171	-3931	-5725
-17308	-7752	10448	-1226	-3103	-6036
-16516	-7972	10244	-570	-3949	-5111
-15004	-8056	10468	-1652	-2365	-4040
-14796	-8020	9948	851	-566	-3489
-14772	-6816	8436	2021	150	-2371
-15228	-6844	8700	1738	-125	-1396
-13572	-6020	11096	190	-1364	1274
-11420	-5716	9384	1460	831	986
-12700	-6260	7692	2994	3282	1709
-12764	-3972	10060	2569	1620	4583
-10668	-4044	9020	696	3010	4553
-8900	-4904	6248	2359	3391	5314
-9756	-3052	5684	4166	4507	5097
-10596	-3472	10156	85	3622	6625
-8912	-4888	5420	-288	4314	6231
-10060	-2688	5044	2951	4217	6332
-9820	-1524	8824	-1956	3537	7117
-8836	-3104	8328	-4489	5037	7212
-11192	-2572	1764	-107	4805	6110
-11316	-1584	7096	-954	3329	6729
-12044	-1960	7356	-3391	3511	7088
-12732	-2120	4752	-3236	1990	7958
-11644	-796	6884	-6086	2926	9395
-12864	116	8240	-11372	4096	11789
-9984	-1888	3080	-14647	6007	11594
-10192	-1912	5988	-11437	9889	10591
-12692	1132	4556	-12094	10051	10953
-11268	-1900	3764	-10855	8875	8602
-16332	-6752	6172	-1162	8300	1845
-15080	-3268	3708	9898	2706	2549
-15284	852	5592	11628	1848	-720
-14944	2616	4948	5371	-2639	-2126
-13820	1956	6648	-4014	-4265	-2848
-12732	220	5660	-9341	-4460	-2360
-15272	-1488	5568	-7407	-5379	-4133
-12476	-2836	7644	-6550	-10401	-5101
-8932	-5388	3984	-3533	-9828	-6154
-9572	-3840	3912	4550	-8742	-6571
-10296	712	7332	6299	-11461	-6942
-8112	-1892	6712	-5258	-8328	-6625
-9900	-4448	1620	-692	-4677	-7971
-11676	-1840	8048	3846	-5161	-7443
-11268	-968	8628	-2593	-3400	-8315
-10892	-3524	2568	-1224	-1617	-9151
-11728	-5084	7496	2430	-2066	-7985
-11480	-3960	6464	5041	1216	-8680
-14708	-3256	9024	7756	1557	-7754
-14164	-3548	7328	4711	-407	-6360
-12884	-3600	5244	6712	486	-5410
-12704	-1796	8028	7479	-1623	-5265
-10388	-2076	8944	698	-1739	-3764
-13876	-3552	7108	188	1688	-4165
-14000	-2588	8488	990	-3000	-1917
-10708	-2984	8380	-4761	-1868	-731
-14724	-5476	8152	-4144	1528	-1230
-14004	-5128	8632	593	-2428	187
-11124	-3744	8464	1541	392	-280
-15400	-5492	9980	1506	2217	-517
-13628	-4392	10000	4027	-2065	1814
-10608	-3444	8732	3911	1976	1429
-15204	-3828	10160	2243	5950	1203
-16932	-3272	10480	1208	2632	2025
-16644	-2496	10564	-585	3046	1340
-19692	-3592	11756	-4283	3726	842
-20536	-6384	12548	-5945	1475	-276
-20796	-7860	11016	-4667	1395	-1800
-23172	-8396	12624	-3550	-1144	-2937
-20336	-8460	12760	-4307	-3382	-3595
-18220	-8928	11516	-3608	-2208	-4496
-19176	-9644	10272	-1525	-2971	-4888
-16900	-8144	9720	-662	-3429	-4768
-15780	-7556	10256	-1417	-1785	-4693
-15824	-7764	9792	-1238	-810	-4047
-15496	-8148	8328	759	-1123	-3385
-13644	-6796	8568	1293	-1165	-1888
-13400	-6148	9048	1055	351	-1343
-13760	-6172	8744	1374	654	-491
-12988	-5164	8488	2336	403	494
-12072	-4724	8036	1234	545	1241
-10912	-4680	8728	226	1003	2401
-10104	-4200	8464	847	1860	2594
-10348	-4136	6420	1551	1690	2847
-9864	-4720	8048	-797	1533	3870
-11080	-5324	9220	10	2470	3730
-11088	-4696	7680	1426	1850	4768
-12196	-5132	6456	1172	3460	4915
-11740	-5108	8780	1380	1489	6558
-10260	-4344	6828	590	3364	6853
-11736	-3180	7076	1250	4624	7891
-11716	-2708	7808	-2106	3866	8204
-11784	-2840	6080	-4249	3075	9734
-9392	-936	6288	-4273	2598	10724
-10364	-2228	6544	-10462	3727	11412
-12312	-2852	5084	-12400	5868	14034
-9184	-2108	6744	-12230	5796	15346
-7492	-2380	4468	-11316	9758	12905
-11444	-2576	5604	-3638	10993	10524
-13096	-2068	5384	-687	7746	6383
-13972	-3336	5444	5369	5991	1358
-17192	-872	5172	11270	2583	-1072
-13912	2004	6608	7064	-2493	-2056
-12936	1232	5500	-563	-2545	-3584
-13648	1604	7880	-5888	-4484	-1235
-11912	-240	6352	-11301	-4804	-2455
-15692	-4504	6184	-9054	-5418	-3215
-10496	-1828	9004	-3592	-7487	-3362
-10748	-2340	4952	-2236	-5635	-5987
-11580	-4360	7060	-2060	-7181	-5377
-8404	-3360	5892	730	-6177	-5893
-11268	-3920	5372	799	-3858	-4969
-12372	-1496	6736	2255	-4404	-3259
-10184	-1872	6276	-1333	-5787	-2999
-9328	-3776	5140	1051	-2564	-4278
-11224	-3064	6596	5601	-1805	-5294
-10312	-612	6816	6858	-2885	-5910
-9756	-1876	3868	3109	472	-7029
-12740	-1996	5808	6010	357	-6975
-11480	-188	6552	3801	-1820	-6190
-11260	-896	3592	922	1846	-6349
-14128	-2956	8256	1089	-307	-5124
-13764	-4352	7820	-1147	-2648	-4563
-12840	-2840	5744	1599	-838	-2704
-13712	-2092	7236	924	-445	-2274
-15968	-3836	8564	-1756	-1747	-1121
-13992	-3296	7640	149	-4700	1583
-11288	-2740	6448	879	-1305	608
-16208	-4356	9408	-560	1626	470
-16900	-3912	10000	1460	-2935	2731
-11484	-1972	8236	1364	-2468	2897
-13376	-3112	10080	240	4388	1351
-17816	-3308	11076	2610	3364	909
-15584	-1340	9504	3884	1683	811
-14348	-1480	8880	2007	3951	-328
-16600	-2512	9488	1143	5405	-659
-17252	-2892	10532	436	3321	-1192
-16064	-3248	10176	-988	3174	-683
-17776	-5144	9336	-2445	4691	-1983
-20536	-6364	11864	-2866	2565	-1637
-21212	-8028	13032	-4506	-169	-2768
-21352	-8500	12128	-4717	-1165	-3284
-22268	-8880	10772	-4092	-3772	-4393
-20056	-8704	10836	-2652	-6697	-4902
-17604	-7608	9180	-485	-6584	-6083
-18408	-6736	9544	1013	-7180	-6634
-15860	-6028	11668	-1362	-8208	-5902
-13708	-7112	10692	-3299	-4049	-6500
-16540	-7636	9816	-1539	-707	-5903
-15852	-6196	12876	-1414	-2495	-3694
-12180	-6020	9428	-2575	88	-3446
-14040	-7260	7948	-52	4012	-2864
-15244	-6228	10624	3007	970	-1564
-10600	-4692	9528	2332	701	-155
-11672	-4996	6580	3792	4287	-215
-12364	-4668	9056	3909	2789	1372
-8720	-4192	8748	2812	2869	2156
-8552	-4588	5244	2582	5261	2645
-9644	-4920	8084	1246	5610	4644
-9236	-5516	8784	1544	5342	4822
-8800	-4776	4412	3069	4999	5005
-9588	-4340	6040	2402	5964	6191
-10932	-3800	7584	1973	3326	6661
-8404	-3248	5520	1403	4308	6776
-11448	-3448	5164	688	4776	6925
-12900	-3584	8132	-3507	3123	9002
-10180	-2648	6632	-6310	3075	11373
-10508	-2400	5632	-8648	4800	12453
-10464	-2408	5552	-11532	4176	13671
-8588	-2580	4776	-12270	6710	12313
-9288	-2752	3032	-9069	10477	11542
-13052	-1700	5364	-6631	9205	11245
-12028	-3016	6192	-4670	6473	6631
-15472	-4680	4792	4753	4780	305
-16804	-540	6976	8847	-970	-1189
-13312	792	6424	4514	-3565	-2664
-13488	960	6028	94	-4649	-2669
-11960	1140	7720	-7262	-5816	-2817
-12476	-2128	7728	-9143	-6235	-3076
-12824	-2516	6004	-4667	-7959	-4168
-8912	-2704	6956	-3893	-11012	-6250
-7992	-4600	5028	-1914	-8689	-8700
-7712	-3944	5512	4303	-10974	-9099
-6692	-1100	7192	5109	-11937	-9224
-7808	-2388	6452	-1140	-7940	-9289
-9680	-4012	3752	1497	-7514	-8928
-7788	-3484	11616	1139	-7369	-8580
-9920	-5724	7552	-2933	-1130	-8598
-11956	-5072	5820	3631	-1434	-7625
-7720	-2576	9244	4083	-1833	-7736
-9556	-5396	7492	1092	4240	-8126
-14348	-5872	6584	6836	3037	-6412
-11296	-1700	7948	6827	833	-4241
-11892	-2784	8512	-58	3322	-2885
-14560	-4424	7992	-1392	2396	-322
-13152	-3788	7180	-439	1985	1472
-14000	-3304	7600	-1640	3949	1745
-14692	-3016	10144	-1547	959	4217
-12264	-4044	9324	-1471	2515	5114
-15264	-5756	7468	1467	6591	4902
-15880	-3840	8372	4755	3850	7211
-14680	-1688	8664	5613	4988	6553
-17884	-1444	6508	5624	7358	4797
-19336	-764	8348	4503	4789	6514
-20624	-2432	10176	429	5592	3758
-23008	-3392	12804	-805	4434	3088
-24500	-3696	10772	-1031	2467	828
-25592	-5016	13280	-3136	-1390	-641
-22224	-5224	14572	-5755	-3655	-2472
-21496	-5424	10932	-4830	-2616	-5036
-21328	-5956	10512	-5116	-5592	-5808
-18360	-6028	11592	-5684	-5941	-6524
-17904	-5432	9992	-3051	-4106	-8314
-19236	-5008	9364	-2215	-4644	-8148
-17308	-6912	10928	-5313	-5714	-6665
-17024	-7916	10096	-2664	-2313	-6869
-16896	-5972	10176	-655	-1522	-4742
-14652	-4544	9440	-1079	-757	-3168
-14024	-5236	6128	-777	805	-2524
-15108	-5504	8360	1336	-38	-1588
-12008	-4604	8080	1676	-384	157
-10720	-3924	5436	2572	2380	895
-11396	-4088	8384	624	1903	3205
-9732	-5176	6620	295	3533	3716
-10724	-4692	5720	2146	4145	5141
-10464	-3528	7340	1945	4315	6037
-9188	-2516	6572	1474	4122	6760
-8732	-1940	5384	1585	3762	7132
-10272	-2472	4816	813	3749	7484
-9892	-2164	6356	-349	2419	8460
-10412	-2504	5636	-2636	2513	7999
-11076	-1996	5620	-4579	3032	9695
-10404	-1740	6220	-7468	3053	10854
-10268	-1716	5940	-10614	4331	11709
-9712	-3156	6160	-12402	6591	11812
-9740	-2992	5968	-8557	8871	12420
-9500	-1236	3380	-7628	10629	12444
-11536	-604	4920	-7239	10261	11729
-15752	-3580	4064	-4342	9293	4056
-16424	-5220	4400	4922	853	2216
-12900	-2856	5592	11301	632	-635
-15160	1184	5876	10894	-743	-3647
-14548	4044	6228	-285	-5446	-3289
-12556	-356	5736	-9543	-6443	-3260
-13064	-2284	5760	-7817	-8146	-4156
-12716	-3304	8020	-9133	-10164	-5356
-9700	-4344	6156	-3824	-10809	-5235
-8912	-3192	5392	3364	-10458	-8211
-8204	-1700	7864	2366	-11521	-8652
-9048	-4496	4748	-838	-9458	-8637
-7476	-2756	8108	917	-9866	-7607
-9568	-1312	7392	327	-7048	-7562
-10276	-4512	5228	-2621	-5052	-7971
-9020	-5572	8020	883	-3288	-7157
-9660	-2544	7668	3922	-574	-7082
-10976	-2752	6900	2260	370	-7404
-10096	-4572	9188	1750	718	-6130
-11832	-3692	8648	3596	1431	-5121
-9824	-1088	6916	2948	1812	-4633
-12160	-2800	8052	-612	4259	-3740
-13448	-4300	7368	558	832	-1999
-9792	-2072	6036	2375	559	-1160
-12740	-2096	6440	1738	4818	-1268
-17640	-4080	8224	897	1115	-184
-12952	-2656	7856	1066	-2567	3784
-12908	-3324	7404	-92	3174	2396
-16920	-4068	9708	1120	2314	4188
-13908	-2400	9992	2139	1357	5627
-14064	-2944	7868	2801	5577	4633
-18288	-4244	10088	4335	6258	4532
-19272	-2960	10520	6115	3985	5320
-18908	-1404	10424	5535	5277	3943
-22580	-1676	11700	2960	4990	2256
-23620	-2444	-23008	-3952	13212	-3424
-357	-1115	-23264	-5044	12732	-4242
-2115	-2950	-21804	-5068	12544	-4598
-3683	-4117	-20200	-5828	11712	-5133
-5031	-5543	-18832	-6168	11744	-4773
-5585	-5758	-17872	-5720	10276	-3147
-5225	-6596	-18104	-5676	9424	-1940
-5120	-6684	-17444	-5328	10080	-2084
-5848	-6355	-16008	-5576	12112	-3652
-3965	-6304	-15808	-6048	9200	-1760
-993	-5996	-16476	-6176	8828	-576
-1244	-4829	-13948	-5152	10136	572
84	-3729	-13184	-5100	10292	1766
2932	-3586	-14632	-5508	8216	4272
3047	-2203	-12340	-4456	7444	4998
2943	-38	-10116	-3980	8780	5138
4057	995	-10896	-4232	6396	4743
5674	1362	-10612	-3552	7468	4118
4685	3801	-7288	-2900	8452	2875
4967	4668	-8844	-3288	4944	1967
7522	4706	-10088	-2324	7596	2934
6268	6285	-7772	-2984	7288	1220
6347	6634	-10644	-3308	3468	3497
7982	6573	-10792	-2088	6688	3004
4541	7583	-8708	-1844	6640	1797
4980	6862	-11772	-2468	5220	753
7532	6537	-11984	-808	4936	773
5409	8288	-10944	-1236	7480	-4625
6856	8069	-13540	-764	6532	-3641
7281	10855	-11136	680	5472	-5988
5509	13166	-9800	76	5728	-10227
8743	12075	-12000	2436	5248	-10211
9047	11725	-11020	-220	4376	-13218
8020	8890	-14388	-3756	3576	-3287
6733	5164	-15192	-2116	4428	7440
2269	435	-14540	2120	5592	10367
-2604	-3349	-15068	3836	4236	4127
-3901	-4939	-13508	3184	4056	-5001
-6504	-2037	-13604	292	6084	-8240
-6348	-3234	-12688	1300	5060	-8370
-8663	-2446	-13556	-1500	3548	-7894
-8021	-4697	-9984	-2340	5048	-2896
-10654	-4831	-8520	-2324	4764	3425
-6565	-8324	-11988	-912	5628	8854
-6565	-9294	-9948	780	5088	7255
-7178	-8481	-9460	-448	6804	6343
-4998	-9755	-10200	-888	8240	4254
-2279	-9602	-10520	-1388	4844	5795
-1186	-9947	-11980	-2128	4496	5239
-1370	-10220	-11944	-1840	9804	2827
-1131	-8816	-10680	-1856	6908	3003
-1433	-8083	-10740	-1148	4844	3289
-255	-8329	-12116	-708	6204	1135
-311	-6418	-12224	-1648	6476	-335
-1458	-5942	-10980	-2580	3896	-380
-226	-5450	-13384	-3284	5996	-2248
1207	-4356	-13952	-2380	7864	-1890
322	-2399	-12768	-2748	4996	-3952
2121	-2117	-15712	-5496	6608	-7691
2882	-1441	-15688	-5980	7632	-4348
902	1726	-14184	-5940	6928	-1975
2686	2464	-16400	-6540	6824	1848
4899	2244	-16740	-3792	8796	5000
3694	3399	-16204	-2036	7412	3522
5251	4001	-19348	-3760	6760	1585
7302	2560	-21184	-4556	8868	1574
4275	2952	-20436	-4180	9732	1402
4283	1998	-23380	-5596	9140	453
4617	-709	-25080	-5504	9220	-1349
900	-1726	-24160	-6008	10652	-4280
-1922	-3220	-22788	-7724	9292	-4320
-2830	-5011	-22152	-7860	7404	-2315
-4197	-5907	-20472	-6964	7740	-2359
-6226	-6108	-17536	-7680	8760	-1880
-6263	-6540	-16172	-8052	8172	-635
-3861	-6463	-18048	-8960	6260	2503
-2869	-6059	-17024	-6484	6400	5573
-5031	-3983	-13628	-4532	7080	3184
-4953	-2507	-13176	-5844	8016	-550
-1926	-1829	-15028	-7064	7316	1054
-152	-1098	-14936	-5176	8844	3025
-1865	1399	-11304	-3292	8168	16
-1032	2979	-12396	-5252	7132	-2936
2249	3030	-12824	-5420	6316	93
2117	4326	-11260	-4060	7028	1574
1112	5415	-10296	-3496	8048	-195
2251	6003	-10848	-4664	6380	1047
3934	5611	-11868	-3740	5320	5287
3766	6350	-10184	-2224	6024	3701
3210	7042	-9816	-2684	5992	1709
4613	6325	-12168	-4152	5972	1678
6068	6358	-11924	-2328	5688	3913
4188	6980	-9432	-1876	5168	810
5077	7168	-12648	-2884	5100	-624
8521	6853	-12632	-564	4556	2247
6237	9076	-10288	-892	3968	-105
5291	8647	-9992	-2204	6644	-2383
7600	8891	-11140	-1072	3468	2064
10209	10856	-13236	388	3828	2757
7090	11371	-9460	1716	4460	2686
4320	10072	-11284	-204	5176	1541
6222	4064	-16076	1904	4156	4258
2031	2281	-13860	2664	5116	2909
-4922	-1372	-11576	956	7760	752
-5885	-4457	-12660	2308	6232	2227
-5744	-5941	-11200	3820	4136	-16
-9424	-6170	-9864	1484	5976	-5635
-8834	-7939	-10560	-712	7392	-4876
-7071	-8119	-11636	1232	5188	-1413
-6922	-7305	-10380	1216	5148	-3877
-7446	-7705	-10752	-976	6084	-4812
-6163	-8388	-11028	-1288	7096	-2443
-6533	-6938	-9272	-1200	4608	-1201
-5050	-7548	-12280	-1896	5572	-1736
-3531	-7356	-12884	-876	8372	-2010
-6148	-5003	-9660	-3036	6408	-6555
-3494	-4682	-12608	-4280	4712	-1630
-645	-5023	-14036	-1836	6980	147
-3843	-2652	-10928	-1448	7028	-5722
-3248	-2215	-12496	-3924	5352	-4840
-195	-3061	-14920	-3556	6544	-2285
-1578	-1522	-13256	-2488	6676	-3596
-2176	-689	-13112	-3628	6332	-4575
-310	-161	-16292	-5392	5852	-2032
1353	-1080	-16508	-3768	7676	1015
-1228	531	-12868	-2500	6420	-510
-2047	1274	-15124	-4780	7332	-1178
2607	23	-17204	-5268	8468	1772
762	1134	-14640	-3532	8284	1379
334	2051	-17112	-4712	7224	116
3574	231	-20196	-4812	10664	2441
1947	649	-19124	-3664	11528	866
1468	-590	-21628	-5612	11072	-1784
1827	-2545	-23296	-7444	13136	-1847
-1124	-3181	-21240	-8472	14060	-2052
-2701	-5259	-20772	-8148	12368	-2926
-2303	-6455	-20316	-8572	11096	-4379
-4925	-6629	-16608	-8892	11500	-4718
-5998	-6202	-14428	-8728	10776	-3971
-3259	-6049	-15136	-8848	8436	-963
-2476	-5345	-14900	-8024	9120	972
-3692	-3848	-12704	-7912	9940	32
-2830	-2859	-13372	-8480	8984	1547
-373	-2269	-14240	-7076	7888	3844
-1412	-1221	-12228	-4896	10396	2366
-2248	284	-10676	-5692	9008	-726
958	632	-14100	-7088	7952	-845
2135	1399	-13952	-5456	10124	861
-1473	2824	-8912	-4412	9392	-470
-394	3363	-11212	-6156	7704	-2256
3855	3317	-14132	-5920	8320	638
1910	4252	-9832	-4172	10412	-25
-671	5829	-8736	-4400	5332	-1425
3239	4636	-10936	-4364	9864	-329
4539	5632	-9344	-4188	7500	-610
3461	5132	-10260	-3816	7188	-514
6810	4554	-12000	-3520	8184	-792
5682	4977	-10192	-2880	7568	-1519
5224	5146	-10304	-3404	4912	-1850
6936	4380	-12500	-4160	5340	-30
5177	4389	-11136	-3880	6060	928
4671	4087	-12076	-2536	5432	2374
5955	4139	-12276	-2460	5784	611
3417	4384	-11368	-3316	5948	-1523
3713	4583	-13664	-3524	5992	-1834
5593	5555	-14236	-2688	5340	-2953
5615	8052	-13384	-3896	5812	-6157
4849	9874	-12396	-2972	4368	-4069
5880	11407	-12148	-1600	6132	-3168
6005	10545	-12156	-1560	4900	-3903
5137	9194	-12464	-2460	3804	-2234
3788	5716	-14008	-2404	3888	1008
2264	2791	-13192	-628	5012	3313
-790	583	-14132	-1788	5140	3912
-1955	-3755	-13032	-72	5048	5173
-5436	-3459	-10320	256	5100	3642
-6021	-6460	-12172	-968	5144	3278
-7078	-8009	-9896	20	5700	3837
-9203	-7981	-9388	-536	6500	899
-6485	-8515	-10624	-1640	6440	1392
-6824	-8491	-10152	-2992	4876	-1008
-7190	-8467	-10740	-2524	7244	-103
-5043	-7803	-9940	-256	6744	1594
-6326	-7769	-11176	-2456	5256	-5160
-2079	-7402	-15312	-5308	6036	-4978
-3384	-5342	-10076	-2712	6336	-1359
-7362	-3963	-9552	-3152	4976	-4493
-869	-4514	-16196	-5444	6832	-2414
-1347	-3666	-12272	-2416	6248	172
-6389	-2078	-10136	-2552	4944	-3791
-1704	-1937	-14592	-3548	7264	-616
-4367	-594	-11772	-2960	6572	-3597
-1584	-225	-14748	-6032	7804	-4669
116	738	-14616	-6212	8848	-571
-1425	1085	-13792	-4176	7140	1457
1132	1277	-14176	-4656	8124	440
-174	2421	-12568	-5164	8560	1263
1452	2995	-14236	-4864	7720	2808
4660	2919	-14228	-4004	7764	3756
3414	4578	-15120	-3748	7272	4090
5309	3983	-18156	-3048	8476	3933
5752	4417	-18456	-2128	10404	1206
4768	4725	-21060	-3900	10392	-2535
6393	2437	-26224	-5804	10652	-3722
3658	1091	-24780	-5900	12424	-5156
-1138	-122	-23452	-6440	11776	-4959
-663	-2854	-23548	-7992	9228	-2732
-2953	-4444	-20000	-7356	8740	-475
-5804	-4835	-17212	-6348	8376	1507
-5106	-6080	-17836	-5516	9140	1861
-3591	-6798	-17732	-5400	8216	-81
-4288	-5949	-16932	-5980	8644	-2540
-3459	-5399	-16304	-5956	8988	-2294
-3048	-4448	-15216	-5764	6888	-1926
-1514	-3588	-15520	-5696	7736	-968
-1720	-2207	-13616	-5764	7972	-164
-1511	-1524	-13688	-5424	6056	2108
-125	-727	-13360	-3940	7436	2798
-2524	940	-10580	-3240	9124	138
-905	1336	-10776	-4624	8084	-837
1767	2129	-12896	-5848	7168	-572
1071	3170	-10304	-4592	8204	-6
1123	4801	-9332	-4700	5812	459
4096	4954	-10396	-5168	5548	2728
3714	5862	-8536	-4300	6396	3214
4068	5607	-10008	-3792	7564	3411
6187	5625	-11700	-3012	5080	3890
4795	5949	-11320	-2804	7556	1641
4993	6499	-10520	-1900	6744	874
4788	7985	-10780	-2068	4288	-1778
6383	8678	-11772	-2780	6684	-4566
6622	9964	-10524	-1940	7000	-3913
-9676	136	4512	-831	7488	13748
-10548	996	4872	-3177	-13524	-780
5000	-1070	5582	8325	-14428	172
5740	3246	3420	3478	-15416	792
6644	6712	-2179	-1286	-12988	2336
6196	6920	-4819	-4970	-14096	3964
6100	4294	-6366	-6095	-11608	4512
5348	-1151	-9900	-6941	-10148	740
7120	-7978	-10440	-2356	8344	2638
-7811	-9093	-8308	-536	7008	1223
-5923	-9343	-11760	-2272	5436	1087
-2134	-9240	-11664	-3012	-9276	-3024
5580	-1517	-4021	-7705	-10980	-2864
7208	-857	-2372	-7105	-11932	-3772
9140	-5341	-2161	-5297	-12832	-4088
7184	-4676	-973	-3231	-10288	-3904
7104	-4844	-1873	-2005	-12148	-6064
7196	-5180	2522	-2523	-15044	-6120
7360	-461	210	-783	-11476	-2816
7156	2092	-1219	-449	-11812	-2772
8288	-730	3101	-544	-16192	-5112
8284	-1758	3451	-208	-13660	-3908
7644	-128	-887	2007	-11472	-2564
5508	-303	3612	1425	-15872	-3824
8032	-392	4228	1061	-15680	-3152
8284	656	152	2437	-13672	-3332
7536	-367	2790	2726	-16188	-5056
7140	-101	4473	1847	-17304	-4188
8868	369	4030	2197	-17488	-3916
10344	-1024	4706	2017	-19488	-5388
6728	-676	4832	867	-21916	-5988
8212	-1505	2438	1353	-21064	-6604
11652	-2388	-361	-403	-20824	-6836
9836	-909	-54	-2743	-23432	-7432
8824	-1218	-2170	-3941	-20664	-8004
10932	-3271	-6056	-4304	-16960	-8264
9184	-3321	-4934	-5777	-18400	-8136
8288	-1117	-3370	-6359	-17120	-7800
10364	-2077	-5707	-5179	-13868	-8784
10028	-3694	-4723	-4718	-15416	-9972
8728	-467	-1290	-4443	-16208	-8496
10292	1733	-1206	-3253	-14932	-7164
8652	2013	-562	-2782	-14992	-7052
7768	3180	-69	-1775	-14860	-6084
7776	4989	-64	-1425	-14492	-5368
9116	4467	421	-1528	-13220	-4752
8156	3675	-11	450	-12896	-5016
6052	2927	662	1773	-13676	-6360
9720	-801	1345	2857	-10836	-4820
9392	-1099	463	5639	-9268	-2832
5596	178	2408	5837	-9108	-4348
8272	-1944	4281	6346	-9296	-5264
8908	1378	6443	6815	-10164	-5172
2884	5175	8353	6638	-10240	-5468
2936	5229	6932	6338	-10524	-3796
6540	6272	8409	5102	-11608	-1136
5972	7434	8290	6029	-11552	-648
4188	5188	7816	6869	-13292	-3116
5264	1564	6923	8189	-11032	-1316
5148	4133	5367	10327	-10532	-584
4412	477	7806	9920	-12256	276
5420	-2309	7329	12855	-9292	1468
3648	-6609	6456	13897	-10884	-904
6460	-7137	6399	11829	-10932	-524
3284	-3035	4444	8820	-13288	-1192
5040	-76	3210	3667	-14800	404
5560	4634	-1033	1053	-12344	1012
5704	4114	-3646	-2790	-14224	1740
6396	5062	-3945	-3888	-12328	3620
6380	1377	-5956	-4166	-12692	2716
6420	-2871	-5691	-4977	-11040	2436
7560	-4868	-7483	-5304	-11844	16
5312	-6779	-5374	-6793	-11404	-536
6016	-4609	-8249	-6347	-8220	8
6688	-4068	-7834	-7530	-10572	-2216
6752	-3316	-3088	-9527	-12516	-1872
6992	632	-5111	-7918	-10228	-312
5404	-227	-4924	-7192	-11844	-2008
6636	-2622	-1853	-7568	-11592	-1664
6400	-1653	-4668	-5741	-9120	-860
6748	-3373	-3419	-6198	-12328	-4448
5000	-5253	977	-6744	-14748	-3112
7276	-244	-2354	-4199	-9848	-620
5852	-2048	-2478	-3633	-13336	-3892
5340	-5453	2949	-4018	-15216	-4584
6916	-2121	-3237	-1835	-10260	-2024
4972	-226	-1540	-2283	-13680	-3284
5928	-2855	2851	-2559	-15104	-4172
6080	-2236	-999	-985	-12428	-3032
5864	-393	927	-1048	-14768	-3440
7000	-1322	2407	-782	-16284	-4964
6680	-2305	1531	86	-16452	-5932
6372	-1187	1635	1052	-15936	-5460
7292	242	1949	1299	-16300	-4592
7660	714	2628	1182	-17804	-4940
7076	782	3763	1286	-18340	-5268
7656	1464	2452	1885	-17892	-5264
8428	746	2464	1775	-20904	-6676
8256	216	4036	-60	-23504	-6716
10584	-434	880	-1130	-23068	-6472
10024	-2886	-588	-2862	-23380	-8820
9432	-5421	-2238	-4402	-21320	-9988
9288	-4432	-4788	-4935	-18624	-9216
8348	-2093	-4992	-5705	-18028	-8864
7420	-376	-4756	-5838	-16756	-8664
8844	-613	-5461	-4758	-15724	-8804
8796	635	-3730	-4863	-16936	-8692
8384	1927	-2262	-4844	-15736	-6740
8756	1524	-3205	-3017	-14316	-6452
8092	123	-1602	-2707	-14968	-6948
7172	988	-692	-1331	-14520	-6568
8124	1411	-1534	276	-13548	-7608
7412	1041	-322	1132	-13164	-6392
6480	3989	335	2053	-12584	-4176
7320	3795	237	3201	-11064	-4340
6912	2184	1777	4221	-10956	-5504
6320	2674	2178	5092	-10784	-4640
4916	3974	2901	5301	-11032	-4896
8880	1196	3068	6902	-8856	-4284
7792	586	3541	7787	-10116	-2084
3376	3969	6020	6711	-10740	-1816
8592	-1533	4656	8737	-8580	-3592
7596	-3202	4138	9177	-8436	-4464
1844	1443	6752	7568	-12308	-3772
5916	2294	8263	7794	-14468	-3256
8812	-464	5162	10096	-9520	-696
4296	1315	3961	12809	-7316	-696
5208	-562	5142	9477	-11688	-2276
6200	-1140	8426	8580	-13080	-1048
5352	1677	3356	10691	-9528	532
4348	314	3421	9309	-13128	460
6760	-1802	4768	7994	-12168	1968
5592	-3534	1511	8590	-14608	1036
7524	-3719	1631	3934	-14544	1856
8444	-3201	-2642	2872	-11012	2144
7288	-3583	-2579	-526	-14208	2040
7112	-543	-2889	-4921	-11060	3956
7052	37	-7582	-6366	-8592	2300
5896	-1741	-6956	-10210	-9744	216
4056	385	-7351	-11716	-9448	100
6016	2517	-9580	-11188	-8028	-892
7152	1106	-8696	-12142	-8664	-1912
4928	-633	-5520	-11851	-12812	-1152
7000	-1900	-3973	-9505	-11916	-196
8216	-4636	-7763	-7562	-9456	-2496
7192	-8391	-3422	-7149	-13740	-5116
7480	-6298	-375	-6369	-12356	-2964
7912	-1489	-4382	-3867	-9260	-2168
7256	-3779	-1373	-4339	-13324	-4572
6528	-4514	1495	-3509	-13616	-4620
7172	-588	-1509	-1901	-11672	-2876
7572	390	242	-2310	-13000	-3184
7004	-1214	707	-1279	-12928	-3328
5828	-870	320	-878	-13288	-2480
7272	-8	2083	-458	-13464	-2360
6852	-957	1308	-19	-13832	-3464
6788	-1640	2631	192	-16744	-4496
6184	6	3543	442	-15528	-3644
6988	716	611	1929	-14236	-3432
7308	323	2932	1870	-17428	-4860
7812	760	3862	1411	-17288	-3968
8148	3070	1147	2374	-16264	-2836
8508	1870	2236	1836	-19760	-4040
8420	-89	3343	504	-20012	-5480
10132	-782	-190	795	-18960	-6244
-22144	-7068	11024	-1311	974	-2184
-23736	-7624	13056	-1896	-2556	-3351
-20640	-8300	11544	-4144	-3640	-3704
-19940	-9400	10020	-3643	-3631	-5035
-18784	-8584	10112	-1525	-4639	-5263
-16664	-7096	10212	-290	-4596	-6026
-16376	-6132	8928	446	-2854	-6359
-16996	-7116	8760	-749	-3465	-5486
-16300	-8176	9284	-1046	-3589	-4540
-15240	-6872	10288	216	-2652	-3510
-16212	-6320	8400	54	-1591	-3622
-15548	-6900	9268	-2222	-1556	-1694
-14928	-7472	7972	-1902	-548	-474
-13532	-5960	7952	-177	-545	1450
-11468	-5272	8460	657	1587	2465
-9740	-4700	6656	2370	3073	3945
-11396	-5812	6516	4007	2792	4575
-10040	-5496	7540	5055	2245	6056
-9144	-4572	8904	5574	3616	7048
-10572	-3236	5424	7381	4366	7089
-8836	-1616	7364	4063	3691	9237
-7940	-2724	9676	661	4194	9436
-9404	-2228	5352	196	7058	9582
-10404	-1156	7012	-1190	7839	10608
-8556	-1312	6452	-3495	5456	10315
-8120	-1788	4112	-2251	7589	9621
-11600	-3860	5556	-2036	8016	9537
-12116	-1684	5160	2874	5953	12828
-8616	416	5784	-336	4137	12646
-10824	-340	6360	-469	5390	9873
-11880	1692	7152	809	1932	8706
-10216	1856	5652	-1858	447	2849
-12932	380	7580	-1931	-1347	-1651
-12028	2216	8024	-414	-4583	-3409
-10576	2872	7076	-939	-5937	-6359
-9296	1132	6732	-3344	-6755	-8021
-10864	-1048	8748	-3217	-5179	-9180
-11224	1248	7984	866	-6782	-7927
-8336	2080	6784	-1281	-8842	-9248
-8896	-772	8396	-5249	-4193	-10339
-11232	-3040	8856	-5453	-5508	-9480
-7788	-540	6340	-1752	-4925	-8454
-10004	-1612	5908	-5034	131	-9393
-13724	-3500	9532	-5314	-2537	-7701
-9348	-1988	6588	-3130	-4317	-6260
-9560	-4008	5404	-5362	143	-6694
-12676	-5664	7572	-2806	-295	-6029
-11640	-3192	6092	1298	-305	-5637
-10924	-3152	6368	-2394	146	-3631
-12400	-6676	6088	-4155	1825	-3049
-14596	-6716	6528	1119	2829	-1459
-12788	-3684	5976	1889	612	274
-12024	-3860	6632	-1710	2520	1999
-15672	-6684	7008	-1648	4452	2242
-14856	-5928	7056	709	1536	5775
-12948	-4056	6596	207	4359	5996
-18072	-5652	5452	1725	7305	5109
-18696	-4260	7236	4448	2185	7329
-15988	-2204	6456	3722	3361	7403
-20496	-3992	7940	1475	6214	5448
-23568	-4692	8440	2964	2671	4606
-20368	-2516	9116	2182	686	3834
-22084	-3640	8924	-277	1326	1070
-23684	-4908	10572	-446	-1736	45
-21520	-4004	11624	-911	-2685	-1679
-21324	-4828	9488	-1803	-2678	-3779
-20784	-5232	9428	-1033	-4531	-4680
-18136	-4128	10888	-697	-4373	-5685
-18508	-4008	9056	143	-2011	-7740
-19928	-3984	7376	33	-4155	-7576
-16116	-4780	9092	-3133	-4864	-6540
-14976	-6000	8572	-2532	-1576	-6699
-16304	-5820	6400	667	-1891	-6159
-14928	-4644	6588	43	-2953	-4167
-13812	-5860	7688	475	-2207	-3634
-14748	-6060	5596	2857	-825	-3574
-15192	-5140	7900	3528	-2455	-1544
-13852	-4996	7516	1768	-1215	-1134
-14156	-4436	7516	1989	-1153	428
-12348	-4112	8588	-937	-334	1822
-12912	-4932	10032	-2294	1155	2799
-12772	-4988	6848	-801	511	3835
-10440	-4712	6932	-783	1236	5510
-9872	-4212	8716	938	2244	6104
-9024	-3896	7428	2058	3385	6375
-9240	-2960	5332	3577	5102	7154
-8996	-3076	8748	1462	5497	7856
-7396	-2984	6996	150	6983	8717
-8492	-2972	5288	1291	9778	8553
-11132	-3788	7136	574	9066	8925
-9528	-3308	5440	1167	8289	11436
-10780	-3332	4624	3131	9933	13817
-10788	-1536	5800	3094	6665	15719
-7888	1808	3804	532	5823	15817
-10380	1260	6148	-1766	6069	12410
-11156	2416	6456	-1980	2684	9315
-13220	876	6732	-3145	1416	3189
-13156	536	8384	737	-3322	-365
-11396	2836	7048	2052	-3056	-4068
-13576	3520	8224	375	-4813	-5653
-9288	3684	6480	-2574	-7194	-6167
-10132	252	6180	-4714	-3710	-8846
-12664	140	7144	-161	-5113	-7524
-9300	2916	5540	1846	-7398	-7485
-7348	1308	7004	-3976	-5557	-9688
-10684	-1464	4772	-5100	-1585	-9990
-11856	-684	5896	-1462	-6100	-7643
-7644	252	6468	-4185	-5606	-7483
-11268	-1248	5308	-5816	1445	-6962
-15180	-1992	6040	-3609	-3571	-4961
-9928	-1264	4536	-3552	-4312	-3242
-10760	-2200	5384	-3727	584	-3459
-12780	-2172	6440	-1020	-1486	-2879
-12892	-420	5616	549	602	-2387
-14080	-364	6008	-643	182	-757
-13040	-1832	5456	-938	-217	-28
-16112	-2300	5940	1235	2159	-222
-16124	-1280	6336	772	-672	1867
-14532	-432	5800	-579	1997	2763
-19432	-2196	6648	-531	4055	1518
-17968	-1896	6488	374	-273	3564
-14532	-1040	5268	616	1133	3997
-18120	-2592	7812	-90	5411	2458
-21008	-3108	8396	759	3144	2416
-19504	-2020	7900	958	2955	2822
-21896	-4052	11040	-2270	4889	1647
-25220	-6708	12688	-3377	3150	-39
-26004	-6392	11268	-1289	504	-1152
-23896	-5440	11652	-2385	-1153	-2799
-22280	-6176	10196	-4459	-2193	-4510
-21184	-6524	6924	-1764	-3759	-5534
-19716	-5068	7536	739	-5105	-5641
-18248	-4148	7664	381	-4973	-6258
-19648	-4168	6836	1134	-5070	-6787
-18576	-3056	8560	919	-6241	-6452
-16556	-3208	9236	-2953	-4398	-6708
-18316	-5460	7140	-3225	-2866	-6755
-17700	-5888	9952	-2399	-3716	-4748
-14828	-5184	8788	-1712	-2302	-3566
-16180	-5484	6424	1321	-739	-2299
-13232	-3992	6944	3319	-3364	1241
-9988	-3768	6252	2310	-762	1492
-12132	-4140	6100	4035	1377	2415
-10640	-2052	8124	3495	-907	4199
-8580	-1164	5600	1079	3271	4450
-12516	-3868	7388	-19	4216	4601
-9724	-2416	7620	1300	3652	7288
-8776	-1140	5308	2463	9285	7241
-13484	-3988	5732	2945	7740	8314
-9668	-2556	5760	2576	6068	12145
-7624	-1728	6432	636	8636	11847
-10092	-1788	5112	-200	8790	13257
-8368	252	4860	-3642	5734	16203
-6684	-880	4856	-8033	6908	15096
-9372	-1132	5040	-5550	7517	13731
-9768	-136	4776	-3405	4366	10892
-10868	-1716	5464	-1716	3241	5793
-13764	-1684	7300	5234	463	1960
-12880	1132	6624	9199	-2632	-3058
-12340	1828	6504	5852	-4912	-5299
-11280	2044	7068	3841	-6858	-6311
-9392	1988	7572	1940	-7949	-7972
-9464	1480	7168	-1651	-7258	-8844
-11432	984	7052	-2089	-7032	-8741
-10476	2600	7344	-513	-10098	-8305
-6408	580	8620	-6495	-9020	-9232
-9136	-3372	4828	-5392	-2802	-10591
-10872	-1420	6572	3271	-5277	-8857
-8220	1184	7964	1004	-3691	-9148
-13064	-2340	6484	-3036	772	-8873
-13040	-2464	7928	567	-4790	-5029
-7156	-1540	5420	607	-1394	-6175
-13728	-2472	6824	1747	4738	-6496
-14636	-840	7236	912	-2907	-2932
-8812	-668	5700	-2115	-512	-2721
-14040	-2976	7292	-2346	4338	-3501
-15060	-1460	8240	-1134	-671	-183
-12596	-1124	5068	-3406	2116	138
-16932	-3516	6780	-3949	3763	463
-16416	-2904	8052	-1550	1216	2299
-14876	-1784	7312	-1329	2887	2292
-17112	-2144	6456	-1184	4854	2675
-18716	-3324	7144	-1198	4369	3314
-17572	-3472	8228	-749	3684	3548
-17284	-3284	7124	-265	5198	3036
-21476	-4144	7680	-1080	7181	1405
-23260	-4120	8464	-1712	4133	822
-20884	-4384	7696	-3697	2694	-40
-22640	-6976	8040	-3728	1666	-1608
-23040	-7224	9176	-1948	-1765	-2056
-21084	-6040	9516	-2344	-3337	-3094
-21016	-6856	6916	-3240	-4253	-3842
-19696	-7276	8220	-1696	-6596	-4000
-17992	-6644	9032	-770	-5927	-4949
-19876	-6608	8224	-627	-5014	-5873
-19008	-6144	8520	-1071	-7024	-4891
-16680	-6096	8720	-1070	-4143	-5312
-18012	-6548	8616	300	-3115	-5263
-18000	-5664	7808	1871	-3399	-4631
-16044	-4848	7096	1270	-2513	-3165
-16136	-6016	8004	1695	-2246	-2183
-14956	-5448	7428	2750	-2722	-172
-14128	-4532	7564	2182	-833	1285
-12140	-3408	8652	642	-1533	4090
-8732	-2944	9384	-2336	776	5787
-10164	-4452	5208	-2086	4913	6255
-11092	-3744	7204	-243	3822	9041
-7784	-2320	7684	-281	2308	10915
-7340	-3208	2856	227	5205	10314
-9192	-3128	6048	2230	5419	11674
-7980	-1220	7792	1944	4685	12067
-8080	-1108	2176	709	7757	11905
-10460	-3696	7896	-740	7107	13427
-9284	-1824	5000	654	8201	18221
-6756	288	3424	1474	7582	18836
-6992	576	6120	1910	7597	14401
-11156	2436	5264	2157	6229	7229
-14384	3252	7120	479	1661	2858
-13520	1924	7908	255	-2036	-7
-12196	224	6716	2532	-3649	-2523
-11720	1568	6084	4903	-3698	-3802
-13448	3340	8048	3445	-4713	-4901
-10472	3388	8856	256	-8003	-5105
-8952	2256	5880	-950	-6217	-8163
-8952	1492	8900	-1025	-7897	-9219
-8456	1524	6796	-1425	-5627	-10163
-10216	876	5096	-851	-5226	-10047
-9588	-52	7628	-1121	-6128	-9974
-8972	-640	6456	-2984	-3719	-9537
-10980	-464	4680	-2083	-1645	-8856
-10348	72	7004	-1246	-3833	-7980
-10048	-1308	6364	-4578	-1681	-7438
-11228	-1824	3692	-2801	-1605	-6821
-8824	-664	5732	-1434	-2273	-6174
-10540	-1856	6848	-3359	2211	-6806
-14972	-2204	6272	-2958	924	-5071
-12276	-796	4716	-2280	-1507	-2756
-12036	-2648	6404	-5675	3149	-1796
-17656	-4716	7624	-4448	3049	-1049
-16208	-3792	6592	-737	-1455	1819
-12528	-3200	6648	-734	1868	3112
-17312	-5148	8380	351	5429	2343
-18600	-3580	7844	3879	2535	4326
-16484	-1388	8056	2446	3917	5304
-20308	-3716	7648	-1374	6582	4226
-22416	-4676	9480	-1634	3551	5169
-22052	-4344	9280	-2374	3206	3055
-25208	-4788	10152	-2847	2945	1806
-26220	-6440	10112	-3966	309	-774
-25320	-8208	11476	-4659	-2140	-3321
-24040	-9240	8812	-1157	-3506	-6253
-22068	-6740	8468	3084	-5019	-6872
-21048	-5524	10136	2532	-4900	-8959
-20796	-5788	7740	1589	-5292	-8928
-19956	-5788	7968	1053	-5729	-8588
-18776	-6088	8712	-568	-5210	-8339
-17756	-4796	8556	-1590	-3653	-6822
-17984	-5132	7252	-3534	-3722	-4843
-15116	-6268	8692	-4903	-4243	-1793
-11784	-5968	5528	-2688	-928	-544
-13224	-5564	8432	-323	321	1083
-10992	-4532	7892	-183	-440	4033
-10168	-5132	5004	1070	3136	5108
-9492	-4868	6092	3061	1755	7987
-5464	-3152	6540	3087	3142	9334
-7684	-3656	3460	4411	6265	9264
-8864	-3392	5124	4469	4105	11064
-7156	-2704	5652	4471	6393	11466
-9992	-2656	3924	3528	7586	12171
-8900	-1876	4932	526	4488	15121
-6980	-1700	7320	-866	7094	16166
-10780	-624	6900	-3204	7618	18784
-6720	828	5996	-8009	4781	21265
-6360	256	7012	-8781	7136	15686
-10384	192	5788	-4848	5875	10501
-12648	-2304	6324	1013	1032	2008
-11928	-268	6960	8665	-4415	-4700
-9760	2924	6444	8220	-6776	-8116
-10716	3148	6524	1300	-7871	-8154
-7672	2524	7732	-3801	-9892	-8219
-6404	424	6604	-3779	-7318	-9534
-9736	-1096	7888	-2907	-4923	-9913
-8820	620	7300	-321	-7159	-9191
-5572	1060	7980	-1996	-5212	-9792
-10420	-1672	7920	-2669	-533	-9667
-8984	-88	6320	741	-2252	-8114
-8400	460	5616	894	1205	-9196
-12292	-20	6852	2082	-476	-7654
-10012	1044	4600	170	-1232	-6240
-12004	516	5856	-1245	1894	-5670
-13064	320	6248	-1505	-2287	-2414
-11096	-472	5640	-2899	-323	-1970
-13648	-1772	6300	-2226	2784	-939
-13052	-980	6036	-273	1829	1861
-14600	-1156	5400	1880	5665	1860
-20064	-1688	7212	4953	5467	2954
-18292	-588	7032	3798	3412	6230
-21032	-2052	7904	2073	8444	5191
-27416	-4700	9388	1243	6886	5842
-26600	-5340	10196	-1077	3455	6757
-24724	-7224	10000	-1665	3497	5275
-24332	-8492	7308	400	2137	4107
-21592	-7744	7516	1831	-2046	5271
-18184	-6836	6016	3486	-3285	6593
-16000	-5228	4624	7423	-5357	8592
-14188	-3216	3132	10443	-6996	10002
-13244	-960	4424	11787	-6495	12297
-11600	1080	4864	12046	-10953	14414
-8476	1564	2408	12450	-10652	15728
-8956	1892	3956	11615	-9112	17439
-8716	4072	6020	12160	-12955	20309
-6688	5136	3792	10161	-11454	21884
-7508	6444	5140	6504	-12491	23906
-5908	8472	7876	3283	-16399	27653
-2336	8980	8964	-469	-16903	27180
-1208	11172	9440	-4689	-15098	29910
-936	11856	9268	-7462	-18248	28751
5256	13604	13816	-11794	-20602	30376
6500	11408	10500	-12881	-15610	28401
7040	10648	10036	-10755	-18175	25240
13308	13372	15056	-13508	-15276	23309
9264	10428	13516	-9959	-12114	23010
8684	7024	9964	-10624	-15602	19785
14456	10344	12780	-13894	-14203	17143
11376	6100	16092	-10773	-11187	17538
9848	6056	11740	-7292	-15139	16481
13536	5100	11516	-10223	-15298	18055
16020	1432	12436	-11252	-13010	15602
16308	3068	14236	-10080	-12491	12871
16684	3044	14848	-6801	-10934	13591
16036	-1940	9336	-3447	-9262	12872
16944	-592	11996	-2588	-8056	6581
16860	-1152	12208	-1258	-6484	6615
16620	-1240	11272	4179	-6261	4868
16068	-756	9364	5634	-4829	2711
16444	816	9864	5199	-4006	2575
16088	-1508	9752	6049	-2188	2217
16368	-236	11044	12357	-3651	-2564
15876	-108	7100	22939	-3849	-4059
14748	-5728	5516	32767	-638	-7559
13052	-2744	5784	32767	-3761	-12884
7772	32767	-9312	-8261	-22386	-26920
16916	15120	9388	12903	-1057	4480
21780	5172	5100	2470	4706	-6498
13264	6724	7080	8974	5747	2538
11092	8320	4060	2988	-2189	-4003
15544	32767	1720	-9346	2830	17384
14788	-5412	7840	-7229	-2069	16826
14252	1628	8196	4925	-551	3622
14568	5716	5784	10917	-1182	-7362
11232	11236	8856	15274	-7424	-4834
17068	8796	4596	-4492	-3920	1185
16928	11736	6180	-17757	-2455	-3345
15180	4040	6108	-11527	1266	2107
13892	1168	6460	-2405	-1049	-4154
16344	8124	3892	-3508	-1380	-5817
13560	5004	5776	812	-3648	2818
21844	5320	1596	-2450	10011	-2818
12984	6332	5912	-2272	10877	-7178
10400	9240	6424	-4114	6885	-4130
