0	0	0	0	0	0
17712	2376	1224	384	180	-1054
16240	3384	-2272	-743	-556	-651
16412	3768	-2600	-174	-367	-596
15756	3280	-2660	636	-726	-558
16456	3472	-3144	1932	-1139	-888
16964	3892	-2808	730	-49	-620
16644	4256	-2200	14	-107	-432
16296	3608	-2444	62	-1310	328
15228	4920	-772	-2579	-2033	1178
17344	3168	-5896	-4320	-1730	1355
15380	2112	-2388	-808	-334	809
17288	3184	-3088	-1416	24	526
15724	2324	-2216	403	137	330
16456	2992	-3488	136	88	355
16056	3132	-2812	255	211	528
16592	2736	-3112	217	-23	638
16416	2680	-2724	790	93	567
16416	2388	-3816	911	-137	537
16744	2668	-3192	1653	40	303
16904	3236	-3004	2060	179	257
16200	2900	-3148	2140	-6	340
16256	2188	-3412	2461	36	209
16432	3308	-2660	2870	147	14
16440	3344	-3084	2716	-24	-276
16500	2688	-3396	3099	350	-541
16288	3576	-2868	3539	151	-1000
16708	3456	-3148	3854	204	-2199
16708	4528	-2708	4385	189	-3377
16892	5860	-2456	3865	-59	-4141
16432	4932	-2688	2521	141	-5382
16592	6792	-3700	3127	638	-6092
15620	6052	-3388	3464	1592	-7180
16940	7724	-1792	2200	1553	-8092
16096	8220	-2472	-410	1492	-7709
15696	7684	-3172	-1577	1770	-9349
16192	9080	-3012	-1913	2602	-9671
15840	9040	-2852	-3472	2287	-10637
16552	11684	-3520	-5742	2164	-12425
16176	8860	-3764	-5167	2597	-13825
16248	12612	-2960	-2933	2326	-16533
16456	13076	-4088	-4093	2063	-18551
16296	14100	-3052	-6250	2293	-20135
15128	12620	-2796	-4097	2741	-22138
14408	16276	-1852	-6032	2250	-22757
13712	15416	-1812	-6049	2554	-23696
11868	15232	-404	-5414	2240	-24342
9808	17276	8	-5882	1771	-23934
9352	15124	-348	-6571	1074	-24283
7860	17660	1020	-5899	1130	-24234
6852	15584	736	-8656	624	-23488
5444	15940	1624	-7431	345	-23570
4196	16172	1188	-9584	374	-22244
3332	14964	1692	-9612	210	-21806
2044	14776	2760	-10159	620	-20965
536	13628	2900	-9345	835	-20477
-1060	14184	2716	-10387	693	-19383
-1668	13120	3872	-10434	1014	-18692
-2856	12348	3232	-9397	1053	-18050
-4000	12900	3712	-9542	759	-17758
-4768	11892	4560	-11340	1293	-16939
-5768	10524	5924	-10815	2052	-16754
-7164	10420	6036	-9243	2858	-17089
-8252	8188	6020	-8602	1848	-16845
-7852	9472	7284	-8534	1745	-16394
-8964	6560	4972	-9888	2087	-14738
-9316	4348	6564	-6038	2111	-14593
-9764	6468	6008	-6624	2190	-12939
-11120	2816	6572	-8873	1491	-10088
-11132	516	8316	-3410	1064	-8857
-12160	3096	7104	-4153	647	-6262
-12088	1012	8020	-4033	419	-3887
-12060	844	6884	-1166	357	-2205
-11860	2992	7232	-2203	645	-43
-11244	876	7228	-92	748	1476
-10904	3312	7596	1593	670	3182
-11276	2948	6888	1163	225	5158
-11176	3376	7772	2683	-121	6926
-10964	2972	7344	4521	-986	8668
-10680	5668	6684	4501	-1047	10253
-10356	4928	7296	4337	-1504	11711
-9676	3856	6908	9168	-1540	11750
-9660	10624	6780	7485	-451	13089
-10120	6864	6096	3427	-2243	15088
-8800	6156	6932	11098	-1797	13678
-7528	13416	5988	8353	-21	14452
-9072	9156	5448	3215	-2515	16642
-6600	9344	5756	10051	-2194	15307
-5268	15492	6552	6181	-976	16451
-5892	10436	5160	8284	-2607	15479
-3964	14264	4656	10510	-1423	14849
-3488	16100	4916	4065	-1759	17125
-2440	11156	3516	8518	-2079	15501
-880	19704	4048	3855	511	16507
-892	14764	4872	2601	-2071	16817
1072	13576	3136	10777	-1171	14116
1604	20692	4212	1109	-345	16717
1624	13244	3576	4063	-1828	15866
4096	18784	2268	6610	-480	14455
2940	18768	2292	1066	-1484	15510
4572	14180	1704	6775	-1360	12834
5540	20224	2656	1013	281	13614
5568	14604	2920	628	-640	13495
6424	15648	1232	5462	52	11828
7624	18108	2064	1178	69	11530
8088	13900	1436	2547	155	11214
7936	17008	1020	3657	259	10188
7896	15340	1212	1915	-368	11079
9524	13896	556	3375	-76	9855
8804	13984	-240	2371	-302	10343
10104	13832	460	3393	224	10464
10224	12832	496	3698	221	10646
12096	14140	-248	3470	62	10268
11564	12040	-236	1334	28	10551
11204	12504	-632	4571	-183	10747
12508	13180	212	2609	-546	11595
13192	10560	-764	612	-588	11909
13224	10008	-1176	3439	-484	12247
14532	11696	-836	2912	-918	12261
13952	9148	-1736	974	-874	13565
15676	9116	-1308	3250	-1398	13149
16744	8956	-1088	1586	-1547	11854
16476	7604	-2136	1845	-1148	11587
16860	7928	-932	3001	-746	12027
16484	7020	-2428	2744	-944	11830
17168	6872	-1924	1832	-760	11058
16896	5124	-2192	1734	-1004	8891
16936	5300	-2692	1945	-774	6957
17008	5772	-2508	2794	-394	5299
16804	6236	-1340	1344	-507	4390
16264	4768	-1504	2081	-592	3031
15748	6544	-2484	1350	-670	1554
16428	4836	-1716	1082	-515	332
16612	6960	-1860	1310	-246	-1327
16280	6076	-2228	-1394	-1135	-2292
17584	5716	-1692	1853	-172	-4909
16312	8532	-988	-192	281	-5580
17236	7260	-2188	905	689	-7600
17128	7316	-680	-1589	1984	-9521
16836	7328	-1152	-635	997	-11143
17316	11428	-1832	-622	2253	-12630
16852	9376	-2136	-3583	1766	-13354
16736	9452	-2192	-2065	2994	-15430
17088	12440	-1836	-2531	2494	-17324
17104	11724	-2528	-3240	2307	-19031
16940	14320	-2608	-2804	2265	-20981
16708	14416	-2560	-5336	1679	-22691
15452	14108	-952	-3796	2323	-23810
12864	15956	-1752	-5176	1211	-24937
11392	16148	-740	-6007	409	-25150
10500	14728	-1124	-6706	244	-24994
8480	16860	64	-6584	-261	-25454
6688	15928	-844	-8549	-595	-24681
6108	14704	732	-6833	-35	-24536
5144	16248	960	-8800	133	-23891
4140	14076	1972	-8350	-52	-23114
3692	15584	2528	-7269	-184	-22550
2052	15548	2768	-9228	-512	-21471
912	13564	2700	-6233	-618	-21640
40	14496	2328	-8824	-64	-20263
-1688	12316	3372	-7537	170	-19961
-2788	12824	3620	-5191	114	-20009
-4160	13476	4276	-8663	505	-18407
-5576	8920	5132	-6555	786	-18392
-6192	12380	5452	-7216	1333	-17605
-7712	9124	5400	-9047	1457	-15870
-7912	9500	5768	-4600	1189	-17001
-8052	13588	6400	-8848	1512	-16067
-9476	4552	4712	-9710	1829	-15542
-10548	9288	6992	-3902	2033	-17338
-10532	8880	8032	-10162	904	-15723
-11360	816	6464	-7525	791	-15676
-13444	3052	4808	-5734	792	-14915
-13472	1324	5836	-10540	-74	-11357
-12764	-3328	7336	-5193	-124	-9838
-12996	-852	5152	-4388	-236	-6827
-11724	-1100	6468	-4096	18	-3308
-10660	96	7344	-486	553	-1020
-12080	180	5620	-649	420	1394
-10832	1732	6536	814	391	3723
-11192	500	7748	1861	288	5911
-11816	2596	5676	2777	-357	8046
-11900	1292	7416	3884	-1521	9649
-11284	4256	7196	4778	-1020	10623
-11916	2016	5992	5008	-596	11463
-12064	4452	6660	8873	-450	11199
-12100	7544	6824	6364	-883	12342
-11228	6108	6896	4957	-714	12882
-11408	7320	5912	8749	-397	11581
-10940	9868	6476	5475	-284	12250
-10596	7216	6792	7396	-672	12275
-9408	10648	5852	7693	-372	12142
-9144	10820	6724	4030	-374	13739
-8392	7336	5812	7220	-797	13479
-6948	14212	4924	7857	524	12988
-7144	11788	5192	3179	-779	14962
-5124	9956	4080	8637	-425	13980
-5004	17076	4012	3832	1414	15622
-5728	10608	4628	1742	-1330	16716
-2480	12732	2196	9199	-499	15387
-2328	18024	4592	1330	1119	17519
-3084	12440	2644	4963	-1355	16709
484	14680	1700	8643	-637	15201
700	20020	2924	698	220	17946
628	12124	1844	4022	-981	17128
3404	18936	1800	6516	71	15450
2948	18068	2552	755	170	16902
3840	13884	2272	6138	176	15164
5272	19224	1236	4189	744	14780
5752	16532	1336	1683	265	14963
5832	15056	572	4495	239	13943
7348	17932	64	4657	65	12979
7452	16552	0	269	668	13279
7164	13540	364	3650	489	12812
9256	17004	252	4304	596	11836
9060	16128	-232	-673	578	12325
9320	12964	464	2948	5	11739
10680	14012	-252	3902	257	11151
9688	14132	-964	-19	155	12185
11376	11120	-968	2571	-940	11691
12388	12868	-100	2134	-326	11800
11960	11684	-1804	1474	-777	12206
13704	11168	-1104	1506	-353	11978
13856	11904	-368	132	-204	11980
13520	10184	-736	1148	-1110	12806
14964	11416	-1196	1289	-1274	12294
14072	10324	-2060	-4470	-2698	13569
16056	7072	-1112	-1637	-2438	13307
16472	8492	-676	-178	-1559	12597
15936	8084	-1128	-1901	-1778	12896
17088	7180	-2440	318	-1492	12400
17140	6284	-1192	569	-1195	11702
17248	6196	-1688	-717	-1834	10437
17560	4804	-1140	28	-2008	8312
17044	4532	-2624	1867	-1366	5972
16560	6532	-2276	1045	-1105	5135
16360	4456	-1752	1430	-1413	4587
17004	5716	-2084	1207	-830	2698
16288	4336	-1544	914	-1178	909
16744	6216	-1928	1535	-399	-745
16568	5340	-1364	10	-369	-2560
17416	6292	-1688	1058	171	-4437
16940	7024	-1548	1426	700	-5969
16740	8256	-800	313	1015	-7727
17000	7356	-1428	316	762	-10352
16784	9404	-1336	-843	2006	-12265
16816	9576	-1008	-2018	2008	-12681
16780	10360	-1192	-3438	2560	-14056
16836	10156	-2200	-4096	2133	-15286
17472	11148	-2224	-3201	2689	-17282
16676	11760	-1996	-4358	2143	-18859
16544	12692	-2644	-2702	1516	-21150
16808	13204	-1184	-5362	2226	-22401
14840	14280	-2064	-3430	1337	-23653
14348	14940	-1400	-4565	581	-24960
12936	15596	76	-6320	309	-24734
10444	15616	-1212	-6113	-348	-24967
9772	16636	92	-5298	-496	-25833
8552	15536	436	-8428	197	-24673
6536	15708	788	-6998	282	-24965
6044	16880	1080	-7542	-143	-25139
4240	15200	1148	-8577	-425	-24626
2660	15804	1588	-7645	-485	-24391
1340	14500	3000	-9418	-949	-23087
660	13284	3880	-10315	-355	-21726
-1132	12404	3388	-8258	380	-21694
-2884	14112	3032	-8003	1163	-21030
-3132	11228	4872	-9594	1303	-19766
-4560	10348	4012	-6843	1688	-19725
-6084	12292	4176	-7607	1539	-19132
-6132	10736	6516	-9006	1976	-17763
-7100	8940	6344	-6926	1924	-17576
-7904	10700	6376	-6246	1476	-17708
-9600	7736	4808	-7643	238	-16939
-9112	9332	5928	-6425	374	-17172
-9544	7224	7152	-8449	1357	-16093
-10840	2480	6264	-6343	1207	-15765
-11820	5044	5568	-5905	775	-15085
-11652	1940	6796	-9683	590	-12007
-12984	-2604	6432	-4983	789	-10305
-12520	-176	6208	-4056	221	-7727
-12156	-1392	6572	-5145	214	-4856
-11548	-2052	6548	-763	699	-2881
-11332	1932	6200	-983	680	-472
-11112	-96	6460	-1046	776	2544
-10732	352	6292	1935	644	5151
-11220	2380	7452	2862	334	7644
-11680	200	6920	3815	-504	9900
-11576	2704	6004	6636	-699	11602
-12096	4096	6320	5219	-1409	13557
-11624	1944	6120	7783	-1532	14055
-10868	6832	6308	8335	-435	14744
-11712	6704	6164	7122	139	15563
-10224	6880	6768	10533	108	14432
-9236	9364	6180	10542	806	14481
-9024	12036	5440	7521	1152	15329
-9460	8988	4016	7806	-173	15161
-6616	11800	5048	9492	88	14948
-6168	14308	4708	7167	963	15751
-6312	9372	4584	8927	-61	14876
-4088	17116	3508	7641	2170	15551
-6032	13992	3056	749	751	17616
-3356	11568	2940	7873	-929	15957
-1868	18052	1840	4772	778	16638
-3832	14896	1572	448	-343	18047
-264	14592	2136	8298	-1517	15616
1096	18700	2316	2915	-102	16870
-12	15840	1768	731	-915	17864
2320	14372	1872	6577	-584	16264
3048	19228	2292	1726	418	17380
3048	14400	948	1082	-1272	17595
5580	15580	1100	7110	-906	15803
6100	18732	652	1471	488	17354
5848	15292	824	317	-504	17235
8468	14480	176	5774	-264	15706
8848	18492	1336	617	714	15975
8040	13940	584	-889	-792	16809
10988	14628	-500	5122	-655	14578
10804	15716	-96	474	-13	15132
10844	13428	-788	1173	-518	15340
12428	13392	-1140	3897	-371	14397
12696	13472	-152	282	-595	14999
13708	10876	-772	3094	-908	14055
14140	12824	-1604	4324	12	13667
14052	10632	-896	2894	-468	14056
15088	9688	-1588	4204	-465	13537
15444	11032	-872	3376	195	12818
14548	9296	-1708	3204	-612	12515
16360	8348	-1948	3908	-335	11733
17052	9144	160	2317	1004	10954
15716	8260	-1408	1211	-181	11685
17160	6900	-1328	344	-254	11087
16676	6344	-1960	-918	100	10431
17092	5464	-2680	-586	-720	9203
17604	5444	-2396	-333	-213	7064
16860	4988	-2228	-366	74	5572
16468	5172	-2500	-540	-271	4486
16784	5756	-2012	-443	-54	2684
15720	5724	-2324	-1429	-1451	509
17196	4900	-2244	-1353	-1118	-2246
16656	7584	-1208	565	-377	-3978
15872	6480	-1384	-1338	-909	-5070
16284	7580	-1472	-120	-212	-6792
16708	8176	-336	277	571	-8714
16048	9736	-416	-1262	-560	-10343
17448	9780	-1872	-2404	421	-11771
17724	10216	-488	-2267	1707	-13802
17348	12060	-516	-4597	1616	-15182
17424	10664	-2340	-4954	1635	-17088
18444	13292	-1672	-6628	2680	-19252
17268	11540	-1276	-4490	2522	-21437
16704	15272	-2124	-4563	1979	-23959
16288	15420	-1864	-6254	1526	-25408
15740	14888	-248	-4630	1990	-26968
13376	17456	-700	-5148	1881	-28567
11252	17888	-452	-6417	392	-28980
9936	16920	636	-7959	1228	-28940
7896	16596	768	-7910	1180	-29271
5868	17104	1576	-7620	805	-28989
4192	14952	1116	-8885	47	-28057
3580	15948	2260	-10214	-177	-27334
2340	12580	2676	-10817	274	-25633
1292	13656	2676	-8633	1113	-25137
80	13236	3192	-10614	1291	-23893
-1364	13028	4212	-9209	1494	-23446
-2736	10680	3944	-8254	1161	-22852
-4072	12432	3996	-9743	1366	-22026
-4792	9556	5512	-10574	1883	-20804
-6060	8064	4884	-7163	2110	-20856
-7700	10528	5496	-8196	2040	-20033
-8236	7728	6068	-9981	1858	-18836
-8908	4292	5524	-5890	1745	-19538
-10836	7652	4252	-7657	949	-18637
-10120	3564	8244	-9583	330	-17211
-12464	276	4632	-6728	1	-16655
-12752	1792	5032	-10135	-554	-12771
-12544	-4576	8136	-6806	-102	-10471
-13116	-3808	4812	-4079	-694	-7351
-12060	-3016	7768	-2778	-755	-3958
-11628	-1868	7040	-1861	-419	-535
-11632	-1724	6468	396	617	2411
-10648	516	6412	1210	56	5248
-10920	180	7240	1079	-515	8394
-10744	4	7340	4182	-1140	10793
-10988	1452	6640	5359	-1681	13236
-10584	908	7480	5694	-2295	15331
-10236	2104	6280	9483	-2125	16052
-10524	4100	5928	10051	-1518	17655
-9544	4240	6572	9990	-895	18776
-8996	6220	6848	13077	34	18575
-9080	8928	4340	12094	-525	19125
-7820	10748	5916	8458	160	20548
-7044	8532	6152	10244	405	20160
-5692	13832	5644	8910	1454	20576
-6400	14324	4524	5586	-19	21304
-3676	11052	5512	8751	-139	20066
-3584	19284	2436	4001	889	22019
-2624	13088	2000	6960	-3383	19635
2292	17516	1044	7722	-131	18593
-1372	19288	3796	-2355	72	21939
2580	11784	4036	4245	-2552	20125
5652	20272	2684	5185	-312	18342
1828	18184	2016	-848	-415	19649
4708	14808	3108	5307	-2778	17953
7408	20392	2732	3752	-1145	16034
4532	16644	2240	-796	-1737	17437
7860	14952	2800	4624	-1622	15695
7748	17024	2912	1482	-421	15923
8028	13940	2344	3380	-1159	16449
9060	15804	1420	3026	-965	15765
10512	14600	2292	3023	-1755	16461
10900	13604	1940	2571	-973	16542
10560	13656	872	3388	-721	17509
13796	13524	1176	3099	-1786	16608
14808	11748	952	2130	-1501	15860
14232	10920	-700	5467	-504	15808
14188	11564	-92	2723	-341	16077
15780	9472	-312	3902	-2384	14602
16236	9100	-1492	4729	-1435	14581
16004	8844	-1556	3591	-427	15699
17664	7332	-732	3480	-1217	14149
17992	7552	-760	4156	-1398	11363
17148	6844	-2472	4637	-1093	11161
16720	6640	-2080	5641	-185	11767
16468	5948	-416	4440	-91	11803
16844	4932	-1680	3776	-1127	11224
17860	3684	-2280	3932	-1181	9838
17584	3040	-1628	5844	-324	7722
17736	4328	-1240	5065	-913	6742
17108	2268	-3220	3109	-1746	5814
17660	3636	-2228	2987	-623	4147
16088	3368	-1452	2314	-296	3485
15840	3192	-3100	2422	-705	3242
17204	4440	-2528	1116	582	3386
15492	3892	-1000	395	-795	2260
17820	2328	-4096	-958	-400	480
17436	3332	-1336	-198	-114	-3196
17672	3796	-1956	273	-547	-5984
17392	5728	-2108	592	203	-7480
16220	7036	-2968	-1404	-731	-9086
17232	3152	-2160	49	475	-12797
16896	10664	-3032	-256	-59	-14836
18292	7584	-2000	-5404	-264	-14592
18224	8220	-2560	-1251	96	-17177
18244	10696	-2292	-6155	-439	-18204
19324	8608	-3020	-4283	-832	-21201
20128	13332	-2852	-5435	-342	-23791
18888	12300	-3776	-7933	-1488	-25314
19180	14592	-3980	-7329	-1147	-27900
16076	13988	-1568	-9610	163	-28169
14104	16236	-1804	-8344	-856	-28849
14216	17020	-1124	-9019	-891	-29573
11620	16148	-912	-11177	-745	-29588
8956	16680	-12	-9580	-654	-29842
7916	16480	220	-10915	-521	-29401
5836	15268	468	-11508	228	-28457
3928	14800	516	-8596	184	-29577
3676	15144	1932	-10318	212	-28443
2540	14312	1916	-10267	668	-27740
844	12944	2764	-8943	968	-27152
4	12176	2944	-9706	1439	-25391
-1720	11192	2620	-8046	1713	-24710
-2996	11872	3196	-9177	1183	-23110
-4008	9440	3744	-9576	1132	-21706
-4992	8096	5240	-6634	1103	-20899
-6676	11284	4104	-8669	974	-19155
-6808	5640	4368	-8560	611	-18027
-7976	8860	5864	-6103	1482	-18372
-10164	7700	4864	-10032	1264	-16674
-10608	84	6088	-5923	1781	-15850
-12720	7108	6312	-9237	2023	-13087
-14104	-4160	6808	-8441	-914	-10901
-13204	-536	6124	-3430	-1703	-8138
-13588	-2132	6524	-5525	-2050	-4719
-12892	-2004	5508	488	-1604	-2149
-10708	1744	6504	-398	-708	478
-12140	-676	5556	16	314	2807
-10624	2124	6548	2335	695	4974
-10964	2432	7272	2219	699	7884
-11284	2364	6984	3429	-711	9765
-11488	3576	7348	6054	-1558	11103
-10632	5368	7144	5326	-1596	12619
-11436	3940	6244	3905	-1520	14232
-10736	5320	-10424	9176	6488	6973
-377	14052	-10684	5684	6644	6671
-1541	14604	-8836	11088	5728	9662
-152	13817	-9828	11664	5164	5194
-870	14460	-8088	9584	6424	7474
-1541	13624	-6308	14088	5696	5802
380	13641	-8652	13764	4928	1523
-535	15071	-5912	10932	5816	6392
-1917	12943	-5136	16108	4156	3408
288	13507	-6240	13808	5288	2735
-1109	13668	-3380	12148	4000	6758
-1734	12074	-3380	18308	4740	1307
-345	13289	-4064	13464	4404	919
-2181	13856	-520	13452	3920	6902
-1260	11748	-2036	18896	4076	1572
-282	12737	-1972	13100	3408	1319
-1390	13389	308	16052	3152	5821
-1418	11890	344	17308	3080	2885
-384	12327	380	17076	3592	843
-1253	13333	2336	13256	2456	5569
-2197	11692	3208	19284	3244	3513
-405	11500	2236	16392	2888	-368
-820	12705	4004	13032	3396	5085
-1295	11729	5796	18732	1420	3832
-455	11705	4532	15836	2240	-676
-701	12857	6160	14012	1860	3587
-1635	12438	7028	16828	1076	3206
-1053	11532	7400	15108	1680	377
-1188	12363	8120	14136	1476	3234
-509	12058	8772	15076	984	3397
-990	11686	10088	15816	888	1902
-931	11307	9420	13872	932	346
9908	13196	804	2789	-675	11565
11392	14492	1004	2630	-759	11441
11456	13920	524	936	-986	11397
11308	11760	8	1870	-879	11668
12852	13668	-112	2619	-553	11717
12784	11988	972	-623	-934	11502
13016	10764	-604	1116	-1819	11458
13516	11504	-576	2192	-1305	10757
13924	11248	-272	-1376	-842	11467
13744	8740	-600	574	-1640	11199
15176	9936	-1164	1902	-1419	10054
15100	9892	-384	-1583	-1212	10774
15876	6948	-168	-540	-1849	10020
15844	8084	-836	2010	-1801	9751
15964	8908	-1336	-615	-1714	10062
16416	6604	-1160	1474	-1300	9167
15860	5968	-784	873	-1936	9350
16780	5044	-1880	1862	-1934	8874
17880	4844	-1936	1499	-1325	7060
17672	4340	-1356	2151	-1146	6228
17216	5844	-1876	1741	-778	5084
16412	3524	-1548	26	17492	4380
-2256	3369	-631	878	16288	6204
-900	862	-120	225	16428	4460
-2136	2581	-685	-1796	16740	6620
-2048	2576	336	-2899	16876	6516
-284	1656	548	-4248	16052	8272
-1844	927	190	-4847	17060	5648
-1396	449	706	-7075	16504	8736
-800	2445	1354	-8897	16256	8528
-1120	-2759	208	-10090	17600	8524
-2908	156	1206	-12838	18140	10144
-1216	-3331	1650	-14507	17788	8988
-824	-2456	2009	-16537	16796	13036
-1916	-2173	1837	-18516	18112	11784
-1128	-6315	2224	-18999	16956	11636
-872	-4232	2873	-20396	15388	12744
-1884	-3835	2090	-22270	15556	14968
-1652	-5651	1660	-22985	14964	13536
-152	-6389	2026	-23318	13288	14776
-928	-4841	1452	-24732	11836	17020
-136	-7045	710	-24682	11028	14076
1004	-8621	713	-24712	7432	16084
96	-5976	1611	-25004	5196	15212
796	-8872	1062	-23672	5384	14544
3052	-7464	1278	-23787	3496	15832
1280	-7661	1278	-23574	2440	14012
1716	-7652	1215	-22945	2072	15716
3872	-8801	1848	-21450	1336	12928
4448	-7776	1635	-21084	-168	14516
4472	-7575	1365	-20765	-1400	13592
4284	-10094	1664	-19030	-3356	10768
3732	-7271	2221	-19006	-4516	13644
3868	-5893	2425	-19288	-6168	12768
4660	-10366	2748	-17300	-5800	9068
6572	-6142	3091	-17877	-7460	13376
5076	-5702	2854	-18183	-8656	9068
5660	-10235	2529	-15981	-7736	8696
7312	-4432	2883	-17514	-9548	10588
4312	-6457	2054	-16731	-8864	6892
5916	-6337	864	-16095	-8692	7636
6740	-2959	1141	-16490	-11260	4800
4864	-8320	697	-14138	-11356	988
6800	-4732	-5	-13274	-11288	2748
7660	-2951	679	-11372	-13148	2072
6652	-7999	2141	-7728	-12400	-3620
8068	-2551	577	-6361	-12840	1700
7860	-2349	951	-3933	-13304	-2532
5000	-374	373	-1325	-12552	3400
5272	1333	128	733	-10640	2224
7468	-865	779	2875	-12068	552
5684	927	1184	4137	-11996	2808
6584	2943	972	5635	-11160	3596
8472	3126	-12788	2352	5536	2873
208	9451	-11472	3344	6780	5375
-470	10512	-11592	3788	5836	8043
-488	11824	-10836	5888	5120	7468
-378	13092	-11216	7192	4904	6602
-476	13916	-10292	5624	5412	7834
-565	14325	-9796	7868	4812	9584
-91	15285	-9056	10368	5444	6924
-320	15895	-9032	9524	4616	8969
-848	15887	-7316	12128	4732	7635
-279	15853	-7220	10700	4428	6405
-338	16533	-6316	14436	2716	10155
285	15663	-5940	13944	3956	3600
115	16945	-5092	12300	3792	5706
25	16674	-3532	15044	2920	8192
331	16077	-2324	15436	3288	3104
485	17843	-2020	13156	2860	4241
271	17707	-1184	15768	1412	6833
1012	17332	1512	17160	1960	3320
788	17809	2200	15100	996	5041
935	17314	2020	18180	1412	-1641
779	18140	4264	14076	2040	3884
-445	16645	5004	19616	1112	3951
1120	16003	3840	15712	852	-1959
-291	17066	7236	13904	1052	3984
-189	15463	7844	18236	496	3905
1821	14946	6716	15640	-436	-2017
589	16038	9956	12436	1652	3258
-88	15038	10764	17756	44	3593
1234	14088	9472	14720	-944	-2216
-520	16128	12616	11492	260	4048
-1188	14101	12308	15556	-1148	3856
552	13328	10544	12552	-268	-790
-385	14830	13036	11040	-764	1952
-809	14254	14480	13264	-1352	603
-199	13868	14416	10068	-908	-845
-662	14181	14616	10752	-1476	2869
-481	13860	14936	10836	-196	-1557
-1466	14334	16380	7948	-764	-752
-2044	13396	16568	9312	-1596	578
-1196	12080	14820	8828	-752	-259
-1437	13256	15728	7196	-1532	501
-1927	14061	16948	6884	-1680	-241
-1451	13959	17196	5228	-756	-736
-2438	12575	18428	4656	-1616	1025
-2431	10482	17892	4020	-2512	2422
-1532	8363	17208	4868	-1512	1659
-1229	7747	16924	4724	-1948	2904
-1010	6255	16264	4984	-1684	783
-897	4969	16964	3116	-2748	2425
-781	2057	17124	6284	-956	821
118	193	16664	4072	-1792	1897
-533	-1956	16900	7664	-1560	452
374	-2809	16532	5204	-1260	1467
-28	-4976	16416	9272	-3064	-261
-451	-6179	16900	5064	-464	-1346
549	-7748	17088	8340	-1836	2206
637	-10272	16348	9168	-2280	-961
776	-11220	17852	7428	-1696	324
990	-14185	17336	11940	-2800	42
738	-15874	18260	8636	-1736	-4921
422	-17538	18968	8884	-2720	-1802
1423	-20529	17872	13716	-2248	-2048
1088	-22076	17428	12780	-2276	-4515
311	-23538	17000	14384	-2280	-4730
779	-25217	15532	14344	-1664	-4334
361	-26590	14788	15840	-1696	-7860
154	-27245	12504	16680	-1036	-6034
786	-27972	11368	16372	264	-8646
-217	-27272	10200	15600	-224	-9498
488	-27278	7800	16616	-20	-7304
390	-27831	5960	16412	780	-10635
21	-26600	4924	15636	2512	-11989
1227	-25001	2188	13460	1984	-8297
1470	-25098	2880	17416	2900	-9954
1439	-24730	1284	13980	1220	-11355
1616	-24064	-1348	14312	2772	-8766
2205	-24541	-1944	12768	3596	-10557
2236	-23161	-2324	11528	4028	-7641
2870	-23567	-4984	10680	2312	-8794
3119	-21954	-5336	8876	4352	-6953
2766	-21271	-5352	9396	5376	-7590
2018	-19543	-6868	7584	4072	-6782
1400	-18207	-7480	7808	5816	-6375
1058	-17010	-8808	7956	4852	-6288
1221	-15864	-10204	4616	4244	-5180
1090	-14967	-10420	7420	6268	-5980
1405	-13780	-11620	2712	5776	-6991
1217	-12683	-13220	2320	5756	-3896
871	-11372	-13464	2616	6224	-5704
217	-8430	-12792	-724	6948	-3223
361	-6976	-14312	-2084	4580	-2078
-642	-4600	-12976	1440	6120	-520
-875	-2906	-11512	1036	5976	-1072
395	-102	-12768	308	6016	1848
590	1756	-12276	1260	6516	2356
1052	3584	-11752	3756	7172	2184
1094	5569	-12768	2208	6432	1724
-74	7719	-12076	3392	6392	4947
-868	9149	-11380	3656	5812	3573
-1547	11168	-11152	3632	5276	5324
-1398	12143	-10528	5732	6056	7714
-1237	12847	-10120	6452	5552	6366
-1046	14168	-9772	6324	5228	7182
-536	15200	-9824	7884	4996	9098
-790	15247	-8712	10932	5736	6600
-612	16633	-8464	7632	5248	5553
-1192	17739	-7040	11160	3692	13441
94	15819	-6388	15456	4600	4682
465	17374	-6760	9872	3936	4504
-594	18151	-4028	14052	4060	11677
1171	15747	-5304	17540	3248	3189
870	18016	-3508	12184	3388	5511
-272	17611	-1192	17756	2784	6689
1967	17399	-2628	16904	2732	1781
899	18342	-628	13988	1972	6411
-555	16653	1364	18564	404	4733
714	16645	1388	17340	1752	423
1296	17332	1968	14504	1816	6199
588	15677	4164	19656	1356	4128
700	15527	3488	17204	740	111
387	16267	5036	14044	-500	6044
6452	19368	840	2480	1246	14616
5380	15780	-44	-972	-225	15742
7900	13528	32	3951	-28	14276
7780	17200	-332	686	1077	14614
7716	12636	-32	-244	-72	15534
10232	13792	-288	3356	-236	15151
9792	15240	-444	600	438	15658
10212	13104	-660	-1182	-146	17003
12556	11872	684	2882	-805	16696
13508	15040	-876	419	-646	16711
13268	10752	-1292	-2021	-1605	17242
16072	10196	-576	2499	-1517	14710
15104	12348	-1116	586	-1039	14300
14964	9160	-664	-377	-2125	15135
16232	8984	-1124	1831	-1853	14117
16184	9592	-1040	40	-1778	13272
16336	7640	-1420	-883	-2008	13146
16844	7364	-1852	1580	-1518	12918
16568	7584	-1112	1599	-1202	12951
16652	5912	-1164	1353	-1652	12345
17328	5412	-2076	1035	-1833	11347
17728	4260	-2680	2655	-1465	10025
18316	4280	-1604	3943	-553	8351
17056	4720	16740	2752	-1688	2687
-922	7254	17132	3820	-2420	3967
-291	6203	17272	5096	-412	2809
504	4915	16360	3212	-1336	2059
-502	3111	17244	3668	-2412	2079
463	360	17184	5724	-112	840
950	-2224	17296	5296	-1712	854
-164	-4054	17000	6112	-2328	1259
924	-5865	16772	6336	-312	665
779	-8418	16984	6360	-2572	1950
206	-11701	17432	6872	-2320	3487
1168	-14661	17600	9752	-2016	554
622	-15064	17936	8604	-2432	-1508
-74	-17261	17524	9348	-2468	-3544
96	-17680	17760	8696	-2880	-2441
-428	-20298	18092	13196	-2508	-4158
-743	-22396	19792	10344	-2552	-6808
-177	-23932	17660	14152	-2996	-3190
668	-25389	15728	14852	-1948	-6084
-586	-26012	15104	14236	-2040	-5625
-398	-27519	14564	16744	-1256	-9872
68	-27241	13704	14536	-696	-8043
-153	-28506	12316	16612	-336	-8408
-451	-28121	9908	15708	-156	-10580
-506	-27585	7772	16360	-692	-8678
-1402	-28360	6484	15804	588	-7761
-1315	-29089	5012	16464	1412	-9344
-694	-28461	2648	13900	1660	-10351
149	-27549	152	13984	3104	-7320
585	-27691	-752	13892	4532	-9573
12	-26399	-2068	11236	2672	-8758
-434	-25585	-2772	11476	3612	-7333
33	-24757	-4024	10612	3680	-7762
534	-23222	-5476	10300	3724	-9117
868	-21563	-6124	9536	5336	-8303
1552	-20411	-7516	5956	2976	-7466
975	-19469	-7456	9012	5392	-7738
1684	-17799	-7928	5544	5740	-7845
1827	-16303	-9608	5128	4148	-6233
1689	-15684	-9792	5640	5340	-6418
1059	-14924	-10836	2604	7284	-5948
2079	-13329	-14264	1624	2660	-5238
1153	-11374	-13396	540	6584	-7045
-417	-9172	-12996	-1160	6604	-5951
715	-6104	-14324	-2908	3836	-2799
554	-3330	-12764	-752	5396	920
847	-1187	-12340	876	5944	-118
-13272	-736	4408	1773	619	3962
-12344	2572	5912	3124	-12428	2544
6604	1599	-229	8264	-12844	1012
5736	4867	-1260	9772	-12028	4752
5916	4340	-1467	11533	-12120	2612
5664	4240	-1792	13013	-11216	4516
4784	7870	-2302	13127	-10696	6652
4996	6909	-1173	14431	-10456	5688
6212	6692	-1190	15436	-9632	7216
5208	11167	-466	14457	-9192	10760
4716	7440	-405	15647	-9456	9748
5592	6152	-941	17261	-7324	7976
5568	9554	-1549	16376	-6776	15036
3548	6525	-8256	11532	2716	4780
-1230	17623	-4332	10572	3012	10609
-1310	16179	-3152	17720	2132	5948
1321	17558	-4472	13712	3360	3619
-476	17687	-1984	11248	3576	11232
-15	16793	-676	20712	2528	6696
1995	17921	-2492	13512	2032	-505
57	19701	1768	12736	1920	8441
-488	18521	3376	20692	648	4746
1744	18495	704	15656	-1480	-1841
-705	20327	6292	12220	1680	9177
-726	17304	5976	22152	-456	4389
2263	18051	4680	14608	600	-2558
-314	20228	8668	13488	204	5838
-46	17760	8704	18528	376	3818
2545	18106	7300	15784	216	-2433
191	20267	11060	13004	-540	1464
-970	19481	12364	15120	-1328	3273
965	18654	11148	14892	-92	-1331
962	19360	12900	10772	-88	1326
-917	18981	14656	14844	-1228	1310
-267	18717	14276	10324	-1088	-1124
-583	19524	16164	10636	-700	2013
-870	18531	15780	11844	-708	-421
-1135	18847	16576	7200	-1736	-585
-2563	18682	16868	8416	-116	217
-1165	16198	16800	6952	-2352	1404
-2535	16407	18428	5268	-1504	3290
-1529	15121	18248	5700	-1604	3222
-1158	12740	18184	4464	-2080	1536
-1807	11022	17868	2516	-2140	3962
-995	8991	17612	6040	-1356	5538
16176	4360	-1256	1436	-663	7029
17948	2800	-1888	4166	-698	5048
16948	5548	-1300	3382	475	3231
16780	3368	-1360	2252	-382	1200
17248	5204	-2352	4470	386	-2168
17192	7252	-2080	1621	73	-5854
16916	6844	-1092	-1276	1032	-7241
16668	6968	-1764	2104	476	-10803
16512	9332	-1748	-1889	666	-12619
17664	7216	-2040	-631	-353	-15557
18124	11092	-3516	-1289	320	-18047
18100	8944	-1796	-2812	-225	-19963
18960	10740	-4100	-1773	-879	-23295
19920	12456	-1944	-6166	-779	-24191
19704	12336	-2164	-5279	-1012	-26145
18424	15656	-2248	-6808	-1265	-27364
17792	14884	-1676	-8354	-1098	-28425
15640	17024	-732	-9648	-1017	-28990
14872	15904	-1936	-9672	-395	-30419
12712	18136	-660	-9851	567	-30927
10840	16436	-224	-10712	977	-31516
8872	16588	1364	-9887	1686	-32192
6348	16052	608	-9968	1152	-31892
5004	16588	1416	-10893	1068	-31183
3788	14616	648	-10684	534	-31551
2068	13404	1636	-9752	1022	-31044
1068	13780	2480	-10683	1386	-30383
-416	13084	3060	-11936	1827	-29268
-2248	8040	3052	-9470	1654	-28584
-4056	12200	3484	-8202	1214	-28274
-4736	9328	3416	-11747	1417	-25477
-4988	4448	5472	-9108	2108	-24085
-7624	6432	4568	-6387	1572	-23310
-7356	5928	5976	-11185	1542	-19719
-8708	280	5772	-7927	1921	-17076
-9680	1404	7460	-5170	1333	-14833
-11460	1712	5708	-6952	948	-11414
-12144	-1292	6796	-4311	1110	-9112
-13640	-1428	5852	-3515	1385	-5699
-13540	-1392	6708	-3135	1446	-2425
-13744	-1600	6044	-1016	1778	-216
-14152	-1532	5064	-574	1293	2643
-13748	-520	4528	1513	1108	4179
-12928	64	5432	2258	765	6015
-13244	644	4664	3788	106	7605
-12164	1424	5084	5464	-555	9048
-12084	2816	5188	5568	-1215	11228
-12220	2540	3980	6913	-2642	12645
-10768	3440	5644	8800	-3500	13639
-10200	5564	4844	9137	-3357	14700
-10128	6404	4884	8415	-3014	16408
-9232	6336	4416	10819	-2479	16465
-8004	7940	5228	10300	-1974	18002
-7228	10104	5612	9360	-693	18709
-6832	9596	4440	9414	-1210	19807
-4912	11392	4824	12296	-904	19087
-3556	15204	3668	7599	431	21025
-4480	12372	3252	5277	-975	22200
-1240	13324	3140	11856	69	20208
-972	18932	1704	2347	2268	23184
-1208	12840	2576	847	-1566	23436
3504	13940	1608	9719	-535	21878
3344	21544	856	1922	2061	22571
1588	13964	-512	-51	-1555	22762
8508	14964	2244	8218	-96	19267
5580	22032	1432	3083	2064	20096
4948	14980	1408	2917	9680	18452
132	4885	401	18432	7524	17264
1448	-1995	1519	19681	8320	12436
1196	3914	-399	19382	11776	16628
152	4568	397	18162	10652	14032
-76	756	1694	18999	10908	12060
-436	4570	184	19070	13908	13636
360	3913	-231	18744	14844	12612
-1264	1305	-356	19300	15512	9420
-2028	3866	-270	18670	16696	12136
-1644	5592	-646	17660	16644	9380
-1708	2110	-1322	16840	17380	8952
-2180	2520	-1181	16220	16720	8192
-1976	3319	-1223	16610	17312	7260
-1028	4295	-353	16994	16924	6248
-1452	4078	-388	16450	17724	6376
-1968	1005	-1199	15039	18532	4356
-1948	1420	-2143	13125	19744	4228
-2196	3440	-972	11125	18292	4172
-1648	4146	-402	9590	17472	3668
-1932	3631	-453	8049	16928	3956
-1564	3852	-161	6767	16284	4196
-2076	1938	16424	3120	-2080	1768
-197	4135	16560	3448	-2660	2006
124	2603	16732	3384	-1772	1519
302	1172	16600	4132	-1480	1150
-17	-196	16956	4040	-2408	-1071
-538	-1521	17392	2104	-1872	965
362	-4689	16660	5960	-2072	-418
-372	-7052	17596	3096	-2744	432
-341	-10490	17636	7704	-2184	2075
391	-14178	16696	9736	-1848	-984
-324	-15708	17792	8352	-2244	-2407
-123	-17191	17276	10068	-2348	-3184
-888	-18282	19232	9764	-2848	-4618
-974	-20726	20180	11920	-3404	-5029
-622	-23580	19892	11928	-2152	-7919
-614	-24654	19324	12816	-3288	-5989
-788	-26398	19020	14240	-2496	-8152
-392	-27649	16392	15260	-1956	-10264
-1470	-28374	17012	14260	-2212	-10588
-937	-29308	14536	16072	-1048	-9267
-182	-30097	14004	16312	-60	-13015
-535	-29532	11700	15296	612	-11624
49	-30109	9108	17468	240	-11132
493	-30229	7048	15560	1656	-13670
1513	-29232	4740	14660	2704	-11048
1976	-29652	3400	15164	2884	-9897
2071	-29827	2608	13804	3140	-13522
2441	-28060	908	13140	2528	-9718
3365	-29201	-648	14560	3800	-7891
4571	-29740	-3580	11724	3764	-13104
4250	-27302	-4192	8408	4724	-9162
3725	-27619	-4604	10840	5508	-8713
4007	-27588	-6444	5864	3628	-12018
4133	-25211	-6936	4792	5140	-8540
4371	-24267	-7644	4332	5316	-7662
3182	-22752	-9320	2628	3760	-7358
2222	-19886	-10104	2448	4464	-7868
1043	-16725	-10908	-1572	5196	-6807
215	-13461	-11916	-780	5104	-4911
169	-9908	-13100	-624	6444	-6134
-313	-6585	-13120	-5836	5724	-2571
-283	-3800	-13176	-1780	6036	-1629
490	-363	-13316	-1076	6848	-724
82	945	-13088	-1592	4980	1237
680	2486	-12436	1188	6120	2225
500	4027	-13104	184	5880	3357
-17	5690	-12004	1356	7248	4188
-594	7255	-12716	1252	5500	4032
-1337	9127	-12336	1132	6488	6124
-2135	10654	-11656	2240	6144	7213
-2412	12646	-10976	2460	6932	8664
-2550	14372	-10856	2920	5424	9077
-2997	15943	-10108	5684	4704	10466
-2292	16855	-9128	6048	5684	9311
-1932	18426	-8080	5748	5644	11835
-1848	19174	-7000	9984	4488	11951
-915	20402	-6972	10632	4192	8496
-1305	21482	-4760	8308	5024	12108
-1094	22014	-3296	15760	3264	9686
557	22913	-4648	12452	2784	4325
-1479	24104	-792	12608	3824	12436
-1390	22903	896	20308	1264	3154
1785	23919	-920	13396	2068	-217
-1333	24958	3980	13972	3176	10845
-447	22095	3900	22472	1832	2498
1112	23397	2216	14720	1952	106
-2825	24223	8132	13732	1484	8717
-1744	21331	7340	21108	1684	4615
747	21937	7664	15688	-228	1619
-2133	22427	11592	15060	992	7071
-2819	19338	11812	18872	-228	3474
-1140	18799	10064	14084	-216	2376
13100	13296	-584	7089	-1017	16820
12248	16316	-264	4456	737	16487
11836	12944	-304	2557	-510	17390
13240	13672	-332	5618	-284	16951
12996	13732	-684	1641	307	18722
14512	10440	-508	383	-756	18566
16412	10268	-1492	2714	-282	17373
16788	9688	-628	1759	-903	16876
17968	8360	-1924	924	-632	16634
17508	7412	-1560	-362	-397	15920
17812	5696	-1732	632	-1671	14690
18764	4944	-2356	1565	-864	13172
17648	4228	-2628	2432	-682	11719
17704	3992	-2656	3767	-454	10341
17208	4648	-1112	3801	-254	9136
16948	4512	-1580	2216	-1172	8557
17520	2984	-2600	2488	-1249	7752
17904	4072	-1992	3095	203	6674
16356	3608	-1608	1900	-463	5932
17428	2988	-1792	3009	-113	4062
17052	4048	-2520	3465	-46	2527
16924	3892	-1268	2036	633	1309
16220	3492	-1620	1874	-309	-852
17012	4568	-2344	1297	367	-2200
16412	4924	-1744	870	612	-3763
16892	4592	-2192	-11	-68	-6326
17236	4860	-1740	97	285	-8847
17596	5960	-1576	513	381	-10801
17328	7124	-3292	248	-19	-12171
17612	6764	-2540	75	76	-15227
17616	8452	-2152	-1791	-432	-16710
17956	6412	-2688	-1579	-680	-18832
19068	11148	-2884	-1590	-524	-20525
18580	9224	-2112	-4776	-831	-20997
19160	10796	-3116	-2573	-663	-23144
17184	12872	-2468	-5704	-589	-23828
16968	12464	-3460	-6235	-1346	-25115
16572	13692	-2224	-6924	-234	-25462
15328	15300	-1460	-7080	-1231	-26338
13140	16096	-1344	-9403	-1598	-25862
12440	15560	-1084	-9270	-1601	-25943
10972	15640	516	-9576	-274	-25908
8664	17040	-1116	-10131	-736	-26307
6348	16120	456	-10228	-463	-26019
5636	16124	1548	-9762	123	-25663
3884	14652	1848	-11395	365	-24204
2996	14748	1180	-9525	376	-24856
1072	14064	3192	-11338	2113	-23215
-808	13672	3440	-10530	2269	-22327
-1696	13468	3420	-7220	1688	-22919
-1532	12496	4196	-10559	1489	-21611
-3264	10940	4308	-9484	2678	-20612
-6044	11004	3856	-7325	2616	-20336
-5744	11284	5552	-8992	2462	-19144
-6452	9004	5820	-9106	2653	-18122
-8652	8140	5252	-5742	1894	-18143
-7568	10160	6100	-6602	1652	-17507
-8476	7552	6216	-8694	2138	-15778
-9600	4504	5612	-3109	1912	-16662
-9712	9332	6028	-6605	1021	-15566
-10556	3420	6084	-6939	979	-14418
-11700	4168	5528	-2462	1079	-15267
-12216	3380	7400	-5675	799	-13584
-12136	308	7412	-3264	1166	-13540
-15164	-796	4600	-1734	366	-12436
-13508	84	7392	-4143	448	-9511
-14016	-2628	6340	-2529	-7280	-13568
-2600	4780	-1574	393	-5156	-12688
-2348	6212	-949	1156	-2976	-12748
412	5992	-440	1408	-1395	-12380
-1716	5676	1691	1213	47	-11824
1708	6764	118	1333	2322	-12576
-1148	6348	1818	947	4053	-12380
544	6916	2397	-26	5950	-12812
616	6384	1614	-259	8287	-12916
-348	6300	3081	-680	9833	-13012
876	5864	4470	-730	10856	-12412
2216	6632	4159	-1017	12136	-13392
2636	5060	5065	-1490	13042	-11796
3228	5824	7565	-1828	13387	-11392
5492	6460	6835	-1613	14301	-11732
5288	5328	7826	-2120	14876	-10372
7000	5632	9957	-2060	14620	-10000
7324	5008	7377	-1310	15992	-9652
7056	5484	9855	-394	15451	-9252
10340	5192	10021	-787	16089	-8076
10148	5064	6952	-881	17329	-7092
9076	4736	8838	270	17365	-6424
12960	4624	9126	1670	17705	-6108
12724	4092	5250	355	18645	-4356
10824	3040	9622	176	17934	-3052
15516	2920	6895	2058	19332	-3000
14828	2556	3016	1651	20511	-1908
13740	1288	7953	540	19343	1152
19484	960	4211	1461	19659	696
14812	1404	1409	628	20031	1624
16092	980	7033	175	18930	3972
20336	1416	2599	155	18990	4600
17320	940	-1235	-685	18901	4308
13748	1308	4786	-341	17320	4752
19740	1412	2838	159	18248	5824
15776	580	-1353	-2155	19045	9772
14352	-376	4538	-1689	15902	8752
17872	-44	4812	1074	14867	7344
17008	1252	-125	-258	16687	9916
13876	292	3535	-1529	15375	11792
15900	-1612	2113	-453	14039	11096
12988	-424	953	930	14079	11244
12916	76	3830	546	14212	12288
15236	492	-633	-885	15753	13576
9812	-584	-2307	-1243	16223	14912
10468	-704	1879	-260	15475	14920
12208	-908	39	-1328	15649	14956
9608	-1876	-2755	-2743	16453	16720
7208	-1344	-954	-2445	15773	16848
8084	-1172	843	-1980	14468	16296
8544	-1596	-1257	-2607	14790	16876
6080	-2072	-1370	-3625	15233	17712
5600	-1908	387	-2607	13850	17140
5140	-1784	951	-2799	12589	17440
4012	-1808	843	-3119	10984	18844
4424	-2356	1758	-2144	9069	17736
4312	-720	1267	-1279	7369	17244
3288	-1624	1704	-1642	5274	17756
4748	-1992	3294	-575	3684	16552
17260	4172	-1136	1101	-450	2314
16708	4632	-2104	2265	-191	958
16532	4916	-1780	692	230	487
16724	4316	-1004	1990	562	-1185
16532	5776	-2124	-349	564	-2363
17384	3284	-1620	1766	1195	-4741
16996	5688	-1332	1615	2058	-7378
16908	4712	-1884	857	564	-9585
18156	7468	-2760	3026	1624	-11134
17388	8972	-816	1010	2102	-11391
16484	7848	-2248	-492	751	-13473
17524	9028	-2316	-236	2128	-15804
17424	10384	-1480	-1356	2445	-17682
17632	11024	-2016	-2063	2593	-19621
17804	13428	-2964	-1380	2160	-21794
18208	12116	-1508	-4709	2083	-23469
17164	14752	-1828	-4296	1825	-25502
16052	16244	-2452	-4686	1260	-26604
16260	15448	804	-8650	2151	-26840
14000	16040	-180	-7407	1975	-28431
12412	19016	-440	-7709	908	-29705
11356	16432	576	-11051	550	-28785
8148	16188	412	-9167	1193	-29350
5528	16788	560	-10418	1078	-29474
3904	15636	1516	-11489	1147	-28659
3620	13760	1300	-8917	1975	-28865
1408	15392	2764	-9105	2372	-28424
124	14028	2348	-9331	1820	-28226
600	13464	4308	-9260	2780	-27670
-1460	12084	4532	-9966	3166	-26589
-3640	9980	2828	-7128	2182	-26986
-3952	11140	5088	-7859	2394	-26254
-5792	8600	2980	-10685	2379	-23885
-5688	5136	4600	-5553	2279	-23859
-7764	9500	4032	-5701	1457	-22529
-7244	4936	3516	-10669	428	-18973
-8272	2712	5584	-5906	1332	-17613
-9992	5532	4912	-5805	675	-15703
-10144	1020	5412	-9548	-156	-12453
-10584	-1672	8236	-3252	349	-11523
-13312	2084	6264	-2696	383	-9875
-14324	-3096	5708	-5272	-379	-6863
-14020	-3260	7568	-434	470	-4907
-15140	-2216	5612	-568	415	-2497
-14252	-2500	5740	881	-279	-456
-13608	-508	7452	2066	396	1540
-13092	-1352	5568	2156	466	3607
-13056	1496	6052	3963	274	4682
-12204	1656	6344	3310	-424	6034
-12260	1576	6064	4766	-1000	7871
-11916	2016	6428	5444	-1305	9763
-12080	2852	5540	6055	-1952	11422
-11616	3132	6676	7010	-2418	12555
-10632	3856	5292	8792	-2398	13454
-10476	5272	5924	8977	-1091	14577
-10020	6072	5472	9210	-393	15790
-9776	7040	5408	9102	-828	16383
-8400	9048	5460	8706	-878	16827
-8120	9184	5172	6522	-947	19500
-6960	8440	5304	10674	-1057	19284
-4580	13540	4236	9698	288	19482
-6076	12964	3044	3165	262	20995
-4520	9748	4160	8735	-293	19999
-2092	17096	2672	8641	1456	20628
-3360	14764	2440	923	91	22311
-1004	12128	2796	5700	-1230	21235
1300	18196	2288	7260	136	20527
752	17588	1884	322	309	21938
2364	13508	2012	4346	-545	20480
4776	17736	2040	6986	123	19729
4148	19732	1508	430	-134	20613
5348	14320	2128	2306	-1587	19789
7624	18824	812	5125	-772	18507
6968	16584	1056	-121	-1290	19262
8672	14672	728	3666	-1936	17835
9812	16896	548	4370	-707	16809
8788	15524	-604	-765	-263	18118
10944	13888	840	1538	-382	17524
11588	14772	872	3673	-882	16664
11728	15004	264	-1818	-1815	18235
13004	11608	-1392	-549	-3225	18844
15488	10696	-192	2664	-2359	16383
14608	12416	-976	-586	-1172	16665
14580	9316	-332	776	-2651	16721
16084	9468	-1108	1801	-2953	15864
16864	7892	-652	294	-2791	15000
17840	7880	-1804	2561	-2289	14515
17064	7280	-716	3349	-2096	14204
17048	6256	-1856	4321	-2637	12569
17824	6876	-2024	3351	-1828	11964
17424	4064	-1528	3968	-1879	10405
18216	4348	-2196	6681	-1367	8281
17704	5144	-1388	5827	-312	7311
17380	3572	-1852	5003	-501	5822
17512	5252	-2072	4354	-646	4478
16840	3536	-1176	3334	-66	3592
16404	3724	-1936	4545	-280	1762
17000	5448	-2396	2436	339	1430
16532	3400	-1596	2175	121	266
17180	5588	-2564	2367	139	-910
16280	4796	-1656	-265	105	-1810
17168	4044	-2536	1131	26	-4118
16820	5944	-1440	-491	585	-5720
17484	4584	-1652	189	-785	-8485
17752	7128	-3700	2026	264	-10981
17452	6600	-296	-188	858	-13430
17684	8736	-3852	-682	-1050	-15439
19008	7872	-1392	-1444	1103	-17558
16720	11108	-1416	-2176	775	-18497
16676	11168	-3076	-5169	519	-18964
16784	11568	-3220	-3589	1337	-20206
16644	11952	-1712	-4527	1891	-21339
16808	13876	-2636	-4952	918	-23051
17256	16188	-2524	-7187	685	-24528
16092	13992	-1244	-7042	1470	-25442
13712	15552	-2020	-6245	1555	-26816
12456	17148	-1616	-9034	494	-27031
12368	15632	-148	-8296	986	-27570
9144	16028	-84	-8721	1571	-27912
7340	17764	1096	-8795	888	-27744
7524	16436	1408	-11043	1349	-27722
4000	16056	1288	-11396	2128	-27759
1816	14752	1512	-8694	1607	-28414
1364	15740	2328	-11862	1935	-26420
936	13328	1716	-11573	1952	-26465
-612	12444	3356	-9975	2954	-26252
-2296	11656	3000	-10135	3424	-25534
-3812	9524	4388	-10207	3043	-24025
-4816	9072	4516	-8755	2086	-23308
-5996	8304	4388	-7870	1759	-22144
-6728	7876	5476	-8471	2140	-20301
-7060	6156	5068	-5108	2454	-20535
-8764	9700	4132	-4452	2920	-19624
-8940	5368	5108	-8365	3450	-17885
-9636	3096	7372	-5019	2939	-17946
-12588	2496	4676	-4184	968	-16288
-12388	-24	7244	-4986	-221	-12840
-14108	76	5532	-731	-1101	-11788
-13728	-1432	5688	-3222	-1615	-8745
-14568	-4720	5812	-2533	-1732	-5713
-13796	-668	6204	933	-334	-3922
-13572	-2392	5080	-991	517	-1389
-12268	-1124	6120	2196	442	111
-12180	656	7160	1850	915	2457
-12048	-28	6352	2759	1041	4843
-12388	680	6404	3826	127	6919
-11292	1624	7164	3980	-676	8894
-12016	1168	6104	5330	-1301	10757
-12044	1844	4960	7821	-1159	12589
-11096	4372	6252	8423	-1482	13689
-11292	3056	5876	8268	-1476	14744
-10600	5252	5428	10108	-697	15157
-10500	7404	5992	10282	327	15927
-10436	6888	5348	11073	-390	16566
-8244	10148	5512	9460	768	16842
-9284	8592	3300	8690	730	17448
-7492	10556	4636	11716	425	16912
-6212	14360	4192	5781	2275	18816
-7124	10436	3320	5143	887	19174
-4900	12148	3272	9802	2245	18174
-5000	17576	2248	5170	2736	19848
-3772	11888	2368	3487	279	20455
96	15084	1756	6128	1373	20091
-1208	18996	728	951	1886	20863
-184	13236	1260	2632	376	20194
884	19300	1136	-1338	1506	20604
2992	13724	1316	1610	-1527	20485
6168	18504	632	5354	-730	17932
4996	18756	76	71	-303	18814
7020	14872	168	1708	-1174	17931
8156	16420	192	4573	391	16061
6692	17544	528	-343	-432	17338
8880	14012	824	2404	-2021	17508
10588	15492	-1068	3554	-327	16205
9932	15708	652	-1212	510	16839
10204	12364	-20	1678	-1059	17396
13736	15088	-1096	2875	-1291	16184
13536	12036	-1332	-496	-617	16184
13708	10852	-840	2766	-582	15611
13880	12724	-660	2214	-1071	15661
15284	10352	-928	839	-2276	15460
15568	9152	-1608	1946	-1316	14373
15528	9592	-1260	3573	-1399	13831
16360	9640	-1472	1852	-2306	14184
16932	6984	-2564	2187	-1494	13731
17392	7432	-1528	4106	-19	12598
16780	7140	-824	3077	-226	12042
16456	5988	-2300	2413	-1417	11579
18028	5164	-2540	1890	-1327	10646
18584	4388	-1364	3029	-35	8767
17292	5224	-1328	1424	-342	7439
17316	3384	-2444	830	-573	5725
17316	4384	-2304	2194	253	4511
16512	4960	-1416	595	244	3725
16292	3620	-1876	-66	-542	2450
16712	5448	-2724	890	46	1275
16004	4280	-1072	-811	-92	79
17500	5332	-2496	-43	-126	-1700
17068	4584	-1356	-697	198	-3607
17092	6988	-1304	1097	298	-5924
16392	5916	-1460	-1430	224	-7722
17600	7688	-2372	552	571	-10425
17420	7772	-1428	-934	1178	-12210
16928	8604	-2216	-395	992	-14393
17356	10748	-1300	-3097	1699	-15711
17904	8616	-2284	-1522	1850	-18966
18672	14136	-1824	-2960	2052	-20686
18520	11452	-3520	-3689	1780	-23406
18260	15252	-2624	-3869	2155	-25688
17652	14604	-1448	-6457	1337	-27095
16780	15956	-1204	-5643	2260	-28253
14476	16300	-968	-8109	1487	-28819
13344	15780	-364	-8015	1279	-29481
11264	18404	272	-9354	1194	-29525
9584	16248	-40	-10745	884	-29888
8904	16844	1024	-10276	1599	-29236
6620	17608	888	-11260	1911	-29284
5020	15968	1124	-11346	1833	-29918
4096	16068	2012	-10796	2541	-29756
2120	14660	3244	-11871	2644	-28786
832	12488	2560	-11791	2399	-28575
-1120	12056	3560	-11515	2659	-27962
-2532	10820	4392	-10440	3459	-27153
-4028	9400	3824	-9068	3721	-26591
-4952	8048	4772	-8760	3251	-25507
-5452	8672	5016	-8170	3194	-23683
-5580	6668	5104	-7874	3623	-21751
-7156	4252	5308	-6819	3141	-20653
-8112	3900	5996	-6387	2345	-19147
-9484	5332	5828	-6365	1713	-17067
-11588	-1440	4940	-5351	1124	-15108
-12620	1796	5992	-3454	202	-13186
-13052	-1116	6768	-4496	237	-10312
-14068	-3372	5440	-1933	399	-8436
-14288	-1792	6144	-2450	-237	-5005
-13408	-3468	7020	-521	-213	-2273
-12648	-2112	6328	667	501	525
-12868	-1732	5836	1985	443	2669
-12208	-1056	6392	2677	255	5041
-11860	212	6072	4061	96	7694
-12216	516	5332	4525	-517	10261
-11320	964	6068	7240	-1325	11918
-10972	2288	6124	7875	-1701	14141
-10308	2380	5964	8863	-1904	15928
-10176	3132	4812	13366	-1683	16490
-9560	5852	4868	11638	-1021	18076
-8988	6956	5396	12128	-724	19611
-8236	7348	4052	13308	3	20031
-7528	9692	4924	11375	871	21405
-6404	11212	3912	10609	429	21621
-5528	13372	2728	9494	1570	22295
-4840	13792	2312	7976	605	22338
-2092	14676	3180	8093	1217	21550
-3192	17756	1024	6305	2159	21670
-2336	14372	2292	4906	154	21365
852	19348	1756	4440	345	21072
-112	16628	852	1684	-98	20612
1772	17124	1184	5605	-555	19254
3020	19516	1480	2451	-83	19296
3236	17244	964	558	-1168	19198
5220	15504	212	5025	-1099	17306
5812	18968	1048	1555	-752	17314
5484	15388	364	1444	-1138	17669
7476	14996	8496	17908	544	1479
54	15948	7840	14580	284	1068
110	16319	8716	14448	228	4713
-361	15856	11104	17236	-160	1492
-518	16150	10956	13052	-192	-1626
-137	16433	11500	12952	-308	3121
142	15764	11476	13800	-476	1646
-920	16553	13972	12000	-1220	-2320
-2183	17569	14232	9244	-2520	1026
-876	16523	14864	11532	-1020	3393
-717	16051	15132	10504	-368	-1503
-2066	17706	16284	6836	-2088	-456
-2670	17612	17156	8212	-2364	2748
-1621	15827	16920	7652	-1196	1072
-1905	15717	17772	6916	-2092	1604
-2531	15240	18124	5160	-2700	2778
-1268	12589	17600	5272	-1616	2787
-964	10393	17556	4144	-2212	2239
-1346	7671	17712	3724	-2476	4798
-565	4830	17260	6368	-2040	3479
64	4357	16316	3756	-1156	2073
-543	3217	16572	4988	-2600	3179
-169	1257	16644	4468	-1600	1588
85	-593	17720	5812	-1068	2083
393	-2723	16348	5520	-2292	-19
-132	-3990	17552	5348	-1828	2842
363	-6733	16816	7284	-1132	-44
1674	-8280	16528	6244	-2856	1366
-309	-11111	18164	8596	-2984	-77
1407	-13137	16700	8680	-948	-96
1112	-14654	17424	9932	-3284	-2791
-294	-16604	18416	9076	-2908	-3787
475	-18747	18396	12028	-1968	-3347
1451	-20477	16548	11976	-2492	-5998
666	-21264	16740	13308	-3672	-4256
286	-23786	17032	14648	-2272	-7640
934	-24067	15892	13268	-1836	-6784
14404	17280	-2376	-5717	237	-26927
13796	15816	-528	-10757	208	-26561
12168	16164	-952	-6700	718	-27633
10316	17508	-468	-7865	-225	-28639
8904	17004	228	-10892	-97	-28167
5756	15700	-644	-10309	303	-28216
4864	14924	1932	-9221	354	-27563
3248	15356	1156	-10255	372	-26858
1916	13496	1324	-9563	481	-26334
564	13872	2884	-8859	424	-25878
496	13644	2420	-10018	341	-24430
-824	11772	3164	-9764	1144	-23471
-2044	10912	3372	-8222	1703	-23081
-3624	11120	4676	-9035	2144	-21567
-4672	10380	5356	-6426	1685	-21266
-6028	9336	4228	-5070	1153	-20917
-6408	10020	5652	-6893	1758	-19727
-8068	6124	5292	-6589	1741	-18804
-9100	6832	6276	-3879	1336	-18920
-9796	7072	6340	-5039	1199	-17372
-12244	4124	6900	-4260	842	-14128
-12808	356	6492	-4279	408	-12132
-13724	120	6292	-4506	437	-9537
-14456	-1248	6500	-2753	203	-7339
-13584	1196	6608	-1059	335	-5652
-13808	-744	4900	-1510	1001	-3577
-12536	240	5348	299	1610	-1903
-11804	1236	5672	1101	1907	376
-11712	824	-11764	1604	5048	2678
859	5860	-11516	1596	5480	3687
-156	8209	-11828	1968	5280	4899
-310	10207	-11992	3156	5044	4138
-168	12340	-12072	3220	4900	6452
-694	13006	-10944	3916	5476	8559
-350	13570	-11300	7668	4244	6651
709	14921	-11372	6056	4784	6733
75	15912	-9360	7124	5596	9429
-134	16331	-9240	10156	4992	7578
726	17162	-9592	7952	4456	8293
-822	17757	-6988	10736	3792	11079
-186	17844	-6440	13360	2920	5942
1258	18941	-7396	10276	2956	7346
-236	19726	-3824	13312	2292	11506
-345	18507	-4008	15844	1736	5182
1704	19885	-3948	12576	2392	5543
733	20659	-1012	15392	1316	9713
1054	19463	-1184	16664	324	3717
1321	20694	-692	16180	204	3041
637	21131	1424	15696	300	7820
825	19782	2624	19452	-384	2031
1177	20728	3452	14868	284	407
-196	20984	5904	17012	-1128	7143
59	18711	6212	18972	-8	1295
1291	19150	6312	15152	-408	576
294	19631	8676	16068	-468	5787
454	17580	7624	17920	496	67
1082	18454	8276	12584	-1076	541
-361	19402	12832	14784	-1712	4654
213	17708	11756	15552	-1328	514
1726	18423	11040	11764	-1480	1547
947	18923	14440	12288	-1168	3180
-370	18062	15624	11564	-1804	1485
28	17403	15688	10380	-2044	1567
310	17393	15388	9772	-1752	3524
-440	17059	16844	9704	-1764	2330
-729	16845	16540	8296	-2684	1845
-719	16451	17284	8556	-2324	2910
-134	15755	16776	7628	-1556	1408
-371	15835	17644	6436	-2376	1327
-670	15132	18224	5036	-2124	938
-233	13656	17984	5180	-1908	1297
-376	11850	17880	3440	-3220	804
-936	10445	18564	2756	-2472	3042
234	8263	17000	4448	-2360	2191
66	6711	17076	3708	-2820	533
-689	5719	16956	2144	-2432	1868
37	4124	16352	4780	-2436	2399
183	3081	16256	4116	-2344	-269
-297	2029	17200	4500	-2960	500
-890	-336	17316	4904	-1952	-1829
-110	-1880	16368	4280	-1820	905
122	-4280	16332	7212	-2744	-109
564	-5889	15892	5868	-1528	-2093
-100	-8136	17244	6116	-1996	-2341
226	-9598	16784	6696	-2164	-2275
263	-11697	18588	7644	-2988	-2849
977	-13345	18220	6880	-1872	-2781
1550	-16151	19284	8392	-1840	-3320
933	-18523	19408	10336	-3428	-3472
2398	-20808	18348	11276	-1716	-5614
1519	-22268	19540	12100	-3312	-4748
2159	-24229	18520	12624	16468	14600
-3168	-5200	1968	-27385	16104	13996
-596	-8398	3292	-27085	13196	15504
-428	-6235	3174	-27754	12076	16364
184	-7850	2587	-27547	10420	16260
-336	-7416	1694	-27598	9796	18012
420	-9250	1461	-27746	7156	15436
308	-10598	6024	17560	1704	-9308
2643	-27426	5480	16528	2076	-11414
2983	-27107	3612	14732	1988	-11277
2687	-26775	2160	14404	604	14052
4144	-11348	3902	-25695	-1112	10724
4076	-11232	3670	-24949	-3008	12648
4384	-8990	3415	-24177	-2880	10724
5440	-8563	3358	-23807	-4372	10600
4816	-9287	4117	-22801	-6160	10104
3684	-8707	3784	-22154	-5408	8660
5968	-6372	3909	-22291	-7248	8280
4308	-8720	4024	-20705	-8200	6160
6272	-6347	3721	-20557	-9036	5976
3836	-7076	3083	-18934	-10436	3540
4836	-7222	3016	-17509	-10332	1416
6376	-8395	-12300	984	5468	-6239
1871	-14267	-13812	-1848	4000	-5904
1698	-11829	-13208	-832	5524	-6178
282	-9653	-13148	-4120	7444	-3718
644	-7115	-14664	-3232	4352	-2147
442	-4236	-13492	-2236	5976	-1247
-422	-2294	-12840	-2188	7056	983
-205	533	-13324	-2000	6176	2185
-653	3116	-12240	-860	6436	2976
-1065	5402	-12480	-1172	6180	3992
-1433	7692	-12028	-840	6328	5694
-2044	10013	-11760	316	6236	7404
-2389	11987	-11452	724	6116	8192
-2347	13638	-10844	2344	6012	9929
-2925	14980	-10524	2312	5488	12746
-1987	15905	-9272	6120	6280	12413
-203	16799	-10308	5832	5136	11638
-53	17546	-8720	8864	5708	13468
301	18189	-8376	11352	5348	8216
263	19483	-8232	7448	5000	10364
-989	19616	-5324	14036	4312	11510
756	19873	-6928	13584	3180	4029
-679	20616	-4664	9776	3540	9509
-833	19453	-3196	17804	3340	7563
1255	20091	-4592	13504	2992	3725
-939	20441	-1556	16440	2744	8193
-826	19072	-1508	18620	2888	-202
153	20124	-1508	13124	2476	3160
-1732	19684	2716	18308	2128	6788
-849	18025	1536	18168	2068	342
-343	18997	5084	17208	1308	5564
-1104	18099	4668	17500	2148	1595
-1315	19055	5088	13524	300	2645
-3214	18980	8392	15332	28	5156
-2486	17881	8608	17052	548	1413
-611	18866	8832	13860	768	2746
-1746	19270	11408	14104	92	4913
-1466	17501	10520	15408	360	1624
477	18792	10792	12664	148	1290
-1926	20019	14296	12580	-552	3243
-2050	18751	14564	13704	-1352	323
-264	19466	14016	9288	-624	2132
-1382	19308	17028	11724	-1008	3057
-2309	18117	16996	9904	-2276	1222
-1980	17492	17208	8140	-2156	3715
-751	16600	16872	9496	-1364	4603
-908	15871	16584	8336	-1316	761
-2493	15834	18020	6388	-2432	-50
-2730	14775	18464	5072	-2832	2699
-1065	12778	17440	5772	-1780	4240
-275	10993	17108	6288	-1524	2645
-706	10478	17412	4236	-2284	2627
-838	8901	17808	4372	-2536	3002
-54	6878	16992	4448	17228	3892
-2176	2783	-307	3816	16708	5348
-1992	1520	-138	2884	16916	3452
-1560	1288	126	1589	16620	5100
-2136	1380	-84	-34	16776	4340
-1832	-471	330	-1473	16672	3928
-1576	1428	602	-4171	17288	7856
-2772	-1629	-367	-5615	17100	3644
-2064	-2473	-361	-8454	17436	7220
-2856	-1631	155	-10590	16504	6744
-2104	-1804	947	-11183	16648	8064
-1532	-1147	1263	-13690	16728	9868
-2312	-4104	319	-14843	18468	8280
-3688	-4649	553	-17307	18996	11748
-1996	-3607	2800	-19365	17164	11500
-1352	-6100	1203	-20368	18128	11696
-2704	-6052	1702	-22513	17980	14204
-1296	-5698	2469	-24065	16424	12868
-1488	-7374	2549	-25232	16344	15700
-904	-6322	2986	-26524	14812	17512
176	-7297	3177	-26922	14372	16820
160	-8761	2890	-27728	11424	16764
104	-8731	2622	-28649	9988	19072
776	-9525	2925	-29312	8712	16456
6332	16880	1784	-10268	3482	-29832
5420	16568	2428	-10575	3179	-29621
3296	13616	2680	-10964	3550	-29277
1864	13684	148	14908	3860	-12210
3590	-27449	-256	10944	3136	-9983
3433	-27722	-2212	13680	3308	-10380
3995	-26748	-2880	9752	5748	-11068
4023	-26321	-4884	8256	5284	-9296
3972	-26346	-6660	8572	4660	-11628
3201	-24256	-7120	4820	5416	-11791
2862	-22651	-7308	4580	6400	-9116
3368	-21733	-8532	3516	5808	-8868
2907	-19814	-9044	1812	6364	-7660
2649	-17912	-10452	396	5516	-6920
2754	-15698	-11480	1612	6068	-6467
1930	-13268	-12352	-3132	6240	-6514
1346	-10372	-12872	-1628	6652	-3867
1623	-7992	-14356	-3300	5524	-3050
1156	-5432	-13084	-3172	6384	-1000
1282	-3383	-13188	-3220	6772	-584
1602	-996	-14160	-2328	5240	1365
1545	1028	-12660	-840	6524	2359
1278	3166	-12764	-956	6208	3054
113	4805	-12900	-952	5728	4313
-716	6289	-12796	832	5592	5696
-803	8032	-12564	1064	5908	6396
-1373	9791	-12412	888	5660	5954
-2051	11544	-11748	1636	6332	8810
-2793	12368	-11516	2916	5740	9662
-2775	13601	-11216	4348	5504	8478
-2463	15516	-10712	3828	5800	10574
-2542	16065	-9408	6772	5356	12153
-1932	16270	-9644	7784	6048	7922
-1853	17793	-8928	6716	4708	12222
-2205	17862	-6648	11924	5888	10762
-956	18937	-8276	10720	3644	5820
-1748	20801	-6212	7404	4956	11362
-2290	19734	-3480	16800	3828	10311
153	20895	-5224	11680	2568	4272
-1570	21833	-2120	13084	2292	11361
-834	20889	-1604	17672	3328	5077
420	22330	-684	13248	2608	5185
-1240	22301	1924	17976	2408	6936
-560	21050	2236	17912	2740	2098
-309	22185	3160	14080	1776	6144
-540	20490	4812	20068	2072	3136
196	20801	4596	14548	632	3241
-2376	20780	8164	17216	272	6646
-1610	18315	7980	18440	200	1839
-917	20254	7952	13656	748	2841
-1217	19510	10044	14892	-364	5578
-975	18803	11620	17776	624	2039
-1031	18966	11700	12208	-44	2023
-1809	18426	12780	15520	-652	6092
-571	17897	12276	13080	-696	2607
-1413	18673	15068	11792	-800	3944
-1413	17366	14296	11536	14912	11680
-496	3288	-1066	18132	16964	9040
-1464	3058	-1738	17541	17432	8808
-2844	2844	-824	16685	17808	8948
-1644	4060	-647	16405	17540	7972
-1948	3120	-670	15835	17408	7112
-1832	1821	-1055	14698	17596	5544
-2416	1570	-1223	13333	17760	5952
-2768	2322	-228	11668	17252	5176
-2316	2307	-597	10715	17720	5720
-2484	1329	-575	9195	17512	4008
-2376	2948	-159	7503	17132	5596
-1640	2346	494	4956	16628	5132
-1704	308	-478	2894	16956	4500
-2572	860	200	272	16828	5872
-1592	682	594	-1986	16496	6172
-1808	-236	257	-3595	16888	6364
-2764	-92	506	-6052	17156	6276
-2688	732	1110	-8700	17772	8964
-2144	983	1651	-11701	16804	6700
-2360	-2732	980	-13864	17720	7364
-1972	-499	1665	-18326	17308	12504
-2812	-1850	1966	-18748	17540	8228
-1992	-4711	1780	-19592	17048	12340
-2708	-4129	1160	-21153	18168	11572
-2108	-5852	987	-21948	17584	12936
-2332	-5327	1446	-23333	16012	13416
-1000	-6395	1020	-23543	16984	14244
-1240	-6655	1010	-25268	15056	14712
-936	-8080	847	-24984	13536	14192
-740	-7059	261	-25624	12136	17320
-628	-8848	97	-25232	10328	14140
-484	-9868	7836	15168	40	-7076
937	-26208	6776	15364	1284	-9714
1459	-24408	5048	13236	2020	-9198
925	-24354	3800	15880	1804	-6863
910	-24663	3016	14716	3044	-9600
721	-23322	2168	13000	3200	-7675
1039	-23154	568	14236	3016	-6480
1244	-22749	-588	13724	4084	-9061
1438	-21509	-2244	10288	3208	-7464
1620	-20748	-4212	13636	2904	-5763
1702	-20814	-4252	12400	5764	-8978
1440	-19859	-5672	9552	4692	-5184
1613	-20366	-6784	11608	4648	-7445
1882	-19017	-7236	7856	5884	-8496
1771	-17631	-8428	7880	5224	-3908
1566	-17867	-9036	7152	6272	-6857
915	-15901	-9668	4792	5336	-6184
765	-14317	-11028	2604	6168	-3312
908	-13049	-12160	4680	6736	-5191
-37	-10772	-12652	260	6568	-4510
-733	-8458	-13244	1520	5936	-1670
-131	-6649	-12248	2716	7968	-1870
885	-4251	-13004	608	6068	-606
1333	-2669	-11204	4008	6412	-37
1187	-815	-11408	2492	6432	1238
1103	1461	-10760	4072	6188	1578
1126	4284	-10736	3528	6448	2385
-61	7050	-10456	3188	6328	3630
-933	9533	-10888	4328	4724	5151
-1329	11306	-10528	4824	5212	5064
-2279	13376	-9860	4712	5756	7422
-1770	14737	-10288	8016	4488	6204
-1209	16373	-9084	6268	6720	6815
-2049	16951	-7900	8836	4940	10430
-996	16999	-8060	11380	5208	7393
-1002	18110	-6948	9492	5336	7650
-2043	18626	-5280	10096	4060	11208
-1419	18702	-4464	16460	3876	6370
-1316	20477	-4508	10136	2976	5324
-3082	20778	-1172	13936	2976	11602
-1612	19336	-2436	16864	2732	3915
-413	21744	-1348	12064	1644	4809
-3111	21686	4652	19532	2624	9796
-1723	19737	860	16852	1356	1821
-1029	21176	4728	15424	572	7464
-2024	19709	6072	21140	1124	6333
490	18726	5004	16296	1376	2441
8180	16384	1172	4113	-1654	18860
7912	17228	2092	1775	-673	19094
8324	14620	632	1190	-2305	19867
11268	14792	984	3573	-1959	18425
10520	16672	560	-1244	-766	18937
10716	11584	-116	395	-1912	19196
13376	14836	-236	3501	-990	18036
13256	13972	1212	-1646	-1175	18985
14332	10212	-680	691	-2003	18043
15388	12504	-280	3275	-995	17136
14916	10128	-284	505	-1488	17632
16892	9224	-996	709	-1982	16657
16312	8316	-1208	2919	-2028	15803
16444	8780	-1412	2536	-1654	15567
17340	6276	-2052	4173	-2486	14143
18580	6420	-1360	5305	-1070	11940
17000	6216	-1164	7579	-934	10509
17048	6816	-1400	7279	-827	10494
17360	6016	-1096	6686	-766	10450
16628	4860	-404	4326	-931	8606
17836	4392	-3560	4235	-1725	7086
18264	3608	-2752	4262	499	4815
16508	4824	-1780	4185	394	2992
16840	4504	-2596	1351	-70	2448
16200	3428	-2116	3168	506	551
16256	5456	-2304	1626	710	-345
15924	4420	-1176	-383	18184	5880
-1884	-2400	-614	-4861	17716	4208
-1456	-2505	-86	-7901	17984	8584
-2936	113	805	-10205	16700	7944
-344	-3169	755	-11097	16660	9540
-2084	-2771	1116	-12675	16608	8316
-2532	-3660	1394	-14588	17496	9824
-2172	-3975	1416	-17116	18280	10564
-1496	-5462	1151	-18175	18972	10316
-2172	-4573	1612	-20554	19196	14080
-636	-7014	1836	-21578	18272	12024
-3040	-6594	1445	-23650	17200	14156
-1640	-5661	15844	15400	-944	-7832
2655	-26636	15024	13876	-740	-8127
3138	-27551	12796	17044	-540	-5362
2907	-28697	12632	15132	2040	-10034
2759	-27759	9660	14952	960	-8604
2824	-28144	6836	15840	3136	-10728
2532	-27026	4680	14192	2224	-10669
2999	-25741	2676	13840	2332	-8691
3143	-25512	1524	14440	3000	-9654
3211	-24866	1420	12456	3632	-10233
3699	-23501	-828	13256	4004	-8743
3824	-22897	-1512	11896	4472	-9683
3196	-21975	-3100	11344	4744	-9536
2937	-20560	-3476	9036	6984	-7916
3034	-19754	-5032	9552	5528	-7286
3343	-18823	-6412	8736	5200	-8495
2943	-16758	-7312	7668	5516	-5642
3425	-16420	-8068	7268	6244	-5625
4037	-15162	-10536	6736	4764	-4756
3777	-14588	-9924	4836	8120	-4908
3636	-13319	-12600	3064	5336	-4347
3408	-11975	-12700	1868	6536	-2396
1828	-10639	-12440	3384	6696	-3342
1127	-8457	-12852	824	4572	-1637
1110	-6147	-13792	752	3796	1214
1026	-4794	-11488	2616	5896	1778
1099	-2622	-11820	2036	4656	3355
1343	-449	-11184	4864	6552	3818
1024	2288	-11512	2880	6288	3300
679	5060	-11360	4072	5776	4811
-260	7280	-11304	4720	6256	3869
-1100	10011	-10888	4088	4824	5117
-1935	11315	-10792	6160	4968	6056
-1769	12974	-10316	6272	5076	5877
-2016	14649	-9584	6688	4788	7663
-1998	15496	-8472	8500	5468	7223
-1683	16763	-8876	9068	5064	5735
-1919	18219	-7364	9976	5336	7545
-2197	18550	-7140	11280	5276	7917
-1502	18925	-6824	13552	3888	8629
-2297	18437	-4088	14304	4144	4976
-691	18850	-4492	13612	3084	5867
-971	18804	-2404	14360	3276	9011
-1381	18084	-1308	17284	2740	5093
-259	18931	-1288	14616	2212	3337
-612	19282	1536	15344	2744	7517
-327	18363	2476	18492	1792	5710
1175	18268	1232	15364	2032	-269
-35	19987	4784	15856	2292	4313
-946	19474	4884	17604	776	4023
-192	19148	5240	16436	808	-2339
-976	21016	7576	13920	1436	144
-2224	20730	8768	16364	1032	2641
-1254	20030	9068	15956	1328	-1908
-2770	21003	10424	12028	656	581
-3575	20591	11540	14264	60	2491
-2481	20048	11536	13976	404	22
-3350	21548	13736	10112	-612	2325
-4592	20467	15528	11612	-788	6318
-2459	18668	15560	12720	-408	4985
-2369	19366	15940	9796	-912	4636
-2664	19607	17628	9464	-452	7567
-2203	18661	17292	9744	-764	5714
-2105	19024	17764	6836	-23816	21782
8181	19530	14413	21530	14838	-22504
-30217	-10172	-14259	24597	16632	16404
-28936	4155	22604	4111	28404	-9707
1272	-21458	72	20499	13045	13844
-10754	-5086	-32700	-32751	17188	5028
-2612	4090	-262	5722	16344	5244
-2044	2925	720	5241	16060	5192
-1156	2757	398	3791	16520	5856
-1992	579	44	3302	17232	3620
-2364	1850	489	878	17356	6704
-988	299	1356	-708	16844	4332
-1908	-1193	-264	-3132	17012	5540
-3120	-851	188	-6086	16996	6428
-888	-1650	601	-8090	16416	6612
-2732	-663	568	-9980	16932	6172
-1784	-2345	1309	-14317	17864	10256
-2488	-3828	1167	-15526	18620	8844
-1608	-6226	1548	-17444	19700	10572
-2180	-6293	892	-19551	19540	10116
-3300	-6074	1489	-22552	19760	12976
-3208	-6446	2114	-25554	18748	12440
-2116	-7323	2499	-27007	16920	14380
-848	-6910	2721	-28020	15080	14404
-1588	-7660	2089	-28211	14592	15084
468	-7239	2326	-28817	12524	16096
776	-7002	2498	-29089	10216	16380
-172	-8418	1680	-28835	9076	16804
-136	-8111	2147	-29716	7956	15764
2368	-9088	2654	-29319	5028	15680
2020	-8985	2136	-28431	4468	15396
3636	-9003	2115	-27842	3584	14080
2288	-9802	2022	-27068	1416	12508
2420	-10150	2651	-25942	776	13448
4032	-9627	3315	-25457	-1816	11208
3536	-9297	3155	-24094	-2712	10528
4396	-7730	2432	-21597	-4072	9488
4000	-8820	3230	-20098	-5080	8508
5452	-8373	3701	-18750	-6232	8540
5360	-7809	3431	-17719	-8464	5192
6116	-5942	2901	-16903	-10096	5660
6112	-5337	2043	-14719	-11048	4524
6796	-5430	1751	-12582	-12548	1572
5208	-4715	1523	-9941	-12812	1544
6624	-3097	1537	-8148	-12112	2464
6556	-3274	2082	-5368	-13428	788
4864	-865	2157	-3114	-11812	2620
6008	-140	1515	-886	-11696	2520
5812	849	1212	1339	-11912	3400
4860	2225	781	3981	-11484	3148
5332	3147	71	6220	-11012	4268
5572	4228	-1156	8312	-11212	3936
5012	4392	-1930	10905	-10840	5304
5080	6547	-3068	13108	-9820	5952
4812	7740	-3503	14924	-9448	7332
5352	6309	-3582	16502	-8608	7472
4740	5731	-4561	17662	-7412	7000
5096	8774	-4526	18184	-6380	11500
4768	9358	-4203	19307	-6232	9624
4040	8013	-4757	20436	-3624	11532
4060	12181	-5097	20353	-2344	12940
3924	6510	-4330	23322	-460	13312
3160	9230	-4576	22785	1616	16016
2588	9046	-4149	23251	2020	14568
2724	7606	-3814	23663	4292	17144
1516	8432	-3720	23284	5012	16776
1312	6746	-4253	24020	8244	14208
360	9249	-4661	22897	9584	19160
1012	4916	-2348	24076	7500	13856
-448	3539	-3153	25036	11612	15524
764	7384	-3725	23389	12724	17732
416	1043	-2593	23353	11844	12856
-808	1524	-2615	23414	13884	15788
-564	5094	-1386	22046	13776	13332
-356	1105	-1828	22825	16300	12188
200	461	-1814	22100	14800	10372
-1064	2636	-2101	22119	15800	12536
-1740	3541	-3558	23004	18232	9500
-1556	-1275	-3813	23166	19528	8092
-2808	-338	-3935	21339	19884	5684
-4212	2001	-2994	18332	21012	5316
-2764	3362	-1372	13952	19336	4764
-1980	3010	-1568	9994	18424	4212
-2160	2118	-1496	5806	17392	3784
-800	2446	-1035	2248	16456	6624
-1804	2535	-947	271	16148	5760
-1464	476	-522	-192	17088	4628
-1184	1933	217	-1884	16024	7176
-1028	1377	704	-2489	16684	4836
-1668	-214	677	-2845	17212	4080
-1972	1615	1715	-4809	16336	4464
-2476	2053	1611	-5960	16504	4932
-3152	2403	1206	-6685	17116	4736
-2936	1343	1403	-5917	15728	4220
-2320	387	1440	-5012	16496	4324
-2780	-422	832	-3865	15264	3736
-1908	-759	1339	-2933	15584	3320
-2916	-1337	522	-2058	17468	3588
-2412	-794	2105	-1233	14924	4560
-2640	-2957	3260	-1319	16752	3588
-2224	-3848	672	-1089	15620	3780
-1528	-4052	3165	-3470	16336	4460
-2320	573	-795	-533	15772	4268
-1908	-855	2033	-1728	14340	5848
-820	-1848	1789	489	18388	3904
-2584	-2265	244	-241	16220	4832
-1948	-2929	816	284	16000	3960
-1108	-1275	511	-99	16552	4308
-2212	-945	1503	-527	16636	5624
-1616	-1241	1487	-74	16024	5060
-960	-2646	1908	-1252	14920	4684
-512	-1727	-102	-969	16024	5548
-900	-1368	-1001	-260	16292	5548
-260	-1855	-792	-192	16292	5548
