0	0	0	0	0	0
19084	4840	-356	1055	1280	-466
15436	4152	-3060	-865	517	-805
15924	3480	-4464	-939	103	-508
16672	4900	-3400	-476	-171	-182
16028	4092	-3080	-1434	587	-879
15772	3464	-3080	485	32	-645
17384	6212	-2036	-2711	3181	-1017
12292	964	-1284	-2081	-7695	-608
21336	2408	-5972	4251	-850	-2135
15592	5292	-3204	2790	2241	-1081
14928	3708	-3180	1349	-148	324
17216	3856	-4220	1325	443	706
15876	4280	-3108	747	671	1246
16176	3768	-3292	293	254	1559
16300	3832	-3920	435	321	1584
16148	4216	-3196	-87	436	1737
16524	3444	-3124	-134	383	1781
17084	3432	-2748	1211	928	1267
16348	3692	-2364	1603	1458	954
17632	4100	-1052	1486	1737	1019
17640	3372	-1420	1614	2733	1061
17836	3644	-488	2303	3534	579
18352	3836	-196	1814	4159	544
18212	3764	936	1293	4816	681
18476	3084	0	2066	5411	61
19236	4680	640	1482	6585	-43
19556	4640	1464	-139	7323	681
19224	4008	1800	60	7829	-184
20080	5336	2408	-735	8452	-599
20064	3676	2352	-2452	9749	-146
20096	5064	3160	-2688	10581	49
20924	4348	4068	-4102	11828	455
20148	3600	4044	-2111	13022	-415
20780	5120	4064	-1404	13536	-278
20948	4172	4384	-1711	14785	-775
19848	3728	3852	233	15610	-1879
19888	6280	4812	-768	15963	-1816
20040	2960	5072	-895	16263	-2580
18604	5240	4736	890	16469	-3360
18756	5996	6880	-2125	16123	-2816
18196	3508	6120	-1108	16238	-3791
16760	6108	6616	-1326	16018	-3253
16444	4288	7160	-2957	15970	-2982
15340	3724	7556	-1290	15934	-3239
14720	4784	8688	-1241	15717	-3037
13532	3700	9460	-616	15653	-3203
12460	4852	9372	295	15339	-3173
13016	5116	11972	-1153	15810	-2878
10352	2640	10132	1505	15405	-3397
10856	6792	12368	881	15474	-2702
9604	4404	13104	-646	14949	-2000
8232	4260	12572	1218	14145	-1932
8240	5752	12312	430	14314	-1830
6752	5248	12320	-198	14985	-1318
5720	4860	11964	-432	13620	-1026
4468	3688	10948	795	13753	-1610
2952	5804	12008	840	12599	-1077
2560	4244	10980	-208	10810	-1724
1068	4824	10932	294	10271	-1652
600	5164	11644	-1415	9330	-1497
-368	4756	11564	-1402	8658	-1071
-456	3928	12388	-1726	7144	-1340
-1824	4716	12932	123	6513	-1241
-1136	5568	13964	-1128	5227	-1132
-2260	4160	11352	1047	5252	-1550
-2772	6212	12488	-49	3770	-555
-2720	4684	12368	-1242	2924	-1118
-3188	4468	12520	1249	894	-164
-1948	5124	11624	1264	171	-1137
-3440	5728	11988	1248	191	-364
-2332	5368	12968	-554	-1649	-287
-2876	4492	12904	892	-1086	-259
-2424	6584	14028	815	-3251	694
-988	5344	13148	99	-2854	-63
-2084	6060	14220	851	-3699	225
-772	6436	15656	-1108	-4014	495
-668	5576	15496	-319	-2967	401
-764	6684	15808	-312	-3580	889
396	5672	15832	-254	-3381	684
-72	5380	15192	1320	-3152	544
-188	5484	13500	2529	-3640	402
-24	6568	13548	2005	-3952	883
584	6316	13624	1091	-5025	1020
796	5896	13164	1336	-5483	860
812	6880	13680	636	-5630	690
1984	7040	14496	-1321	-6614	1483
2876	5344	14428	-126	-6143	1073
2516	6808	14476	900	-6272	746
3488	6632	14976	486	-6791	429
3376	6368	14992	1150	-6344	330
3816	7520	15756	495	-6659	842
4600	6576	14420	284	-6635	1016
4276	6108	14620	1515	-6178	799
4616	7940	14600	851	-6748	1679
5896	6244	13104	50	-7459	1674
6160	6916	14152	1400	-6106	1209
4948	7688	14396	782	-7047	1622
7568	6312	13388	1714	-7590	1227
7528	8172	13388	2063	-6138	1144
7396	8396	14472	-157	-6520	1497
8016	6160	11832	1727	-7358	823
9192	7520	11096	2133	-6940	643
7500	7864	13132	611	-6695	682
8644	7372	12100	952	-8569	645
10444	7708	10852	444	-7937	1029
8908	7640	13588	328	-6895	209
9204	7952	11468	199	-8129	936
11072	7936	10912	-808	-7713	1618
10800	7724	12988	-767	-7562	1618
12088	7900	12376	258	-8243	1621
11916	6536	9052	660	-7942	1844
12064	7388	10528	1300	-6767	1037
11980	8144	11116	312	-7470	1408
12972	6628	8272	1018	-7750	1148
13248	6080	8192	3064	-6749	11
11932	8292	9300	3440	-7001	333
12892	7060	6952	2196	-8110	1344
15104	7732	7976	2107	-7451	1408
13348	7304	7368	2062	-7866	1428
14168	7620	5152	1684	-8654	1622
15152	9220	6796	-1474	-8209	1592
14208	7596	7428	-3903	-9207	2649
15656	6240	6092	-3033	-9658	2630
16252	6804	4496	-1462	-9755	2330
16048	5932	6388	-1253	-9007	2313
15424	5736	5228	1290	-8897	1404
16088	6488	3044	2266	-8907	2307
16756	6484	5716	2097	-8657	1853
15692	6456	4848	1812	-9712	2116
16124	5632	-112	3296	-10194	2048
18460	8196	2280	1448	-9086	3137
16156	6900	4876	-2163	-10107	4094
15816	5648	-76	-2830	-12951	2976
18476	9100	-456	-4416	-12597	4290
18780	5872	1600	-8924	-11073	4675
16552	4124	-468	-7292	-11110	3155
17528	5992	-1088	-5814	-10509	3136
18032	5664	812	-8000	-9515	3261
16228	3508	-984	-6174	-9278	1767
17388	4940	-1308	-4256	-8246	930
18924	4876	-100	-4824	-6913	760
17600	4048	-24	-3094	-5942	-582
16612	3852	-2308	-824	-5431	-1196
18032	5832	-1140	-1390	-4440	-719
17416	4356	-308	-1004	-3726	-1152
16380	4844	-2376	-288	-3187	-1538
17480	6264	-1480	-1514	-2541	-789
17432	4512	-928	-2255	-1608	-688
16728	4672	-1684	-744	-1201	-989
17244	5220	-1756	-1024	-337	-1099
16960	4996	-876	-1445	555	-1123
16668	4372	-1292	-307	1248	-1125
17456	5028	-1584	530	2635	-1065
16884	4376	-552	1387	4163	-1051
16912	4876	-124	2057	4542	-920
18024	5140	100	1601	5511	-871
18484	5508	52	1430	6571	-896
18728	5952	972	1334	7722	-1060
19236	6852	2224	77	8254	-494
19824	6120	1140	-1122	9045	-806
19556	6724	1480	-1696	10674	-1037
19672	7740	3064	-4037	10975	-339
19860	5792	3116	-4078	11156	-50
20236	6272	1672	-3428	12497	-310
19632	7708	3588	-5329	13471	1290
19328	5368	3304	-5384	13480	1794
19916	6296	3252	-4714	13571	1827
19540	6040	2960	-4786	14389	1624
19484	5952	3536	-4817	15317	1414
19744	5872	5648	-5040	16000	1191
18412	4152	5728	-2674	16133	362
18736	7000	5544	-1109	16347	-207
18512	6664	8296	-3326	16970	519
17052	4192	7280	-1059	16838	-367
16460	7016	7540	-1099	17418	-323
15632	6120	10008	-2907	17156	16
14860	4720	8756	-1511	16795	-507
13804	6108	7776	-1057	17330	-807
12728	6144	10400	-2999	17297	-628
11240	3444	9592	-1137	16782	-1155
10624	4900	10564	603	16345	-1473
10308	5124	11888	344	16294	-1489
8420	3444	10080	1706	16607	-2400
7444	5536	12344	1606	16286	-2869
5772	5228	12240	684	15653	-2800
4972	5276	12488	578	14642	-1836
4148	4788	11472	-173	13601	-1851
3124	5684	12624	-1455	13787	-1333
2072	4724	13280	-2994	11877	-368
1200	3240	11472	-1708	10872	-811
824	5400	12316	-1568	9880	78
348	4220	13484	-3066	9373	-309
-1096	2304	11092	-1021	7906	-303
-1092	4752	12120	-509	7025	199
-1620	3868	12348	-2077	6613	-669
-2432	2952	12104	-809	5091	-215
-2792	4164	12344	-3	3842	-123
-2608	4000	12244	-457	3511	-408
-4140	3596	11828	61	2259	82
-3220	4080	12192	38	552	13
-3532	4480	12772	-274	-42	479
-3260	3588	12608	-3	-869	-82
-2848	4256	12244	1566	-1905	111
-2468	5360	13380	34	-2871	314
-2588	4628	14004	-1295	-3872	365
-1388	4472	13744	-263	-4844	387
-848	4964	14856	-259	-4506	-9
-880	5688	15952	-1606	-5293	153
-244	4280	15576	-1893	-4825	-102
-372	4580	15300	-851	-4814	112
388	4576	16080	-953	-4697	47
-76	3516	15172	990	-4728	-491
-316	4680	14304	2429	-5269	-148
708	5320	14968	1067	-5396	342
980	4352	15008	529	-5375	631
1104	4160	13452	1955	-6011	706
1644	5520	14668	2363	-6732	705
3116	5820	15264	576	-7026	792
2364	4696	14076	1292	-6949	463
3596	6636	15552	744	-7410	785
4124	5452	15672	-1	-6912	584
3908	4876	14300	1720	-7100	609
5240	6424	14424	1731	-7509	630
5556	5160	14868	2046	-6594	-189
5288	5348	14624	4650	-7119	-388
5476	6048	13196	5522	-7384	-130
6032	7308	13360	4787	-8063	33
7740	7556	13640	3812	-8590	553
7516	6780	12992	3290	-7193	119
7180	7568	13184	3458	-8083	368
8436	8052	12884	2473	-8340	1105
8656	7232	12428	2190	-7869	1097
8776	7480	13372	2405	-8093	1063
9280	7356	11976	3601	-8886	1325
10248	6976	9468	4748	-9227	1154
10648	8428	11264	4204	-7543	1085
10272	8284	10900	3783	-8759	1709
11488	8288	9980	3958	-9202	1938
12188	9036	9876	3306	-8052	2383
11568	8612	9844	2523	-8439	2653
11904	8836	9032	1985	-8859	2894
13436	9360	9016	1480	-9110	3065
14164	7540	7368	1597	-8980	2400
13840	8476	7880	2231	-8262	1042
13596	8996	8352	585	-8692	1841
14716	7792	7552	403	-9624	1852
14860	8168	6588	1109	-8992	2179
14620	8468	6784	76	-9317	3120
15548	7408	7152	-133	-9554	3605
15340	7012	4960	1215	-9554	3401
15984	8468	5540	243	-8727	3657
15804	7596	7144	-1106	-8861	4127
15688	7000	4516	449	-8990	3588
16784	6920	2880	912	-8430	3337
17112	6732	4160	1276	-7175	2812
16560	6944	3644	1130	-7761	2824
17228	6472	1756	1747	-8599	2315
16988	6572	1640	1328	-7909	1346
15648	7160	2332	-58	-8419	2244
17108	6500	788	-773	-9268	2894
17420	7484	864	-2360	-8170	3338
16576	6920	1272	-4088	-8943	3710
17636	6504	-656	-4533	-10198	3181
18352	6096	-596	-5902	-9005	2688
16972	5084	-712	-5513	-8332	1501
16768	5572	-1128	-4834	-7759	995
17440	5688	1200	-5757	-6922	995
17152	5156	-172	-4469	-6791	332
17432	5236	-1844	-3858	-5862	-138
17708	5380	-688	-3985	-4874	280
17160	4780	-428	-3071	-4794	117
16724	5180	-2516	-2421	-4660	-389
17264	5716	-1724	-3442	-3750	-520
16764	4908	-1460	-3881	-3133	-874
16992	4828	-1472	-2936	-2622	-1302
17304	4928	-1468	-2016	-1422	-1742
16168	5140	-1424	-1032	-364	-1818
16308	5364	-316	-647	22	-1687
16784	5436	-456	-375	883	-1342
16628	4788	-1160	377	2099	-1338
17292	6076	-264	436	3021	-1095
18008	5392	608	-253	4083	-514
17620	5672	-172	345	4606	-599
18464	6316	764	-495	5699	-149
18608	5812	1660	-979	6950	331
17912	5540	1224	-637	7437	478
19004	7052	1744	-1424	8278	945
19452	5992	2460	-2478	9428	1300
19604	5696	2828	-1733	10403	805
19400	6364	2068	-1393	11217	446
19820	6764	3252	-2035	12540	607
20088	6628	3852	-1883	13021	538
19648	5716	2608	-1951	13956	362
19344	6848	4280	-1866	14829	408
19240	6072	4692	-2120	15248	999
18828	7084	4240	-1644	14754	942
19428	6960	4944	-3416	15756	1241
17884	5116	3620	-2247	16220	458
17952	7336	5544	-2469	16550	616
16688	6064	6916	-2864	16022	171
16572	5768	5368	-852	15666	-375
15488	7052	7172	-1333	16037	-757
14684	6524	8600	-2250	15227	-538
14464	6400	8080	-2173	14476	-949
14464	7652	10816	-4198	14791	-623
13232	5252	10524	-3992	14304	-984
13072	5812	10132	-2312	14905	-1506
11704	5968	12328	-3517	15770	-1528
9756	4572	11752	-2116	14870	-1486
9608	5500	11624	-1852	14426	-1009
8972	5180	12572	-2230	14975	-1130
7364	4536	12464	-1365	14562	-963
6448	5272	12568	-2251	13976	-616
5564	4768	12348	-3399	14084	-200
4916	4008	12644	-3014	13416	72
3884	4400	13764	-3401	13090	492
2360	4036	13476	-4467	11680	835
2240	3240	11508	-4527	10123	1274
968	3692	11984	-4535	9955	1471
748	2956	13344	-5488	8551	1600
100	108	10424	-2954	9240	190
-2552	2580	11392	1173	7130	421
-896	3200	12860	-1131	5212	-274
-2112	1376	12472	1050	5081	-769
-2520	3812	12580	1359	3013	-411
-1964	3068	11920	-688	3071	-1284
-3260	2236	12124	-15	2170	-911
-3300	2436	12948	468	-67	-865
-1960	2592	12800	1599	-1215	-936
-2788	2348	12064	3055	-1837	-1371
-2612	3832	12752	2592	-3328	-627
-1048	4076	13732	-125	-4130	-549
-2084	2560	12752	480	-4727	-500
-844	3676	13820	577	-6110	-2
592	4208	15448	-1090	-5780	260
-432	2788	15732	-1308	-6450	341
636	3304	16224	-249	-7018	562
1708	3804	16564	-267	-6856	1155
2744	3624	17192	-286	-6105	1017
2040	2696	15776	1530	-5719	620
3308	4396	16048	2211	-5962	362
2684	4048	16000	1614	-5436	116
2764	4096	14752	1895	-6399	691
4200	3948	14780	1982	-6030	-8
2744	4904	15140	2587	-6141	79
4724	5140	14972	1192	-7147	1006
4884	4252	15548	1594	-6736	719
4596	5792	15496	1074	-7598	1054
6360	4812	15056	456	-8025	1251
6824	5020	14424	616	-7357	1425
6372	5120	15488	-115	-6985	700
7220	4856	14536	150	-7703	739
8152	4564	13396	963	-7282	617
7284	5264	14360	1223	-6793	-9
8196	5212	14224	1381	-8015	272
9080	5276	12748	2014	-8404	398
8128	4900	12684	1386	-7223	-314
9336	6252	13084	1001	-8740	577
10304	5872	11900	-532	-8352	1088
9748	4652	11156	381	-8231	267
11584	5772	12924	1048	-8833	601
11068	5568	11896	1203	-9054	392
11288	5716	10520	1022	-9330	606
12864	6644	11528	-82	-9340	1205
12512	5208	10664	-749	-9517	1006
13520	5952	11824	-172	-8574	432
13384	4848	10596	592	-8047	23
13828	5480	10980	1789	-7571	114
13020	5348	10556	2435	-7495	1
13564	5840	9256	3551	-8004	12
14556	6692	9580	2717	-7812	595
13712	6024	9056	2080	-8003	950
14328	6160	7236	1886	-8611	1397
15796	6652	7916	52	-7762	1344
14564	5464	7192	-75	-8139	1261
14996	4776	5172	1550	-8932	1018
16948	5716	5872	1583	-7874	1049
15604	5080	5844	1998	-7709	665
15020	4980	3856	3837	-8275	499
16936	5724	4196	3797	-8125	539
16312	6256	4516	2686	-8481	855
16232	5612	2820	1829	-9448	898
17900	5744	2668	1107	-8738	940
17228	6188	2148	527	-8304	1132
17000	5856	2532	-346	-8759	1625
17408	6188	2932	-908	-9171	1546
17308	5576	704	-1323	-9450	1633
17936	5496	220	-1625	-9020	963
16960	6532	664	-3263	-9303	1231
17264	5836	1268	-5877	-10656	1895
18288	4116	-1084	-4750	-10071	1236
18196	4944	-888	-3253	-7587	441
16304	6144	1320	-5115	-7288	1188
16680	4544	432	-6224	-8726	1346
17856	4276	-1484	-4545	-7832	212
17816	5444	-1164	-4955	-6511	149
18696	4132	200	-5454	-5515	305
17292	3548	-1676	-3045	-4777	-1415
17392	5472	-1284	-2555	-3677	-1581
17232	4852	-656	-2851	-3454	-771
17316	4720	-2056	-1670	-3490	-586
17108	4516	-2612	-1034	-2372	-1062
16920	5688	-1516	-2140	-1969	-721
16824	4056	-1732	-2856	-1674	-896
16652	4160	-2400	-1619	-830	-1359
16836	5292	-848	-1845	-27	-1193
17056	3876	-404	-1094	506	-1544
16744	3896	-1700	803	1635	-1972
17628	5292	552	586	2902	-1185
17880	3836	608	1371	3765	-995
18292	4916	-276	2592	4919	-757
18584	5420	1124	1897	6028	26
18716	4920	1224	1563	6350	326
19372	5512	1076	491	7571	652
19172	6076	1560	-1025	8757	1221
19240	5432	1792	-2090	9513	1571
19644	5592	2384	-2780	10717	1772
18808	4968	2136	-2811	11789	1974
19640	6272	3716	-2554	12434	2618
20776	5480	4248	-2363	12629	3109
21376	5648	2244	-1272	14344	2554
21640	6348	4252	-1747	16161	2666
21312	4812	4696	-1013	16374	1814
21540	5664	4200	352	17248	194
20316	6012	5008	-463	17825	77
19384	5700	5428	-577	17905	250
18960	6076	6484	-1407	17774	537
17852	5708	6396	-2022	17660	854
17640	5560	6376	-2823	17826	1192
16588	5744	7284	-3151	18048	1579
15956	4996	8800	-3478	17693	1863
14612	3816	7576	-1578	17023	977
14072	5376	9112	-879	17807	1007
12384	4856	9864	-1489	17069	1577
11848	4196	10644	-1576	16299	1177
11272	4404	10480	-1270	16291	1401
9868	4404	11172	-1851	16335	1109
8812	3592	12148	-1844	15657	892
7968	3580	12192	-811	15008	768
6948	3036	10992	233	14183	293
5512	3512	11172	532	14545	-376
4448	4224	12812	28	13707	-227
3428	2500	12344	487	12444	-710
2192	3352	11208	1591	11447	-689
1476	4000	11808	319	10417	-941
668	3996	12608	-918	9421	-1157
-328	3224	12108	-585	7360	-1158
68	4244	13224	-451	6341	-879
-516	3732	11768	-1407	5893	-1636
-1184	2300	11668	-1453	5300	-1934
-2628	2780	12392	333	4263	-1852
-2236	3716	13228	-251	2329	-1074
-2424	2144	12044	623	1577	-1502
-2824	3136	11972	1606	156	-1101
-2300	3880	12156	148	-749	-1085
-2948	2460	12228	-128	-1623	-705
-2532	2748	11420	1292	-3017	-441
-1928	3384	11732	752	-4205	117
-820	3320	12444	220	-5420	297
-1348	2936	12228	796	-6707	175
352	4240	13160	151	-7780	480
1560	3552	13952	-110	-7593	219
428	3576	13340	677	-8779	562
3172	4060	13704	528	-9464	913
2712	2864	14392	1518	-8463	23
3364	4924	14600	1653	-10206	853
5016	3844	13388	837	-10190	791
4976	3776	14436	2330	-9662	644
6144	6132	15536	1174	-10321	1436
5888	3800	13536	1022	-10446	484
7908	5392	14524	2164	-11282	1388
8544	5660	15288	829	-9553	827
7404	5208	14228	1329	-10820	686
10052	6168	13836	731	-11785	1256
10356	5156	14044	694	-9284	20
9636	6188	14660	1434	-10249	158
11048	5560	12596	957	-10283	132
10972	5184	13156	1545	-8959	-1037
11912	7524	13828	632	-9644	-331
12028	4708	12092	720	-9676	-788
11888	5656	12064	2184	-9055	-1503
13064	7472	13128	577	-9553	-309
12708	4832	10384	646	-9404	-271
12724	5712	10704	1833	-8665	-509
13052	7544	12632	50	-8891	577
13212	5308	9200	94	-9492	249
15356	6432	9076	693	-8186	230
13752	5676	9860	259	-7659	179
13640	5896	8696	1605	-8782	-144
15512	7024	7884	1012	-8591	20
15208	5892	7496	752	-8237	-443
14544	5864	6412	1707	-8150	-520
15120	6940	7752	651	-8208	-441
14888	6360	6644	-164	-9259	-146
16208	6220	5440	-243	-9144	4
16592	5652	5592	225	-8541	-335
15376	6192	4364	460	-8742	-159
15616	6172	4660	228	-8841	341
16756	5604	3536	806	-9501	423
16660	5900	2880	1436	-9255	117
16316	6620	3700	744	-8898	587
17200	6012	3468	620	-9288	917
17448	6452	1928	779	-9211	425
17500	7020	2580	-537	-8466	375
16968	6060	2996	-1483	-8723	529
17520	5624	132	-788	-8378	-245
17736	6364	472	-981	-7328	-37
17292	5632	1856	-809	-7522	208
16736	5392	-1068	-590	-8160	-217
17432	6404	84	-1384	-7611	200
16756	5300	1368	-2434	-7017	330
16736	5736	-544	-2311	-6759	-68
17008	6272	-180	-3681	-5945	559
16920	5960	1188	-4368	-5568	1345
17196	4904	-680	-2833	-5443	923
17212	5748	-1604	-1321	-4407	218
16660	6212	-772	-1905	-3553	821
16720	5244	-1376	-2072	-3535	589
16636	5156	-2072	-925	-2874	-627
16108	5984	-1744	-726	-2480	-853
16900	6012	-1412	-1311	-2247	-666
16560	4400	-2420	-349	-1076	-1598
16328	6240	-1084	998	71	-1812
17552	5568	2000	-182	1145	-1406
17000	4864	228	2546	2070	-2462
18272	7084	2220	1522	3544	-2028
19340	6160	3620	670	5014	-1284
18980	5228	1764	1119	6700	-1442
20192	7716	4544	-528	8378	-779
20400	6916	4916	-2599	9271	-64
20468	5956	2616	-2445	10748	29
21028	8040	3488	-3837	12737	870
20488	5672	3528	-4042	13738	1367
21176	6128	2224	-2891	14755	1103
21104	7176	3320	-3071	15855	1346
20468	6412	2408	-2338	16208	1595
20164	6676	2988	-2125	17052	1294
20068	7708	4228	-3536	17041	1633
19772	5972	3704	-3096	17069	1865
19660	6700	4656	-2484	17987	1621
18992	7212	6000	-1716	17972	1581
18036	7764	7168	-1640	17682	1360
17460	6464	4924	-1861	16842	584
17356	7928	7160	-4009	18738	-90
15512	7344	8732	-5947	18662	344
14600	5416	8992	-5456	17974	609
14364	5652	8740	-3970	18046	110
12564	5768	9872	-3514	18275	108
11468	4588	11912	-2938	17587	580
10884	3880	10384	-1360	16832	327
9836	5236	11276	-800	17655	-250
7804	6180	13652	-3127	17447	769
7344	4264	11860	-3409	15353	2085
7328	3800	10872	-2369	16147	1858
5112	4200	11812	-3268	17081	1765
3544	3304	12600	-2918	15411	2073
2668	1856	9604	-803	13240	1399
1720	3096	10596	218	13721	478
-32	3084	11024	136	11847	191
-1292	2384	10632	748	9267	-43
-1348	3584	11004	638	7512	44
-1976	2996	11704	-682	6140	-207
-2428	3124	12456	-995	5289	537
-2672	2888	12712	-1426	3573	268
-3092	2948	12716	-738	2638	671
-2556	3296	13120	-935	1724	591
-2688	2744	13284	65	1812	192
-3228	3356	13720	676	587	339
-3032	2760	12172	1433	-137	-223
-3264	3884	12188	2514	-896	98
-2700	4328	12988	867	-2234	-327
-2452	3156	12540	1627	-3397	-403
-2184	3556	12092	2315	-4402	-362
-2008	4072	12292	1209	-5433	-592
-1412	4640	13120	-357	-6639	447
336	3360	13720	-985	-7480	215
396	2944	14856	1014	-7499	-567
592	4796	15284	936	-8254	211
1460	3572	13784	-10	-8641	725
2144	3548	14492	738	-8142	1231
2876	4332	15580	994	-8413	965
2904	3572	12932	2221	-9078	1048
3820	4504	13864	3142	-9020	908
3612	5840	14652	2190	-9389	1325
4940	4924	13112	1642	-10906	1536
5980	5220	13876	2028	-9559	1222
5252	6460	14852	1991	-10309	1098
7908	6252	13180	1172	-12207	1655
8428	5316	12900	1077	-10199	654
7468	5728	14224	2020	-10456	223
9644	5720	12112	3165	-11494	394
9592	6340	12576	3082	-10244	243
9672	6860	13748	1996	-10905	822
10856	5192	9948	3705	-11880	666
12472	7860	12104	3331	-10198	745
10664	6244	12836	2102	-11189	1131
12396	6204	9460	4151	-12141	990
14192	7860	9452	3445	-10997	1793
12344	7040	11492	2327	-10677	1371
13756	7356	10088	2759	-11893	1820
16732	7984	9292	2206	-11742	2490
15080	6340	8064	2548	-10564	1747
15028	8416	9840	1711	-10989	2039
16700	6520	8920	274	-11148	3109
15360	5992	6140	2288	-9984	2340
15588	9012	8116	1704	-9960	2875
16968	6956	8164	-1030	-11097	3353
17084	5776	5160	-396	-10562	2165
17132	5796	4816	557	-8864	1414
17564	6592	5068	1015	-8253	1198
17240	6564	4460	908	-8678	1121
16828	5884	4316	1356	-9177	586
17140	6340	3500	1905	-9840	669
17576	6216	1588	1672	-10294	69
17268	6756	2496	-254	-9245	-146
16088	6184	1472	-1425	-9899	442
16824	6936	1572	-2766	-10201	420
17212	6120	1872	-5163	-9467	821
16536	5312	-188	-4597	-9184	653
17984	6776	1148	-5217	-8406	1268
17872	4960	1608	-5521	-7806	853
16716	4224	-496	-2862	-7409	-614
17672	6172	-408	-1941	-6374	-377
18004	5660	260	-2491	-5889	320
16872	5092	-372	-1105	-6014	-523
16504	5804	-724	-1687	-6116	-893
17348	6020	-1088	-4287	-6041	-422
17256	4860	-1588	-5895	-4780	-263
16172	4816	-1216	-5634	-3611	-423
16532	5156	-836	-5133	-3214	140
16432	4004	-1784	-3441	-2614	145
16392	4136	-1724	-832	-1575	-450
16676	5384	-748	-317	-622	-55
16712	3564	-1028	2052	393	-996
16932	5288	172	4212	2037	-1830
18472	6044	2128	3063	2858	-1168
18848	5176	1580	3417	4110	-1615
19692	6492	3656	3078	6460	-1957
20460	7432	4504	1019	7662	-1362
21068	6740	4500	-685	8925	-393
21440	6404	5148	-1600	11014	-472
21460	6696	4164	-2262	12458	-208
22060	6836	4772	-3705	14323	309
22124	6348	4676	-3816	15157	884
22512	6584	3500	-3581	16820	767
22848	7272	4540	-4410	18483	1149
22692	7284	5532	-4657	19634	1710
22416	6616	3704	-3883	19506	2144
22396	7464	5520	-4423	21030	1994
20952	7380	6164	-5203	21311	2669
20452	6372	4784	-5387	21062	3600
20648	7516	6232	-5427	21957	3708
19292	6232	7404	-5480	22122	4002
17848	6244	8184	-4642	21474	4143
16392	5616	6412	-4845	20887	4025
15784	5924	8504	-5669	21596	5147
13500	4020	8868	-4869	21130	4979
12536	3764	9364	-3655	20174	4650
10060	2496	6952	-1543	20120	3670
8376	3880	8788	-351	20317	3122
6432	3244	9720	-478	18456	3092
5440	1484	8112	2663	16934	2004
2796	1920	6640	5054	16061	-209
2128	4492	8732	3906	14333	-478
-64	3388	8572	2052	12205	-1398
-744	3172	8828	1853	9703	-1343
-1760	3764	9424	1990	8496	-1703
-2496	3840	9320	458	5337	-1527
-2872	2644	8976	-257	3362	-1668
-3704	3072	9712	-447	1391	-1319
-3504	3052	10132	-1436	-1159	-825
-1828	2412	10080	-592	-2070	-1038
-3048	2720	10612	436	-3866	-1249
-1652	3256	10544	296	-6256	-914
32	3764	11020	-49	-7344	-787
-568	3656	11848	-563	-7912	-1276
20	2764	12060	-1847	-9973	-483
2856	2640	13156	-1118	-10494	-366
2116	2620	13640	40	-10307	-351
4340	4116	14112	-264	-11523	561
5468	2552	12868	295	-11604	-209
5540	2824	13536	2137	-10968	-866
6420	3472	13756	3433	-11823	-965
7804	4376	13264	3724	-12001	-372
7892	5208	15236	2311	-11557	-719
7420	4076	12144	3173	-12992	-856
10908	5900	11276	3299	-13838	210
10988	4848	14108	1210	-11102	-575
9348	4920	12560	3084	-13196	-839
13000	6220	10656	3341	-13766	-318
12372	5376	13032	2461	-11639	-1077
12268	6596	11648	2337	-13188	-198
13856	4548	8652	2783	-12523	-1026
15200	6788	11576	3403	-11241	-519
13976	5300	10196	3142	-12561	-225
14816	6412	9792	4032	-12719	-616
15900	8184	10044	1876	-12473	490
16176	5744	8212	926	-12263	856
15748	7184	8208	1376	-11808	587
16740	7920	9884	-1545	-12292	1822
16720	4612	6240	554	-12155	847
16772	6800	5444	2366	-10549	83
16940	7588	6840	219	-10927	1157
17060	4556	4928	1937	-11339	-279
17116	6368	2572	4281	-10947	-1377
18152	7084	4248	2060	-10294	-819
17424	6304	3780	1994	-10688	-379
16896	6972	2120	1300	-11237	-102
18472	7484	2820	-641	-11007	1223
17952	6248	2332	-1226	-10678	1606
17304	7132	1208	-2312	-10606	1702
18044	6544	1248	-3077	-9882	1416
17520	6204	772	-3340	-9628	1157
17444	6268	436	-3283	-9476	843
18772	5952	940	-3966	-8883	359
17900	5520	-344	-2901	-7919	-833
17688	5732	-484	-2732	-6934	-1043
17360	5768	-64	-2918	-6847	-382
16512	5652	-804	-2544	-7207	-76
16208	5600	-2156	-2965	-6883	-75
16856	6360	-1012	-5043	-6452	706
16732	5464	-968	-7630	-6127	1655
16660	5000	-2336	-7851	-5742	1551
16936	5080	-1752	-7473	-4485	1416
19380	4188	3608	-5091	-1112	1078
18484	2404	2344	-190	1872	-800
16292	4204	-552	4917	2581	-1749
16152	5796	-2432	5293	2563	-1902
16780	5784	-2088	3492	3465	-1440
16072	4700	-2444	3320	4393	-1354
16620	5840	-924	3216	5009	-1015
17572	5604	-132	3082	5299	-1028
18024	5212	912	3155	6011	-1441
19180	6052	2144	3145	6854	-2016
20204	6604	3204	2411	8543	-1864
21024	6868	4980	1072	9532	-1658
21756	5880	3996	696	11292	-1680
22040	7184	4320	491	14025	-1775
21496	7500	6224	-1950	15058	-859
22404	6580	5188	-2443	14865	-264
22608	6824	2596	-1921	16770	193
22180	9356	4908	-3833	18819	1050
21408	6980	5536	-4875	18601	2526
22332	7420	3516	-3187	19566	1655
21832	9392	5440	-4936	21312	1995
20344	7424	5808	-5024	21139	1739
20648	8104	5736	-4524	21240	1619
19480	7916	5880	-4140	21774	1504
18228	8240	6772	-4944	21445	1801
17456	7092	8184	-5657	21317	2016
15560	6436	7796	-5056	21100	1719
14876	7116	8448	-6034	21222	1899
13816	6032	8960	-6885	20961	2348
12672	3112	8612	-3669	21376	1163
11292	2320	8912	2384	22357	-2243
7972	3224	7788	5954	22426	-3811
5112	4312	7756	5303	21003	-4512
2920	4516	8264	2755	19742	-3845
1696	4508	9076	1625	17311	-2606
616	4408	8404	170	15214	-2516
-680	4408	8916	-1380	13417	-1633
-2248	3436	8524	-3436	11904	-584
-3220	3108	9008	-3646	9340	129
-3432	3536	10068	-3149	6730	806
-3496	3536	10328	-2586	4494	916
-4028	3348	9616	-2103	2705	1191
-4116	3572	10508	-2153	1459	1128
-3876	3084	10392	-1521	651	901
-4292	2608	10340	181	-961	272
-3816	3736	10368	825	-2726	299
-3312	3236	10132	1009	-3974	-104
-3264	3664	9892	1800	-5984	328
-2032	4408	11432	748	-7621	662
-2392	2952	10556	347	-9326	658
80	4296	11048	1025	-11476	1653
1228	4660	12700	-529	-10491	1109
752	3828	12544	65	-11803	1224
3424	4540	13124	278	-12899	1642
4564	4468	14316	747	-11718	1124
3816	5016	14448	1358	-12491	1231
5912	5372	13904	2169	-13452	1246
7104	5824	14520	2566	-12071	1264
7276	6100	14836	2382	-12442	1086
8140	5680	12952	3168	-13422	1300
8892	6816	14348	2546	-12436	504
10152	7040	14404	1380	-13047	1029
9928	5016	11052	2733	-12845	341
11232	6928	12964	3664	-11400	-584
10688	7228	14080	2564	-12185	265
11884	7384	10832	3176	-13590	14
13504	7232	10800	2296	-11777	-174
12404	7344	12852	2370	-11812	272
12372	7788	9664	1717	-13455	566
14768	8396	9324	606	-12965	1098
15672	6972	9560	-165	-12310	994
14056	6256	8272	1987	-11991	172
14236	8268	8932	1777	-12740	643
16236	7380	7932	592	-13114	502
16120	6708	6792	948	-11850	-457
15640	7744	6540	684	-11225	-175
16540	7412	7612	-433	-11870	286
16404	6068	5368	539	-12330	-586
16196	6616	3552	2141	-11197	-244
17404	7924	5228	1232	-10791	310
16816	6856	4460	569	-11781	368
16964	6864	2480	434	-11446	-36
17644	7608	2468	-90	-10894	484
16904	7624	1764	-1444	-11479	1128
16992	7488	1584	-2166	-12449	1746
18460	6528	3016	-3632	-12796	2070
17804	5948	12	-3179	-12623	944
18240	7124	284	-5421	-10475	1091
17524	5348	3692	-6827	-9310	1164
17428	5284	388	-5020	-8644	472
17976	6260	444	-4537	-6359	73
17616	5808	1144	-3826	-5570	926
17956	5376	60	-1769	-5222	483
17524	5620	-648	-335	-4439	-1388
17816	6292	168	-812	-3802	-1699
17380	5608	-940	-386	-3308	-1480
16724	6168	-1568	-158	-2245	-1464
17024	6248	-396	-672	-1831	-641
16688	5372	-352	-15	-1229	-677
16180	4920	-944	1425	-36	-1431
17524	6436	1644	1291	1467	-1013
17900	4268	2228	2044	2733	-1702
18348	5520	2056	4300	4532	-2684
19708	6804	4672	3697	6664	-2290
20528	6280	5060	2788	8223	-1693
21324	7056	5460	2215	10741	-1875
22036	8288	7080	-231	12649	-741
22012	7396	5120	-1324	13826	-319
22444	8432	4916	-3421	15718	335
22620	8532	5532	-5922	16576	1419
22940	8360	5532	-6441	16923	2490
23532	8332	3672	-6835	18447	2627
24040	8448	4484	-7398	20661	3290
22676	7452	4708	-6188	21512	2493
21756	8780	4532	-6424	21753	2495
21620	7476	5136	-6170	22306	3074
20276	7468	5408	-4611	23056	2986
18120	7428	5428	-4814	22764	3252
17920	7732	6632	-5314	22587	3779
17324	6688	7760	-4696	22761	3843
14632	5216	5920	-3448	22802	3281
13236	6408	7672	-2878	23203	2838
11224	5032	9404	-2146	22373	2937
8868	4188	7428	-545	20487	2361
7136	5152	8496	-924	19558	2091
6176	5460	10468	-2859	17591	3324
5956	3472	8448	-2164	16094	3011
4088	3156	7532	-1631	16914	1334
2212	3320	8864	-1641	15226	603
752	1644	8252	788	13941	-894
-1724	1516	6952	3570	11655	-2028
-2636	3132	8052	3946	8702	-2078
-3980	2604	8876	2293	6285	-2177
-4008	2532	8108	2710	2815	-1721
-3780	3196	8436	2278	1103	-1373
-3936	4100	9380	366	-1511	-800
-3204	2840	9236	-935	-3335	-666
-3228	2476	9332	197	-5678	-390
-796	3520	10732	446	-7689	-7
-144	3336	12204	1412	-8423	-694
-196	4016	12500	3077	-9933	-990
1556	5284	12004	2293	-10895	-649
2460	4748	13372	860	-10745	-537
3816	5140	14172	599	-11339	-182
4104	4376	13876	1280	-11584	-407
5824	5692	15704	1940	-11718	-414
5788	5460	15116	1420	-10951	-420
6132	5492	14144	2454	-11363	-50
7912	6612	15168	1845	-11365	146
7436	5084	14660	2331	-10620	-437
8320	6240	13004	3877	-11748	-348
9904	7164	14424	2633	-10699	-473
9016	6876	14372	2102	-10539	-377
10048	6552	12324	1671	-11371	-168
10512	6364	12868	2224	-10133	-327
10204	7596	13968	1396	-10678	325
10888	6264	10948	1258	-11578	937
11724	6276	9972	2632	-10302	250
12628	7512	11440	1794	-9815	1400
12204	5784	10284	2627	-10761	779
12892	6676	8376	4528	-10677	706
13996	7812	8636	3758	-10537	1750
12668	6700	6316	1335	-11873	848
15448	9192	9380	-1116	-10535	2816
16116	6876	9480	-2921	-10182	2292
15180	6664	8128	714	-9724	829
16884	8604	9932	-784	-10533	869
16080	5804	7060	909	-11112	-118
16448	7220	5352	2694	-10220	-60
17320	8404	7788	1360	-10599	540
16048	6688	6540	420	-11888	334
15932	5904	2408	711	-11308	-511
17360	8132	4928	-782	-9376	934
15188	6524	4044	-1123	-9905	880
16036	6464	2596	-118	-11138	757
17988	6704	3040	391	-10902	158
16744	6216	540	711	-10449	-336
17464	7556	1664	-108	-9834	-214
18176	7008	3796	-1817	-9038	-377
16120	5624	340	-1010	-9159	-1906
17304	7752	1464	-1632	-8653	-1720
18520	6352	1824	-3786	-8241	-728
17648	5692	-116	-2150	-7599	-1106
17324	6584	332	-1842	-6637	-1076
17636	5908	360	-2122	-6243	-710
16240	5900	-492	-1547	-6057	-881
16160	6528	-732	-2017	-6039	-624
17092	6268	-404	-2634	-4995	-58
15860	5468	-1876	-1639	-3848	109
15612	6176	-1084	-907	-2682	447
16148	6412	-148	-157	-2283	931
16128	6100	-1228	1931	-1816	459
15728	5824	-1108	3467	-830	-147
16164	6780	48	3549	-245	-22
16732	5672	-72	4092	994	-100
17688	6820	1648	5033	2812	-1038
18992	7576	3944	4650	4267	-1101
19652	6248	3712	4306	5604	-1536
20664	7924	5044	5186	7434	-2703
21544	9368	6600	1406	9978	-1901
20196	7288	3860	202	11000	-1630
21596	9384	4328	-1025	13660	-1704
21540	9340	4384	-3727	15905	-1143
22164	9484	5736	-5857	16560	34
22244	8340	2900	-6062	17356	184
23064	9600	3856	-6858	20378	373
21740	8836	5508	-7628	20982	983
23080	9076	5360	-6670	20915	1773
22692	8932	3764	-6516	21124	1963
22480	8576	5484	-6962	21540	2358
20828	8072	5656	-7993	21573	2700
19848	8928	6212	-9673	21495	3621
19352	7364	6584	-10714	22024	4521
18088	6704	5956	-9690	22867	5173
15820	5644	7200	-8172	23600	4513
14756	5388	8548	-5898	22884	4284
11888	3424	5036	-1849	22498	2725
10484	4984	7752	-925	23041	821
7816	4056	8700	-340	21605	-32
6084	2452	6404	2081	20367	-1555
3500	3012	5636	3530	19307	-3247
1652	3700	6960	1440	17637	-3497
-648	2716	7772	733	14791	-3183
-1632	2404	6892	1537	10530	-3292
-2020	2644	6552	2247	7930	-3877
-3320	2592	7212	666	5865	-3676
-3812	2628	8808	-908	2341	-3005
-2836	2708	8940	-1253	-790	-2318
-3808	1816	8368	-543	-1915	-2559
-3760	2464	8632	44	-4997	-1400
-1444	2476	9192	-651	-7265	-1007
-1840	1396	9660	1440	-8326	-1398
-984	3372	9360	3181	-11316	-503
2096	4560	10136	1392	-13210	346
1936	3024	10836	1407	-13444	-57
3924	4664	10728	2106	-16363	512
5496	5720	10832	485	-16174	1036
6536	5184	12604	-1242	-16561	1395
8316	4912	12464	-113	-17592	1246
8976	4496	12244	1623	-17077	336
10912	7072	13424	619	-16570	954
11044	5000	11976	1384	-16776	656
13272	6336	10944	3212	-16483	173
13596	5964	11816	3420	-16131	-108
14636	7112	10668	4590	-17139	-266
15132	7108	9144	3682	-16395	-445
15724	7428	10708	2374	-16413	-294
16740	7168	9572	1601	-16594	31
16516	6232	7648	2349	-14812	-608
17148	7468	8180	2914	-14338	-103
18076	6136	8372	2319	-14600	-88
17136	6088	6636	4491	-14208	-815
18260	7500	6036	4927	-13766	-283
19276	7336	5724	3891	-13404	-102
18032	6752	4056	3252	-12576	-333
17848	6988	4304	2751	-12430	-138
19172	7548	3668	1445	-12082	463
19944	7236	3516	343	-11378	576
18368	6232	3156	1230	-11065	-326
18272	6812	1696	622	-10843	-305
18556	7724	2356	-1733	-10394	817
18820	5172	2668	-1665	-9292	-59
17836	6064	72	77	-8353	-989
16976	8300	864	-2259	-7913	64
18156	6040	2904	-3915	-8163	1136
18044	5444	456	-764	-7446	-440
17456	6620	-1420	-569	-5690	-1310
17488	7480	216	-2828	-4386	-147
17544	5652	592	-2922	-4461	-113
17312	5976	-1124	-1414	-4108	-1322
16348	6448	-844	-1690	-3584	-1421
16648	6172	-1048	-3390	-3328	-691
16524	5296	-1568	-3420	-2441	-529
16172	6104	-1212	-3088	-1601	-58
16404	5476	-740	-2968	-1067	266
15788	4588	-2060	-1077	-413	-78
16204	5460	-1044	-22	676	-53
16496	4680	-940	896	1643	-319
16712	4704	-652	3301	2945	-782
17288	5192	1452	4879	4497	-1289
19484	5236	3852	5973	5866	-1807
20292	5400	2832	7729	7735	-3228
21268	8116	4868	7299	10136	-3560
21632	8344	6160	3843	11508	-2926
21888	8132	6028	1216	12800	-1913
22568	8432	5368	-563	15709	-1604
22608	9968	6224	-4383	16728	16
23464	8664	6412	-7335	17694	1514
23472	8140	3624	-6285	19197	1783
23840	9252	5152	-6987	21158	2281
23200	8504	4736	-6386	21325	2550
22548	7824	2984	-5176	22611	2137
21624	9444	4088	-5194	23489	2017
20664	8308	5684	-6004	23448	2004
20224	8628	6304	-5996	22292	1350
18940	9212	4632	-7633	21897	963
17260	7708	5388	-9236	23200	1716
15796	7048	7704	-8547	23771	2413
13004	5672	8432	-6563	23398	1706
10560	5464	6648	-4724	22005	2662
9808	5204	8652	-4560	21640	2767
7820	4368	9296	-3549	20746	2931
7392	4120	9324	-1280	18144	2323
6324	2596	6848	719	17880	694
4072	3384	7408	2900	18304	-1306
1500	4088	7820	2393	16251	-1549
-304	2960	7176	1833	13620	-2170
-2108	2004	5716	2395	10982	-2729
-3532	3528	7156	1501	8535	-1841
-3928	3704	9152	-1002	4665	-594
-4176	1880	7644	-981	2330	-664
-4224	2404	8076	316	181	-349
-3388	3400	8476	-645	-2869	246
-3000	2504	8616	-1121	-4547	-101
-1812	2696	9704	203	-6842	131
-1860	2952	9920	790	-8301	-348
-768	3668	10692	1160	-10631	286
1560	4112	11608	644	-11869	524
2464	4288	12800	524	-11889	452
2844	3984	12844	1151	-12530	126
4852	4544	12580	2430	-13303	266
5688	4408	11928	2867	-12838	263
6064	4956	13840	3658	-13104	-104
6792	4784	11820	5247	-14364	-308
8460	6376	11836	5455	-14352	105
9348	7080	13748	3730	-13618	767
8944	5924	11956	4211	-15278	901
11300	7752	11364	3976	-15574	1255
12156	8176	11832	2044	-14958	1789
12644	7568	11504	764	-15863	1579
13512	7040	9880	913	-15562	1468
15032	7192	9128	2256	-15076	937
14808	8304	11024	1097	-14805	630
15044	7340	10184	829	-15379	392
16488	7100	6256	2522	-15690	-82
17076	8432	7556	1593	-13451	96
15968	6520	10412	320	-13934	318
16124	6224	5636	3929	-15100	-565
18840	9448	4240	2666	-13356	115
17872	7776	8960	-1319	-12629	955
16312	6028	5364	877	-14425	-322
19352	8544	3104	31	-14177	343
19540	7064	4660	-3102	-12131	620
17196	6020	3468	-1719	-12054	-97
18652	7000	3376	-1686	-11732	-277
17856	7256	3072	-2619	-11665	-587
17844	6532	1860	-3518	-11545	-423
18116	5488	1388	-2337	-9912	-922
17880	6856	1600	-1711	-8309	-1242
16972	7432	1644	-2873	-8485	-554
18376	6244	252	-2988	-8922	-747
18480	6444	300	-2314	-7745	-1754
17148	6604	-832	-2751	-7024	-1721
17780	6980	184	-3834	-6227	-1378
16704	5884	244	-3517	-5657	-1831
15964	5592	-1292	-2554	-5350	-1899
16760	6340	-296	-2273	-4311	-1011
16464	5412	148	-1188	-3166	-768
16388	5396	-1048	908	-2376	-952
16704	6128	-368	1892	-1085	-1001
17060	5772	16	1936	-22	-1014
17144	5792	432	2518	1192	-1114
17564	5784	2428	2774	2380	-1067
17744	6004	2096	3583	3470	-904
19220	6620	3576	3674	5271	-809
20008	7348	4472	2709	7529	-234
20600	6892	4340	1860	9155	439
21416	6892	4272	1291	11315	584
20968	7520	4020	15	13231	838
21648	7396	4824	-1299	14693	955
21824	7496	3820	-1438	15769	1018
22344	7524	4044	-1774	17501	1206
21932	6784	3944	-851	18610	928
22416	8716	3200	-994	20231	868
21880	8688	5464	-2358	21223	1044
21300	9152	4500	-1928	21657	460
21248	11248	6076	-4673	21593	626
22136	8900	6128	-6476	21736	554
19996	9992	5276	-6560	22464	527
19252	8916	7728	-8276	21955	1246
18400	7328	7228	-6362	22195	1044
16076	8008	7512	-7108	21817	1633
14188	6880	8404	-7529	21819	2579
13268	6132	9728	-6517	22101	3448
10848	4864	8136	-4556	21985	3646
9552	5968	8512	-3604	21447	3349
8588	5724	8832	-3244	21112	3132
6660	4224	8736	-1504	20639	1858
5556	4112	7508	1019	18163	996
3196	3288	6352	1711	18718	-1087
120	3680	6036	2156	16170	-2168
-1596	4084	6748	626	13508	-2134
-3388	3664	7796	-567	10277	-1712
-2944	2832	7100	-263	6091	-1762
-3736	2440	5716	325	5005	-2797
-4788	2940	6676	-1202	1368	-1809
-4048	2296	7164	-2415	-1432	-1410
-3272	1996	7708	-595	-4461	-1075
-2744	2304	7924	737	-6258	-1306
-2684	2360	8884	1791	-9180	-969
-1208	3180	9720	2235	-11715	-177
860	4244	9564	1672	-13545	308
2876	4464	10380	784	-13873	493
3560	4488	12440	622	-14385	399
4872	4040	11580	1556	-16136	127
6036	4532	9820	2909	-16475	-53
8132	6728	13444	1463	-16376	981
8444	4608	14160	1476	-16935	-62
8836	4716	10408	5477	-18151	-400
13292	8612	12124	4365	-15961	733
10592	5936	13616	2364	-15066	602
11136	5972	9660	3905	-17020	75
16072	9540	11848	3326	-15308	722
14916	6908	13832	1313	-14882	427
15592	7728	10528	3673	-15187	-714
16968	7796	10736	3106	-14327	14
15900	6480	10576	3854	-13596	-886
15996	8032	11272	3192	-13579	-151
16980	7228	9848	3215	-12620	374
16056	7016	8404	3692	-12067	313
17364	7360	8868	2674	-12594	817
17564	6972	6552	2923	-12544	960
17220	7728	6428	2332	-11855	658
16820	7408	5724	1285	-12267	1336
17684	7212	4368	1448	-12128	1094
17156	7556	2836	956	-11179	906
16676	7504	3836	-445	-11103	1099
17052	6956	1932	-493	-11849	1119
18108	7376	1192	-777	-11337	526
18160	6456	2844	-1721	-10156	342
16540	6256	924	-390	-9873	-426
17304	8036	1272	-1410	-9525	-157
18108	6800	2288	-3015	-9431	669
17856	6180	692	-1238	-8996	-600
17464	6948	-396	-1337	-7952	-1255
17900	7396	1476	-3505	-7363	-518
17284	6104	688	-2837	-7171	-971
17084	6188	-492	-2230	-6311	-1649
17232	6956	328	-3656	-5725	-780
16860	6100	-212	-3649	-5252	-673
16156	5808	-1380	-3163	-4539	-876
15896	6820	-508	-3761	-4034	-36
15840	6252	-564	-4436	-3908	860
16748	5800	-1056	-3700	-2941	923
17184	6292	728	-3362	-775	1313
16744	4228	172	-1096	757	802
16620	4996	-944	2836	2070	-274
17460	5680	868	3673	3740	-986
18212	4864	1300	6084	4958	-1855
19100	5988	1444	7366	7076	-2801
19368	6960	3332	6314	8391	-2229
19584	7392	3692	4378	8658	-1736
20020	6844	2172	2654	10523	-2091
20216	8708	3708	-515	12063	-949
20416	7588	4692	-3173	12867	-15
20404	6620	2428	-2799	13798	24
21688	8984	4504	-3904	15249	305
21456	6916	3828	-3841	16067	96
21168	8584	3168	-3472	17408	24
20704	8560	4384	-4610	17970	345
20196	8224	4724	-3297	18831	423
18624	9000	3860	-3942	19320	759
18224	9200	6368	-5717	19198	1730
18508	7748	6328	-5308	19413	2282
17876	8148	5640	-4449	19861	2181
17404	8156	7824	-5247	19720	2434
16116	6896	7876	-4446	19110	2449
16028	8184	9356	-5338	18786	2716
15340	7288	10724	-6134	18479	3317
14284	6580	10480	-5626	18707	3082
12552	6684	9812	-6421	18958	3576
11624	5944	10204	-7155	19319	3623
9832	4616	12040	-6928	19606	3723
8568	3268	10752	-4059	17929	3437
6904	3528	9164	-2165	17193	2335
6752	3808	10384	-2124	16631	2512
3956	1936	9232	-791	16028	1529
2540	3164	9888	-290	14173	2088
1240	2652	9676	-827	13267	1035
600	3016	9628	-263	10283	1518
-148	2328	8788	-475	9540	-310
-2264	3088	9616	-748	9128	-263
-3544	3012	9888	-1478	5617	264
-2836	1368	8736	4	3318	-815
-4252	1700	8988	2043	1812	-1255
-3568	3468	9568	1165	-1104	-648
-2984	2012	10060	79	-2716	-1034
-3332	1676	9380	2298	-4372	-1181
-2436	3540	10072	2010	-7440	-619
232	3720	11756	55	-8538	-796
172	2784	11020	545	-9613	-1264
1612	3440	12160	1105	-10689	-1793
2548	3884	13752	1439	-11518	-1674
3820	3900	15208	1486	-11242	-2230
3032	3392	13288	2990	-11347	-2065
5024	5296	15200	2602	-12304	-1568
5688	4348	13680	1485	-11811	-1786
5928	4392	12408	3126	-12519	-1242
6760	4596	13496	3571	-12599	-1594
6816	5444	12928	4158	-13594	-1273
8884	6140	11660	3173	-14409	-601
10372	5968	12216	2719	-13912	212
9228	5548	11832	3054	-14050	-411
10632	6432	11108	3158	-14397	62
12628	7332	10484	3017	-14821	739
12976	5508	11232	3029	-14307	574
13352	6160	10332	6102	-14984	297
15260	7976	9184	5456	-14266	1246
15584	7648	10164	4425	-13876	1332
15196	7352	8904	4459	-14380	1372
15948	7936	6792	4526	-14323	1791
17488	9264	8232	2113	-14362	2141
17044	6768	7312	1087	-14335	1203
17888	8068	6212	1512	-14348	900
18648	8424	6844	-114	-13804	408
18176	6868	5744	-930	-13507	16
18664	6376	3820	-237	-13307	-452
18504	7020	3972	146	-12005	-647
18088	7012	4944	-1260	-12145	-447
18456	6300	2860	-122	-12058	-1296
17832	6772	1684	65	-10977	-1262
17564	7612	3136	-2013	-11143	-333
18176	6332	3440	-3005	-11232	-278
17236	6208	428	-2626	-10561	-438
18596	7284	2980	-3970	-8810	122
17632	6464	2520	-4481	-7543	266
17068	5800	1120	-3092	-6709	-168
18400	6632	1716	-2473	-6288	12
18008	5092	700	-1397	-5407	-530
17084	5388	-60	678	-4012	-1944
16912	6724	392	-285	-2929	-1146
16740	6036	1080	-540	-2789	-545
16480	5708	-944	1127	-2401	-673
16488	6632	-12	864	-1634	-316
16296	5752	-152	-121	-877	143
16780	5336	-420	1433	433	-223
17748	6092	2632	2587	2576	-644
17976	6048	3896	3055	3526	-729
18908	5792	2944	3985	4875	-1159
20140	7004	4936	3593	7294	-1266
20224	7260	5356	1818	8757	-774
20936	7284	5304	-418	10488	-254
21540	7252	5652	-1683	12410	234
21672	7272	5000	-2465	13905	123
21744	8420	4868	-3866	15453	802
21916	7664	5404	-4472	16146	1254
21940	6972	3580	-3642	17361	1282
21892	8180	4292	-3856	19121	1168
21816	8532	5140	-5365	19285	1610
21868	7480	5448	-5292	18960	1908
22172	7240	5276	-5811	20058	795
19924	8616	7560	-8517	20230	1859
19532	7488	7968	-11390	19339	4543
19932	5936	6704	-8958	20028	5876
18456	7084	7912	-7945	21289	6563
16292	5732	8684	-7907	21420	7360
15344	5276	8852	-6295	21235	7223
14596	4436	8248	-3277	22268	6256
13228	4332	9208	-145	23464	4889
10112	4840	9248	2286	22957	3711
7664	4596	6628	2851	20593	2835
6856	3412	7620	2309	19678	1223
4516	4224	7376	1973	18655	748
2236	4604	7912	81	16452	247
1256	3376	7940	-952	13857	-323
-884	1468	3904	326	12640	-963
-3372	1952	5668	454	10928	-1858
-4228	3492	6812	-1000	7005	-841
-4344	1896	8780	-974	2341	-787
-3160	1092	5612	2759	-980	-1520
-3272	3064	7112	3625	-2609	-2113
-3048	3784	8552	1098	-5895	-1283
-1436	2676	9572	50	-9012	-834
212	2876	11440	1503	-11061	-1040
1604	4464	12012	1599	-12172	-441
2180	4380	12180	-550	-11950	54
2784	3652	12020	-1273	-13196	571
5156	3676	12304	-1233	-13543	445
5656	3396	11172	322	-13750	-28
6448	4216	11244	1174	-14398	-243
7768	3692	11236	2681	-15752	-437
8912	4376	9824	3498	-16163	-733
10036	5220	11692	3470	-15781	-998
11588	5828	11296	3649	-17550	-386
12276	5672	9648	2141	-16738	-108
13008	5628	10960	1568	-17191	77
14588	5332	9956	1564	-18012	241
16096	5788	9376	1795	-17134	182
17160	6116	9376	1511	-16567	242
17132	4776	10608	2181	-16030	-117
17304	6164	9044	3579	-16853	697
18956	7096	7280	2614	-16777	2238
19684	5004	8372	1908	-15067	1779
17964	6328	7100	2071	-15346	1629
19560	6368	5996	-315	-16058	2586
20812	5576	6108	-1986	-15283	2372
19840	4408	4956	-2181	-13910	2163
20064	5084	4492	-1953	-13244	1497
19612	5752	3772	-2595	-13084	806
20216	5460	4036	-4700	-12814	790
19892	3308	2772	-2305	-11766	-624
18052	4620	856	-804	-10939	-1711
18944	6516	3188	-4244	-10404	-257
19056	2684	2104	-2939	-9719	-1214
17932	3888	-616	883	-8716	-2822
19128	6412	1504	-576	-7285	-2141
19204	2884	2860	-626	-6493	-3006
18008	4048	-176	1376	-5802	-4427
18340	5648	1168	-265	-4267	-3638
17640	5124	1868	-2385	-3620	-2361
17284	4564	1716	-2185	-3545	-1428
17496	3644	-100	-1463	-2063	-1070
18084	4836	1108	-2306	-130	-593
17884	2568	1632	-2362	1880	-297
19092	2868	2392	1404	3475	-952
19932	3548	4256	3129	5263	-1575
18920	2568	2720	6103	5923	-1631
21116	5124	4300	5495	8555	-1349
20392	4140	5104	4696	9983	-218
21140	4876	4696	5173	10491	374
22216	5172	4604	3007	12645	248
21820	6660	6588	-272	14763	1343
22772	5536	6828	-2336	15687	2227
24088	5364	5304	-1613	17601	2468
24264	6652	6540	-2164	19878	2564
24536	5456	6732	-2781	20162	3052
25648	5068	4660	-1529	21907	2042
25612	7308	6792	-2762	23973	2056
24564	6588	7884	-3551	23817	1962
24516	6256	4604	-3615	24107	1847
21936	8448	7308	-5465	25363	2715
20612	7572	7856	-8060	23927	4362
19972	5092	5848	-6372	24516	4772
16600	6248	6176	-4933	25428	4370
14988	5416	7112	-4955	24313	5051
12548	3240	5872	-1746	24252	3721
9544	3692	4876	1136	23657	2674
8012	3412	5112	1845	22201	1963
4684	2500	6012	3248	21872	570
2164	3108	6376	5374	18095	596
1680	2708	5520	5092	16278	-1581
-724	4364	6284	3839	13440	-1385
-1272	4140	7580	87	10895	-1336
-3124	2824	7580	-518	7559	-2129
-3476	3552	8616	-1806	4144	-1412
-2240	3048	7784	-3019	1781	-1903
-3260	2200	8408	-3277	1469	-2085
-4384	2564	9424	-2637	-1842	-1386
-2424	1848	8656	-1772	-4326	-1417
-3112	1688	8832	-172	-5333	-1801
-1840	3152	10196	-700	-8617	-272
508	2376	10132	-220	-10144	-491
44	2540	11376	778	-11084	-1106
2040	3920	11888	109	-13426	5
3716	2920	11308	-1461	-13122	201
4244	3676	13172	-1901	-13698	444
5508	2880	12408	-1779	-14821	325
6012	2152	10992	196	-15032	-420
8704	4488	11460	1077	-16718	593
9988	2872	12236	959	-16307	-467
10128	3520	11720	3993	-16681	-1258
12552	5556	12460	3559	-16803	-361
12896	5860	12504	1361	-16416	-320
14168	4764	12184	209	-16939	-236
15816	4048	10420	1536	-16274	-1251
14480	5728	11008	1744	-15104	-2100
16984	6388	11912	-1285	-16856	-271
16768	2708	8040	1840	-16266	-1337
16068	6472	8604	3597	-15017	-2776
18532	7644	11508	-1995	-16237	-423
17640	2860	6620	-443	-16578	-1874
18496	5824	6176	848	-14388	-2435
19052	7296	8572	-3754	-15264	-777
18768	3084	6732	-3735	-15218	-1499
19340	3788	3372	389	-14287	-2110
20480	5916	4432	-61	-12031	-2264
18372	5216	5124	-1931	-13079	-2124
19016	3500	2272	-812	-14346	-2599
19956	4624	1652	1286	-12220	-2672
17764	6020	1248	76	-11329	-1823
17928	5720	2760	-2458	-11657	-521
18824	3960	2664	-2299	-11549	-1332
19184	5468	92	-2142	-10758	-1645
19892	5644	1132	-4067	-9097	-872
20180	4284	2508	-4602	-8266	-1254
18772	4356	188	-2889	-7977	-2273
18536	5204	416	-3531	-7050	-2133
17956	5736	-4	-5248	-6445	-1171
17548	5188	920	-5751	-6102	-512
17312	4872	-892	-4909	-5956	-566
16788	4984	-1492	-5218	-4974	-366
16388	4712	-824	-6013	-4022	239
16632	4176	-204	-5408	-3070	555
17588	2772	1288	-2266	-968	437
17820	3376	1008	1605	1329	243
16484	3476	-180	5134	2296	125
16900	3756	-1896	6469	3122	-87
17208	4456	-1348	6917	4770	-597
17920	4680	1040	6537	6034	-716
18664	4252	1208	6820	6735	-1598
20248	5276	2592	6733	7585	-1824
20908	5088	2808	5396	8970	-1658
21328	5800	4540	3679	11066	-1297
21432	5328	4352	2242	12428	-741
21652	5896	4436	1056	14273	59
21532	5800	5732	-135	15541	509
22144	4788	3784	172	16436	982
22884	6500	4892	-114	18582	1328
22712	5508	5628	-1033	19383	1662
23264	6604	5544	-639	19834	2143
22740	6332	4912	-1713	20856	2639
22476	6696	5460	-2305	21745	3125
21756	6876	6528	-3640	21871	3835
21740	5972	6672	-3971	21626	4069
20780	6352	4672	-2850	22190	3904
19508	6292	6904	-4321	22563	4218
17416	4992	7376	-3035	22307	3710
16428	5700	8164	-2180	21421	3805
15328	6624	9404	-3256	21578	3942
14000	6076	9776	-4019	21381	4658
12808	5804	10288	-4302	21421	5488
11064	3728	8476	-2864	21329	5037
7664	3304	8380	54	22178	2905
5436	4416	9184	1197	19149	3013
5576	2492	7568	2634	17789	1056
2268	2360	4672	5661	17503	-1020
216	4504	8120	3268	14812	-1624
-92	4016	7280	262	13013	-2084
-2440	3292	7728	254	10988	-2196
-2936	3840	8676	-629	6683	-1913
-3388	2572	7684	-1213	5218	-2495
-4500	2472	9076	-1714	2393	-1524
-3108	2240	8904	-1617	-375	-1997
-3532	2356	9420	-1150	-2608	-1821
-2744	2688	9188	-1490	-4485	-1793
-2020	1568	8384	-1348	-6662	-1627
-1708	2376	9488	-1025	-8269	-1483
-1224	2540	9752	-1705	-10886	-882
584	2224	9824	-1807	-13242	-561
2176	3264	11144	-1929	-14419	-360
3496	2728	9988	-2647	-15840	-472
5648	2184	11268	-1800	-16082	-942
6380	3316	11684	-942	-16480	-978
7860	2456	12432	-423	-17683	-1443
9644	2272	12116	2197	-17771	-2253
10452	5136	12572	1265	-17230	-1706
11628	3432	12948	-1805	-17319	-1843
13384	3652	11756	326	-17337	-1575
14328	4588	13072	123	-16357	-2684
14456	4840	12292	-316	-17599	-2225
15772	3484	9472	740	-18424	-2253
16456	3732	9404	1267	-16187	-3238
16672	5952	12796	-1257	-16849	-2215
16996	3124	9168	-180	-18152	-1751
18924	4404	6456	837	-16388	-2594
19372	6164	11188	-2905	-15288	-1206
17720	2012	7872	-1110	-16763	-2055
19264	3972	4012	2074	-15737	-2415
20024	6552	7964	-922	-14404	-1525
19456	3356	5516	-2170	-15442	-1717
20360	3500	4144	-134	-13602	-2870
19052	6308	4996	-1303	-12765	-2504
19256	5180	3824	-4305	-13769	-1228
19564	2624	2636	-2639	-12543	-2250
18964	4776	2420	-679	-11108	-2813
19096	5256	2712	-2132	-10505	-2070
19068	4980	2580	-2882	-10693	-2099
19772	4460	2344	-3023	-10635	-2636
19612	3940	-92	-2840	-8960	-3756
19344	5992	760	-4690	-7347	-3227
19188	4840	2560	-6706	-6944	-2424
18260	3476	1480	-4510	-6294	-3560
17044	4184	-492	-2838	-5492	-3555
17468	5156	472	-4001	-4523	-2206
17352	4040	680	-4025	-3878	-1558
16988	4248	-192	-2098	-3311	-1695
16936	4536	-1032	-1732	-2779	-1345
17576	3760	-92	-1901	-1041	-454
17264	3212	1336	-970	332	-3
16860	4072	500	1047	1248	29
16152	3680	-976	3378	1176	3
17116	4192	-1936	4728	2647	-488
17196	3644	568	5327	4929	21
17544	3620	1324	7907	5760	-448
19840	4700	3320	8809	6945	-301
20344	3732	2968	9303	8355	-1068
21996	5668	4208	8102	10268	-593
22168	5480	4912	5838	12127	135
22840	5692	5804	3679	13546	837
22508	5476	5040	1839	15474	818
22496	6204	5992	-91	16903	1799
23212	6008	5500	-1352	18089	2834
24264	5632	4928	-488	19702	3232
23976	6312	5036	603	21377	2597
23488	6108	3956	1061	21723	2035
23348	6472	4400	1568	23314	1108
21712	7284	5580	1781	23055	523
21784	6876	2772	1881	23106	-752
19856	8588	4660	275	24553	-1422
17580	7444	6744	-2644	23566	-492
16792	7052	6196	-2083	22313	-93
14692	7496	5768	-2705	22095	104
12984	7348	8632	-4717	21496	1680
11376	5252	8240	-3978	19482	2513
10656	6168	8888	-3173	19478	2177
9200	6992	10160	-4052	18193	2642
9032	5468	9288	-4541	17598	2306
7112	5372	8484	-4876	18433	1684
4560	4028	7528	-5260	18174	744
2788	3416	7188	-1641	16293	-331
1240	4036	7576	-178	14993	-1354
-1480	1688	6640	518	12759	-2482
-3784	1592	5836	2799	9652	-3041
-4116	3448	7616	2519	5638	-2341
-3552	3872	7008	72	2528	-2729
-3488	3464	6640	-817	-562	-1276
-3240	3080	7676	-1299	-2759	-1661
-3136	2056	8504	-1063	-5421	-1632
-1756	1956	7800	638	-8485	-1103
-152	3748	9780	996	-9824	-896
1256	3804	11692	708	-11578	-643
2276	2832	10984	2769	-12262	-1155
2756	4092	10556	3992	-13779	-1009
4728	5580	10836	1888	-14355	67
6264	4496	13492	64	-14467	381
6632	3576	11032	2697	-15459	120
8064	4952	11068	4000	-15475	-162
10308	6832	12868	2667	-16061	932
9968	4436	11264	2239	-16436	615
10324	5336	9760	3564	-16683	186
13972	8544	11164	1602	-17137	1245
14264	5880	10980	-909	-16882	1317
14704	6804	9328	1169	-16632	339
17184	7772	10960	1074	-17054	798
16892	5472	10420	1321	-16744	-789
17656	7476	9528	2746	-16447	-634
17444	7044	8260	2201	-15948	-761
17344	7640	10604	530	-15703	-763
17856	6392	7360	975	-15999	-562
18764	7192	5748	1009	-14843	-1552
19364	7576	9724	-1876	-12889	-1056
18816	5384	6536	40	-12724	-1649
18768	7688	5116	1993	-12115	-1848
18736	7016	7000	435	-12599	-869
17912	5352	4784	2437	-11868	-1879
17540	6864	2476	3166	-10802	-2273
17264	8472	3256	275	-10997	-1078
18140	6176	4672	-1656	-11518	125
16672	5208	12	593	-10946	-1683
17744	8616	1124	-1243	-9562	-606
18212	6956	2572	-5029	-9294	870
17008	5424	780	-3576	-9356	-376
16720	6424	44	-1939	-8335	-1570
18136	7308	1256	-4529	-7505	-220
17868	5816	-192	-3769	-6373	-413
16748	6368	-544	-2380	-5208	-920
16800	7056	148	-3226	-5034	-333
16828	5364	-780	-2886	-4608	-192
16700	6376	-1120	-1788	-3504	-924
16272	6624	-544	-2401	-2393	-681
16700	5796	380	-1654	-1749	-819
16688	5308	-464	-1338	-245	-739
16912	5288	1288	-1519	1305	38
17016	4780	2288	517	2749	55
17116	3816	940	4789	3320	-770
19612	6676	3808	5606	5307	-1199
19780	6012	4828	4388	6443	-456
20928	5764	4184	3136	7931	-354
21660	7492	5092	704	11086	1061
21592	6672	6468	-2017	12653	2357
21924	5360	4272	-2139	13766	2628
23032	6784	6104	-2536	16348	2703
23212	6340	5932	-1697	17555	2959
23440	6872	5080	-1128	18445	3305
23500	7204	4756	-919	20326	2671
22328	6740	4980	-4399	19979	4992
23840	9940	4256	-5124	21279	5519
23048	7856	6748	-7570	23288	6646
21368	6868	6552	-5913	22551	6811
20736	6956	6216	-5910	22011	6964
20416	5820	7144	-6610	22575	7147
18224	5156	8212	-5621	24105	6584
16348	4912	9576	-4576	23550	7107
15044	3544	7332	-1807	23285	7268
13980	5424	7508	-1688	25614	6987
10688	2544	5208	-1392	24448	6793
7232	1400	2568	3019	24231	4250
4308	5588	5452	1821	21639	2572
2216	1728	7560	779	18109	1607
-932	1540	4972	4672	14701	-171
-116	4344	5776	2557	10938	-183
-1144	2540	6588	511	10886	-1297
-4192	2476	7664	1086	6770	-1106
-2768	2444	7204	699	2323	-1927
-3860	1908	6428	996	269	-2648
-3196	2428	7216	1214	-2376	-2191
-2464	2552	8324	515	-4912	-1778
-1732	1260	9844	1875	-6659	-2593
-1196	1820	10316	4400	-9994	-2092
1808	3260	10656	5119	-11392	-2348
1788	4868	11280	3364	-11332	-1565
3288	3720	12560	1134	-12717	-1577
3928	1172	11056	6095	-13824	-1768
5656	4496	12472	8483	-15468	-2702
7040	5408	10656	8169	-14778	-1776
6668	4820	9484	8474	-15120	-1340
9116	7404	12520	7280	-16377	-848
9584	7092	9380	4944	-16156	26
10124	7324	7972	2810	-17022	1532
13320	9048	10956	-1008	-17561	3064
11904	5272	8248	-2008	-17647	2669
14688	6900	7424	342	-20230	3017
17772	8524	9760	-2476	-19014	3852
15816	5064	8216	-1509	-19857	3103
18248	7188	5964	965	-21148	3372
21912	8792	9660	-3748	-19375	4013
18220	3340	8328	-2908	-18307	2257
19252	6472	5312	735	-18944	946
23108	9324	9980	-5086	-16886	2875
19784	2388	6432	-4938	-16152	1296
20212	5052	3512	-846	-14325	-9
21200	7296	6600	-4475	-13339	797
19844	2884	4516	-5132	-13819	-507
20280	4916	1404	-3250	-13356	-1400
19864	5480	2620	-5724	-11895	-1208
18096	3892	2620	-5796	-11852	-1174
18728	4952	1212	-4880	-11532	-1264
19356	4332	1296	-4520	-10012	-1694
17888	3616	-192	-3230	-9146	-2675
18488	4920	1316	-2820	-8008	-2813
19172	4180	1928	-2470	-7291	-3170
18456	3896	-1200	-771	-6615	-3813
17972	5560	220	-829	-5128	-3487
18256	4576	1852	-2462	-4112	-2605
17816	3220	268	-540	-3146	-2971
18084	5264	1776	-641	-1398	-2522
18948	3340	2980	-1778	774	-1878
19520	2800	3864	1115	2717	-1624
20052	3884	5352	1356	4617	-1183
20416	3668	3468	2614	6157	-1022
21908	4624	5740	1627	9089	365
21100	3860	5376	1796	10411	1054
22680	4116	4740	1819	12195	1681
22820	4256	4540	1452	14665	1775
22928	5516	5068	729	15991	2220
23404	5696	5096	-698	16631	2941
23156	4516	2556	399	18054	2681
23508	6968	4620	-227	20152	3134
22748	6476	4612	-1865	20847	3526
22120	5880	3336	-154	20996	3276
22268	6916	4024	-219	22392	3021
20876	7264	4948	-291	22546	2872
19800	6964	5380	-1190	22001	2827
19724	7620	6916	-2345	21195	2787
17936	6836	6580	-2549	21381	2956
16864	7972	8868	-4870	20276	4343
17584	5152	9292	-6109	20396	4623
13904	4692	8044	-3473	20521	4067
13296	5776	8932	-4381	20612	4745
11396	3392	8460	-3995	20543	4744
10256	3756	10020	-2153	20343	4185
7980	3392	8272	144	19957	3253
5068	3024	6436	2858	19012	1991
3744	3836	6596	2858	17011	1321
2040	3096	7892	2703	15596	108
-780	2980	6972	3779	12098	-556
244	4472	8228	2016	8633	-943
-560	4064	8576	-336	7364	-2119
-2196	3148	9164	-1747	4682	-1659
-1632	2604	9276	-1703	2342	-2352
-1744	2752	10320	-1365	823	-2246
-2464	2360	10500	-1700	-963	-2239
-2068	1436	9656	-79	-3721	-1938
-408	2252	10628	576	-4437	-1851
-220	2480	11716	242	-6257	-1134
1264	2352	12064	318	-7287	-884
744	2620	11796	498	-8623	-938
2388	2776	11904	236	-9979	-524
3916	3348	12784	-448	-10169	-365
3924	3360	13400	-850	-10304	-420
4372	2956	11140	264	-12540	-200
7744	2972	11456	1060	-12380	-810
5900	2656	12456	2033	-12194	-1759
6692	3952	10524	3128	-14834	-1529
10152	4736	9932	2491	-15054	-1172
10496	4296	12652	1786	-14375	-1238
9552	3920	10916	3362	-15413	-1892
11304	5632	9012	2962	-16682	-945
13792	6572	11552	318	-16507	170
12924	4204	9008	845	-17039	303
14532	5584	8044	2167	-17543	114
17848	6708	10352	418	-17887	372
16708	4928	8856	1176	-18067	-636
17944	7616	7308	558	-18074	611
19304	6024	9288	-2066	-17380	491
18320	4740	7920	-1146	-16972	-291
19500	6088	6492	-754	-16744	-480
21500	7020	9024	-2708	-15722	185
20096	4116	6888	-2247	-14990	-1336
20468	4872	4108	1252	-14294	-2508
21384	6808	5300	-910	-12500	-2446
18936	4060	5820	-1670	-12274	-2757
18116	4052	2652	101	-11422	-3060
18560	5944	1836	810	-10445	-1811
18096	5372	3604	-1370	-11015	-439
17744	4384	1712	-1666	-11549	-349
18788	5476	468	-2073	-10531	168
18884	4832	996	-2477	-8528	-247
17752	4664	1344	-3007	-7740	-674
18572	5080	880	-3128	-7191	-1081
18584	4248	260	-1232	-5806	-1880
17784	5236	68	23	-4666	-2252
17652	5592	832	-361	-4534	-1715
17508	4556	464	99	-4066	-1856
17016	4440	-352	699	-2858	-2048
17452	4996	148	223	-1457	-1514
17636	4748	1380	-44	-44	-790
18056	3796	1404	1247	1317	-888
18240	3936	980	3175	2953	-1363
19168	4000	2316	3921	4976	-942
19348	4592	3308	4264	6507	-1000
20400	5252	3892	3305	7698	-507
20620	4784	4064	3226	8966	-836
20980	5688	4212	1587	10432	-67
21188	5276	4004	-60	12474	456
21680	6432	5304	-1682	13945	1373
22900	5364	4976	-2140	14861	1828
23136	5568	3744	-1490	16860	1743
23168	6180	4456	-2016	18938	2129
22504	5348	5188	-365	20156	1780
22056	7464	4752	363	20376	1425
21948	5760	2836	265	20476	1522
20428	7352	4484	161	21780	1212
18624	7568	5160	-1967	20722	2411
20128	7064	5920	-3794	19696	2908
19328	6212	5600	-3300	20752	2849
17652	7216	7080	-4057	20894	2836
17148	6056	9148	-5546	20514	2488
15676	5564	8452	-4170	19443	1543
15420	5616	8792	-5032	19651	1720
13024	4104	9684	-4654	20863	715
10388	4816	10744	-3558	19326	748
10812	4140	10100	-3304	18772	598
7896	3552	9028	-1201	18992	146
5872	3604	7776	-952	18106	340
3452	2336	7140	686	17227	-548
944	3532	6568	1951	14405	-764
336	3348	7460	1106	12046	-938
-1632	2624	7056	2595	8903	-1035
-1628	3004	6200	583	5137	-793
-2048	3288	6852	-1590	3849	-552
-2332	2640	7668	-3395	558	37
-1236	1856	7428	-2377	-2226	-290
-1732	2184	8716	-1619	-4196	-620
-1764	1620	8560	-558	-7167	-583
140	2656	8396	-345	-9863	266
2236	3720	10128	-1668	-11201	461
1328	2448	9836	-1458	-12872	-103
4076	3392	10124	-1653	-15158	344
7248	3476	9852	-2472	-15895	914
6936	2252	9800	-1881	-14521	-636
7208	3492	11568	-633	-17120	-388
10436	3416	9976	222	-18856	-227
11628	2376	9088	2330	-17329	-1775
12632	5016	11300	3110	-18170	-1251
13996	4728	10012	1867	-19174	-1216
15076	4088	8316	3081	-19366	-1996
17240	6392	9060	2209	-18586	-1501
18228	6128	11508	-521	-19113	-1256
18908	3492	9600	74	-20483	-1674
19420	5232	5580	2762	-17550	-2747
20176	8312	11388	-2721	-17421	-1019
19896	2688	8612	-3666	-19334	-2205
20628	4980	3608	-86	-18036	-3118
21488	6060	6188	-2378	-14949	-1726
18376	4068	6052	-1582	-15978	-2199
20400	5328	3504	-824	-16944	-2658
21952	4468	4016	-311	-14982	-3348
20840	4388	1872	280	-12166	-4688
19448	6224	2720	31	-11428	-3555
19484	4552	4988	-361	-12365	-3175
19092	5932	1584	964	-12839	-3662
20632	6836	2480	-2667	-11604	-2586
20592	4200	2228	-4687	-8903	-2607
18900	4184	1672	-3343	-6834	-2654
18108	5948	3108	-4098	-6445	-1577
18300	4264	1736	-3303	-6960	-1419
17444	4488	252	-1527	-6546	-1923
17172	5560	196	-2616	-5909	-1101
17728	5008	1000	-4600	-4601	-299
18164	4088	232	-3876	-2629	-323
17396	4148	812	-2798	-425	-300
17348	2820	932	-773	1216	-234
17764	2636	868	3391	3064	-774
17948	3280	924	5895	5294	-1645
19152	3948	3480	6588	6941	-1461
21532	4044	4132	7393	8748	-1745
22172	4632	4152	8422	11619	-2460
22260	6908	7292	6707	13341	-1701
23592	7136	7584	3088	13414	-125
24400	5856	5124	1382	16188	350
24916	8916	5416	-1426	19175	1346
25096	7832	5660	-4732	20577	2067
25300	7964	4800	-4416	21575	1732
24940	7696	2712	-4087	23045	904
23004	8792	3968	-4729	24759	1281
20620	8064	5544	-5474	24080	2142
20692	8036	5268	-5029	23541	3212
19772	7772	4560	-4970	23812	4294
18404	8100	5824	-6666	23277	5942
17656	7144	6744	-7470	21782	6858
18280	6224	7376	-6530	21131	6974
15740	6152	5572	-5442	21732	6001
13728	6096	8628	-6975	22294	6466
12040	3628	8852	-5990	21009	6230
9700	3340	7508	-2124	20296	5054
7924	3656	7500	-1576	20113	4148
6176	2780	7560	-476	19562	3781
3652	2612	7672	1865	17660	2159
2736	2836	7904	1540	15022	1034
1616	1616	6056	2691	13929	-1143
-1000	2904	7588	2443	13662	-2289
-2420	3416	8616	587	9610	-1344
-2728	1788	8512	608	6183	-1978
-3948	2336	7520	540	3723	-2009
-3004	2528	8928	-1254	1043	-1242
-3016	1580	8776	-1892	-798	-1151
-3240	1572	9564	-1272	-3243	-924
-2444	1932	9584	-1248	-6175	-634
-544	980	8888	-175	-7920	-562
-600	1440	9944	838	-8789	-865
20	2628	10088	118	-11579	-198
3224	1812	10376	498	-13788	242
3356	2008	11184	2197	-12874	-725
4252	3016	11356	2573	-15198	-325
6940	2744	10688	2664	-16269	285
8072	4008	12336	2312	-15667	76
8980	3124	11700	2913	-16611	-781
9668	3168	10336	5174	-17628	-1031
12560	6012	11308	4084	-17948	411
12024	3900	9804	3479	-18000	-399
13496	5416	8948	5428	-19299	255
16052	6184	9708	3954	-18882	452
15708	6164	9400	3941	-19836	-172
17620	6792	8684	3019	-20129	639
18080	5360	8168	3647	-18756	100
19408	7028	8840	3523	-18916	249
18732	5212	7748	3491	-18216	237
19508	6856	6944	4356	-18249	406
21560	7800	7568	2716	-18441	1208
20936	5652	4944	2323	-16999	932
20960	6404	5164	2543	-15876	379
21740	6400	4820	1171	-14932	416
19604	5328	4172	1453	-13698	-159
20024	5444	4580	1951	-12652	-899
20584	5688	3792	1978	-11013	-753
19092	5812	3068	1664	-9505	-317
19840	5500	3548	1836	-9565	-711
19872	4512	2000	3054	-8495	-1353
18288	6392	2356	2079	-7066	-1050
18100	7220	3484	-1487	-6724	40
18000	6512	2792	-3335	-5996	275
17168	6012	1236	-4627	-5032	769
18096	5856	836	-5755	-4365	1051
18120	5480	188	-6609	-3184	1038
17924	4236	-688	-5849	-2317	58
17296	4092	-1264	-4037	-872	-1018
16188	4056	-1324	-2654	171	-1374
16424	4128	-1652	-1741	733	-1204
15820	3956	-1752	124	1461	-1327
15636	4508	-2392	1540	1429	-1433
15988	4920	-2832	1509	1624	-1257
15848	4800	-2304	1611	1717	-905
15872	5640	-2800	1460	1312	-634
15744	5332	-3408	736	1213	-590
15696	5836	-3484	682	963	-623
15992	6092	-2672	-880	1060	215
15784	5124	-2472	-262	693	127
15628	5796	-3428	780	750	-285
15380	4748	-3240	1209	687	-165
15512	6064	-3264	2831	-1059	-1808
15904	5608	-3808	1605	661	-253
14456	6244	-2636	829	-124	-1539
16540	6468	-3320	784	654	-64
14952	4668	-2996	1689	1481	-583
16364	2636	-3704	3938	9513	-690
14896	9028	-1888	3912	4525	-1961
13596	5536	-1140	1727	-579	-704
14232	4200	-2776	6232	-4912	-430
13460	9544	-2756	2017	-8334	-3472
16776	6004	-3348	-566	-6743	-815
14524	6776	-2760	-1483	-3272	-2298
16304	7156	-3728	1617	-706	-3360
14524	8116	-3948	2259	-32	-3744
16156	10008	-2472	-2035	153	-2370
14664	9180	-2064	-7339	12	-1281
16080	5496	-3288	-7709	3249	-1125
13744	6368	-2612	-6280	2357	-1138
16048	4644	-2088	-3544	-752	405
15124	4584	-3708	3082	-2273	-1850
13860	6468	-6460	890	-2498	-1402
15932	7392	-3468	5	-742	482
21052	4188	-2100	2205	5262	-1899
9976	7828	-4132	1276	1724	-4678
12476	11508	-1100	-1407	-1742	-2394
16824	3364	-1948	1416	-2649	-3370
