0	0	0	0	0	0
-11552	-8376	6256	-100	854	-286
-12388	-8332	4624	-699	152	-490
-13476	-7416	5452	-1140	-141	-917
-13208	-8536	6244	-626	-499	-642
-11596	-8612	5520	-746	265	717
-11812	-8800	6580	1212	3286	-1104
-18352	-8240	8092	1837	1217	-376
-7904	-10392	3588	-3869	-8269	300
-15412	-9584	6976	3428	5419	-3661
-14424	-6636	6204	-853	-768	-1743
-13972	-9776	6252	511	2897	-2597
-15492	-8416	6000	1051	2436	-2509
-13024	-9652	5672	-2612	2771	-3590
-14732	-10776	5560	-2783	3287	-3534
-13820	-11640	5020	-1981	2876	-3248
-14048	-10840	4568	-1759	3727	-3212
-14480	-11836	4520	-1992	3755	-3119
-14536	-12280	4472	518	3740	-3862
-15292	-11652	3348	607	3164	-3448
-14152	-10564	4480	-49	1716	-3226
-13724	-11892	3104	1737	1355	-3421
-13584	-10500	4068	2066	147	-2519
-12464	-10544	3204	840	-659	-1419
-12312	-10920	4364	2762	-137	-673
-12552	-10480	4840	2197	338	24
-12436	-9604	5516	411	198	1374
-12612	-10148	5356	2146	451	1271
-13092	-8780	4736	1069	305	2019
-12376	-7732	5280	-3031	526	2980
-12244	-8072	5972	-3862	-203	3256
-12288	-8768	4252	-1537	-334	2925
-11560	-8460	4044	722	-533	2905
-10956	-8288	4708	123	142	3089
-11720	-10260	4740	3126	-6	2741
-11076	-8556	3308	6373	-447	2679
-11004	-6464	5240	5691	-79	3160
-10068	-7704	5020	4569	-1150	3055
-11664	-8428	4052	6501	-740	2804
-11056	-6216	4624	5224	-721	3957
-8780	-6604	7536	3232	-1471	4083
-9040	-8708	3032	4591	2552	2715
-14584	-6032	3016	8568	4202	3515
-11104	-4976	7868	2104	-1820	5358
-7584	-7284	5916	2869	2682	3010
-13576	-7976	3320	6738	6361	2166
-14744	-4528	4604	7499	953	5237
-10840	-3236	7000	2351	-431	5799
-10480	-6160	5884	1360	1846	3940
-14052	-8880	2688	1796	3097	3675
-15048	-4104	3504	3399	508	8516
-11116	-2728	7344	-3277	-2447	9080
-11196	-6448	5008	-1632	357	6090
-12180	-5588	4248	4701	2466	4289
-13432	-3820	4332	3373	2711	2144
-13116	-4332	5948	653	744	706
-11528	-5200	4744	1254	2464	-1609
-13940	-4980	4140	2536	3849	-3175
-13332	-3144	4996	698	1337	-3621
-12336	-3932	4132	-3085	1722	-4562
-13260	-4724	3648	-4091	1642	-4906
-13224	-5396	3676	-5805	676	-5908
-12608	-5880	2636	-6104	508	-5955
-12448	-7024	1984	-7684	145	-5623
-12360	-6516	3188	-5410	72	-5262
-12972	-7048	2104	-7663	410	-4743
-13572	-6516	3860	-5073	-1136	-4107
-12340	-8452	1564	-8215	-857	-3530
-13228	-7156	4008	-4612	-1107	-2335
-11836	-8024	2388	-6547	-1170	-2759
-12380	-8012	3468	-2631	-935	-2519
-10872	-6572	2648	-496	-1276	-3297
-12448	-7448	2668	942	-60	-3746
-13388	-7504	2988	2189	-1630	-3286
-12500	-6884	4460	2492	-3038	-3849
-12532	-7088	3568	2698	-3114	-4114
-13652	-6908	4148	3534	-4113	-3818
-13152	-7760	5028	254	-5479	-3164
-12228	-6880	6580	2897	-7327	-3590
-10160	-6304	4460	505	-5172	-3430
-12224	-6708	7944	1539	-5091	-3734
-8712	-6356	6752	-242	-4802	-4059
-12148	-8688	7036	266	-1475	-3751
-11640	-8232	7832	280	-3279	-3247
-9272	-8144	9176	496	-2059	-3650
-10792	-9776	7052	1252	-564	-2976
-12932	-9444	8520	3810	-648	-2179
-11056	-8940	9864	2014	-1736	-1778
-9956	-9372	7652	3381	-475	-1605
-12480	-10876	7520	2696	-441	-547
-10888	-9528	8824	1927	-2081	274
-9600	-8668	8880	327	-535	1066
-12580	-9720	8784	-1184	-294	2041
-12452	-10204	8356	-1991	-2591	3012
-9796	-9944	8256	-2365	-2338	3192
-10640	-8704	7716	-549	-1618	2998
-11160	-6968	8216	110	-2323	2999
-10420	-7156	8592	1429	-2601	2356
-9112	-7176	8144	2151	-1759	1888
-10428	-7064	7696	2761	-175	2178
-11360	-6368	7788	2455	-805	2545
-10732	-7280	7796	1853	-1201	2479
-10828	-6992	7900	2263	-765	2444
-12960	-5428	8504	1957	-1020	3401
-12188	-6604	9884	328	-2726	3669
-11952	-7600	10452	1185	-1088	3574
-15260	-8064	11468	2188	-105	3501
-15244	-8172	12136	1280	-2020	3089
-14308	-9288	11464	2147	-908	1887
-16456	-9424	12044	2085	-107	491
-16440	-8740	12276	-612	-1282	-73
-15240	-9448	12048	-2417	-204	-683
-16168	-9492	12032	-2517	701	-1853
-15984	-8832	11752	-3781	746	-2526
-14740	-8308	12256	-3433	1765	-3589
-15552	-8692	11324	-1929	2259	-5032
-14692	-8172	11276	-113	1817	-5963
-14444	-8396	11304	-478	2664	-6536
-14592	-8072	11240	-1176	2697	-6410
-13848	-8328	10992	-2677	1869	-5925
-12472	-8176	9728	-3643	2522	-4861
-13152	-8164	9800	-5273	2764	-3374
-11768	-8300	9624	-5424	2705	-3057
-11532	-9000	8016	-4398	3862	-1630
-12312	-8672	8664	-3627	3431	-616
-9896	-7616	8084	-1489	2773	-903
-10352	-8848	6216	-453	4358	482
-11780	-8724	6284	-315	2899	1439
-9104	-7436	7732	-2090	2113	2382
-10516	-8556	5648	-28	4653	2939
-12668	-9388	5616	2024	1323	3596
-8008	-6552	6484	2858	2141	2920
-10388	-6988	6820	2175	4060	3536
-13260	-8864	3560	993	3038	4173
-10848	-6328	7060	4291	-983	4958
-7260	-4780	6160	1757	2523	5344
-11608	-7736	5664	1778	2577	5074
-10000	-6644	5524	2213	-101	5760
-8464	-6392	6832	2142	1987	5206
-10248	-7140	6364	2226	1850	4348
-11684	-7504	4428	3315	2306	4988
-11292	-5676	6804	3780	553	5732
-9284	-4616	6104	3410	890	5011
-13300	-6744	4468	5600	3783	4303
-13252	-4376	6256	5574	-212	6292
-10752	-3056	5232	1711	1031	6544
-12492	-6544	6660	-1378	1031	6410
-11480	-4916	4020	3520	2311	8216
-12628	-3980	6396	2165	2939	5967
-13844	-5604	6840	1470	1023	3238
-12672	-5460	4612	3576	692	1632
-13092	-3940	5372	4566	1656	-952
-13328	-3324	6644	1200	869	-3002
-12136	-4672	6704	-2063	-1053	-4600
-11696	-6316	4632	-2475	83	-6357
-13112	-5568	4076	-1432	258	-5268
-12504	-4756	5360	-3789	-1600	-5643
-12736	-5768	6404	-6255	-1098	-4220
-11584	-5980	5940	-1810	-1798	-5009
-11740	-6984	5284	-2308	133	-5309
-12660	-5596	5748	-147	-469	-3611
-11408	-6700	6256	-3761	-2373	-4511
-10660	-7484	5844	-2690	-582	-4137
-10908	-7080	3944	-1472	501	-3676
-11820	-6148	5020	-413	-1111	-3295
-10616	-4940	6568	798	-2371	-3773
-11392	-6456	4508	-1772	-1183	-3017
-12752	-6980	6296	2249	-4573	-2924
-10684	-5968	6700	4022	-5942	-3510
-12144	-5048	4664	4711	-4697	-3281
-12072	-4176	6956	-268	-8039	-1441
-11016	-4968	8336	-1149	-7286	-2238
-12272	-5632	7880	-67	-6225	-1376
-12128	-6240	8860	-2985	-8130	-594
-9492	-5392	10032	-812	-6238	-1066
-11160	-6016	10748	-1728	-3347	-516
-12224	-6520	10916	-514	-3685	-439
-10756	-5848	10940	1685	-1719	-512
-11052	-5532	12172	1679	-1468	-436
-10564	-6884	10480	319	-889	-81
-11652	-6932	9888	2531	300	-318
-11140	-4448	11548	990	-1088	115
-8724	-4800	10296	-1739	-658	319
-10872	-7072	8984	-1808	1493	863
-12220	-6968	10632	519	-366	945
-9604	-5368	10428	146	-83	1161
-10964	-6656	9300	214	1686	1590
-11440	-7136	10132	2975	0	1833
-10216	-6128	10200	3857	87	1830
-11496	-6192	10156	6036	98	2096
-10712	-4580	11340	4781	-146	2682
-12088	-4340	11428	4029	910	2959
-12208	-4664	11176	3376	-837	3730
-11224	-5260	11628	667	-183	4568
-13268	-5180	11832	-153	1497	4651
-14456	-3120	12248	-2462	-33	5616
-13388	-4704	13140	-6188	-843	5081
-14724	-6736	11944	-4003	936	4330
-15376	-5352	11392	-1914	-160	3811
-14164	-4328	11940	-3619	119	2878
-15092	-6748	10924	-1222	-22	1200
-14180	-4616	10580	891	-795	55
-14424	-4124	11296	-559	-362	-294
-13868	-5384	11924	-646	-640	-597
-14560	-6080	11200	317	760	-1595
-15396	-5380	11668	-458	446	-1992
-15440	-6780	11856	-1816	-152	-2891
-15096	-7132	12788	-677	817	-4251
-16192	-6096	12884	291	1713	-5631
-15948	-5156	12860	-139	582	-6152
-14088	-5172	12740	-1010	976	-6622
-14684	-6244	11380	-89	1323	-7120
-12940	-4188	10924	-1278	1685	-6924
-12528	-4024	11868	-4846	2551	-5975
-12176	-5736	9672	-6093	2379	-5810
-12824	-6732	8964	-5453	2662	-4481
-12020	-6072	10248	-7121	2166	-3573
-11524	-6456	9672	-8529	1358	-2962
-13444	-8576	7608	-5573	1955	-2668
-13588	-8364	9156	-4820	-176	-1144
-9852	-6936	10784	-5464	333	-724
-10104	-7528	7544	-2877	2556	-260
-14260	-8864	6660	-1070	2085	841
-10456	-6764	8724	-2653	-25	2283
-6444	-5544	11340	-230	2538	1994
-11752	-8864	3316	2272	8044	185
-14148	-7852	7404	2768	1102	3836
-6620	-5636	7416	66	976	3134
-7540	-6624	5020	1183	6084	2675
-13368	-8208	5696	1833	3802	4191
-8924	-6128	6840	-1213	329	5205
-8472	-7008	7088	-2514	3304	5385
-10688	-8368	4392	295	2005	4459
-9220	-6308	5832	1302	1048	5400
-9832	-5800	8596	-227	2255	4843
-12048	-6996	5568	-119	1901	3866
-13324	-5540	5604	523	-1532	6777
-9376	-4848	7252	-3904	-2820	6582
-8840	-7684	5060	-4884	2351	4693
-12324	-7968	3920	-1527	4685	5051
-12912	-7216	5908	-967	2956	4859
-12868	-7072	4784	1341	2892	6516
-12736	-5492	4676	3622	1850	7111
-13180	-5284	4256	3619	1669	6126
-12852	-5800	5408	3924	80	6257
-11736	-5848	5580	6191	1149	2743
-13708	-4836	4960	8403	2989	-208
-13516	-3728	6396	4414	403	-1513
-11856	-4436	5732	493	666	-3438
-12768	-6168	5416	-2442	556	-4180
-12488	-5252	6064	-2535	-199	-4067
-12004	-4668	5012	-4165	-123	-5346
-13084	-5060	4776	-4951	-731	-5183
-11944	-5708	5196	-5589	-2114	-4993
-10464	-5880	5128	-3752	-952	-5974
-12852	-6948	4820	-3070	303	-5826
-12456	-5772	5636	-1574	-2253	-4654
-11348	-6372	5196	-3417	-301	-4484
-13088	-7144	5624	-1356	-732	-3021
-11576	-7232	4416	-2894	-770	-3584
-12604	-6592	5376	-325	-314	-2635
-11328	-5964	3772	641	-1600	-3088
-12952	-6608	4468	1624	-908	-2487
-13144	-6292	5532	3744	-4667	-2374
-12208	-6740	3892	1869	-4628	-2215
-13284	-6096	6316	4191	-6804	-1490
-9908	-5300	6428	925	-8832	-1401
-11244	-6024	5076	2011	-5890	-1608
-12720	-4692	7820	775	-9473	-82
-8068	-4512	8556	-2709	-8749	-1052
-12184	-6572	8820	-1166	-5384	-496
-12020	-5036	10864	180	-7536	257
-8372	-5528	9980	416	-4961	-275
-11084	-6988	10856	3689	-1633	-508
-12932	-5756	12008	5178	-2574	-574
-10044	-5360	12284	2955	-2155	-275
-11952	-6676	11116	2310	285	557
-11560	-4972	11632	1083	-186	1282
-12132	-5816	12184	-1847	132	1691
-10440	-6720	10764	-499	-599	1642
-9364	-5004	8728	1107	1752	2139
-11208	-5200	11108	873	1873	2256
-9628	-5164	10572	1882	1385	1664
-9728	-4484	9176	3960	3023	1806
-11336	-3860	9648	3838	2626	2698
-11736	-4584	10928	2851	2145	2733
-11988	-4528	10528	2154	1786	2908
-12336	-5440	9176	1968	1668	3166
-13036	-3200	8920	1599	1795	4346
-12560	-2960	10236	-1459	1209	5202
-11956	-4588	9864	-869	2022	5455
-13660	-5060	8440	2827	1920	4699
-13192	-3044	10168	3028	1128	5446
-14456	-3376	10624	1681	2284	4469
-17460	-2976	9160	3947	886	3858
-15516	-3228	12284	1197	-2218	4240
-15960	-4628	12224	1374	-259	3285
-18524	-5440	11212	2158	-1620	2674
-15508	-3188	12824	452	-2853	2922
-16396	-3964	12956	-761	-1356	1393
-16356	-3240	12940	-379	-1770	932
-15896	-2384	11960	-244	-679	-234
-16156	-2688	11848	29	-360	-1076
-15652	-2672	12292	1854	-37	-2596
-17252	-2828	12184	2313	-161	-4206
-16568	-696	12660	2358	-883	-5077
-15700	-280	13592	-935	-643	-6226
-16492	-1468	12676	-2245	-1018	-6826
-14488	-828	11832	-4636	-2099	-6896
-13308	-984	11884	-8349	-849	-7104
-14436	-2296	11600	-10165	-421	-7016
-13012	-1872	10916	-10559	-498	-6752
-13520	-3792	11056	-12479	727	-5361
-11532	-5140	11836	-11120	848	-5094
-12160	-6228	8976	-7597	2893	-4595
-11696	-5884	8868	-4019	2333	-4091
-10864	-6008	10168	-1490	3030	-4146
-9848	-5124	7800	332	3769	-3944
-11592	-6664	8284	529	3143	-2901
-8812	-5676	8668	-1090	3647	-2107
-10552	-5944	6900	-3035	4698	-716
-12492	-8644	8472	-2361	2142	681
-8632	-6096	7828	-1359	3030	78
-11804	-6432	7484	-1242	4243	949
-11388	-7208	8344	-10	1221	1146
-8636	-6676	6776	1054	3457	1205
-11276	-6364	6448	2120	4058	1395
-13448	-8356	5664	3079	1116	2772
-8012	-6376	6600	1180	685	2703
-8576	-5996	6556	-894	4857	4180
-12412	-6632	5972	1431	4283	3703
-10596	-6852	5992	880	245	4921
-8724	-6464	4688	-200	3626	4711
-12448	-5876	5740	2389	4844	4245
-11292	-4948	6676	2589	204	4492
-9896	-6880	4672	1261	2417	3155
-13784	-8032	5056	3081	2912	4386
-12364	-4648	7172	1001	-963	5951
-10724	-5468	5372	-597	145	6082
-14008	-8688	4816	773	74	6090
-12076	-3388	4700	2171	-438	10375
-11088	-3080	5964	-1038	-1496	9874
-13140	-7156	5700	4181	-702	6840
-11156	-3800	6608	9821	912	4804
-13452	-4472	7332	8857	2373	-1002
-13848	-4076	7140	8274	703	-1984
-11780	-3016	7672	3674	199	-3812
-12756	-3552	8240	-1117	460	-3673
-12184	-3828	6824	-4493	-45	-2660
-13596	-3940	8920	-6097	184	-2167
-12260	-3660	7204	-5880	-1043	-2199
-12728	-5256	6656	-7832	-591	-2414
-12020	-4500	6816	-4584	-837	-2047
-10744	-4016	6192	-4286	985	-3255
-13852	-4624	6900	-2276	2184	-3215
-12424	-4800	5048	-1055	-170	-3372
-12716	-4264	5788	1248	2439	-2632
-13676	-3760	6876	2455	890	-3097
-12048	-3600	6036	1774	1295	-3579
-12812	-3244	5848	1056	2726	-2830
-12468	-4000	5496	1264	417	-3956
-11936	-3240	5052	2879	1353	-4309
-13980	-3156	4696	654	578	-3924
-12844	-4124	5444	-912	-2883	-4046
-12904	-4000	5020	-958	-1817	-3902
-13652	-4564	4448	-3695	-4054	-3018
-10444	-5588	3756	-5088	-5002	-2789
-12916	-5460	6524	-1809	-3753	-3569
-13944	-4732	5904	-3079	-6008	-2963
-11284	-5464	4912	-3488	-6638	-2205
-12400	-6028	8372	-2151	-4727	-2289
-13056	-5932	7340	-3488	-5041	-1878
-12400	-6740	7732	-1910	-4987	-1234
-12364	-8484	7816	-1577	-3090	-389
-12600	-8352	9780	1520	-3130	131
-10380	-6532	9040	3145	-717	341
-13092	-6084	9896	3181	450	668
-11052	-5504	9560	2449	-494	1678
-10268	-5748	8108	3847	1790	1646
-13320	-6000	9688	2597	725	2093
-11572	-5100	9276	-292	-1533	2731
-10816	-5048	7572	-279	1229	3274
-14448	-5032	8484	567	1320	3821
-13128	-5268	9256	-944	-2014	4313
-10908	-6836	7552	116	-596	4430
-14540	-5776	7056	5259	1188	3783
-14064	-2688	10476	5187	-2750	4631
-10684	-3288	9424	3445	-1740	4757
-12232	-5540	8748	6256	218	4771
-13648	-2452	9056	8028	473	5102
-12428	-1024	11028	4646	-513	4943
-12720	-2744	10296	3929	212	4792
-13528	-1560	9832	5992	230	4804
-14048	800	10492	4483	447	5167
-14492	412	11608	1279	-1045	4311
-14832	-144	11080	1137	-1405	3635
-16308	104	9792	1344	-1452	2928
-15500	244	11860	-1120	-2592	2656
-15404	-420	12632	-2969	-943	1501
-17156	-1768	11492	-2131	-684	159
-16132	-684	12496	-2291	-928	-71
-16216	-1760	11996	-2277	-421	-1707
-16056	-2424	12152	-1365	-760	-1629
-13808	-480	12584	-2218	566	-2364
-14320	-988	11988	-2649	2038	-3334
-15936	-3348	10384	-1797	1471	-3447
-14788	-4160	11088	-1651	1146	-3704
-15844	-4404	11820	-1378	3074	-5440
-18336	-3820	10944	244	1392	-5548
-16520	-864	11440	271	-578	-5595
-15124	-636	12484	-2668	-92	-6424
-15452	-2364	10164	-2525	17	-7051
-15376	-1980	9792	-3251	-1026	-6531
-13924	-2364	10820	-5921	-1613	-6915
-12148	-2520	10052	-6828	-1001	-6383
-13672	-3512	8692	-8027	1495	-5897
-14456	-4336	11172	-6881	-191	-5149
-10820	-4260	9716	-5419	410	-5237
-14540	-5872	8440	-3724	3165	-4940
-12592	-4700	10068	-1628	33	-4048
-10260	-3192	10560	-1250	4502	-4399
-14272	-4784	6556	-1047	4633	-4497
-12280	-5516	7820	-1208	1061	-2973
-9680	-5036	7644	-4506	4339	-2580
-11288	-5552	7260	-6332	5735	-1523
-13232	-8372	6324	-2470	2492	-1110
-8984	-6552	5712	-2095	2291	450
-10316	-7380	6584	-2758	4894	608
-12048	-9812	5988	995	2983	1011
-9676	-7564	5912	4782	2773	2966
-9740	-7812	5184	3486	3804	3400
-9760	-8052	6092	3598	1746	4581
-9364	-7448	4156	2860	2813	5842
-10388	-6232	4772	2443	758	6077
-9348	-6180	6376	-2317	390	6837
-9892	-7680	5048	-3422	1741	7463
-13416	-7780	5932	-1685	1785	9144
-10396	-6204	5960	-1652	-2021	9765
-9708	-6756	3836	-256	1290	8551
-12476	-5656	4592	788	-254	11315
-9876	-5480	7712	3031	-2736	9871
-10924	-4688	3892	9033	1919	4961
-14184	-2332	7064	10037	1118	1872
-12500	-2680	7164	6031	-811	-331
-13668	-5740	7924	3282	-347	-2922
-12952	-6228	8292	1473	-1758	-2936
-10272	-4504	6588	1168	197	-3178
-13588	-4016	9180	-2373	1136	-2369
-14164	-4376	7312	-3072	-1359	-1005
-12916	-4692	7728	-3604	-1806	-479
-12120	-3464	8044	-3395	-1017	-515
-11688	-4700	7024	-7642	-575	-1448
-13116	-5844	7264	-4411	-227	-664
-11080	-4676	6140	-1308	-1215	-2244
-11540	-2364	6372	-342	693	-2982
-12492	-3312	6472	-2338	-482	-3601
-11688	-5124	5604	-1098	-169	-3625
-12288	-4516	6476	704	884	-3768
-12416	-2552	6964	1868	-312	-3953
-11624	-3444	5084	197	292	-4354
-13108	-4656	6132	677	-526	-3235
-12152	-4272	6872	180	-2286	-4225
-12836	-4300	5272	-890	-1400	-3343
-13072	-4236	5456	-197	-4153	-2426
-11532	-4592	6896	-4458	-4507	-1875
-13280	-5344	6516	-3326	-3396	-1350
-11984	-4244	7088	-1568	-6466	-1388
-10172	-3552	6048	-3979	-3010	-1466
-14920	-6608	8960	-2904	-2070	-1598
-11580	-5568	7296	-178	-5013	-986
-12348	-5460	8208	-1097	606	-815
-14772	-7640	10260	-491	-2803	-49
-9940	-5256	8080	3976	-2389	-21
-14792	-5736	9684	3399	1250	-318
-12612	-5360	8960	3871	-3408	732
-8604	-4184	8924	4975	-868	457
-12940	-3748	9508	4453	1696	-489
-13204	-4148	9488	1928	-1925	23
-10156	-4104	9348	1809	-788	699
-12312	-3324	8876	1514	320	-346
-13388	-3204	10736	-555	-2380	339
-10696	-4220	9020	-1627	-2165	893
-11188	-5076	9316	552	-212	925
-13776	-4832	9968	2234	-677	512
-12356	-4468	10372	2030	-2766	849
-11284	-5240	9076	2668	190	526
-15656	-5008	11292	4738	549	273
-13264	-2876	11348	2738	-2831	734
-11564	-4040	10300	763	-222	927
-12960	-5112	10072	2578	547	924
-13164	-3520	10408	2470	-317	1344
-11420	-3208	10172	965	-634	1168
-12272	-4476	9660	1517	871	1113
-13272	-2784	9924	3102	-67	1560
-11972	-2328	11648	866	-344	1624
-13732	-4752	11256	534	1083	1160
-15012	-4660	11656	1512	1228	1019
-15956	-4452	13068	665	213	1011
-15008	-4660	13352	46	-314	507
-16552	-5232	13724	-351	557	-647
-17188	-5212	12684	-1040	-1350	-1019
-14688	-4468	13856	-3071	-1722	-1718
-14888	-4440	12520	-3167	-321	-2815
-15600	-4048	12584	-3198	-1328	-2927
-12492	-3320	12804	-5329	-832	-3464
-14104	-5560	11740	-5047	792	-4674
-16360	-6240	11564	-2961	-907	-5279
-13748	-2964	12808	-3837	-2137	-5973
-13276	-5724	13028	-6149	-391	-6968
-14340	-6224	11472	-3446	-379	-7261
-12676	-4952	11220	-4506	-72	-6671
-12716	-5780	11840	-7403	1625	-6170
-12408	-6740	9808	-8488	1185	-5162
-10508	-6804	9612	-7113	2638	-4410
-10480	-6204	10216	-7008	3628	-3855
-11328	-7684	7368	-4895	4519	-3357
-11292	-9220	8680	-1196	3096	-3046
-9912	-6808	8160	-542	4783	-2728
-12396	-8588	7768	-1726	3365	-1946
-9800	-8824	7272	405	2445	-1188
-10588	-7696	6680	-1641	4132	323
-11332	-8368	7980	-2522	1615	1145
-10228	-8412	7332	-3121	2560	1960
-11152	-8968	6504	-2352	2057	3002
-9980	-9536	5748	-311	1124	3504
-9604	-7780	7424	1944	1901	4300
-9308	-7932	6312	3425	2113	4075
-10272	-9108	6132	3949	2180	4457
-10564	-8104	6920	4247	2001	6077
-8100	-5644	6888	3482	148	6055
-8360	-5752	4516	549	4077	5819
-12296	-7520	5876	-961	4091	7559
-11172	-7052	9084	-1630	-963	8073
-7728	-5828	4400	-392	774	6562
-10964	-5224	5192	1811	3835	5148
-13024	-4372	6812	938	1386	4822
-12256	-4380	7488	-3505	-300	6143
-13020	-7220	4856	-1485	1280	5837
-11928	-5664	5560	1505	-130	8047
-9784	-3144	4740	-1932	834	9056
-12320	-4556	6808	-3950	2406	6385
-13752	-6284	5292	-128	1380	4857
-13808	-5940	6904	1409	318	3986
-12932	-5772	7816	1336	223	2452
-12312	-5952	6412	4270	1284	724
-13052	-5332	7296	6535	1312	-1239
-13008	-4488	7280	4133	234	-3251
-12260	-4296	6960	1810	-716	-3307
-11864	-3692	6984	-284	-721	-3437
-12504	-3740	7020	-3207	-1050	-3483
-12720	-5376	6412	-6482	-2461	-3683
-11688	-6272	6464	-4545	-2567	-3885
-11396	-6192	5520	-2546	-1231	-4992
-11464	-5228	5868	284	-922	-4399
-11032	-5032	6624	601	-664	-4845
-11684	-5620	5416	1540	449	-4354
-11132	-5584	6792	1405	-807	-4519
-10596	-5872	5704	1359	748	-4626
-11936	-6028	6088	2365	-532	-3981
-11112	-5856	6400	469	-1974	-3279
-11808	-5468	6540	2735	-1564	-2179
-12880	-5744	8488	3740	-3845	-1192
-10816	-3468	6324	3744	-4308	-574
-11824	-3352	6092	-1139	-1537	465
-13824	-4676	8024	-1175	-3933	1596
-12032	-4700	6884	-3687	-2985	2317
-15736	-5028	9480	-4056	-2192	3756
-12460	-3884	7840	-1898	-6145	3535
-11996	-2348	7840	1530	-1549	2547
-13432	-2964	8840	3030	-3078	1591
-10328	-2268	8896	4008	-2862	388
-12284	-2224	8880	4061	-1160	-396
-11516	-1356	8724	3178	-2362	-126
-12648	-2516	9920	-1073	-856	1023
-14220	-4280	11308	-2541	-4058	1235
-10456	-3232	8900	-2225	-3582	1494
-12120	-2904	9020	-3237	-721	2448
-12672	-4256	10600	-3029	-2854	2624
-10528	-4504	9436	12	-2544	2356
-11456	-3904	7760	3604	-1090	2092
-11436	-2180	10692	5262	-2093	2804
-10576	-2192	9816	5986	-1443	1936
-12772	-2228	10960	7213	-186	2000
-13380	-384	12816	5335	-1050	3166
-13460	-828	11980	1781	37	3568
-14620	-2760	11560	1139	-1060	3715
-13252	-1292	12464	749	-209	3817
-14964	-1056	13320	-275	709	3204
-14988	-1640	12056	-272	-863	2841
-14600	-1480	12492	218	-318	2517
-15204	-1736	12972	-222	-379	1686
-14404	-1684	12976	-553	88	1122
-14888	-1860	12948	-349	391	-79
-14952	-2240	11656	55	-436	-733
-13628	-2040	12240	-187	-248	-1270
-13184	-1332	12464	-1476	1490	-1453
-14904	-2312	11576	-2692	1906	-1999
-14916	-2996	12464	-3009	654	-1406
-14132	-2716	12680	-3817	1951	-2290
-16244	-3096	12896	-4481	1916	-2973
-16592	-3856	12708	-3996	886	-3495
-15700	-3764	13252	-3030	840	-4754
-15428	-3044	12052	-1847	1008	-6472
-15972	-2424	11848	-1156	131	-6794
-14256	-2620	12340	-3166	196	-7353
-15312	-4032	12136	-4833	1536	-7593
-15744	-4300	10636	-5842	-70	-7372
-13460	-3736	11316	-6360	597	-7170
-14456	-2304	12452	-8565	2043	-6731
-15732	-6396	10012	-7448	1510	-7154
-12052	-7552	9344	-3844	694	-6057
-10564	-4120	9160	-3779	4261	-4920
-12060	-5896	7484	-3476	4506	-4469
-10500	-6140	8048	-2284	4124	-2556
-9292	-6612	7524	-2268	5916	-1185
-11472	-10420	6868	1412	4892	-1163
-10008	-7560	6608	5395	4419	-345
-10120	-5680	7132	3089	4688	1176
-11868	-8164	6140	2297	4599	2239
-9804	-6784	6448	2080	2724	4858
-8912	-6168	4300	1118	4663	4942
-11508	-7384	6244	-913	4530	6150
-10664	-6988	5208	-385	1937	8043
-9308	-6340	4764	1336	904	8095
-9172	-4804	4292	2786	2564	8207
-10424	-4820	6396	1183	1884	8063
-9844	-5616	5204	2224	867	7488
-10228	-5368	3892	2534	2444	7004
-12548	-3712	6744	1383	2170	6774
-12048	-3236	6496	-2976	953	8148
-12668	-5256	4140	-4957	301	9129
-13004	-2952	7444	-6337	-741	12405
-10712	-1496	5364	-7984	-1278	12257
-12472	-3472	7596	-8684	-138	9521
-13036	-3824	6328	-1947	-371	7553
-12856	-3532	7220	2111	-510	3087
-13988	-2616	8156	6123	1651	-133
-13540	-1792	6700	5550	194	-2464
-12176	-1480	6188	2391	265	-3504
-14020	-1356	7336	64	514	-3836
-14096	-1144	7196	-4385	-899	-3473
-13788	-1440	7184	-7227	-1182	-3451
-12808	-2380	5876	-8685	-1482	-3944
-13536	-3040	6944	-7748	-1156	-4214
-12804	-3896	7972	-6381	-2364	-5666
-11164	-3908	6368	-3115	-824	-5527
-12652	-4620	6204	-171	955	-6600
-13308	-4552	6844	2709	-45	-6559
-11520	-4392	6196	2428	-468	-6768
-13072	-5972	5988	1849	1692	-5842
-13712	-4216	6580	3515	18	-5150
-11200	-3228	5452	644	-875	-5888
-12288	-4444	4756	324	948	-5538
-13088	-5836	6932	-429	-1660	-5277
-10912	-4760	5624	1189	-2308	-5461
-13444	-5644	5036	-18	-708	-5060
-12916	-4824	7824	1822	-5588	-4072
-8536	-4848	6280	-16	-5057	-4885
-11944	-6696	4556	679	-1256	-5093
-15476	-7324	6904	-1467	-5316	-2743
-11268	-6044	8424	-2965	-8352	-1937
-9868	-6036	6428	-3304	-4302	-1842
-13452	-6944	6496	-3142	-3301	-793
-11344	-7980	10016	-2537	-7512	-483
-6076	-6504	7528	1380	-3795	-2073
-11484	-6636	10052	2968	2298	-1482
-12868	-6608	9864	3317	-1854	-723
-8208	-5852	9412	2484	-854	-421
-11168	-6204	9036	2162	1947	-184
-13352	-6872	9576	-541	708	1262
-12236	-6668	10608	-1113	-1283	2549
-10908	-5788	9872	-911	-806	2470
-12100	-6560	8840	-884	-391	3024
-12260	-6468	9104	251	-1069	3608
-10636	-5344	10940	1037	-1043	2969
-11728	-5376	10104	3236	595	2366
-12772	-5240	9692	3921	387	2306
-12180	-5028	10164	3439	908	3112
-11872	-5412	10588	3495	1752	3026
-12816	-4892	10556	4208	2828	2945
-13772	-3344	10504	3882	1829	3297
-13504	-3124	10256	2159	1182	3022
-13028	-3368	9964	810	1341	2822
-13368	-4016	10148	693	936	2066
-13808	-3916	10156	878	683	1708
-14920	-3412	9760	-251	110	1751
-13872	-3660	10860	-1343	-617	2232
-14428	-4292	11092	-1403	1073	1197
-16732	-4908	10920	-826	405	717
-15924	-4896	11556	-1379	-36	511
-16536	-5944	11880	-1553	470	-694
-16700	-5444	11596	-1229	248	-1600
-16428	-5156	11652	-2312	962	-2194
-15968	-5244	11172	-2482	971	-3032
-15840	-5604	10876	-2596	1583	-3628
-16336	-6244	10744	-1794	1039	-5059
-15944	-6100	10500	-535	445	-5930
-15596	-5364	11276	-916	849	-6615
-16948	-6128	10384	172	-6	-7772
-15176	-4932	9952	232	-1148	-7149
-14512	-5508	9432	-3372	517	-6424
-15532	-6512	10784	-2287	855	-5693
-14244	-5644	8656	-2485	1177	-5358
-13268	-5352	9352	-5466	595	-3882
-11048	-6204	9128	-5615	1938	-3795
-11484	-5300	9140	-4142	3811	-3235
-11772	-5520	7560	-5876	3244	-1467
-9736	-7076	7972	-5255	3812	-1091
-10096	-6988	5576	-5814	6944	19
-14448	-9260	6036	-5856	4446	1123
-10208	-7884	4356	-4790	1743	2112
-10400	-7020	6332	-4662	3718	2879
-11044	-8492	4704	-1222	1582	2968
-10704	-8552	3692	2683	1757	3027
-11872	-7372	5848	1587	1291	4480
-10044	-7296	6604	2008	614	3778
-11284	-8008	4328	3340	2976	4939
-11648	-6020	5416	2853	1735	6564
-9492	-4688	6088	844	1619	6524
-9952	-5852	5980	12	3938	6590
-12644	-7320	4504	376	3296	5638
-11072	-4572	4532	2213	933	6503
-10308	-3720	5624	-1669	2030	6352
-11952	-6272	4772	-3594	2086	6161
-13116	-7732	3100	-1533	1488	7202
-12392	-5628	6432	-1151	150	10561
-9724	-5976	5104	-1680	-628	9116
-11928	-6680	1896	5035	4028	6252
-13572	-3236	4780	7950	2193	6981
-11784	-2988	4720	5699	84	2557
-13464	-5648	4796	7033	2289	-1086
-14308	-5100	5300	8019	745	-3344
-11976	-4076	4144	4032	-502	-5814
-14072	-4828	5652	-1076	509	-5578
-14552	-5492	5812	-4766	-2442	-3885
-12388	-4420	5696	-5283	-2039	-2534
-13868	-5556	5044	-7391	-1264	-3063
-13016	-5128	4960	-6098	-3119	-1586
-11072	-4936	5028	-4930	-2666	-4258
-12132	-6460	4252	-4974	-986	-4211
-13616	-6580	4932	36	-794	-3732
-12568	-5704	4836	306	-1644	-5162
-13404	-3828	5332	1302	-53	-2977
-13176	-5060	5508	-1463	-2755	-3447
-11880	-6052	5964	-274	-2360	-2692
-11128	-5236	5136	71	-2270	-3394
-12032	-5132	6596	-2274	-1211	-3104
-12856	-4808	6732	-2311	-2742	-1994
-10664	-4716	4792	-609	-2932	-3122
-13392	-5380	5228	-305	-783	-2812
-14220	-5608	6644	-847	-4675	-2621
-11200	-5760	5496	-232	-4931	-2835
-13156	-5732	5416	343	-3164	-2423
-12872	-4432	7240	-455	-7185	-1834
-11100	-5856	6492	-2507	-5369	-3000
-12476	-7332	7268	-802	-7269	-2830
-9612	-7208	6472	-3595	-8242	-1371
-13348	-8192	9732	-2463	-3375	-430
-12396	-7092	9976	1709	-7541	1146
-7108	-6588	8312	245	-5622	1390
-11268	-8940	9964	3029	1585	1233
-12548	-7060	10832	7535	-2434	1687
-9028	-3712	8920	5130	-768	2025
-13076	-5596	9388	2654	1679	2113
-11684	-5496	9472	3070	-1559	3412
-9332	-2648	9696	3317	793	2378
-12096	-3016	9584	1127	1414	2228
-11148	-4184	8928	1244	264	3018
-11612	-4512	9620	3009	1811	2401
-13784	-3076	10584	3403	2031	1717
-14516	-2784	10748	2358	632	1734
-12956	-2824	10120	1117	548	1567
-14584	-3280	10644	283	1929	792
-15136	-4712	9744	-106	-342	397
-12280	-4052	9596	-676	-875	1099
-13228	-4112	9808	228	183	451
-13464	-3792	10816	-670	-1527	814
-12064	-4224	11024	-1681	-1163	1228
-14060	-5420	11376	-1116	714	506
-15896	-5720	11792	-1757	-665	996
-14864	-5640	12664	-3995	-483	1023
-15508	-6704	12040	-3891	850	101
-16604	-7280	11340	-2416	-455	-71
-14084	-5776	11316	-2265	-404	-528
-14652	-6712	9940	-1465	1438	-1731
-15312	-6888	9808	1306	47	-2037
-13204	-4896	10368	681	708	-2309
-13956	-5460	10620	-781	2266	-2944
-16068	-6588	11584	-611	2954	-3167
-17252	-7364	10616	-1927	110	-3757
-14324	-6072	11404	-3912	-1452	-3809
-13976	-6652	10248	-3131	1035	-4469
-15808	-6516	10492	-3	-91	-4762
-13640	-5612	10084	-511	-1142	-5063
-13264	-6472	9944	-242	991	-5870
-15112	-7088	9708	648	1028	-5576
-13864	-6248	9576	-12	319	-5192
-14504	-5956	10640	-1142	3013	-4738
-15580	-6388	9708	-3466	1726	-4305
-13564	-8024	9928	-3675	1150	-2736
-9996	-6640	9156	-3479	3978	-1917
-11056	-6624	8568	-524	5202	-1620
-8904	-7048	5956	2384	4336	-910
-9696	-7260	7080	2632	5605	-247
-9384	-6916	8336	2834	5133	154
-10404	-6440	4936	3432	5680	834
-12460	-7192	5744	852	3754	3102
-10316	-7144	7016	-1718	2413	3728
-11036	-6048	5920	-2620	5140	4507
-15288	-7424	4872	-1871	4029	6247
-11640	-7400	5584	-712	320	8812
-9436	-5280	7396	2178	1041	9014
-9236	-5112	3796	5655	2583	7354
-10176	-5328	4784	5827	2090	6928
-9332	-3228	7768	4604	-442	6681
-7308	-3264	4328	4086	2422	3703
-12312	-4824	5900	1827	4299	3286
-13664	-4116	7516	-1272	884	5855
-10644	-3040	6708	-3386	779	7938
-11988	-4864	6972	-4523	2121	8571
-12256	-4124	5320	-1995	2155	10025
-12672	-2440	7624	-1702	1832	7594
-13040	-3516	4900	-2489	1585	4013
-13712	-5684	6688	612	-131	2183
-13192	-3440	7004	4351	2242	495
-13940	-2432	5108	2511	1525	-2038
-13268	-3200	6128	-573	-864	-2841
-12896	-4084	6664	-1400	-155	-3903
-13512	-3336	5852	-4380	-465	-3657
-14028	-3832	6476	-6985	-1224	-3451
-12568	-4244	5988	-8128	-2347	-4194
-13072	-4940	4684	-8364	-1327	-3928
-13308	-5128	6816	-6015	-2989	-2900
-11324	-4432	5520	-4582	-2235	-4628
-13428	-6168	4976	-5390	-663	-4196
-13492	-7084	6704	-3922	-3024	-3716
-11040	-5424	5440	-1651	-737	-3764
-13700	-5180	6340	-1458	156	-3069
-12204	-5364	6176	-1177	-2051	-3701
-12200	-6632	5648	-1622	641	-2795
-13148	-6360	6996	400	-361	-2156
-11116	-4524	6168	-477	177	-2243
-12496	-5072	5620	-398	1410	-1818
-10672	-5924	4664	999	-718	-3420
-10372	-5296	4160	2150	1124	-3776
-12924	-5260	4424	2474	-302	-3824
-13100	-5104	5636	1872	-2345	-3814
-13652	-4924	5168	1022	-2568	-3150
-13156	-5968	5336	-1243	-4074	-2491
-13572	-6340	6380	-198	-3299	-1606
-12380	-4760	6856	749	-4908	-1704
-11608	-5272	6308	-59	-3787	-2096
-12284	-6192	6616	758	-3350	-2522
-11968	-4644	8660	-28	-3498	-2066
-11168	-5788	7576	-3137	-2974	-1512
-12680	-8168	8712	-3368	-2686	-1297
-11412	-7072	7972	-2279	-2588	-40
-11924	-8360	9668	-4068	-2123	830
-11292	-9264	9504	-900	-4216	1132
-9488	-6856	8328	4005	-662	686
-13792	-7668	9736	3835	-571	1145
-11504	-7392	9516	3177	-3647	2361
-9720	-6276	8728	4239	-1564	1672
-12264	-4032	8840	3695	-617	2295
-11884	-4540	9228	-634	-3256	3080
-9808	-6052	9352	-2501	-3000	3665
-11960	-5156	9900	-1093	-1092	3243
-12764	-4136	10384	-2419	-2453	3889
-11272	-6092	9420	-2778	-2281	4552
-12900	-8000	8824	233	-608	3905
-14004	-5944	11548	1856	-2392	4345
-11108	-3772	11064	2802	-1791	3828
-13280	-4028	11044	4414	517	3287
-13284	-3720	10816	4633	-854	2790
-11240	-2608	11108	3888	-213	2876
-11976	-2312	10524	2844	1168	2588
-14152	-2812	11460	1618	568	2447
-13128	-3220	10332	-405	-193	2434
-14080	-4708	10608	-627	392	1986
-15784	-4132	11820	-746	68	1695
-15184	-3872	12512	-2040	-577	1466
-15624	-6024	11560	-371	-814	1080
-14468	-5004	12192	1214	-680	207
-14908	-4228	11564	1710	-448	-655
-13868	-3232	12060	504	-471	-781
-14464	-4088	11176	-790	238	-1198
-13660	-4276	11380	-443	12	-1173
-13444	-3496	12116	-1672	1541	-1926
-14440	-3420	11520	-1629	1739	-2695
-14976	-4688	11008	-1639	1197	-2818
-14104	-5112	12412	-1137	578	-3264
-13816	-4220	12000	-1055	2123	-4619
-16668	-4804	11784	-1023	2036	-5522
-14696	-4808	11668	-1049	-869	-5259
-12712	-3168	11456	-1281	1236	-5754
-15596	-4936	11304	-2648	1652	-5355
-12604	-5780	9880	-2761	340	-5024
-12588	-5276	9540	-3322	2599	-4405
-12400	-4736	9064	-3681	1251	-3804
-12532	-5176	9700	-4262	3325	-3033
-12208	-5256	9388	-4807	2252	-2519
-12892	-6164	8824	-3941	3747	-2353
-12260	-5472	7724	-3852	2290	-1433
-12524	-6384	9924	-3192	3012	-1439
-10916	-4628	8544	-1275	3507	-1058
-13904	-7372	6976	-2172	2801	-216
-9440	-6048	7168	-895	1293	-31
-10204	-4936	7728	-2381	4649	1212
-14216	-7720	6388	-3741	2869	2604
-9484	-7472	6616	-1305	-705	2743
-9544	-6860	7096	-774	4411	3608
-14376	-7688	6144	-212	2922	3866
-11060	-6748	7200	-204	-1936	6215
-7408	-6312	5536	-1011	2151	6990
-12112	-6872	6312	1135	3791	6764
-10092	-5140	6780	2162	-908	6521
-8272	-4288	6156	2023	1971	5270
-11968	-4976	5020	1784	4274	4539
-12604	-3404	7048	733	943	6089
-11000	-2692	6804	-2164	1919	6036
-12268	-4788	5568	-2756	2073	5263
-12984	-4612	5156	-1608	1838	6189
-12536	-3512	6100	-2321	1978	7441
-12476	-4036	7144	-2750	866	7398
-12160	-4832	3052	-583	1829	6632
-12852	-3668	4916	2937	1179	5269
-12772	-3044	6148	2542	1838	1463
-13824	-4260	5464	2004	634	-1022
-14432	-5900	4952	3049	862	-3509
-14140	-4244	6412	2755	-110	-3491
-11808	-3380	5492	-2555	-800	-3798
-14264	-5252	6068	-4298	722	-3588
-13916	-4948	5756	-4911	-1692	-2800
-11828	-5032	5456	-6087	-1163	-3613
-13348	-6676	5992	-5937	-708	-4409
-12132	-5184	4356	-3733	-1167	-3889
-12064	-4908	5392	-1723	-633	-5850
-11424	-6944	4000	-2359	-1243	-7143
-11800	-7320	4468	-1014	-747	-5665
-11120	-6696	4236	-620	-1511	-6259
-12428	-5380	5320	-1835	182	-4589
-10980	-5180	5976	-3636	-2158	-3480
-10072	-7708	5936	-4607	277	-3477
-11184	-7172	5600	679	9	-4315
-10084	-8176	2012	-1410	776	-3775
-13276	-6056	8524	1702	-1333	-2604
-9532	-5960	5304	-814	-3394	-3361
-12424	-7068	4456	790	-1135	-2122
-14072	-7108	5164	-1653	-5065	10
-11148	-6404	6700	-2438	-6475	46
-11556	-7092	5624	-1700	-3671	447
-13456	-7336	7508	319	-4361	1385
-12836	-5164	7708	458	-4397	1735
-14000	-5116	8836	-264	-4169	1701
-11680	-5356	6868	1416	-4536	1876
-12296	-4836	8476	1623	-2801	1233
-12920	-4256	9444	229	-3340	863
-10944	-5028	8432	524	-3758	920
-12044	-4068	8648	855	-1874	1815
-14836	-6204	10192	-1860	-3354	1790
-11352	-5868	9472	-1123	-4646	1867
-10924	-5252	8540	1258	-2422	2043
-12576	-5036	10468	2031	-3716	2337
-11024	-6088	10468	2299	-3615	1983
-12108	-7000	9356	5245	-2447	2511
-12908	-3532	9772	6144	-2975	3148
-10736	-2732	11536	2872	-3943	3038
-12328	-4668	10768	3967	-1881	3062
-13060	-3128	9912	4703	-3905	2858
-10856	-1168	11820	412	-2981	3597
-13000	-3672	12192	-25	-1773	3529
-12400	-3260	11056	1263	-2753	2685
-11912	-1816	12716	-1369	-1961	3323
-13768	-4192	12612	-1166	-1411	3149
-13628	-4680	12876	595	-2720	2626
-12124	-3788	14296	-525	-1237	2347
-15276	-5192	14084	-215	-642	1812
-13700	-4464	14228	33	-1409	1275
-13780	-5196	13440	-115	-194	429
-13696	-4868	12840	695	-1420	35
-12544	-3004	12920	73	36	74
-13464	-3300	13272	-1476	517	174
-14096	-4216	11452	-938	105	-360
-13580	-3864	13532	-1312	-63	-498
-14160	-3492	14144	-2549	788	-1172
-14084	-2716	14704	-3020	1217	-1883
-14844	-4308	13936	-2835	1977	-2233
-12932	-3424	14396	-3772	2711	-3562
-14332	-4264	13340	-5390	4292	-3970
-14892	-4872	12768	-2198	5311	-5448
-16268	-5524	11560	764	4114	-7805
-14912	-3900	9600	-912	3120	-7521
-13984	-3856	11312	-4961	3879	-5849
-14128	-5072	11212	-6596	4135	-4588
-13800	-6444	8668	-6213	1961	-3679
-11004	-4332	9860	-5282	2177	-3242
-11820	-4144	10272	-2759	3168	-3786
-10884	-3336	8900	-3331	3609	-2589
-11724	-6592	10408	-3980	2840	-1656
-10920	-5736	9120	-1756	4863	-1857
-13344	-6192	7888	-3472	3333	-168
-9008	-6136	9152	-2171	3438	-484
-10168	-4348	8612	40	5755	-298
-13412	-6824	6852	-919	3893	888
-8412	-7476	7668	3185	2400	-212
-8136	-4808	6324	3903	5399	444
-14316	-5756	4120	993	6585	1648
-11564	-7344	8344	860	-1598	4273
-4364	-5988	5920	1436	1002	4291
-11228	-7476	3768	2206	9189	2597
-14540	-6008	7156	-3	-2210	6792
-5424	-3852	7964	-2213	-4908	7108
-5104	-6800	2340	-4211	4492	2683
-14508	-8832	4788	-4811	7602	4725
-14728	-6500	8528	-5016	-1984	7753
-8552	-7320	7024	-4647	132	6130
-12052	-9096	3424	3213	6274	4838
-12180	-4204	4516	6814	2375	7114
-11056	-2316	7144	807	1971	6830
-13588	-5684	4016	-919	3099	5774
-15908	-6616	6196	2485	423	6055
-10664	-2936	5468	3034	-570	5040
-11196	-4248	4032	1858	2940	278
-16884	-6424	4624	3249	2957	-1890
-12280	-4184	4384	755	-1767	-2780
-11080	-5240	3036	-3921	2541	-4990
-16160	-6964	5500	-5139	370	-4513
-11128	-4980	3584	-5227	-2066	-3123
-13036	-5340	4240	-5954	1528	-4399
-14244	-6936	2688	-5878	-1530	-4513
-12116	-7456	4040	-4187	-2417	-3973
-12776	-7568	5188	-3403	-1557	-4595
-13808	-5340	5872	-2331	-2425	-3761
-10732	-5364	4080	-2218	-3106	-4999
-11428	-6840	3040	-2863	-1046	-4738
-12408	-6624	5984	-3356	-2403	-3841
-10616	-7064	6000	-4558	-2718	-4838
-11260	-6836	3620	-880	21	-5000
-12984	-6504	5480	-2210	-1283	-2727
-9796	-6892	7676	-2632	-3514	-3325
-8316	-8064	2184	2436	447	-4682
-14224	-7716	5344	5569	436	-3014
-10592	-5208	7592	5233	-7060	-3944
-9124	-8108	4168	4765	-3744	-5313
-14604	-6380	5552	5451	-3700	-2661
-10836	-4316	8592	-1627	-8347	-928
-9736	-6284	7800	-2237	-3915	-247
-13872	-7164	8472	180	-3892	494
-12232	-6516	8740	-1776	-5185	704
-11016	-6856	9184	-758	-3536	-274
-12056	-5048	9508	2583	-1628	-799
-13284	-5608	10356	712	-1070	10
-11076	-7912	9856	760	-2135	102
-11268	-7024	8592	3792	-795	-193
-12488	-6692	8644	1820	-1069	678
-11364	-8104	9496	-461	-1080	1762
-10696	-7236	9912	663	-1621	1937
-9768	-5716	8724	2747	-1095	2510
-10120	-5456	8912	3657	-725	3044
-10976	-6816	9680	3000	-839	2837
-10644	-6284	9796	3702	-1824	3354
-11332	-5304	8964	4561	-366	4290
-14076	-4116	11516	3064	-1744	5462
-11816	-3916	11320	1355	-3050	4854
-12680	-4388	11424	1270	-1532	5626
-14088	-5132	11796	2211	-1724	5389
-13320	-4200	11816	2351	-885	4508
-12392	-2684	13044	2572	-634	3813
-13996	-4404	12028	3701	147	3066
-15480	-3232	11208	4243	77	2696
-13676	-2232	12784	-112	-868	2215
-14288	-4504	12332	-962	-69	1516
-15480	-4000	11156	-188	-1030	1510
-12824	-3160	11872	-3129	-1089	1591
-13624	-4888	12320	-2760	-19	500
-13480	-3848	11620	-482	-49	-293
-13712	-4020	12104	-924	1102	-184
-14480	-4784	12728	-1022	2290	-790
-15740	-5128	11984	336	3155	-1706
-15420	-4224	12492	527	2906	-2585
-14852	-3432	13088	-594	4012	-3430
-16024	-4248	12216	46	3380	-4269
-15744	-4632	11560	-1025	2335	-4202
-13496	-3504	12172	-2727	2731	-5445
-16140	-3368	11132	-3791	3095	-6409
-15408	-2424	10456	-7460	1044	-6206
-13328	-4480	11200	-8896	1356	-6673
-13936	-4916	9620	-8048	3261	-6468
-15544	-6676	9552	-7914	2320	-6537
-13140	-6208	10000	-4959	2927	-7258
-12108	-4468	8144	-4942	4917	-5876
-13600	-7860	9684	-3207	3653	-5724
-10296	-6436	6572	-879	4909	-5775
-11836	-6828	6332	-2853	5730	-3967
-11624	-8288	7564	-1994	4126	-2954
-9028	-7188	6048	252	5847	-3270
-12588	-7972	6960	619	5341	-2109
-9204	-7632	6448	1185	3793	-1317
-9720	-9048	4992	2599	5066	-1809
-12064	-8832	4828	2661	4253	51
-10424	-8668	6572	742	1912	1044
-9100	-8688	4116	2121	3263	1320
-12916	-8660	4496	1680	3968	3240
-11284	-8140	6924	377	-1005	4082
-6616	-7340	5752	2627	941	3658
-11140	-7728	3032	3603	4901	2597
-12628	-7368	5404	1307	267	4024
-9816	-6940	6656	-388	264	4795
-10192	-7068	4360	782	2204	3884
-12608	-6364	5380	1143	1167	5551
-11172	-6128	5720	70	152	5470
-11324	-6468	6104	-520	905	4527
-12196	-6648	3132	-555	1365	5303
-13196	-6368	5444	-2293	711	6657
-12492	-6480	5484	-2435	-904	9027
-11216	-6880	3652	-972	-2350	11532
-12008	-6672	4320	3247	-691	8870
-10892	-2564	5280	5039	-1057	7285
-12088	-4204	6944	2600	1316	272
-14744	-7860	4508	5570	1812	-3180
-12940	-5852	4980	5326	-648	-3683
-12396	-4608	6888	568	-286	-4856
-12648	-6684	5696	-3694	-699	-3204
-13828	-8024	5280	-5476	-877	-1665
-13452	-7200	6020	-5501	-1757	252
-12220	-6588	6388	-5319	-1400	-655
-12024	-7512	5224	-3814	-1073	-1788
-11468	-7188	5532	-621	37	-2501
-12244	-7372	6668	-1250	60	-3263
-11524	-6060	6184	1222	-424	-3215
-11372	-6320	3444	1487	883	-5075
-13360	-5340	5912	1054	41	-3106
-9900	-5384	5376	-2757	-2160	-3937
-12296	-7816	4792	-2522	2037	-3338
-12896	-5684	6128	119	-2892	-2420
-9400	-4724	4844	-2840	-883	-3021
-12076	-6492	6296	-309	1010	-2666
-10112	-6868	4932	1633	-1627	-3798
-12128	-6016	4304	1302	925	-3559
-14948	-5816	6280	-386	-2876	-2263
-10036	-5492	5440	-77	-5177	-2607
-11916	-4900	5156	-1988	-1882	-2061
-15984	-7556	6272	-4451	-4553	-639
-11868	-6748	8440	-2212	-7217	-114
-9784	-6116	5128	-2797	-2545	-1203
-14416	-7564	6916	-2110	-1563	-305
-11304	-6792	8524	-404	-4404	71
-9292	-5116	7772	-1052	-1341	-265
-14304	-7588	7820	-1695	818	117
-12932	-8316	8168	466	-3094	1379
-8656	-5712	8156	2900	-976	559
-12988	-6516	7608	2249	2265	-324
-14004	-7072	9132	3354	-1668	872
-9776	-5264	8240	4660	-750	801
-13488	-6044	7624	2981	531	489
-14160	-7224	8564	376	-3368	1591
-10668	-6672	8540	-530	-2809	2337
-12844	-6068	7824	1172	-1449	1574
-13012	-4688	8608	536	-3682	2871
-11032	-5992	9224	-766	-2844	2965
-12156	-7584	8508	3118	-1339	1610
-13032	-4452	8744	6041	-1836	1593
-11488	-3808	9808	3753	-2139	1819
-12996	-6068	10520	4949	-522	1553
-13844	-5400	9240	5761	-1540	1310
-12760	-3572	10088	3135	-1654	2123
-12856	-4088	11400	-36	-1136	2873
-13940	-5416	10856	1195	-1581	2897
-13144	-4632	10604	1303	-2343	3253
-11932	-4656	11924	226	-1454	3271
-13936	-5352	11992	1962	-65	2245
-14896	-4384	11508	2725	-753	1657
-13752	-4532	11836	1538	-1002	1178
-14008	-4704	12528	1717	129	847
-14772	-3476	12016	975	1061	408
-15788	-4896	11840	-865	256	40
-13692	-5248	12172	-1238	-27	-44
-14504	-4572	12252	-1295	1197	-893
-15048	-4712	12096	-2183	707	-1187
-14280	-4464	12636	-2558	903	-1895
-14700	-5104	12096	-2992	1700	-2623
-15100	-5156	11364	-1638	1249	-3157
-14076	-4164	11776	-1934	1570	-3788
-14612	-5484	12456	-2528	2263	-4832
-15196	-5248	11072	-2220	2259	-5489
-14696	-4448	11504	-3267	1682	-5966
-14692	-5448	11148	-4036	2113	-6608
-13564	-3700	12088	-6676	2161	-6037
-12588	-5064	11184	-7424	3709	-6891
-15288	-7696	9688	-4051	5221	-7316
-12840	-5864	7960	-4248	3619	-6763
-11248	-5080	9580	-6186	6363	-6322
-13472	-8140	6224	-4971	7476	-6267
-12560	-6840	6684	-4196	3608	-4155
-10260	-6312	7080	-8526	5660	-3569
-12660	-9364	6936	-6257	6989	-3363
-13960	-10600	4720	-2813	3731	-2052
-10600	-7920	6544	-3913	2772	-1229
-9324	-8424	5684	-3439	5572	-783
-13056	-10056	2780	1205	5536	-388
-10880	-7732	3724	-1350	1003	1936
-8960	-9304	4664	-2183	2611	1793
-10116	-9956	2872	1868	3539	2241
-12148	-8596	2300	1497	1964	3437
-11216	-8612	4112	-1765	-392	4885
-9176	-9720	4228	-505	-216	6600
-10416	-8500	2360	3375	-975	5911
-9236	-5832	2580	1004	-1857	6482
-9204	-7772	5252	-2548	-1860	6366
-9608	-8960	4288	-47	-1256	5837
-10276	-7296	1284	2374	-520	5982
-11532	-6904	3632	-924	540	6283
-13220	-9076	5156	104	-1473	8020
-9440	-9488	2908	4522	-3271	9054
-9868	-5616	1104	11100	3392	7248
-12660	-3436	5116	9203	2518	7494
-12728	-4680	5036	3178	-1854	6252
-12128	-8412	3716	2292	-1378	2822
-12648	-7076	6068	4294	-173	56
-12160	-5656	8220	-236	-1399	-2689
-11572	-8012	4704	-1897	-1216	-4135
-12236	-8120	6284	-2841	-1904	-3100
-11512	-6776	6700	-3941	-1095	-3050
-13356	-8180	7228	-5942	-1198	-2152
-12416	-7312	6012	-5533	-2495	-1331
-11184	-6848	4780	-2903	-987	-3075
-12084	-7200	5980	-5667	-808	-2883
-11436	-7492	6856	-3193	-1229	-2939
-10424	-8392	4528	-29	-418	-3835
-12256	-5472	5388	1496	1304	-2786
-13096	-5416	7572	-3454	-804	-1824
-9916	-7368	4380	-2595	-775	-2219
-11964	-7828	2912	-510	3229	-1773
-13316	-5132	7400	-920	-1315	-1099
-8892	-6896	4028	-5010	-985	-2079
-11248	-8088	4000	120	2267	-1508
-11796	-5092	4452	92	-297	-1570
-11492	-3908	6128	-750	-1550	-2116
-11500	-6568	3872	-1052	-2398	-2773
-13208	-7172	4672	-857	-3306	-2109
-12204	-5076	6264	-863	-6250	-1927
-11524	-5168	5800	-2431	-4995	-1801
-12932	-6628	6328	-2593	-5182	-1302
-10708	-6264	7048	-846	-5346	-1766
-12724	-7144	7984	-920	-1428	-1503
-13700	-7440	8092	3052	-2795	-1568
-11248	-6312	7388	3560	-1956	-1085
-13116	-8244	8076	3620	-171	-1141
-13144	-8224	8268	6422	-1552	-414
-11024	-6508	7452	5074	-1749	-265
-12708	-7604	7856	2871	-1553	367
-12236	-7356	7892	3916	-2755	1032
-9768	-5072	7372	3503	-1984	671
-12536	-5572	8592	-616	-895	1175
-13148	-6800	9492	-889	-3341	2318
-11408	-6876	9228	716	-2356	2401
-12368	-5700	9708	2223	-1300	1942
-13656	-5676	9616	2342	-2564	2171
-12176	-6424	9496	2934	-3995	2892
-10956	-5796	9760	3415	-1582	2732
-13596	-6268	10500	3382	-652	2585
-13824	-6440	9800	2734	-2624	3037
-12272	-5092	10440	1936	-2370	3790
-12076	-5196	11476	1384	-1313	3841
-13104	-5636	11712	1549	-1043	3728
-12808	-4920	11304	2050	-1894	3275
-12368	-5332	11416	1852	-1408	2952
-13116	-5256	11812	2312	-1039	2323
-13128	-3372	13472	1247	-985	2254
-13944	-4324	13316	46	16	1646
-15532	-6388	12592	-431	-731	2015
-13928	-5172	13028	-736	-571	1425
-14260	-4960	13900	-2338	949	377
-15528	-6104	12260	-1648	1271	-717
-15092	-5148	12488	-518	171	-744
-12752	-3744	13752	-3177	1429	-1310
-14212	-5448	12240	-2213	3149	-2691
-16348	-6392	10888	505	1051	-3333
-11900	-2932	13284	-2075	982	-4106
-13168	-3788	13488	-3570	4950	-4897
-16496	-6140	11380	-478	4049	-6472
-14252	-4456	10520	-1693	2326	-6630
-12676	-3956	11252	-4523	3194	-7169
-15456	-5204	10420	-4674	3272	-7711
-15492	-6368	10436	-6237	1621	-7365
-13364	-6688	11352	-9707	1700	-7064
-15168	-7572	10332	-7400	3453	-6832
-13052	-7448	8368	-7238	2186	-5741
-11132	-7068	9020	-9699	4473	-3105
-11808	-8692	8512	-7319	4558	-3003
-8252	-7660	6068	-2848	4569	-2500
-9560	-7688	6004	-2500	5763	-1169
-10332	-8248	6732	-1683	4808	-892
-8612	-8212	5172	605	4666	-840
-10564	-7484	4696	-339	5514	211
-11248	-8224	5012	-2792	3697	1263
-10320	-9420	3992	-2991	3732	1806
-13292	-9724	3704	-2834	4453	3907
-11872	-9528	5520	-1634	103	5240
-8424	-9792	2164	200	633	5179
-11012	-9504	2828	1610	2513	6007
-9592	-6796	4932	2063	-577	7912
-6488	-6964	4020	2112	52	6894
-9652	-8388	1868	1473	2114	6125
-12568	-5432	4144	-1704	-919	7947
-10836	-6136	5468	-6962	-3790	8179
-9012	-9052	2172	-7565	-750	7828
-13980	-9404	4316	-3064	1920	7685
-12204	-7568	4752	-2698	-2277	8607
-10296	-8972	3112	-739	381	10154
-12712	-7320	4888	7335	1523	9597
-11156	-4164	4464	8379	500	8103
-11048	-4952	3884	6287	1680	4074
-14904	-6380	3180	7193	2637	833
-13856	-3508	4980	4804	216	-123
-11780	-3236	4528	-736	194	-2822
-12720	-5852	3320	-4242	110	-3894
-13880	-6052	3916	-4019	-110	-4275
-13888	-5492	4752	-6115	-1385	-5119
-11380	-5676	4432	-7030	-2741	-5143
-11704	-7836	3168	-5030	67	-5412
-13404	-6232	4968	2871	119	-4966
-13216	-6440	4660	-1761	-711	-6516
-12872	-5940	5156	186	-1168	-4190
-11336	-8064	4692	-3981	-479	-4153
-14440	-7492	5804	-1139	1159	-3305
-12636	-6876	3016	-4247	-1768	-3018
-12380	-7088	4688	-3926	-783	-2158
-10924	-6292	5128	-3888	-1681	-2748
-11544	-8224	2776	-3842	987	-2623
-13404	-8340	4180	-433	-1244	-1645
-9256	-7116	2708	272	-2130	-3420
-11128	-7312	2744	2473	1562	-3375
-12712	-6572	3656	3407	-2678	-3426
-11128	-4972	4012	1436	-4182	-3779
-14296	-5636	3664	-1637	-3577	-2058
-13928	-7928	4208	-3666	-10391	-1650
-9312	-5536	4636	-3651	-10391	-2587
-11852	-5556	5628	-6704	-6271	-2254
-11036	-7800	7856	-5544	-10440	-3202
-7768	-8120	6584	-2987	-5641	-3482
-13424	-10200	10884	367	-3470	-3214
-9284	-9188	8164	2243	-6257	-3236
-8708	-9584	7760	2761	-65	-2397
-12500	-10412	9772	4691	305	-753
-8992	-8032	9656	4310	-791	-405
-11168	-10076	7576	3289	1842	417
-13328	-10172	7892	2248	457	2633
-10568	-8096	10724	132	-601	3521
-10284	-7460	9716	759	1354	3253
-13840	-8660	7656	1702	1107	3560
-13816	-9476	8920	1668	-1671	4768
-10692	-8756	9456	2175	-1558	4364
-12328	-7604	8032	5856	683	3088
-13840	-5080	9760	6585	-2302	3698
-9472	-4776	9688	4732	-2416	3230
-10564	-6444	9964	5964	1114	2867
-13900	-4760	8092	5672	303	2413
-11528	-3268	10588	652	-1676	3546
-11080	-5100	11620	-1874	266	3651
-14892	-5020	9036	210	516	2203
-14432	-3880	10656	-4003	-1977	4251
-12768	-5996	11724	-4940	723	3055
-16556	-8140	10452	-1777	2213	1370
-16424	-6572	10000	132	-233	1546
-14380	-6500	10216	625	1076	-151
-15924	-7584	10612	2375	1716	-1658
-16348	-7232	9308	2585	441	-2137
-14836	-6608	9904	960	-177	-1899
-13768	-6392	10928	-1332	706	-2125
-14828	-6800	9796	-2247	1384	-2523
-15212	-7104	9896	-2262	657	-2291
-14148	-7368	11520	-2512	990	-3196
-15168	-7716	10412	-391	1079	-5135
-15276	-6612	10832	817	1015	-5906
-15332	-7064	11660	938	536	-6507
-13636	-7556	10640	350	-153	-6269
-13124	-6872	10760	-156	1909	-6185
-14504	-7848	8928	-1609	1906	-6011
-13032	-6308	10668	-5868	1395	-4376
-11980	-7196	8844	-6868	2651	-4240
-12728	-8412	7352	-4901	3393	-3301
-12608	-6152	7788	-5697	2786	-2515
-10428	-7472	7760	-5351	2524	-2339
-11704	-9364	6160	-453	3490	-2508
-11140	-7196	5444	-185	2092	-2525
-10748	-8252	7796	-2244	3287	-1624
-11876	-8712	8260	-941	4191	-1012
-11860	-9836	5424	808	584	141
-9456	-8688	5272	236	2839	314
-11932	-7540	7144	-1292	2817	1087
-9140	-8808	6004	641	2249	1586
-10984	-9668	4220	3105	4072	1318
-12092	-7208	6220	359	2562	3358
-9128	-8800	7192	-1844	1386	4007
-10256	-9240	4988	2327	4889	3678
-11484	-7976	6628	2143	3463	5179
-8804	-8392	6324	507	2333	4737
-9020	-8756	4668	2065	5576	4400
-12052	-7168	3768	4539	5796	5109
-11424	-5964	4488	1637	3130	5644
-11328	-7432	5656	568	2809	6529
-10704	-7464	2516	2871	1219	6036
-10604	-5688	2148	2666	2745	6003
-13604	-5932	4096	-972	1875	7036
-12200	-7184	3008	-5423	-1418	8717
-12308	-6824	2776	-748	1263	10143
-11892	-5344	5572	2963	-1492	9886
-9204	-4532	3004	2534	184	7094
-14428	-6116	2640	2513	2183	3608
-14160	-5384	5124	2534	-1804	1564
-11548	-4692	5124	155	-4	-1184
-13700	-6960	4440	-3008	211	-2746
-12680	-6524	3616	-2522	-1607	-1754
-12572	-4516	5616	-4600	-575	-2207
-12016	-4536	5420	-6536	-1981	-3931
-11944	-7824	2680	-8090	-1171	-5227
-13052	-8068	5376	-4090	-1852	-5370
-10144	-6524	3380	-1874	-1213	-6197
-12988	-5692	4900	-263	1027	-5713
-11560	-5176	4240	261	-2088	-5802
-10256	-6040	3604	-860	-75	-5403
-11532	-7592	4200	252	-762	-5522
-11772	-7660	4884	-83	-2037	-5941
-11652	-5924	4688	-1306	-3429	-4751
-10660	-8216	4660	-4003	-4106	-4239
-13348	-9712	6336	-3936	-2504	-2449
-12856	-7388	5700	-3404	-5692	-688
-10412	-7016	4532	-3406	-5526	2
-13000	-8532	6672	-2091	-3768	1516
-10392	-7356	6772	372	-6931	2022
-9360	-7188	4724	1056	-2094	1007
-15576	-7708	8564	3482	-1087	2251
-11072	-5164	9056	4227	-5881	3609
-8724	-4252	7544	5840	-1286	1292
-15220	-4876	7660	5969	521	1160
-12632	-3940	9536	4729	-5184	1888
-8736	-2468	9688	4904	-1749	151
-12788	-2884	10292	4704	215	-748
-11896	-3576	8600	4064	-1710	-569
-11916	-3648	9780	1962	139	-1229
-13720	-3416	10780	-1121	-2161	-1495
-11468	-4312	8620	-1560	-1811	-1031
-13736	-5656	9788	-246	-1368	-1126
-12580	-5600	10188	-270	-3592	-1427
-11372	-6136	8928	545	-2596	-1238
-13036	-6512	8180	4593	-1615	-1576
-12156	-5516	10628	5366	-3030	-1388
-11048	-5200	10120	4639	-1924	-845
-12260	-7520	9340	5392	-1227	-384
-13200	-6304	9444	6331	-896	465
-13652	-3128	12000	2568	-1824	1250
-12700	-4592	11900	-1236	-3296	2570
-12592	-7360	11860	-53	-1876	2630
-14848	-6308	13140	1738	-1143	1873
-14016	-5440	13992	196	-2589	1811
-13128	-7264	13412	1748	-1409	1025
-13976	-5676	13544	4294	-471	-16
-13756	-4412	14456	989	-62	-31
-14008	-6432	13288	-890	924	-310
-14076	-6672	12584	-970	1290	-513
-13660	-5960	12904	-1827	1641	-926
-13612	-6072	11856	-2552	2212	-1319
-13800	-5672	11848	-1973	1875	-1549
-13420	-5556	12568	-2225	1795	-1549
-13268	-6868	12604	-2227	1897	-2152
-14864	-5832	12148	-2152	1944	-3251
-15232	-5456	12784	-3641	192	-2793
-11700	-5432	12944	-5454	2348	-3609
-14948	-6436	11548	-5017	4758	-4810
-16404	-7364	11392	-4087	1768	-4691
-12392	-5532	10808	-5620	2066	-5132
-13628	-5708	12044	-6060	4691	-5613
-16752	-8772	8376	-4479	3428	-5466
-13132	-7276	8264	-4856	460	-3847
-10668	-5620	9072	-5972	4097	-3011
-14000	-7488	7928	-6424	4085	-1846
-11824	-7520	8464	-5391	1023	-387
-7992	-6124	5992	-6602	2818	83
-12292	-7664	7376	-6157	4833	780
-11724	-8224	7124	-3923	1358	1585
-8248	-6912	6828	-2445	3712	1072
-11608	-9272	4608	1227	5623	606
-11516	-6728	5088	2257	2792	2110
-8912	-6580	5508	-606	3341	2345
-11336	-9340	4484	1442	6474	3693
-11588	-8764	4316	2771	1900	4871
-8616	-7432	5160	388	3010	5528
-10844	-8572	5216	2810	5609	6982
-11332	-7096	2856	5554	2870	6353
-9936	-5580	3348	3903	841	7600
-8816	-6604	3864	2313	1625	7019
-11468	-6308	3760	2492	2751	5762
-12452	-3460	4748	-1045	192	9215
-10888	-5528	4232	-5544	-660	9302
-12604	-7796	3844	-4514	-191	9829
-11492	-4436	4360	-3342	-1434	11946
-10968	-4216	5940	-2784	-462	8084
-12292	-6276	4044	353	-285	6188
-11916	-6384	4328	3471	-525	2126
-12832	-5772	5300	4991	1708	-1271
-14304	-5664	6532	2855	1163	-3938
-12480	-5956	3972	1965	598	-4488
-12212	-6860	4812	-1850	-171	-5378
-12504	-5956	5604	-2636	4	-3910
-11512	-5612	4320	-2655	-29	-5093
-13452	-6208	4152	-3458	376	-4371
-11808	-6228	5652	-1414	-2417	-4657
-10044	-6756	3644	-2168	-74	-7128
-12424	-6296	4428	1398	1410	-5529
-10012	-5760	5452	3668	-1738	-7534
-10176	-5032	4372	2929	2013	-8141
-12632	-6092	4404	1662	-260	-7638
-10072	-7084	2680	-924	-621	-6864
-13308	-6268	5836	78	902	-5425
-12848	-7272	4312	-3590	-3898	-4749
-14064	-8948	4260	-1393	-3250	-3063
-12852	-8464	4308	-1873	-7531	-1248
-9368	-6396	6628	-2060	-8522	-1026
-10192	-6484	4220	-1388	-5131	-1341
-11372	-7540	5968	-155	-6809	-827
-9884	-7184	6792	1598	-6974	-824
-12228	-6584	7152	2507	-3867	-1018
-12904	-6272	8092	2240	-5513	528
-11216	-6332	9512	-1189	-4045	1357
-12976	-7316	9700	785	-3226	1327
-10696	-4804	8644	2958	-2865	1773
-13328	-6248	11324	1376	-835	1190
-12932	-7692	11384	3879	-4189	708
-9432	-4964	8932	7706	-1254	134
-12884	-5004	10268	5623	-190	1199
-11628	-6960	10364	3226	-2912	2144
-9084	-6292	10156	4297	-962	2916
-12408	-4788	9024	6211	555	1840
-11516	-2384	11120	4072	-2786	2689
-9360	-3828	10556	2706	-862	2941
-11860	-5568	10676	5116	676	2128
-12640	-3072	11440	5023	-648	2430
-10832	-1812	12392	1171	-642	2965
-11944	-4084	10736	1992	1166	2583
-14032	-4180	9380	4079	-1217	2883
-10524	-1596	11616	704	-2979	3707
-11524	-3212	12292	-1322	898	3033
-17076	-4732	11416	714	761	2425
-15064	-3612	13884	-1205	-3516	4281
-13400	-4032	13916	-2143	-41	2115
-17948	-5916	14572	182	379	455
-15488	-4092	14516	1368	-2176	775
-12892	-3228	13968	424	864	-1305
-15972	-5492	12056	491	1466	-2457
-13656	-4408	12696	369	-1088	-1680
-12064	-2864	13496	-2205	1515	-2269
-13996	-4260	11616	-2390	1786	-2421
-13640	-4740	12156	-2300	678	-2020
-13292	-4984	13200	-3514	1238	-2579
-14088	-5616	12952	-2391	1892	-3760
-14968	-3848	13192	-889	2546	-4536
-15464	-4148	13060	-2105	2425	-5414
-14700	-5748	13380	-2930	2552	-6464
-13784	-3692	13608	-4496	3742	-7028
-15688	-5084	10504	-6023	4847	-7786
-14764	-6968	10356	-6871	2146	-6050
-12724	-6828	10548	-8835	3410	-5701
-14888	-7588	9988	-7665	4217	-5419
-16540	-7956	10980	-5286	1036	-5057
-11188	-5376	8364	-3427	-1948	-3387
-8388	-6356	9348	-3356	2811	-2269
-11508	-7112	8432	-1287	4022	-2158
-9324	-5460	7780	-1278	3021	-712
-8660	-7540	8148	-879	4469	-275
-9424	-6108	6840	240	5664	202
-10684	-6112	7704	-5269	4641	2042
-10820	-8780	3936	-4560	3634	3666
-9064	-8676	3772	-4376	3867	5285
-11744	-8636	6188	-4868	5711	6522
-10580	-7788	5164	-3127	2697	6313
-8148	-6728	4400	-629	4406	6653
-10912	-7256	2756	3181	4601	6455
-10076	-6436	3572	1414	1209	5856
-9340	-6948	4372	-655	2072	6530
-10968	-7916	2856	1752	2490	6091
-10912	-5484	2868	1183	951	6475
-13508	-4360	4516	-3662	1512	8312
-14272	-5504	5704	-4146	-3139	8969
-9892	-5140	1124	-2590	-3079	8628
-12300	-5696	3980	-3543	1092	8104
-14324	-5692	6444	-3751	-2243	8653
-10440	-5136	3788	-1703	-3368	8322
-11848	-4940	4220	2607	1212	4027
-14348	-4256	5660	1587	-546	3197
-12840	-5492	5672	-526	-901	-258
-13360	-6140	3260	1207	1218	-2572
-13392	-5260	6444	-1344	-1233	-4156
-10600	-5744	4776	-5433	-570	-4995
-12960	-7920	5128	-4605	1095	-3789
-14072	-6448	6108	-2907	-500	-3385
-12348	-4692	5212	-2642	-663	-3163
-12816	-6936	3880	-4752	-571	-4323
-13176	-7064	6140	-3048	-1084	-3408
-9780	-6120	3864	-3478	-845	-4957
-12376	-6024	5448	-3172	1933	-3985
-11208	-5212	4424	-2747	-1470	-4583
-11380	-6400	3828	-3795	1843	-3366
-12772	-6808	5900	-2049	-724	-3425
-9472	-6284	2020	-491	536	-4717
-13976	-6048	3192	1998	2634	-3184
-12716	-5380	3436	2154	-3468	-3881
-11088	-5324	4952	2144	-2063	-4039
-12840	-6468	4004	2701	-4226	-4728
-11536	-6500	3912	2263	-5099	-4435
-11976	-5696	5876	90	-6374	-3859
-11096	-5532	5152	-1685	-5252	-3731
-13960	-6496	7444	-1503	-5116	-2153
-11260	-6684	6184	-3185	-5218	-959
-12496	-9720	6772	-3829	-1965	-426
-13344	-8960	8292	881	-2971	750
-9752	-4900	7748	4725	-2598	125
-11456	-5540	7680	4260	-486	-712
-11132	-6276	8936	4922	-2847	-1088
-8060	-5244	7108	6683	-662	-1147
-12584	-5692	9732	5320	1141	-638
-13296	-7120	9968	1855	-2672	672
-9772	-7352	7720	2533	-997	1926
-12388	-5928	10420	3577	-949	1775
-12808	-4344	10212	852	-2910	2118
-12940	-6616	10980	646	-2488	2720
-12588	-6756	10660	2467	-2679	2509
-13736	-6008	11104	2259	-1058	1843
-15132	-5400	11140	1297	-1936	2019
-12888	-4904	10904	288	-2690	2224
-12256	-5284	10808	-1302	-746	2402
-13372	-6220	10488	-2412	140	2981
-12128	-5700	9400	-2933	-162	2873
-12844	-5224	10244	-3136	880	3073
-14756	-6544	9560	-1943	-236	2866
-13004	-6604	10172	-1012	-1464	2310
-14196	-6564	10400	316	659	1437
-17488	-8096	11800	1408	-504	768
-15936	-7744	11976	620	-655	689
-17336	-8764	12584	-277	629	-92
-17420	-8060	12152	-776	880	-1023
-16392	-6976	11668	-1779	1936	-2541
-16444	-7476	11228	-1713	1903	-3526
-15288	-7428	9568	44	1726	-4259
-14564	-6900	10740	-242	2103	-5411
-14080	-5672	11156	-665	3058	-6291
-16400	-6764	10876	-81	3261	-7414
-14536	-6140	11668	-1978	1558	-6994
-13772	-7580	10204	-3579	5332	-7565
-18832	-9648	10992	-3297	5175	-7768
-14384	-6420	10480	-4110	1971	-6743
-12972	-7316	8040	-5011	5390	-5928
-14532	-8540	8384	-2842	3393	-4909
-9636	-5908	8832	-4134	3352	-3961
-10548	-7984	6828	-3559	6101	-2446
-11428	-8528	7180	-2948	3973	-356
-8244	-7804	5796	-2798	5171	208
-9732	-8504	5884	-299	6546	397
-10460	-8020	4652	2022	5372	703
-10040	-8440	4556	2651	5170	1733
-10888	-7664	7196	3241	5106	1432
-10576	-7784	3860	4562	4117	1042
-13668	-8940	2496	3790	3726	2905
-12424	-8608	6056	-502	-902	5278
-7292	-6992	5032	-849	510	6288
-9992	-7260	1508	990	3956	5349
-12392	-7888	3668	706	945	7707
-8464	-6648	5044	-138	-692	7101
-8500	-6708	3812	2543	2337	5558
-11640	-7196	1356	1880	2092	5408
-12484	-5552	3236	-2746	637	8151
-12196	-6028	4180	-6343	-535	9259
-11904	-7380	2640	-7875	-1023	10256
-12868	-7696	3244	-5427	-1991	12332
-10332	-4344	4504	-3335	-3106	12865
-9188	-4292	4012	-2419	-78	8218
-13756	-9304	1300	1480	1709	3597
-13024	-6028	5696	6466	-803	1700
-10508	-3784	4140	5729	2174	-4438
-14388	-5364	3304	3075	2171	-6740
-13088	-6156	3464	-2091	-1531	-4772
-12480	-6404	4860	-6416	-1009	-3948
-14388	-7496	3724	-7654	-761	-3310
-13536	-6276	3820	-6151	-3150	-2828
-11776	-6092	3328	-8817	-2249	-3363
-12508	-7924	5028	-7362	-2307	-3778
-10020	-7504	3200	-4317	-907	-4994
-13652	-7448	3788	-2665	1124	-4835
-12792	-6892	4724	-2163	-2364	-3483
-11184	-6912	4392	-240	114	-2484
-13780	-6392	6184	1278	-16	-2611
-11524	-6136	4052	-597	-874	-2925
-11148	-7576	4492	-117	-717	-3002
-10696	-7256	3776	104	872	-3394
-12864	-6532	4340	1233	312	-2277
-10776	-6220	3648	1278	-2215	-2898
-12156	-6836	4524	1717	-991	-3315
-15164	-6416	5224	1049	-1940	-2077
-13392	-5732	6044	307	-5677	-1613
-10392	-6544	4312	284	-4113	-3323
-12040	-6088	5044	577	-3598	-3120
-11036	-5596	5436	-1927	-4120	-2654
-10600	-7264	6760	-3241	-3800	-2581
-11152	-6956	5624	-1403	-2847	-2523
-12144	-7204	5692	-2415	-2787	-1771
-9484	-8088	7456	-2473	-4200	-1444
-9172	-7168	5672	149	-552	-1212
-12832	-8460	7212	2455	-1746	-964
-8832	-7964	7188	4219	-2666	-690
-8512	-6528	6712	6323	-628	-550
-12808	-8520	7012	4779	-451	1552
-12528	-8580	8696	3361	-3360	3648
-11296	-7312	8356	3115	-2080	4781
-13360	-6708	9032	2994	-3004	5480
-10996	-5152	9612	1835	-4166	6080
-12064	-6436	10492	3683	-2417	6276
-13292	-5780	10928	6655	-1941	5721
-13708	-4532	11352	7318	-2518	5163
-13420	-3284	11716	5808	-1770	5042
-14344	-2312	12548	2270	-284	5498
-14992	-3068	12276	-1798	726	6025
-16080	-4812	12068	-3912	657	6333
-16052	-5180	11008	-3878	542	5177
-16260	-5520	11332	-4150	704	3999
-16800	-5492	11304	-2514	778	2728
-16784	-5108	10636	121	212	760
-16744	-5704	10240	1279	-262	-631
-15848	-6004	10320	1577	-373	-1456
-15744	-4920	10512	968	990	-2341
-16996	-5196	10268	-806	185	-2575
-15168	-5400	10080	-1898	346	-2483
-16016	-5696	11340	-3114	1398	-3115
-15768	-6168	10972	-2067	737	-4404
-16784	-4824	11868	669	385	-6445
-15072	-3316	12868	1350	-2576	-8594
-15192	-5532	11228	1375	-1587	-9930
-13724	-5552	10620	-1971	-1761	-9308
-12044	-4640	11572	-7445	807	-7525
-11872	-4196	12012	-9315	2166	-6594
-12280	-6780	8384	-9948	3712	-5863
-10788	-8692	9896	-9405	5348	-5777
-12752	-7456	8964	-4907	6322	-6128
-12668	-8208	6996	-3620	6365	-6091
-11732	-8760	8576	-3805	7600	-5028
-12032	-8156	8444	-2072	7107	-3895
-11680	-10684	4708	-698	6385	-3058
-10656	-9188	5556	-430	5705	-2695
-9596	-7004	6756	-802	6743	-1080
-11516	-11088	3296	-178	5510	303
-9872	-9576	3892	-1954	5604	778
-8768	-7900	6748	-376	6868	1470
-12816	-11712	1400	3318	6794	128
-12752	-10568	2392	3377	2962	2918
-9688	-8276	3416	2796	3770	3566
-11520	-7992	1664	1839	4216	4003
-15792	-8880	1992	1015	1508	7466
-10028	-7592	3192	-828	-5376	6857
-7812	-6688	1172	-243	-1046	6557
-13376	-7576	3792	-1314	-1936	8119
-10492	-6560	4108	-4022	-7530	7229
-9196	-7292	2288	-5430	-4491	7652
-12032	-7852	3656	-6923	-3643	9528
-10212	-5788	6480	-9335	-4809	10273
-8208	-7520	3284	-8529	-1271	9762
-13728	-9428	3948	-3808	428	9158
-11332	-5668	5028	-2831	-2873	10830
-10556	-7184	5712	499	-1310	7414
-12708	-6812	4020	5894	1232	4116
-12160	-5276	4508	5769	234	1724
-11284	-6428	4244	5027	1609	-2438
-13848	-5976	5864	4285	2389	-3853
-12348	-6148	2980	744	-197	-4107
-12476	-7380	3896	-2819	597	-3321
-12464	-6300	5320	-3770	-1256	-3113
-11880	-6864	3152	-6402	-871	-3620
-12556	-7116	5004	-6271	-1925	-2844
-10764	-6888	3704	-7277	-182	-4355
-14140	-8188	5316	-5282	-249	-3159
-11376	-7372	2152	-2686	-1506	-3249
-14068	-6516	4732	-1633	967	-1533
-12476	-5564	5640	-488	-2852	-1708
-12084	-7692	3252	-903	310	-2523
-14080	-8088	5164	954	-2244	-407
-8752	-5868	4400	1237	-3172	-2217
-10420	-6364	4048	2205	-484	-3424
-10132	-6624	4396	2640	-3092	-3725
-9020	-5968	5224	998	-1684	-3881
-10948	-5128	4648	1672	-1323	-3763
-11812	-5748	4016	-905	-2940	-2882
-13036	-6440	6464	-761	-3777	-2203
-11728	-6636	5348	2390	-4868	-2612
-15780	-5460	5812	5884	-3128	-2294
-13656	-5516	8052	2463	-8372	-2338
-10060	-5636	7280	3062	-2999	-2984
-14824	-4644	8640	3882	-2261	-2303
-10864	-5684	8424	1833	-2880	-2173
-10672	-7144	8416	1778	-1802	-3026
-12012	-5652	8820	2102	581	-2267
-15676	-8604	10100	386	-947	-1896
-11552	-8152	9604	703	-2435	-1450
-11680	-8220	8324	2644	-1266	-1238
-12552	-7640	8616	3257	-2555	-539
-10736	-8276	9116	1612	-2699	31
-10708	-7912	9512	2833	-2565	707
-9916	-6172	8764	2726	-2206	1486
-10552	-7276	8340	1983	-1953	3216
-11776	-8220	10652	2787	-1603	4097
-12152	-6400	11660	2595	-1195	4374
-13292	-6020	10968	2739	-604	4876
-11728	-5744	11640	2614	-1416	4734
-11904	-5152	11840	3005	756	3882
-14284	-4824	11196	3550	221	3307
-12076	-4336	11364	1814	304	3198
-13648	-5044	12216	391	1809	2687
-16384	-6264	11352	295	671	1841
-14364	-5420	11440	-1727	311	1351
-15520	-5940	12636	-2969	1319	736
-16480	-6520	11756	-2099	821	-213
-15376	-6788	11244	-2034	465	-1086
-14400	-7188	11392	-2415	1019	-1899
-14756	-6408	11080	-429	2016	-2905
-14952	-5876	10896	328	1762	-3622
-14068	-7620	10584	-244	2299	-4229
-13520	-5816	11200	-428	3379	-4869
-14328	-5580	9720	585	3229	-5688
-14476	-6120	9568	776	2225	-6213
-12752	-5936	9928	-2253	2252	-6300
-13376	-6224	9772	-3335	3118	-5633
-14136	-5968	10060	-4699	3546	-5736
-13444	-7928	8964	-7187	2691	-5238
-12312	-9804	9324	-6078	5006	-5099
-13260	-6116	11260	-6371	6749	-4612
-14660	-10304	6764	-4506	7465	-4098
-12264	-11832	7436	98	5029	-3368
-13360	-8616	7152	1222	7461	-3225
-13004	-7776	7212	1593	4218	-2609
-9888	-6988	5672	1051	4814	-2008
-12980	-8796	5544	-1283	5714	-248
-11228	-9044	5064	-761	2027	-101
-10056	-7820	5952	-1005	4843	1271
-11648	-9244	5968	-352	2433	1933
-8048	-8788	4964	995	5368	1953
-11868	-9500	3264	3523	6029	1820
-12000	-7744	4732	1781	2941	3718
-10888	-7264	4616	2055	3653	3848
-12160	-7260	3176	3734	3665	3749
-13584	-8404	2160	2848	-667	4291
-11644	-7984	3300	493	-1691	5519
-11076	-6640	5508	-233	-1777	6011
-11064	-5720	3296	-3458	-80	7308
-12488	-6592	4196	-3082	491	10243
-10988	-6832	5172	-1466	-797	8375
-10872	-6032	1948	1100	260	8324
-13592	-6740	3368	2014	-1894	8744
-10912	-4512	3984	140	-3634	10901
-9880	-2992	5408	-2856	-3640	13984
-10348	-7392	4132	-2848	-3317	8271
-11816	-7260	3408	3375	-930	4993
-11696	-5420	6304	2390	-1020	-578
-12220	-6104	7220	2407	799	-3770
-10900	-7200	4156	2380	-31	-4768
-12308	-6332	6300	-732	1146	-4885
-12672	-5316	4172	-3463	-255	-2988
-13932	-6000	6884	-7684	-948	-2218
-12436	-6568	5860	-7012	-2191	-1045
-10412	-7188	3448	-5202	101	-2488
-13948	-6552	6776	-3061	1158	-2782
-11420	-5456	5052	-1839	-1426	-3770
-11596	-5972	3688	-1876	1805	-4288
-13700	-4792	5380	-2952	-45	-2113
-10196	-5660	4376	-5111	-901	-3210
-12804	-6728	3768	-4080	1940	-3311
-13028	-7036	2460	-3641	-1317	-2865
-9600	-5588	4716	-872	-2306	-3498
-8816	-5436	2400	-488	381	-5331
-14324	-6036	4760	290	-649	-4302
-8928	-3700	4228	-552	-7099	-4865
-10064	-5496	3712	-5829	36	-3872
-15756	-7924	7228	-6563	-6686	-2126
-6064	-5076	3248	-5228	-7070	-2288
-14400	-7560	6972	-5814	1605	-2039
-13580	-7008	7256	-3756	-8196	-549
-5128	-5180	3916	-175	-2522	-1378
-14168	-7544	8020	2426	2335	-1846
-11828	-5896	6668	3204	-4470	-517
-6420	-4372	5596	4094	-630	-449
-13388	-6280	7612	2764	3028	395
-15968	-7180	8400	1048	-2374	1531
-13072	-7264	7436	2877	-2045	2203
-16120	-6632	9852	5535	-2451	1353
-17352	-7280	9248	3741	-3396	1298
-18556	-9788	10316	3733	-3898	1612
-16828	-8644	10532	3778	-3997	1451
-17084	-7676	11336	3356	-2037	1507
-16988	-7424	10240	3000	-1944	1429
-14508	-7196	9768	4197	-1336	607
-14356	-8288	8708	4803	-365	594
-14436	-6868	9636	4792	448	804
-13616	-5112	11008	434	-249	1020
-12804	-6928	8100	-480	-99	666
-13084	-6984	8616	1327	-793	96
-12296	-6212	7812	1360	-910	-259
-12472	-5396	8864	1090	-1487	-213
-11348	-5120	8324	941	-1460	-224
-11188	-4264	9348	-877	-580	115
-12100	-6872	8420	-797	-729	117
-11524	-7160	8652	1547	-706	379
-10868	-5080	10116	1874	245	20
-11352	-5868	9484	3179	155	-31
-11928	-6316	8816	5492	-6	-185
-11236	-4920	9452	4304	-4	-75
-11792	-5844	10040	3532	-181	257
-11564	-4908	10108	3457	-548	316
-11716	-4904	10312	2595	-629	367
-11216	-4660	11164	1723	-390	637
-12160	-5360	10564	1562	-435	607
-11516	-5092	10272	1470	-696	855
-11380	-4512	11436	973	172	928
-11988	-4712	10624	1748	-101	604
-12004	-4460	9956	2435	-576	552
-11160	-3736	10732	1585	-371	649
-11576	-3800	11028	1273	78	792
-12276	-4256	10408	1461	-377	706
-11420	-3732	10892	562	-36	849
-12272	-3856	11332	-21	353	805
-12160	-4024	10780	332	-51	708
-11896	-3160	11104	-68	285	723
-11924	-3572	11088	-938	278	193
-12028	-3492	10792	-571	395	72
-12332	-2272	10492	-5320	-2544	1044
-8676	-8260	10644	-1380	689	-1328
-12972	-2424	11152	1890	2324	-1303
-12124	-3904	9904	-1975	-289	-1025
-10000	-5280	10208	-1324	2044	114
-13300	-3236	10332	-1607	-1021	-798
-12168	-3712	8732	-2433	-1670	-703
-10956	-4620	9500	-3177	-2234	457
-11084	-4756	9840	-1437	-642	330
-11160	-3584	9880	-688	2182	1235
-13784	-4692	11012	-1518	-1147	1304
-14652	-156	10808	-3662	-3637	2374
-10736	-4892	11260	-2154	-3241	-1007
-11124	-1828	9504	-2706	-462	-241
-11452	-7104	10568	-2290	-1253	-846
-10204	-3500	10612	-1043	-1684	-937
-11228	-4764	10308	-280	1000	411
-12540	-4828	11556	-478	-593	-397
-11576	-3816	10504	-2189	-1207	52
-11004	-4108	11364	-4164	-1824	1067
-10576	-4456	9908	-4545	-1463	1218
-11060	-5280	10692	-4863	-830	1128
-12008	-5888	11472	-3582	-1096	854
-10700	-5628	11892	-2097	-1993	-965
-3576	-5448	6412	1862	8367	4890
-14392	-8148	12140	7662	7334	2443
-13636	-4	10340	2399	440	-745
-12120	-4848	10484	-2665	-1382	16
-10176	-5128	9960	551	-623	-129
-11716	-3396	10308	-1050	-602	-619
-11328	-5616	10732	-1661	-145	-575
-10952	-5160	10008	164	573	53
-10736	-4604	10420	410	867	-82
-10824	-5236	10052	1545	510	-855
-11048	-3412	9820	863	-306	-1112
-10240	-6584	9400	937	242	249
