0	0	0	0	0	0
16928	3752	-60	-937	914	-999
15488	3312	-1900	-1942	-1066	-608
17080	4320	-3096	-1974	-985	-356
17116	3452	-2548	-1911	497	-231
16176	2776	-1196	861	-510	1175
14740	4468	-2212	710	-1122	1471
14260	4036	-3036	-3252	-1111	938
20092	1112	-5116	-731	-2784	-2435
18152	3784	-3640	911	1077	-504
15188	4044	-2124	-1010	-229	310
17084	2740	-3200	-1380	-165	643
16188	2548	-3348	35	65	238
16584	3548	-2592	227	355	-38
16388	2996	-2324	-40	32	35
16620	3308	-3212	541	211	-52
16232	3244	-3052	157	224	69
16628	3136	-3056	846	289	-188
16424	4104	-3064	109	509	154
16340	3688	-2928	-975	93	1
16980	3044	-3504	594	249	-727
16088	3804	-2844	84	772	-946
16792	4788	-3080	-427	-390	-1944
16216	2716	-3536	1542	89	-3966
16368	5784	-2796	1023	-49	-4802
16684	7780	-2856	-225	-245	-5317
15936	6620	-2236	-1334	-102	-5983
16120	5916	-3732	1291	-2	-7820
16724	9344	-2160	184	843	-9366
16432	8952	-2928	-2499	-839	-10988
16664	8268	-3632	-971	-481	-13193
15780	10304	-4216	214	469	-14869
15988	10580	-2804	565	435	-16745
15780	11664	-3716	722	-96	-18522
14992	11024	-3712	1443	-1005	-20259
14824	12068	-4584	5798	-686	-22659
13268	16176	-3644	3494	-1784	-22188
14060	12204	-4836	4694	-2739	-24503
10900	14820	-5260	7222	-3557	-26024
10276	16864	-5652	3706	-5189	-25441
8244	14348	-6100	7751	-5677	-26874
6328	17592	-5216	6690	-7060	-26806
4628	13808	-5884	4870	-7656	-26149
1700	15792	-7624	8718	-8569	-26057
2504	16140	-6924	5857	-9958	-25153
1156	14380	-8340	4587	-9980	-24594
-256	14884	-7208	6774	-10414	-25406
-1456	15844	-7504	3274	-11522	-24565
-3124	13204	-8012	4521	-11911	-24399
-4560	14524	-6324	2738	-12587	-22896
-5288	11704	-7336	699	-12588	-21897
-6976	10648	-6668	1742	-12847	-21395
-7776	10512	-7044	-352	-13225	-20484
-8440	7720	-7044	222	-13299	-20130
-8920	8496	-6040	869	-13280	-19488
-9076	7576	-4440	-1557	-13142	-17710
-10008	5764	-5116	-2861	-12499	-16842
-9640	4744	-3388	-235	-12350	-16727
-11508	5584	-4160	-1449	-12077	-15801
-11172	3256	-1868	-2746	-11735	-13953
-10880	2380	1160	-1505	-10882	-12742
-13024	1648	824	-3837	-9380	-10748
-14016	212	1032	-2752	-8230	-9865
-12568	1328	4060	-3019	-6384	-7181
-15452	-2632	2660	-3213	-4776	-5169
-13436	-508	3228	-2962	-2932	-3049
-12372	-1884	2948	-1847	-1245	-1537
-13928	-2492	2016	-1772	579	1051
-12356	-1844	2936	679	1762	1846
-12932	-400	3092	-2528	3237	3952
-13732	-2100	-372	-386	4692	4316
-12744	1376	1312	1273	5552	5097
-13488	292	2340	328	6993	7098
-13184	2120	660	-533	8452	8894
-13648	2352	-760	1218	8344	10107
-12492	3708	1336	1419	9800	11123
-12976	4644	-1060	-2859	11073	13304
-13824	3540	-2760	-210	10039	12866
-12428	4020	-960	-787	10875	13310
-12484	6868	-4532	-5287	11317	15675
-12656	5260	-4532	-4209	10463	15884
-10336	9004	-3140	-4711	10304	16828
-11932	9176	-6356	-10853	10283	18887
-8920	7572	-4776	-5806	8798	18301
-7844	11656	-2704	-7578	9890	19246
-9340	13152	-7512	-14438	9173	22063
-6336	8916	-3900	-5855	6659	20859
-4128	15844	-3184	-7479	7325	21292
-6940	13820	-6564	-13787	5939	24535
-1812	11104	-3228	-6622	4825	22897
-752	16784	-2296	-9011	5959	23401
-1396	14124	-4188	-10686	3658	24844
2512	13428	-2528	-3478	3121	23470
3308	19004	-2048	-9794	3730	24787
2612	13820	-2920	-8389	1286	25587
6880	15620	-1468	-3009	675	23137
5256	18428	-2576	-9184	1071	25196
7792	12704	-1052	-3894	-1839	24192
11796	16788	-8	-1099	-1130	22049
9848	16780	-1584	-5888	-1348	23718
12464	11868	624	-1151	-2609	22161
15556	16092	-344	810	-1862	19671
13044	14084	-1696	-2839	-2012	20779
15388	10068	-44	487	-1967	18509
16292	14280	356	-573	-1425	17128
15532	9896	-1348	-262	-2228	16282
16860	9976	-1596	2387	-217	14883
16132	11688	-296	619	324	15320
16088	7320	-104	-960	-1355	13800
17536	7768	-1512	602	-641	12131
17192	7560	-908	2093	-53	11493
16264	8460	-1252	-839	-1193	11596
17072	5724	-1964	-1845	-2048	11291
17052	4712	-1872	765	-1263	9352
16752	5540	-1188	-491	-1260	8313
16104	3332	-1988	-2662	-1936	8506
17128	2880	-2236	1103	-1180	7190
16776	4928	-1668	560	-182	7085
16576	2980	-308	-3323	-1650	6658
18020	40	-3032	-1701	-1786	5016
16816	3060	-2336	-661	42	3391
16700	2088	-1288	-421	-904	2203
16760	2548	-2764	-356	-321	1426
16936	2656	-1820	-511	-54	373
17388	2192	-1780	-292	572	-1284
16556	3364	-1668	-642	-6	-2260
17608	3496	-1512	-1921	669	-3551
17100	1852	-2168	685	1222	-5290
17288	6012	-1168	-2387	1111	-5374
17832	2044	-2112	-1668	1337	-6828
17532	3764	-2120	1646	2546	-9602
17164	6312	-692	-1448	2011	-10020
17020	3240	-1140	1361	2028	-11743
17588	7180	-2200	1294	2182	-13077
17700	5680	-412	990	2002	-14326
17756	6952	-792	3352	2447	-15855
16912	9084	-1192	1719	1540	-16591
16752	7808	-1944	4521	1625	-18609
16716	11184	-800	6428	1731	-19935
16004	9676	-1548	4321	862	-20585
14140	11880	-3524	9123	637	-22232
14268	11932	-1804	9313	-302	-23478
13516	12924	-1848	11195	-947	-24562
10888	13820	-4440	11912	-3637	-24903
11164	14264	-4708	11456	-4638	-25603
9396	15188	-6556	12066	-5026	-25514
7024	13724	-7220	13266	-6357	-25909
5840	16132	-6696	14758	-7778	-25958
3060	15408	-7188	8715	-9035	-23604
1848	11384	-7616	13578	-10226	-24843
240	16744	-7720	14212	-10938	-23654
368	14424	-10244	5958	-11052	-20630
-1156	10124	-8580	13696	-11300	-22265
-1640	18484	-9132	8959	-12327	-20195
-2900	10308	-8884	4502	-12343	-18022
-4312	11484	-7744	9754	-11725	-18477
-5740	13880	-8976	2933	-12702	-15841
-6408	8792	-9108	2327	-12647	-15385
-7720	10244	-8320	2186	-12689	-15387
-8580	8548	-9612	-15	-12645	-14700
-9888	7268	-9380	1024	-12972	-14592
-10016	8416	-8152	-3886	-13452	-12548
-10812	5364	-7500	-1401	-13872	-13770
-12376	6816	-5704	-3746	-14420	-13535
-11640	4588	-4256	-4828	-13773	-13087
-13868	4428	-5624	-3087	-14425	-13040
-12284	5912	-2108	-5295	-14504	-11342
-12764	928	1000	-4303	-14352	-10785
-14028	2396	-2908	-5346	-12012	-10013
-10992	1016	1716	-2640	-12215	-9168
-14204	1160	192	-4522	-9454	-6673
-11760	628	-40	-4184	-8013	-5444
-12736	-840	1892	-3581	-5787	-4009
-11164	320	4212	-2788	-2935	-2857
-13464	-2740	1292	-3568	-1112	-1645
-11636	12	3468	-467	1407	-907
-12964	-56	1388	-1646	2938	1142
-12892	-1060	1744	-978	3971	2254
-13032	-368	2368	986	5992	3363
-13552	656	1084	97	7334	4777
-13580	-108	1156	706	7823	6702
-13228	1480	1888	2857	9557	7822
-14240	2536	-2184	770	10136	9477
-12952	1852	-424	4854	10423	9327
-12804	4136	-1496	1545	11521	11048
-12828	1556	-2880	1964	12073	11429
-11176	5256	-3604	2970	12885	11241
-11256	4148	-5136	4850	13619	11354
-12180	7432	-6224	4065	13261	11880
-10272	4808	-4104	1591	14467	12474
-10296	6884	-9740	3729	14951	11930
-9764	9556	-7260	1980	13756	12287
-7688	8616	-8384	-2099	15291	13346
-8496	7664	-8396	1202	14809	13031
-7244	11580	-8836	-3209	14949	14541
-5156	10520	-8688	-6586	14709	15858
-5296	7988	-10164	-3104	15213	14949
-4492	14204	-10540	-5245	13762	16090
-2896	9820	-11824	-10198	13845	18086
-1480	12720	-11868	-7347	12495	18085
-16	15544	-10748	-12329	12092	20017
-92	9432	-11368	-10858	11315	19562
2524	17244	-9388	-9678	10230	19807
2696	14192	-10736	-12945	9508	20629
3976	14072	-8148	-8536	7340	20007
5956	18148	-7680	-14003	7058	21523
5972	12884	-8384	-13317	5584	21650
8948	14332	-6824	-7300	4345	19279
9272	18268	-5868	-12834	4678	19703
9168	11576	-5524	-11940	1786	19023
12572	14284	-4596	-6662	1640	16404
11368	17320	-3452	-13609	2288	18340
11084	9348	-3176	-11591	649	17315
12964	13300	-2296	-6193	655	15244
11572	13412	-3388	-10651	912	16973
13508	8324	-1768	-8631	-125	16115
14896	10984	-780	-6955	-644	14711
14292	10512	-2320	-9434	-1534	15901
15272	6840	-2280	-8957	-1849	15633
16800	7544	-876	-6269	-1648	14055
16684	8176	-348	-6245	-2497	13725
15936	5184	-1816	-5678	-2753	13261
16856	5068	-1196	-1835	-2389	11479
16508	7260	-592	-5277	-2911	11812
17360	2528	-2192	-4289	-3754	11157
18564	4300	-1336	-6161	-2723	10191
17264	872	-1060	-4288	-2662	9288
17748	3272	-2216	-1049	-1223	7360
17132	1900	-880	-656	-1364	5679
17192	2536	-1560	-1608	-776	4866
16852	1828	-1468	-1291	-733	4086
16812	2096	-2372	333	-513	2866
17036	1648	-2196	76	-171	2316
16080	1912	-2076	1417	199	815
16908	3964	-2648	-102	-18	201
17592	904	-1424	-49	543	-1125
17516	3936	-2956	1832	644	-3761
17440	3264	-1796	-2055	643	-5475
19684	3252	-2588	-814	1615	-7603
17220	3172	-1448	741	2311	-8923
16692	6364	-1556	2707	1957	-9335
15184	6392	-216	323	2624	-9163
16360	4468	-384	1893	2603	-10865
16904	6832	-80	1723	2590	-11455
17740	7060	-1048	979	2240	-12714
18212	7364	-1600	4265	2552	-15053
18460	9232	-32	1665	2757	-16671
18552	6976	-1292	2581	1869	-19912
17360	11948	-2784	5350	2515	-22299
17532	14108	-1536	2719	1468	-24094
17308	11104	-3044	2388	582	-26744
14012	15392	-1380	4385	573	-27630
12100	13648	-1392	3059	-371	-27046
10896	14292	-1940	6059	-1180	-27951
8392	15748	-2116	867	-2505	-25482
7392	11340	-2980	4419	-3024	-26948
6724	16552	-3388	7805	-3251	-26519
5960	14400	-3968	2278	-4912	-24364
3324	12640	-5240	8995	-5460	-25340
2460	15296	-4836	8999	-6304	-24825
216	17228	-4820	4696	-6941	-21895
-832	13016	-3824	5245	-7158	-21990
-2832	12992	-4380	7851	-7056	-22107
-4464	15908	-5776	9320	-7876	-22294
-4468	15084	-6040	5122	-7826	-20373
-5396	10200	-4236	8446	-7911	-20731
-6776	14252	-5232	7936	-8258	-20067
-6836	10484	-5604	6359	-8113	-19624
-7836	10772	-4396	11729	-8427	-20099
-9436	11048	-6576	7622	-8536	-18083
-10332	8348	-6304	6308	-9800	-17165
-10736	8124	-6432	9155	-10178	-17780
-12748	8236	-6888	3282	-10551	-15699
-12140	4564	-4880	5546	-11025	-16044
-13052	6708	-1808	3816	-11557	-15025
-15480	2820	-2868	180	-11786	-13217
-13440	3944	-2108	3592	-11318	-13556
-13212	1308	-892	2940	-10380	-12205
-14068	1504	-1976	4186	-10682	-10534
-11964	2096	1064	2509	-9391	-7803
-11864	-968	1176	1314	-7072	-5731
-12096	876	108	-498	-5586	-4370
-12076	-1376	3380	-950	-2417	-2419
-12704	-2040	2240	-2957	-37	-1326
-12672	-688	888	-1217	1474	-565
-12912	-1456	1444	-1301	3089	1138
-13608	-1864	-28	-1336	5361	2621
-13164	328	172	-1364	6233	3789
-13828	-2256	132	-1006	7255	5951
-13104	1708	-1264	-20	8355	7087
-13400	1640	-1236	-4041	9309	8849
-13328	-272	-2380	992	9849	9007
-13320	4740	-2688	307	10284	10080
-13324	3036	-4104	-3635	11139	11935
-13164	1852	-5436	1018	10978	10726
-12576	6484	-4012	-785	11462	11160
-12608	6836	-7056	-4597	11166	12991
-13008	3256	-6564	-1511	10981	12446
-10968	8888	-6900	-3585	10961	12936
-11468	7520	-6648	-7186	10829	14707
-9600	7948	-8728	-6143	11055	14738
-10020	8984	-7252	-7871	10813	16095
-8004	10260	-7128	-9437	9956	18092
-6224	10316	-6644	-10461	9915	18464
-6200	9192	-5928	-8052	10273	18461
-5212	14264	-7548	-8202	9159	19065
-5076	10504	-8336	-10899	8354	19832
-1616	13288	-5980	-6059	7843	19738
-2676	16920	-7408	-12155	8450	22017
-1140	11068	-5292	-7982	5673	21695
3028	16764	-5576	-3929	6616	20706
532	16812	-6708	-14679	6814	23617
3868	11764	-6276	-3526	3751	20998
7088	17700	-4384	-2095	5972	19381
4212	18756	-5460	-11199	5106	22350
7664	13412	-4536	-5878	3078	21015
9304	15768	-3168	-3704	3789	18922
7480	15008	-5072	-7037	3589	20667
10964	13960	-2608	-4039	2072	19638
12624	15652	-2324	-5162	2251	19100
11468	12896	-2148	-5115	1469	19445
13724	13304	-1948	-2648	1040	18053
13948	13732	-2144	-5148	1095	17714
14016	9424	-2232	-5003	-284	17234
14964	11704	-2248	-3415	-197	15860
14920	10560	-2076	-3646	-94	15516
14816	8540	-1012	-3787	-663	15283
15732	8864	-588	-3267	-1497	15235
15512	9524	-1284	-5956	-1529	16246
16064	5712	-1572	-5834	-2686	16712
17676	4292	-2320	-3240	-2745	15388
18332	3288	-1580	-781	-2177	12400
17660	4672	-2016	-1445	-2688	9446
18324	4184	-2656	-2656	-2619	8226
17284	820	-2308	-2045	-1446	7332
17112	5892	-2568	1814	-1237	5451
16192	5328	-1332	-2269	-1046	6159
15460	-1196	-2924	-448	-2223	5795
17472	1272	-1760	4523	-203	3641
16996	4788	92	-384	57	4123
17400	1568	-1292	-1003	-1028	4369
17184	1460	-2904	195	-393	2268
16384	2520	-3700	943	-29	1245
17256	2168	-2228	827	582	370
16904	1004	-1256	759	574	-700
16756	2168	-3908	-115	205	-1217
17212	3032	-2612	505	581	-2292
17480	3888	-2224	-370	699	-3808
17796	1340	-1656	-3476	586	-4924
18076	4144	-2892	-517	1562	-7114
17388	4436	-1068	-951	2470	-8536
16440	5624	-408	-1422	2170	-8652
16532	3648	-1300	317	2148	-10542
16840	6108	-1720	1410	2547	-12329
17476	6752	-1492	495	2317	-12997
18076	6216	-1772	787	1996	-14393
17948	6432	-2520	4134	2240	-17062
17408	8096	-556	3949	2150	-18975
16760	8076	-2608	6171	1178	-20913
16168	12024	-1816	5683	648	-21608
16616	8604	-2620	7931	288	-24651
14756	13236	-3700	9550	-186	-25513
13900	13004	-3520	8779	-2528	-26197
13852	13464	-4456	9888	-3568	-27141
12168	16520	-3960	7412	-5071	-25853
10452	12668	-5320	6610	-5776	-26261
6960	13560	-5748	12013	-6531	-27222
5772	17860	-4700	9169	-7702	-25708
4812	13720	-6592	6023	-8114	-23983
2392	14116	-7476	9461	-8957	-23854
1976	15360	-5992	9386	-9542	-23356
380	14732	-8324	7462	-10065	-21871
-1292	14164	-7440	7765	-10509	-21177
-2296	13772	-8892	6986	-10914	-20796
-4472	14520	-8108	5161	-11980	-20044
-3768	12000	-8124	4043	-12013	-19805
-6356	11256	-7276	5335	-11676	-19619
-6696	12180	-8252	696	-12064	-18124
-7492	9036	-7636	-385	-11677	-17364
-8380	9728	-7744	597	-11758	-17004
-9040	9420	-7232	-1970	-12404	-15995
-9808	7888	-7000	-2788	-12540	-15388
-10352	6908	-7060	-1352	-12292	-15595
-11308	6300	-4628	-1707	-12113	-15428
-11744	4884	-4320	-758	-11472	-15032
-13156	5224	-4912	62	-12024	-14081
-10984	3672	-652	1478	-11448	-13083
-14136	2532	-3128	2176	-10173	-12674
-13396	3312	-1432	2769	-10354	-11853
-11856	1408	1148	-348	-9640	-9063
-13760	-180	236	3459	-7532	-8505
-12928	2156	360	2390	-4903	-6007
-12352	-1200	2608	1404	-3773	-3733
-12360	1068	2676	39	149	-1709
-12736	-1872	1116	-207	1318	-124
-12800	412	1136	-456	3058	883
-12472	352	672	-1396	4357	2691
-13264	40	-8	-2683	5734	4033
-13524	-312	1156	-329	6729	4826
-13748	3852	-1088	-3977	7919	7170
-14928	-1168	-1552	-4452	8001	8675
-13076	3020	-1288	-1916	9296	9704
-13620	4464	-3144	-4422	9024	11875
-12252	2556	-3972	-2052	9135	13044
-12228	4976	-3444	-2894	9759	13706
-11144	4932	-4204	-3727	9957	14575
-11520	5808	-3820	-3514	10882	14593
-11248	7148	-5592	-2636	11154	14605
-10988	7912	-5328	-2373	11176	14834
-9772	9600	-3088	-5661	11923	16441
-10312	9932	-8132	-5764	10784	17367
-8280	9040	-3608	-2577	9814	16784
-7048	13496	-4936	-7156	10390	18336
-8000	9552	-8832	-6114	9682	18379
-4740	13984	-5728	-2116	8992	17304
-5552	16136	-9440	-12273	10411	20388
-4140	10344	-6872	-6430	8036	19014
-2044	17108	-6048	-6689	8546	19312
-2324	13900	-7072	-11462	6582	21487
1136	13712	-6168	-6205	5796	20191
1340	18292	-5292	-9736	6350	21225
1820	13472	-6536	-10140	3138	21952
5960	15912	-4328	-5689	3136	19958
4496	18620	-5348	-9549	3650	20957
5608	11800	-3148	-7496	1231	19705
8488	17368	-2716	-4286	1307	18097
6232	17204	-4536	-8349	330	19724
9516	11916	-1664	-4300	-1060	18177
11896	16640	-1916	-4539	-31	16944
10108	14052	-2140	-7358	-929	18268
11952	10660	-1404	-3173	-952	16813
14160	14596	-1076	-4118	510	16672
10936	12228	-1352	-6746	-624	18375
13932	9800	-1048	-2048	-2079	17156
16240	12332	-1364	-3998	-1001	16713
15148	8740	-1160	-6781	-1733	16327
16568	7896	-1172	-3726	-2205	15060
16188	9108	-728	-2478	-1698	15639
15968	6936	-920	-3944	-1867	16579
16944	5776	-968	-3771	-2632	15261
16964	4484	-1452	-866	-3132	14585
18140	5204	-1628	562	-2779	13544
17568	4528	-1396	-691	-3455	13299
19184	2668	-1928	635	-3749	11433
18032	2692	-2708	1871	-1717	8818
17164	1920	-1464	1256	-1694	7781
17508	2632	-1264	3070	-981	5559
16680	3548	-1980	2792	-835	4242
17344	3164	-1492	296	-456	3890
15924	232	-2800	-278	-1284	3241
17644	2948	-3568	4311	-126	963
16472	3912	-988	-504	562	1424
15720	-548	-3748	-307	-1593	941
17464	1272	-2824	4273	536	-487
15744	3124	-1492	3016	642	-533
16384	1088	-2756	-2	-643	-329
16704	500	-3544	4515	430	-2277
17592	3532	-3016	4041	629	-3301
17176	2328	-1844	338	480	-4344
17088	1968	-2972	2331	144	-6440
17288	4704	-3864	3458	1178	-8451
17316	6648	-1500	-924	1181	-9378
17416	2420	-1376	-1299	824	-10862
17764	5880	-2436	4341	2626	-13216
16520	7348	-872	324	1847	-13998
18176	6520	-1416	2127	1574	-15961
17700	10276	-1408	-1646	1395	-16653
18780	6848	-2240	-2004	1100	-18315
19304	9912	-1432	2210	2070	-21211
17408	10432	-2360	1168	796	-22606
17164	10812	-2420	3964	-297	-24494
15384	13552	-3192	4160	-897	-26249
13680	12584	-3200	4230	-1966	-27056
11284	12756	-2676	8180	-2075	-27881
9976	13204	-3488	11647	-3657	-28510
8976	14580	-5224	11156	-5514	-28423
6804	14132	-7216	12046	-7076	-26900
6960	14248	-5508	13023	-8488	-26346
3788	14112	-7724	10891	-11214	-24580
3176	16080	-8772	10119	-11556	-24048
3032	15972	-8884	4971	-11304	-22058
-428	13356	-8640	8244	-10669	-23462
668	17124	-5728	6528	-11009	-23342
-2296	14644	-6964	4888	-11193	-22413
-3496	16372	-7352	5654	-12458	-21687
-4660	13612	-7164	-528	-13592	-18706
-6848	11088	-8008	1165	-13929	-18933
-7184	10376	-7880	1547	-13769	-18669
-8820	8292	-7716	640	-14082	-18862
-8300	9080	-5324	4586	-14296	-19226
-9016	7608	-5328	-193	-13819	-17398
-9644	6060	-4144	-25	-13052	-17030
-10520	7128	-3952	-2187	-12908	-15539
-10792	4416	-1688	-2918	-12695	-13649
-10424	5272	-456	-2604	-11456	-12550
-14392	2680	-780	-2833	-11015	-11648
-12768	2516	1072	-1063	-9920	-11635
-13656	1888	3308	-953	-8119	-10537
-15600	1176	-1700	-869	-8274	-9768
-12132	1072	1472	386	-7010	-8559
-12160	1396	1676	-792	-5335	-6528
-13832	212	-988	-1355	-4199	-4879
-10940	-1584	3892	921	-2491	-4226
-12256	1932	884	-2094	-103	-1195
-12396	-1320	1072	-537	1328	-35
-12496	-460	3316	-82	3184	1464
-13220	-500	1532	-1386	4898	3383
-14012	528	144	-3	6050	4177
-13612	1128	2168	-1127	6975	6143
-13864	112	604	-13	7877	7403
-13780	2588	-76	-547	8448	8743
-13052	1172	128	-110	9514	9917
-12664	4168	-1548	797	10819	10590
-13688	1792	-1284	915	10500	11036
-11124	5744	-2156	455	11179	12096
-11764	4688	-3696	-837	12065	12688
-12032	5868	-4972	619	11932	12481
-11376	5148	-3340	373	12388	13205
-10004	9084	-6360	-1691	12703	14804
-10832	5300	-7324	-253	12946	15230
-8652	8912	-5200	388	12575	15415
-8144	9876	-7748	-4524	13323	16720
-8040	7080	-7152	447	12901	15413
-6144	12408	-6432	-600	13818	15322
-7392	11528	-10392	-4060	13730	16811
-4452	11396	-6744	-1162	12675	16435
-2600	14536	-8312	-1955	13167	16732
-2780	11612	-9532	-4604	13004	17604
-380	14304	-8764	-3795	13195	17999
-352	12788	-10412	-4032	12603	18626
1460	16744	-9980	-10777	11233	20946
2716	12648	-10884	-10346	10969	20769
4344	12884	-7160	-3953	9799	19499
5880	20628	-8784	-12397	9594	22095
5180	10068	-8248	-11084	7418	21303
10040	15360	-6672	-4221	6260	18516
9240	19020	-6968	-13294	6680	20803
9204	9748	-5384	-8074	4559	20101
12860	15984	-5364	-4641	4600	17866
10724	15036	-4872	-11448	4260	19989
11528	9044	-3924	-6976	2527	19238
13876	12912	-4068	-4961	2796	17614
13576	11560	-2976	-6833	3323	18095
14396	8824	-3048	-4441	1450	16740
15940	10912	-2840	-4495	1514	16226
15352	8412	-4048	-5855	1449	16895
16360	8660	-2824	-4235	468	15804
16200	7472	-2188	-4188	37	15052
16568	6280	-2488	-4002	-183	14569
16680	6952	-2888	-3362	-996	13703
17432	5896	-1868	-5005	-1249	12785
17808	2764	-2600	-3488	-1492	10532
18044	4584	-1960	-2298	-915	7639
17992	3360	-2084	-6184	-546	7184
16772	740	-1436	-4592	-843	7407
16948	6208	-1208	-2330	356	5727
16312	3052	-920	-6638	-603	6281
17340	236	-2024	-4066	-721	5730
16904	1944	-1840	-223	495	3961
16012	3736	-2636	-908	166	3288
16948	2964	-2136	-4208	-87	3440
16808	692	-1636	-1283	-116	1450
16688	3756	-2444	-1052	475	181
17020	1264	-2388	-1072	333	-810
17080	2984	-2304	473	627	-2081
16908	2896	-2252	-963	-96	-1963
18052	2080	-2744	3158	199	-4764
17064	3048	-2596	851	1335	-5709
16756	3844	-688	-564	682	-6535
16176	2088	-2828	2367	628	-8993
16160	4308	-2316	4154	966	-10923
17216	6100	-1244	3290	533	-11271
17520	5900	-2168	5080	164	-12831
17140	7392	-3612	4736	43	-15283
17400	9540	-2608	1822	-758	-16575
18024	7536	-1876	3167	159	-18582
17052	11348	-2576	3528	-700	-21038
16152	10144	-2632	2823	-950	-21630
16300	10712	-3168	5507	-1981	-23895
15212	13080	-3048	4682	-2551	-24276
14628	12528	-3208	3460	-3822	-24384
13660	11784	-4660	6838	-4861	-25850
12312	15260	-5476	5850	-5181	-25625
10568	13444	-4692	4098	-5924	-24967
8928	13572	-5180	7898	-6141	-25391
6500	14380	-6144	8022	-6548	-24178
5056	14008	-6800	8542	-7416	-24336
3580	14780	-7036	10045	-8885	-23930
2188	13944	-8616	9148	-10189	-23100
712	15288	-9248	8609	-11189	-21469
-420	13692	-9384	7134	-11853	-21240
-1380	14256	-6964	7629	-13272	-21324
-2908	14276	-9312	6350	-13376	-21289
-5060	13124	-8540	3996	-13301	-20760
-5992	13804	-8216	1057	-13385	-19961
-6120	12904	-6612	847	-13703	-19218
-6332	11924	-6680	-214	-13662	-18797
-7612	11004	-7832	-3645	-13474	-17548
-8316	8020	-5324	-3763	-12613	-17328
-8596	8064	-4820	-4288	-12187	-16075
-10332	6660	-5084	-4862	-11735	-15616
-10632	5336	-4588	-2408	-10540	-16502
-11068	5920	-3260	-3108	-9937	-15391
-11868	4928	-3400	-1621	-9845	-14909
-11408	3692	-2340	439	-9406	-14753
-13376	2824	-4260	329	-8359	-14019
-13280	1440	-3408	3402	-9262	-14298
-15012	2172	-124	-215	-9559	-12477
-13364	-1416	2112	340	-9434	-10701
-14552	1332	-1476	1252	-9267	-9345
-12224	-1508	2388	418	-7759	-6194
-12344	-1300	3564	339	-5466	-3583
-12252	-1560	3260	718	-3632	-1156
-13044	-2592	3464	168	-722	1249
-11592	-796	3856	-628	2156	2999
-13776	-1416	2372	-1595	4287	4573
-13128	-428	2880	-517	5653	5559
-13552	-320	2268	-1989	6431	6242
-13020	1000	-92	-1258	8090	6878
-14332	-832	1824	1201	9115	7058
-13368	4088	428	282	9680	8784
-14188	1224	-1584	335	8799	10277
-12348	2500	-1444	2297	10351	10798
-12964	3140	-1120	2280	11277	12136
-12416	3984	-3008	1796	11519	12629
-11608	4056	-3208	4849	11697	12621
-11952	6376	-5988	1949	12757	12891
-10808	4008	-5112	2627	12778	13411
-10192	6956	-5972	4890	13808	12726
-10152	9164	-5908	-210	13688	14167
-8720	3820	-6816	3567	14138	13771
-8136	12728	-7536	3902	14758	13474
-8252	8424	-9488	-1103	14702	14992
-6168	11560	-9572	1225	14217	14048
-6576	9476	-10724	-1092	14139	14883
-3344	11268	-8328	-313	14144	14871
-4900	13836	-12628	-7226	14807	17094
-2900	7248	-10428	-1006	13651	15795
-232	15668	-9460	-4165	13688	16264
-1096	12984	-12876	-10041	14074	18428
1224	12196	-10548	-3317	12203	16575
2080	17572	-12156	-9812	12404	18193
2624	12192	-11632	-9626	10246	18755
6220	15140	-9688	-5432	10039	16669
4116	17952	-9536	-13998	10425	19425
6304	12036	-8244	-7942	7245	17831
8712	16540	-7400	-10125	7030	17611
7948	14364	-8408	-14655	6679	18789
9220	11056	-5352	-8403	4808	17129
11836	16076	-5620	-8842	3990	16381
11332	12276	-6048	-13380	3726	16654
11932	11248	-3388	-8508	4145	15971
11884	14468	-3708	-8229	3107	15661
12916	10492	-3360	-11772	1544	15955
13740	10328	-4680	-9098	792	15366
14364	9508	-3264	-5778	2100	14470
13964	10880	-616	-6804	1106	14638
14716	9224	-2656	-8920	-459	15242
16316	7292	-3240	-6905	-349	13577
16408	7048	-1472	-4075	472	12413
15892	8152	-1444	-4618	-425	12425
15780	6592	-1380	-4937	-1429	13013
16864	4968	-2508	-2215	-989	11311
16452	5880	-1388	-765	-1503	9855
17380	3796	-1968	567	-2398	7820
17564	4792	-2532	1277	-1570	7130
15892	3412	-3696	918	-962	7016
17308	2980	-2048	1234	-565	6377
16856	3232	-404	1691	-613	4851
16408	1624	-2380	3012	-928	3941
16648	4052	-2712	3377	-261	3842
17152	1748	-1248	2229	-175	3421
16836	1996	-2196	3284	-534	2104
17392	3020	-2776	3034	-418	573
17544	2732	-2740	2913	60	-1097
17120	4836	-1944	2408	34	-2761
17148	1984	-636	4117	-289	-6323
17508	6692	-3476	893	-473	-7510
15556	6972	-1244	-2085	993	-7246
16344	6528	-2308	1554	447	-7807
16448	7280	-1900	430	1604	-9064
17288	4956	-1804	1391	840	-11585
17500	7852	-3180	2302	1001	-13680
17276	8464	-3304	1040	322	-14842
17160	8360	-4208	462	121	-15923
16892	8444	-1976	1531	-167	-17885
17044	7036	-4272	4485	-1140	-21034
16392	12096	-3432	7055	-2079	-22959
16180	10952	-4420	3928	-3440	-23530
14440	10556	-5540	9929	-4487	-25984
12256	16204	-4828	7238	-5983	-24542
11452	11864	-6088	5456	-7457	-24373
10864	12988	-7736	11342	-8217	-25886
9040	15764	-6872	8578	-8513	-24002
7344	12812	-6888	8669	-9434	-24085
6320	13648	-7472	12816	-10650	-24392
4476	16444	-8948	8122	-11981	-22010
3032	12580	-9876	5346	-12269	-20345
1980	13248	-7796	8509	-12652	-20359
8	15808	-8384	3012	-12698	-18206
-824	11628	-9884	3621	-12739	-18821
-2416	14036	-10440	4947	-12747	-19338
-3200	13104	-9568	1594	-13293	-18123
-4384	12212	-8556	5087	-13768	-18516
-5716	14212	-9972	1488	-14157	-17383
-5588	9812	-7948	1083	-14315	-17560
-7692	10908	-6944	2007	-14297	-18086
-9740	9444	-7716	-101	-14352	-17074
-9448	8464	-6712	640	-14340	-16452
-9908	8996	-5944	-3908	-14146	-14228
-10420	5304	-5424	-1974	-13559	-14449
-10828	6716	-4576	-2217	-12994	-14121
-10904	5208	-4976	-4269	-11972	-12652
-10992	3644	-4172	-2063	-11864	-13278
-12084	3676	-4020	-1101	-11251	-13198
-11848	3084	-2752	-2228	-10815	-12515
-12836	1140	-988	-685	-10132	-12574
-13332	644	-384	-88	-9519	-12510
-14868	424	-16	338	-9688	-11699
-13964	640	536	713	-9745	-9970
-13344	592	2388	-856	-8530	-6214
-13336	-276	2428	-151	-6422	-3459
-12804	-2144	6180	-741	-4025	-838
-13680	-1792	3152	-895	-2198	443
-12784	-624	3220	-383	146	1770
-12004	-1632	3308	-595	1971	2799
-13052	-980	2056	-1579	4777	4005
-12876	-692	3200	823	5268	4536
-13484	1532	2204	-1942	6387	6600
-12876	-836	1076	-779	7585	6895
-13044	1696	1380	969	8924	7333
-13572	1880	1040	714	9539	8381
-12656	4520	-116	732	10226	9909
-13536	2256	-2432	921	11072	11218
-12808	4272	-1460	1594	11365	11474
-12080	5032	-3392	-303	11957	12773
-12584	2640	-3932	2139	12662	12602
-11544	7232	-4640	970	12664	13150
-11040	5992	-5232	311	13004	13386
-11768	5576	-6028	1923	13448	13158
-9948	9636	-6716	-824	13365	14118
-10032	6224	-8076	1828	14014	13646
-9132	11468	-6136	2926	12707	12972
-6696	9144	-6792	-2776	14372	14475
-8180	9956	-10168	1524	14382	13786
-7568	11296	-11976	2666	13389	13571
-4940	10556	-7048	-2140	13693	15511
-5876	11732	-15008	-2241	12366	15540
-2660	9140	-10056	994	12066	13896
-2916	13108	-12424	1809	13372	13337
-2988	15832	-13640	-8965	11772	16011
460	8716	-9552	-5250	11055	15087
-372	14408	-11776	-3815	11386	15675
1132	15984	-11240	-10238	9562	18281
3080	11644	-9136	-7370	8673	17410
3968	15552	-10024	-8467	8101	17107
4116	14916	-10120	-12317	8068	18041
5860	13056	-7660	-9599	7756	17766
7616	17744	-6924	-13037	6002	18799
8488	12584	-7124	-14565	5325	18532
9560	12944	-5476	-8203	5576	17048
9272	16652	-6456	-11882	4569	18723
10816	11640	-4376	-13816	2165	20380
13592	10288	-4756	-7780	1551	17576
13344	13584	-4916	-9491	2721	17424
11856	10136	-3872	-9028	1368	17696
13536	9444	-2424	-6484	-92	16913
15672	10032	-2564	-7571	611	16299
14684	8264	-3052	-6662	1162	15655
15308	9032	-2004	-4521	349	15647
16088	8340	-1680	-5463	-454	16026
16504	6120	-2064	-3861	-560	14760
16820	6724	-1380	-3356	-1315	14185
17120	6212	-2016	-3920	-2351	13300
18108	4720	-3368	-2098	-2210	12029
18220	4632	-2804	54	-746	9780
17220	3776	-1192	-896	-758	8174
16680	3020	-1512	98	-719	6452
16904	3220	-2484	613	-1269	6313
17088	4388	-1748	1274	409	5105
16432	3788	-828	-1933	-515	5205
17556	1936	-2032	-1673	-608	4497
16872	3124	-2208	206	645	3032
17280	3304	-2248	-207	539	1604
16988	3028	-2056	-269	683	371
16956	3224	-1524	544	926	-1430
16972	3920	-2936	-506	649	-2678
17116	3376	-2056	-86	1144	-3943
16404	3964	-2560	1415	619	-5882
16924	5052	-3020	378	1026	-6811
16604	2980	-396	1853	1064	-9291
16836	6228	-3740	4113	386	-10638
17336	5024	-928	4873	1074	-13383
18096	5256	-2956	5967	84	-16493
17152	10548	-908	5853	141	-17358
17336	7372	-3544	4833	-1082	-18829
17116	9052	-3408	8539	-454	-21925
16928	9596	-3532	8217	-1554	-24183
15724	12456	-4784	9263	-2355	-25256
14828	13184	-4984	9002	-3161	-25423
14304	13168	-4628	9092	-4059	-26228
12816	13128	-6028	10780	-6440	-27570
11100	16836	-6304	8564	-7815	-26499
10132	14308	-6660	5598	-8966	-26155
8556	14556	-8284	9028	-9889	-26199
7260	15988	-8368	5545	-10978	-25227
5416	13864	-8580	7132	-11647	-25340
2188	14620	-9508	5177	-12609	-23478
1972	14240	-7980	3145	-13048	-22002
20	12276	-8576	3938	-12676	-20920
-264	11444	-6788	4580	-12621	-20278
-2448	13080	-7672	3672	-13359	-18923
-3192	11088	-8680	2899	-13513	-18501
-4764	13180	-9128	5190	-12912	-19069
-5156	12200	-8476	2049	-12396	-18517
-6352	10700	-7608	3338	-12002	-18838
-8016	10632	-7964	4058	-12191	-18885
-8712	9972	-6256	2700	-12396	-17020
-9636	8176	-5572	1034	-12850	-15319
-9880	7020	-6292	3509	-12434	-15266
-10644	6416	-5504	2936	-12842	-14296
-12744	5152	-8504	1162	-12398	-14394
-11100	5408	-5160	697	-12135	-13557
-12012	2900	-5204	175	-11847	-13318
-12036	3924	-3864	1328	-12510	-12843
-12508	2204	-3304	5	-11222	-11858
-13144	2092	-1104	1029	-11723	-11244
-13052	1904	-412	289	-11085	-9402
-13960	512	1488	197	-9737	-7857
-13892	760	-808	-1249	-8625	-5785
-12092	-704	3260	-456	-6169	-4360
-13496	-1948	2920	-1346	-3418	-2112
-13028	-1068	2856	-989	-1619	-1017
-12020	-1612	3620	-1923	1121	1049
-12032	-1824	1304	-1131	3755	1790
-12688	-220	776	-1008	5284	2931
-12424	-12	1392	-1595	6896	4863
-13800	-996	-1120	-2199	8059	6174
-12904	544	420	-800	8445	7293
-13464	1632	-1020	-2466	9763	9703
-13032	1316	-1332	-445	10462	10888
-13824	2632	-1984	-1256	10210	12370
-12940	2680	-2968	-195	10506	12753
-12120	3180	-2712	1537	11457	13075
-12784	5828	-5224	877	11786	13431
-11536	5112	-3980	1079	11376	13527
-10552	6808	-4432	1077	11876	13399
-10588	8008	-7508	-219	12612	13499
-10192	9132	-6228	189	13091	13046
-10712	8988	-7268	-2661	13091	14023
-8636	9832	-7076	-2953	12081	14598
-8400	10408	-7992	-6724	13056	16024
-7232	10204	-9704	-5315	11622	16201
-5620	11476	-6732	-5488	11376	16537
-6020	14076	-11300	-9878	11286	18034
-3904	10996	-9120	-9746	10696	18423
-2360	12440	-7884	-6615	10535	18012
-1868	16244	-9284	-9532	10039	19748
-1176	12864	-8280	-7082	7426	19066
1780	15420	-7080	-7347	7292	19631
1944	17784	-8044	-12237	7560	21376
2312	12220	-7532	-7247	5585	19676
5600	15600	-4184	-6898	6235	19696
3984	16960	-7492	-10008	5626	20623
5580	12920	-5452	-8454	3519	20836
9212	14388	-3184	-5366	3745	19115
7784	16160	-4916	-7377	5174	19962
8600	13912	-3308	-5807	2722	20229
12892	14960	-3000	-3514	2190	18050
12040	13416	-4360	-6298	2237	18407
13460	12324	-3056	-3827	1877	17365
13484	14244	-1576	-4870	1667	17597
13408	10304	-2520	-5906	907	17170
14748	9232	-1920	-2158	777	16619
15260	9980	-1872	-1007	1127	15792
14740	9928	-1260	-3163	120	16702
15416	7244	-2600	-3482	-1068	17723
17068	6552	-2424	-961	287	17151
16536	8552	-2664	-4100	-1129	17657
17976	5192	-1828	-7241	-3116	18875
20148	820	-3996	-2760	-2349	13390
18808	4068	-3892	368	11	9501
16836	3212	-1432	-410	-244	7766
16652	3092	16372	4472	-1944	434
-337	6539	16448	2492	-2952	-1168
-642	6610	17312	2188	-960	-321
-120	4274	17692	2552	-2656	-912
-745	2973	17356	3480	-3056	-1091
7	2175	16992	2280	-1792	562
237	750	16916	3576	-2752	597
643	-492	15888	3376	-2000	623
386	-2490	17616	3064	-1920	-111
533	-4127	16944	4256	-1668	619
1378	-5965	17104	2928	-1248	295
254	-7843	16864	3436	-4552	2035
542	-10241	18436	4148	-1648	328
1102	-13577	18312	5824	-1100	2787
1572	-15687	17136	8296	-1600	4816
1661	-17435	16152	10268	-2632	1779
1485	-17112	17460	6560	-1816	2186
743	-18680	17132	9140	-1704	5571
1624	-20979	16068	11576	-2836	5263
-421	-22205	17012	9968	-4024	7661
-721	-24243	14532	12828	-4544	9236
-1943	-24485	15052	12936	-2564	5779
-2950	-24847	12920	11628	-4808	9704
-4725	-25552	11892	13116	-5792	11213
-6310	-26110	10204	13528	-6616	11134
-7339	-26627	8856	14272	-7968	14727
-9112	-26992	7696	15952	-7428	13407
-10445	-25803	4844	14308	-9232	12214
-11549	-25315	1900	12896	-8800	13096
-12214	-24797	824	14628	-10452	12250
-13210	-23880	-692	12888	-10248	13434
-13628	-23571	-1168	13748	-9372	13623
-13777	-22777	-2412	12692	-9420	11023
-14370	-21109	-3148	12132	-9936	8938
-14428	-20869	-4624	14716	-10312	5186
-15908	-17978	-5540	10240	-12916	1903
-15976	-17952	-7160	10168	-9300	1664
-15661	-17284	-8112	9008	-8992	-2061
-15979	-15848	-8724	7684	-8472	-3254
-16531	-15169	-8684	6112	-8304	-2941
-15986	-14989	-9220	5936	-8416	-3257
-15194	-15028	-9708	5464	-8132	-3245
-15515	-14633	-10392	4088	-6632	-2839
-15320	-13542	-9888	2816	-3480	-2765
-15014	-12617	-11460	2256	-1956	-3005
-14307	-12213	-13464	864	-1748	-1524
-12838	-12155	-12268	2376	824	-1283
-11485	-10246	-14368	392	468	-1857
-10346	-8141	-13128	1564	992	-829
-8872	-6329	-13432	-1244	348	-2158
-7112	-4538	-12504	-544	1104	167
-5383	-3893	-12808	4	3684	-1054
-3575	-737	-11852	-1196	952	-1554
-1562	1115	-11936	-1380	2068	-901
1371	2281	-11348	1232	1552	-2013
4459	3565	-12996	-52	-216	-2773
6078	5348	-12616	1632	624	-1981
6500	5984	-13084	1800	736	-3026
8741	7808	-14192	1628	-1344	-2528
9611	9577	-13128	3148	-384	-2051
10104	11006	-12784	3204	-1432	-4032
10664	13128	-13116	2320	-3056	-941
11494	13248	-12840	3940	-2788	-1280
12144	13272	-10888	6120	-3256	-2032
12508	13939	-12556	5280	-8504	-2167
13769	13930	-11236	8848	-5908	528
12031	13016	-10104	7888	-4240	-5612
13685	15310	-9620	8184	-6264	-2401
11801	16137	-7616	12444	-6172	-6027
12818	17632	-9120	6996	-4728	-8383
12616	19266	-6932	11264	-7744	-6697
11289	19851	-5556	12696	-7348	-8010
10836	20613	-5368	10480	-8884	-8492
10882	21087	-2924	14596	-6628	-9388
9208	21825	-3056	15128	-9960	-11517
9235	22790	-1428	12856	-5640	-8368
6850	22545	1288	17488	-6492	-10457
7452	23213	-124	12448	-5596	-11651
5809	24493	4280	15268	-4988	-4164
3857	22498	4000	19988	-6472	-12427
4274	23708	3972	12204	-4628	-11177
2184	24687	9552	15152	-2740	-4884
647	21651	8924	18036	-3084	-10745
2070	22653	9376	11644	-2444	-6731
201	22903	13444	15500	-1568	-3488
503	20793	11284	13036	-1756	-7235
-1356	21564	13804	11124	-1212	-4211
-3326	21099	16404	11580	-2748	-3256
-934	18759	14104	11036	-1248	-4974
305	18975	14396	8820	60	-1915
-943	19087	16340	10148	-1276	-974
-492	19149	16356	9092	-452	-3835
-830	19963	17596	7780	-1304	-3355
-2373	19644	19152	5664	-1040	-1548
-2170	18431	19160	4644	-2516	1501
-2327	16536	19288	5020	-1644	1027
-1273	14087	18424	4064	-2372	1153
-1717	11499	17836	2336	-2436	1089
-1265	9827	17716	2448	-1372	3669
-682	7751	16328	5136	-2368	4112
-179	6804	16728	3212	-1980	1372
-756	6563	17368	1064	-1740	2543
-564	5540	17024	3340	-2096	3013
200	4213	16796	2516	-2056	2234
-268	2386	17520	3560	-2380	1109
248	1116	16936	2492	-1572	917
254	-192	16632	3264	-1600	1906
199	-2510	16272	4088	-2520	-1396
623	-3177	17420	1996	-2344	714
531	-5459	16968	5448	-2292	-102
876	-6983	16644	3328	-1716	-1011
926	-8776	17028	3424	-2260	3166
912	-10939	17748	7136	-952	363
1537	-11424	17132	3744	-1624	477
-111	-13869	18888	6092	-1984	1802
634	-16057	17880	6364	-2444	2366
584	-18504	18220	8412	-2116	4505
-52	-19321	18004	7252	-2632	4217
-747	-20893	17700	8844	-3260	4925
-1201	-23271	15752	10372	-2572	8678
-1110	-24924	16592	12788	-3788	7668
-2424	-25790	14176	12452	-5060	6662
-3644	-25844	13688	11548	-4656	11780
-5146	-27668	10316	15048	-6616	13058
-7274	-27523	9404	15088	-6812	9466
-9352	-25847	7968	11412	-8064	11300
-9745	-27184	5776	15332	-8512	10910
-10198	-25533	4980	12244	-8428	11443
-10456	-24575	3856	14676	-9492	12782
-11546	-23513	1680	14368	-11020	8696
-12093	-20841	1964	11060	-8884	12872
-12533	-21001	324	15508	-10868	7752
-13526	-18166	-872	9492	-10056	8029
-13911	-17808	-3128	13172	-9380	6484
-13973	-17182	-4300	10356	-10004	3979
-14253	-16698	-6140	11492	-9012	4171
-14337	-16561	-6740	11124	-9400	-575
-14292	-14716	-7088	9792	-8692	371
-14309	-14831	-7608	9212	-7664	-1597
-14339	-13420	-9360	8112	-9048	-3709
-13774	-12521	-8760	7676	-8236	-3188
-13768	-12666	-10276	6752	-7660	-3487
-13114	-12004	-10212	6308	-5672	-2396
-13284	-12157	-12128	5936	-4348	-3212
-13886	-10883	-11904	5120	-4084	-4341
-13075	-10608	-13712	4212	-3840	-2018
-12659	-11087	-13012	5480	-2256	-2762
-12283	-10979	-13904	3204	-2956	-2497
-12618	-10753	-14484	3652	-3880	-1724
-12483	-11369	-13508	3832	-1192	-2570
-13368	-10852	-14516	1440	-444	-2751
-12872	-10993	-13588	1344	-36	-1734
-12601	-11891	-14660	724	1244	-2116
-11951	-11725	-12916	-96	1024	-2678
-11554	-10614	-11964	-516	3608	-1228
-10451	-9529	-11204	888	7528	-2183
-8391	-5971	-11668	-3112	4496	-2384
-5517	-3124	-10176	-1508	6520	-663
-1617	-1177	-10604	-3680	5132	-2008
1628	172	-11472	-3040	4772	183
4068	651	-11800	-2512	3820	492
5771	1736	-13112	-2992	2708	886
7824	3082	-13584	-2608	3248	2344
8652	3838	-13636	-1008	4144	3343
9173	5265	-15096	-2492	1444	2344
10193	6593	-13676	528	1372	4660
10922	6958	-13920	408	2784	3307
11258	8914	-14032	952	-432	3102
11761	9776	-13704	1308	-824	3581
11650	10593	-12880	1540	-1096	3293
12493	11051	-12956	2632	-3852	3019
13201	11095	-12504	2712	-3764	3781
14161	10814	-12288	5276	-4364	2994
14585	11648	-11584	4140	-5592	3037
14921	12278	-11368	5124	-5488	3904
15496	11908	-10404	6524	-7804	2214
16148	12559	-9956	6492	-7884	3234
16036	12423	-9728	7164	-8312	2191
16665	12620	-8212	7580	-9708	1307
17162	13280	-8188	8848	-10864	2100
16897	12860	-5940	7588	-9916	1204
17552	12947	-6412	9080	-11452	-1109
18378	13709	-4332	10084	-10864	-1130
17975	13958	-2680	11324	-11948	-1117
18699	13540	-3164	9480	-13228	-6972
18715	15394	-512	11088	-13052	-1714
18091	14611	1064	14668	-12512	-7552
17577	16514	1160	9804	-15544	-9881
17059	18178	4456	12368	-10868	-7235
15954	18182	5148	15520	-13540	-12080
15954	19892	5448	10136	-12104	-12056
14512	20581	9736	13744	-10320	-11232
13572	20560	9676	13908	-11200	-13456
12400	21480	11236	11700	-9528	-11325
9315	20071	12396	15236	-9788	-14161
9711	20683	11408	10064	-6288	-14208
8439	20755	13016	14456	-6000	-13683
7216	20968	12968	11756	-7068	-16568
6833	22211	14408	7568	-4448	-14013
5085	21805	16396	10792	-3536	-14721
3328	21508	16240	8764	-4140	-17209
769	21033	16936	5868	-3984	-16082
341	19710	16968	6372	-2928	-12080
282	17086	16040	6304	-1764	-12011
-669	17766	16948	4804	-2160	-10886
-2312	14847	18604	4876	-2380	-10531
-2731	12838	17100	3660	-1860	-10043
-2283	12055	17364	1084	-1720	-6532
-2441	10637	17144	5528	-2228	-5271
-1287	8279	16428	860	-772	-7391
-2189	7459	17784	2728	-2116	-1911
-1460	4815	16720	3224	-924	-2659
-824	3899	16876	1588	-1236	-1414
-1179	2376	17580	2760	-2508	130
-307	1147	16888	2284	-1092	-1050
-203	-336	17112	2248	-2480	951
404	-1977	16756	2448	-1452	2693
911	-3612	16648	4864	-768	-10
841	-3924	17360	836	-2224	1638
700	-5700	17916	2484	-1804	7598
1819	-8861	16532	7028	-1380	4466
1505	-9251	16668	1652	-2560	5468
575	-11480	18352	4212	-2120	11232
2375	-15240	17568	8776	748	6862
2236	-17241	18156	8000	-1804	2492
451	-18073	18712	8172	-2320	5281
1615	-19304	17784	9084	-1572	4444
2017	-20838	17292	9980	-2528	4553
1017	-22762	16632	11648	-3052	4678
874	-23783	15772	12012	-2576	4521
373	-24630	14636	14124	-3128	2990
-583	-25069	13928	11556	-3504	4886
-1612	-25849	12148	13276	-5348	11738
-3184	-28146	10264	17108	-5328	8743
-5113	-27090	8952	13636	-6288	8568
-6546	-27096	7016	14304	-7488	13583
-7907	-28161	4484	16144	-7568	11967
-9333	-27446	3124	12456	-8428	14129
-10137	-28389	928	15840	-7688	12388
-11662	-26331	572	13444	-7044	10070
-12751	-24710	-440	14340	-8856	7561
-13412	-23314	-2032	11000	-9252	7314
-12986	-22427	-2832	15552	-8952	6436
-13769	-21624	-4560	11268	-9152	2670
-13115	-19820	-4588	13324	-9752	3847
-14350	-19752	-6208	11828	-10180	-1390
-15507	-17744	-7196	9052	-8860	-1455
-15628	-17591	-7664	10064	-6656	320
-16343	-17513	-9092	8532	-6680	-3559
-16485	-15539	-9392	6628	-4552	-1922
-16926	-15028	-10816	6988	-4264	-2925
-16369	-14461	-10868	4656	-3788	-2504
-15955	-14578	-11056	4316	-1964	-1134
-14834	-13926	-11392	3072	-680	-643
-13355	-12586	-11676	3068	-456	101
-12572	-11146	-11476	1460	1620	-59
-10882	-9178	-10620	352	3232	976
-8177	-7891	-12292	144	2560	1384
-4834	-6342	-12260	464	3248	1864
-2580	-4281	-12740	924	3328	-768
-919	-1437	-12824	-164	2408	1350
1777	717	-11916	572	1644	2329
3402	2017	-12572	1008	2328	1662
5709	3600	-12816	1768	1416	-361
7729	5070	-12904	960	1548	1076
8695	6076	-13164	2728	824	497
9754	7918	-12280	4032	-56	-23
11030	9266	-13096	2588	-1912	804
12072	10582	-11788	5124	-1996	2779
12148	11030	-13084	3788	-3608	123
13053	12521	-9660	6616	-4028	2051
12981	13003	-11764	4904	-6892	2010
13712	13298	-9308	7308	-5360	4283
13753	13068	-9600	8116	-5748	1824
15470	14134	-9360	9716	-8452	-686
14857	14946	-8392	7112	-6916	299
15472	14278	-8132	11752	-8324	-673
14997	15250	-7416	12392	-10748	-5172
14674	16700	-5592	9536	-9580	-5978
15024	16874	-5300	10236	-9776	-2605
14304	16552	-2756	15016	-11000	-7944
13447	18400	-1672	11192	-10424	-7450
13676	18445	-1124	12136	-10612	-2766
12095	17733	172	18652	-11100	-10729
11303	20072	1100	11040	-9100	-11868
10444	20748	3300	15736	-9812	-5227
9799	18647	3904	18800	-9608	-11958
9279	20275	4196	11076	-6376	-8912
7065	19363	7784	17540	-6600	-7354
6726	18997	6196	15524	-7496	-13710
6234	21057	8232	11496	-6244	-7053
5185	19026	10280	15920	-5336	-7076
4802	19333	9976	13464	-3704	-12002
3948	20850	10940	10040	-4492	-7746
3097	20096	12328	13964	-4528	-4521
3100	19123	13500	12812	-3376	-10284
2005	19687	15116	7996	-3616	-6413
1257	17754	15604	11972	-2904	-3485
1507	16839	14700	9000	-1884	-6119
523	17655	15744	8356	-3180	-4299
-394	16378	16308	8436	-1948	-3413
43	15464	15544	7760	-1440	-3727
-758	14977	16412	7396	-3288	-4339
-1572	15133	18184	4632	-2468	-2944
-1904	13470	19164	5800	-2908	-811
-1949	10581	18012	5048	-2192	-1386
-1368	8553	17640	3908	-1900	-1904
-1488	8187	17360	5364	-1584	-1637
-1228	7639	16060	2360	-1500	-3657
-1446	7891	17100	2276	-1936	85
-736	6568	16048	4380	-2160	-119
456	5424	16388	2260	-2096	-1801
-607	5494	17592	1508	-1400	1245
268	3688	16236	3944	-2304	564
55	2774	16896	2556	-3320	-872
124	2210	17244	1224	-1656	1193
575	846	16708	4832	-2204	87
397	209	17256	1912	-2380	-1718
-493	-137	17140	1292	-1784	3066
914	-2864	16436	5540	-2836	1510
880	-4008	17300	2700	-524	-1759
253	-5240	17028	4652	-2632	1583
1057	-5746	16848	3468	-2192	2164
1828	-7878	16500	5156	-1756	2266
1677	-9015	16752	3728	-1644	4010
885	-11592	17260	7128	-4132	4936
892	-13298	16788	7196	-1316	1815
43	-13538	17940	4420	-3316	5897
133	-16298	17272	9572	-3076	6105
-179	-18648	16828	7824	-3984	3825
-1780	-19330	16684	8708	-4296	9129
-1748	-21611	16164	10344	-4416	7548
-3091	-23027	14880	10824	-4380	8356
-4544	-23806	14744	10636	-6088	11178
-6311	-25684	13092	13188	-6796	12667
-7106	-25832	11256	12988	-7176	14593
-8909	-25834	11152	14716	-7984	12690
-10429	-25151	8392	12492	-8264	11545
-11671	-24339	5748	12732	-8224	13649
-12480	-23469	4336	13008	-9064	14231
-12787	-22692	3124	13608	-11748	14567
-13753	-21638	3700	14012	-11860	9819
-14284	-20084	1284	10040	-9812	11176
-14245	-19340	-544	14604	-13656	10606
-15136	-18236	104	11912	-12756	6197
-15540	-16194	-1640	10840	-11316	5181
-15426	-15635	-3588	11096	-10804	826
-14964	-14374	-4640	10280	-10560	636
-15084	-14237	-5736	10880	-11640	-2498
-14903	-13015	-6592	9052	-10904	-3108
-14637	-12524	-7128	9632	-10420	-5185
-14905	-11269	-8432	7164	-11808	-3961
-15486	-11645	-7996	7468	-9848	-3676
-15135	-11505	-9488	6732	-8464	-6053
-15165	-11532	-9788	5688	-7136	-3595
-15396	-11911	-10384	6608	-5960	-4563
-15825	-11310	-11796	4808	-5924	-3740
-15360	-11382	-12032	5408	-4564	-3141
-15327	-11611	-12716	4052	-5036	-2781
-14941	-11635	-12300	4496	-548	-2211
-15126	-10808	-13532	2088	-1484	-2659
-13412	-10834	-12620	3948	-1504	-1984
-13040	-9947	-12540	1520	1908	-2442
-12133	-8598	-12236	1820	2792	-2125
-10143	-8182	-11772	348	2488	-2779
-8396	-6754	-11900	92	2192	-2451
-5498	-5579	-11372	308	4060	-2069
-2192	-3488	-11404	-648	3584	-1791
-254	-1476	-12196	-1504	3912	-1907
2639	272	-11680	-1896	3140	-1163
5680	1088	-13112	-372	2100	-200
7129	2958	-12900	-1208	2164	246
8078	4187	-13180	608	800	560
9501	5705	-14160	400	-192	1333
10157	6684	-13140	1908	-44	965
11020	7818	-13480	1100	-732	2045
11462	8533	-13672	2924	-1708	1870
12109	9406	-13072	3732	-4464	1479
12494	10515	-11700	3848	-2888	1994
13081	11211	-12016	4284	-6400	433
14083	12367	-11340	4560	-4696	2834
13998	11729	-10904	6584	-5496	568
14773	12795	-10600	6112	-7912	0
14545	13496	-9768	6296	-7532	554
15131	13047	-9432	8692	-10148	622
14757	13532	-8144	7736	-7684	557
15006	14221	-7188	8580	-8764	-795
15271	15022	-6664	9660	-10776	-1110
15397	15258	-5108	9056	-8616	785
15232	14404	-4400	12388	-11716	-1719
15299	14599	-3792	10792	-11460	-2219
14684	15316	-1220	11160	-10600	-71
14675	14641	-1816	13180	-10836	-2231
14668	15097	-1052	13252	-14380	-4542
13900	15346	1428	12064	-9588	-4506
13238	15484	2304	13760	-13624	-3568
13091	14790	3056	12816	-11512	-4501
12448	14891	3400	15308	-12572	-7623
12822	15672	5080	12292	-11888	-7227
10812	15940	6896	15504	-10900	-11875
10457	16784	6704	12872	-12080	-12659
10216	16810	8064	11600	-8244	-9346
9202	16506	9528	16976	-9120	-14305
7983	17390	10376	11720	-7304	-17979
6169	18483	11544	10684	-5308	-13884
5778	17107	10636	12948	-6428	-13245
6039	18145	11988	10712	-4224	-13912
3015	18888	13540	10696	-4168	-14692
2261	18206	14160	10172	-4344	-13301
1254	17810	14644	8236	-3532	-11795
802	18620	15416	6344	-2296	-8355
-213	17462	16384	8440	-2968	-7542
-1059	16540	16756	5880	-3428	-6576
-1851	15285	17656	6216	-1844	-3078
-811	14197	16924	4808	-2440	-1782
-1383	13032	17696	5184	-2908	-74
-1922	10262	17556	3916	-2252	-1663
-1448	9066	17404	2212	-1088	896
-700	7950	16600	4972	-1848	2681
-416	6441	16756	4320	-1384	-27
-960	6113	17264	2228	-1268	547
-286	5722	17420	3928	-1668	1738
-237	4828	17092	2596	-1652	882
-149	3983	16796	2580	-3004	2843
80	2440	16656	4568	-2800	458
448	2041	16980	1096	-940	326
431	934	16588	3388	-2900	2321
375	-363	16548	3644	-3764	1491
598	-946	16504	3968	-1332	1066
874	-1576	17060	3712	-1908	-1242
-4	-2394	16940	1072	-3080	1076
365	-4682	17060	6960	-3124	438
980	-5173	16972	3048	-1072	-2808
570	-5912	16904	2644	-3124	1013
-87	-8534	17148	7512	-2212	-1833
834	-8627	17208	3676	-1576	-1438
-227	-10125	16864	6220	-2356	-782
571	-10740	16668	5400	-2408	-892
203	-11715	16856	7088	-1968	914
107	-12877	17868	5908	-2476	152
-192	-14581	16992	9264	-3404	1615
-408	-16068	16264	8540	-3156	1410
-444	-16724	16760	9232	-2856	3023
-983	-18355	15388	10852	-4280	2191
-1753	-19565	14644	10420	-4196	4823
-2047	-20712	13256	11844	-3772	6160
-3231	-21081	12384	11748	-4728	6288
-4097	-20968	11636	10576	-4908	10487
-4899	-23087	10872	14220	-5316	9642
-6139	-22138	9196	13968	-6528	8038
-6537	-20721	8060	11472	-6356	11107
-7087	-21667	6328	15916	-6504	10880
-7525	-19497	4644	12928	-6880	7455
-8125	-18539	3504	13068	-7412	10822
-8463	-18132	3336	14436	-8676	9637
-8631	-17200	1532	11924	-9560	10511
-8916	-16732	996	13424	-10484	11084
-9309	-16065	64	13856	-9876	7224
-10048	-13990	-508	10356	-10592	7807
-9802	-13886	-1444	15280	-11052	6064
-10240	-13287	-2356	11000	-11072	2833
-10587	-13173	-3824	10968	-11072	5737
-10362	-14084	-5516	13416	-10236	2335
-10602	-12174	-6200	10000	-10436	602
-11400	-10888	-6960	10504	-10536	367
-11468	-10449	-7256	9464	-10752	-292
-11327	-10785	-7880	8204	-9336	-74
-11262	-11513	-8544	10136	-9316	-215
-11378	-11175	-9608	8884	-9816	-848
-11799	-11213	-9692	7576	-7924	-1001
-12049	-10961	-11392	7632	-7592	-1763
-12152	-10409	-11684	6804	-7196	-1996
-12428	-10523	-12060	6828	-6892	-1098
-12780	-10839	-12900	6600	-7248	-2812
-13168	-10558	-13076	5524	-4232	-1556
-13291	-10897	-13640	5576	-4548	-2588
-13268	-10573	-13668	4568	-3460	-3850
-13634	-9910	-13340	3912	-2316	-3691
-13412	-10019	-14036	3268	-2140	-3935
-12741	-10064	-13204	3100	-1768	-3013
-12972	-10273	-13260	2928	-1580	-2986
-11861	-10196	-12160	1808	1240	-3178
-11133	-9450	-12816	1356	960	-2423
-10486	-8593	-11692	320	2788	-2565
-9450	-7897	-12884	-424	1612	-2695
-7468	-6499	-11880	344	3832	-2275
-5004	-4822	-12316	-1144	4448	-2783
-2717	-2488	-12692	-1448	5420	-890
-1077	-867	-12056	-2300	5704	-1948
2268	1002	-13108	-1756	2576	-1226
4655	1893	-12596	-1504	3256	14
5977	2843	-12964	-468	3896	-630
6759	4353	-13880	-1084	624	-1111
7433	5539	-14092	-556	1324	725
8331	5355	-14820	1140	1080	-195
8847	6552	-14744	504	1104	407
8581	7609	-14288	1624	-8	500
8970	8548	-14352	1928	-2320	717
9722	8857	-13712	1588	-28	1917
10119	8588	-14280	3420	-2180	1253
10617	9004	-13864	3124	-3292	1776
10797	8975	-13592	3808	-3240	1517
10659	9199	-12976	3820	-3552	2189
11231	9190	-13184	5648	-5676	2023
11387	9351	-12588	5268	-5364	2920
11478	9722	-11576	6416	-6112	3924
11637	9806	-11416	5880	-6448	3550
11819	9508	-10204	6580	-6224	2423
12314	10016	-10436	5912	-8656	4225
12982	9861	-9688	8592	-8116	3080
12657	9594	-8696	6272	-8648	1870
13329	10040	-8004	8628	-10520	5455
13754	8809	-8184	8528	-10116	1920
13980	9488	-6132	8220	-11300	4021
13764	9025	-6076	8496	-11380	3428
14241	9311	-4788	10168	-12260	905
13901	9982	-4120	7340	-13012	2085
14339	9793	-3136	11228	-12600	2570
14268	9721	-2016	9980	-13120	-2283
14230	10905	-1116	8084	-12816	879
14441	10086	-240	11580	-14252	-154
13909	10203	816	10592	-13880	-5138
13703	11650	2444	8944	-13944	-2371
13721	11043	2576	11912	-14272	-3433
13909	10985	3428	10656	-13476	-7444
13036	12464	5076	9744	-13832	-6128
12522	12262	6080	12028	-12908	-6433
12452	12211	6436	11996	-13316	-10423
11965	13715	7088	8732	-12292	-7504
11920	13460	9360	13084	-9900	-8855
10741	13986	9580	10744	-11044	-12352
9410	14676	10412	10172	-11084	-9454
9266	13612	10436	11908	-8820	-9316
9246	14418	10432	10368	-8472	-11869
7942	14470	12516	9904	-7264	-10563
6349	13978	13468	11868	-6932	-11113
6701	14715	13092	10448	-7084	-12815
6584	15627	14052	8052	-4944	-11130
5865	14900	14536	10172	-4632	-11537
4993	14843	14864	8060	-4820	-13073
4125	15412	15656	7400	-5280	-12168
2430	14811	16824	6760	-4444	-11121
1898	13452	15784	5448	-4112	-10198
1134	11504	16412	5344	-3128	-12008
31	11442	15932	4248	-3672	-11362
-337	9946	16464	4460	-2432	-8745
133	9959	15996	3604	-1948	-10535
-685	9758	15688	3964	-4548	-9391
-1376	9500	16912	2516	-1160	-9737
-1006	9409	17032	1964	-732	-7851
-1304	8509	17748	1836	-2428	-8098
-1731	7932	17412	2300	-2336	-6485
-770	5856	16924	1900	-956	-5983
-977	4920	17360	1432	-1992	-5446
-1024	4759	16412	2824	-2396	-3034
-161	2695	16852	1624	-1444	-2657
-46	1594	17020	2252	-1420	-1519
-134	970	16572	3396	-3168	326
133	-591	16828	4216	-2672	-2038
-164	-537	17908	1084	-580	1017
695	-2420	16604	3716	-2064	2201
93	-4193	17052	4108	-2644	403
740	-4593	17128	2356	-1056	2253
1252	-6149	17088	3312	-1816	3472
846	-7455	16808	4056	-2724	3399
1120	-8593	17056	4852	-1644	2730
1281	-9392	17000	3580	-744	4106
1145	-10316	17280	5256	-1568	6046
1442	-12207	16944	7460	-2392	3704
538	-13136	17956	6196	-1792	3930
948	-14146	17660	7012	-2680	4882
1142	-15738	15836	9228	-2336	3041
658	-15947	16356	7520	-3068	4124
445	-17330	15240	9596	-2480	6295
635	-17918	14604	10144	-2940	5542
-246	-18152	13772	9572	-3212	9540
-789	-19578	14432	12360	-3212	6859
-1794	-19086	13076	10624	-4808	9087
-2667	-19481	12148	11472	-5704	12784
-3675	-19801	11184	13504	-4684	11258
-4566	-19491	9208	11324	-7116	14333
-5183	-20393	8412	14904	-8112	15657
-6745	-19621	6996	12300	-7936	9558
-7447	-18233	5356	10868	-8768	16007
-7702	-19086	3908	13260	-9172	13231
-8024	-17333	2616	14184	-10036	10986
-9119	-15580	2448	10488	-10880	12322
-9336	-15492	1596	13692	-11004	10913
-9751	-14141	912	12796	-12204	7443
-9957	-13161	-72	11872	-13204	8886
-10874	-14225	252	13112	-11904	3385
-11545	-12493	-2784	11280	-13840	3762
-11802	-12895	-2376	12428	-12096	376
-12299	-12082	-4612	11644	-13108	-1159
-12876	-11829	-4972	10452	-11580	-3657
-12884	-11336	-6380	10884	-11208	-3326
-12884	-11101	-7236	9408	-10788	-4302
-13127	-10631	-6568	9288	-9896	-4384
-13462	-10479	-7544	8396	-10768	-4245
-13010	-10387	-8044	8460	-10092	-3458
-12721	-10772	-8532	7388	-7932	-2809
-12595	-10822	-9752	6596	-9300	-3176
-12186	-10526	-9744	6828	-6380	-640
-11940	-11091	-10820	7648	-5168	-234
-11915	-11275	-12212	6128	-5852	-1189
-11320	-11107	-12528	6392	-4732	-69
-11224	-11573	-13828	6812	-4964	126
-11684	-11218	-13736	5748	-5052	-902
-11331	-10637	-14276	4616	-3928	-438
-12105	-10976	-13600	4844	-3852	-651
-12449	-11024	-14508	3268	-3584	-1305
-13377	-11386	-14536	2916	-2552	-2316
-13127	-11555	-13508	2928	-420	-1586
-12724	-11376	-14592	2048	-848	-2415
-12130	-10582	-12000	1272	3788	-1740
-11138	-9619	-12788	1904	2756	-3376
-10643	-7007	-11640	-600	2572	-3541
-8586	-4930	-10960	-1796	5216	-2390
-5984	-3704	-13448	-1448	4012	-3107
-3139	-2294	-10668	-2556	4176	-2387
-2509	-630	-12732	-2804	4720	-1366
573	488	-12716	-2252	3420	-1277
3862	2148	-13880	-2980	3900	189
4454	2848	-13420	-628	4596	607
5410	4262	-14380	-1768	3024	-261
6473	5024	-13940	-1064	2136	2470
7780	4813	-14708	392	3900	1728
8512	5354	-14284	524	1240	1315
8502	6886	-14504	548	-376	3343
9226	7155	-13956	2200	1140	2819
9982	7851	-14120	1540	-680	3368
10124	8410	-13260	3084	-1080	4143
9940	8408	-13400	2084	-1964	3680
10883	8817	-12888	2880	-2956	5407
12013	8195	-12652	5424	-3144	3017
12554	9244	-12060	3308	-4200	4413
12601	9336	-12444	6696	-6064	4123
13114	9544	-11464	5012	-6128	901
13164	10173	-11092	4792	-7060	3826
13768	9245	-11328	6828	-6868	3184
13784	9027	-10304	6972	-8496	966
13925	9751	-10056	5576	-8524	2075
14429	9276	-8848	7876	-8948	2989
14798	8626	-8704	7552	-10116	31
15004	9232	-7888	7132	-10932	1692
15039	9133	-7164	8864	-12876	3022
14725	8742	-5544	9344	-11328	-1554
14569	10096	-4196	7500	-13188	-1104
14887	9898	-5112	8544	-13544	1636
14883	9287	-2852	9440	-13424	-2012
14660	10180	-2032	8896	-13968	-2323
14954	10494	-1560	10972	-14588	-2614
14461	10584	-988	8376	-15000	-2478
14248	11306	2032	11916	-13216	-3359
13087	11144	2144	10572	-14700	-5928
13604	11526	1680	9624	-13528	-1747
12982	10634	4592	12780	-12260	-3915
12106	11007	4524	12672	-14456	-6075
11909	11726	4920	8468	-12328	-5416
12231	11598	6588	12868	-12140	-4162
11602	11239	5596	12900	-13736	-7502
10795	12530	8724	9784	-11368	-8044
9247	12036	9724	12896	-10416	-10442
8990	13122	8568	11576	-12120	-12586
8250	14987	10168	10348	-8080	-13905
6807	15258	11172	10656	-9216	-12940
7381	14815	10804	9488	-6700	-14501
7606	15247	11724	10232	-7536	-12225
6000	15170	12488	11496	-6408	-13098
5858	15419	13232	10504	-5292	-16833
4994	17322	14144	6988	-5644	-14101
3277	16901	15900	7696	-3788	-12302
2359	15857	15784	7744	-4408	-11900
1450	15113	16208	7584	-4864	-11815
683	14279	16484	6472	-4312	-9776
321	13252	15428	5132	-2556	-7401
702	11515	15544	5664	-3224	-6420
-1592	9278	16420	4224	-2448	-6336
-888	8196	16848	4520	-1620	-4664
-446	8413	16672	4416	-2684	-5152
-1005	8407	16864	3444	-2684	-5620
-1178	7124	17688	1716	-2416	-4550
-352	6695	16768	4724	-1372	-2969
-408	6373	16928	2368	-2116	-6111
-1375	6357	17180	1200	-2740	-3251
-478	4950	16512	3972	-2004	-2255
174	4162	16700	2640	-1484	-4318
-249	4184	16644	1112	-2436	-3421
-446	4339	17304	2284	-2300	-583
135	1836	16304	4332	-2592	-2985
-15	1837	17120	1608	-2556	-3525
-126	1666	17024	980	-1964	21
403	-377	16392	4920	-2848	-945
161	-870	16808	1844	-2676	-2238
163	-1046	16916	2044	-2080	590
549	-2711	16960	3300	-2796	2353
555	-4024	16976	3740	-1968	1484
796	-4987	17328	2116	-1276	3087
915	-6337	16788	4508	-1440	4685
754	-8054	16860	4752	-2612	3277
690	-9337	16832	4756	-2016	5867
1226	-11042	18180	6468	-1148	5296
1156	-12745	17664	5132	-3152	6068
578	-15257	17188	7536	-3464	8111
873	-17368	16932	8480	-2672	7253
389	-18270	16048	7844	-2552	9073
-532	-19883	15444	8124	-4548	12279
-1800	-22009	14284	10688	-6724	14123
-3167	-22600	14384	12728	-3948	11540
-3740	-22599	13624	10772	-5832	12576
-5270	-22987	11640	10860	-7872	16444
-7362	-24064	11320	13320	-8880	15640
-8845	-24863	10064	13128	-8300	16675
-10123	-24557	8032	13836	-10532	14630
-11585	-23350	5748	13252	-10724	14302
-13082	-21729	4964	12412	-10920	12945
-14334	-21235	2496	13356	-11904	12324
-14520	-20198	1008	12184	-11572	10352
-15096	-18853	976	11980	-11836	11126
-15815	-18267	64	12964	-15552	9564
-16643	-17214	204	11792	-13640	6761
-17204	-15817	-1508	10576	-14072	4174
-17636	-15051	-2264	9980	-12876	1316
-18596	-14262	-5076	8384	-12964	-624
-18590	-13571	-6316	8868	-11584	-2670
-18583	-12628	-6784	8284	-10004	-3598
-19326	-11601	-8672	6768	-10284	-5198
-18913	-11600	-8168	7464	-9596	-5110
-18629	-11609	-8456	5432	-7396	-7088
-17969	-11528	-10116	6156	-7948	-4940
-18590	-12140	-10440	5192	-6376	-6240
-18341	-12731	-11076	5664	-5704	-5398
-18021	-12816	-12124	4916	-4652	-4257
-18789	-13321	-11864	4104	-2828	-3997
-18358	-13342	-12252	3000	-2212	-2762
-17213	-13293	-11968	3612	-88	-1952
-17538	-12512	-11028	1928	1804	-2366
-15318	-10919	-11236	1088	1244	-2308
-13752	-9535	-10436	152	3220	-2400
-11311	-7860	-10036	-316	5240	-1461
-7840	-5679	-11008	-544	4716	-3075
-4325	-2693	-9900	-2540	4892	-2563
-222	-268	-9704	-1360	5724	-1646
3988	1937	-10952	-1652	3664	-3365
7638	4886	-11580	-2088	3756	-1886
9907	6927	-11184	-416	3200	-2277
12175	9284	-11860	-28	916	-2440
14646	10887	-12376	1604	1436	-1609
15648	12805	-12736	2104	-244	-2886
16316	15200	-12336	3152	-3116	-968
16456	16376	-12784	3608	-2404	-754
17201	16607	-10616	6692	-3192	-1962
16860	17721	-11600	5820	-6312	-1686
16695	18306	-10632	8264	-6648	-886
16364	18787	-8876	9632	-6108	-2959
15711	20036	-8860	10412	-8456	-4350
15114	20426	-7536	8976	-5956	-5934
15318	21429	-6388	12040	-9076	-5646
14606	22046	-5520	13364	-9100	-9114
13669	23449	-3988	11408	-8432	-7200
12668	23241	-2804	15096	-9116	-7275
11007	24594	648	16424	-8124	-9393
9884	24792	272	14224	-8624	-7688
9115	23861	1756	16348	-7792	-8005
7994	23775	3056	16032	-7360	-7477
6435	24070	5012	17720	-6520	-5756
4659	22780	5660	16912	-6164	-9203
4219	23398	6324	12976	-6316	-6706
3279	22190	8996	15776	-3788	-4921
3053	20755	9552	16696	-3680	-8888
3320	21449	9780	12544	-5928	-6487
2273	20767	12668	12664	-2140	-3594
2892	19810	12536	13488	-2792	-6136
2728	20368	12424	10736	-1820	-6589
1077	20391	15196	10124	-2096	-5537
277	20057	16108	9864	-2132	-4435
1212	20131	15888	8336	-2132	-4504
217	20765	17188	8972	-2504	-3308
-673	20703	17968	7380	-2096	-3271
-886	20124	18720	4672	-2608	-1172
-1753	17881	19412	5176	-3740	711
-1262	15402	18704	6204	-2212	-1700
-619	13693	17684	2548	-1252	305
-903	11623	17024	4128	-3772	2052
112	10612	16704	5388	-1848	465
380	9696	16264	2684	-1144	-1186
-629	8947	17832	2028	-1932	434
-487	7086	17708	3416	-1920	1101
463	5076	17344	4004	-2028	-1514
-39	3999	17544	1568	-1340	-1416
419	2626	16960	2776	-1816	2536
679	-219	16636	4140	-3308	714
933	-1979	16360	2704	-1176	752
440	-4416	17480	6692	-2700	-1335
226	-5888	16524	1256	-2268	1107
771	-9639	19628	5720	-2480	-418
-59	-12915	17852	7648	-2060	-3879
1099	-13982	17916	4188	-612	2165
1477	-17149	16388	9100	-1696	2784
2063	-18131	16076	8824	-964	-1067
1079	-16739	18248	4804	-2652	3059
1276	-20346	17644	9964	-2000	5978
874	-22439	17972	10132	-4048	5128
-4	-23385	16924	7836	-2896	9305
-736	-25252	15468	13828	-4892	11081
-3279	-26776	15036	12408	-4412	7698
-4917	-26308	12532	9652	-6204	15124
-6409	-27622	10404	15784	-6664	14884
-7771	-26860	8480	13296	-6700	13673
-9377	-26320	6596	14228	-9484	16188
-11240	-26538	4664	15320	-9456	13646
-12075	-24982	4332	11720	-9808	13464
-13108	-24937	2472	14824	-9580	14035
-14111	-23690	856	14388	-11152	11967
-15341	-21774	176	13712	-11964	8593
-16097	-19962	-1016	13464	-10284	7237
-17008	-18909	-3640	13584	-11040	3112
-16779	-17054	-4332	11372	-9592	3653
-17044	-16850	-6336	11732	-10720	859
-17501	-15896	-6272	10656	-10500	-2854
-18255	-14897	-6876	8496	-9256	-1250
-18070	-15513	-8012	8128	-8300	-2210
-17455	-15543	-7952	7196	-8684	-721
-17268	-15764	-8536	7852	-7168	-1538
-16627	-14515	-8480	5868	-5416	-88
-16299	-14536	-11272	6352	-5308	-3159
-16488	-13264	-9480	3808	-2584	-2756
-14823	-13008	-10412	3508	-1500	-894
-13550	-12592	-11044	2920	-1752	-865
-12907	-11842	-9536	2788	-1240	-779
-10741	-9888	-11216	1788	-1144	-507
-8453	-7989	-10120	1744	1864	-507
-5806	-5078	-10940	616	2984	-933
-3003	-2027	-11564	-664	4464	-1461
443	76	-12000	208	2548	-1051
3164	1709	-12240	792	3616	-2801
6446	4271	-12968	1344	1056	-3461
8442	6352	-12884	2876	-368	-4868
10555	8804	-13192	1012	-1700	-3159
11044	10499	-12536	4660	464	-5181
12375	12198	-11408	3588	-4484	-6769
13019	14339	-11156	4132	-2484	-3426
13811	14618	-9968	7828	-4536	-5525
12948	16820	-8972	6848	-4020	-8264
13278	19373	-8796	8200	-7284	-7148
13509	20333	-8040	8264	-5792	-6731
13748	20772	-7432	10528	-6320	-4471
13209	21486	-6972	13684	-5436	-9626
12392	23828	-6448	11324	-7272	-10580
11111	23976	-4860	13564	-6112	-8988
10524	24140	-3152	16836	-7432	-10778
9600	25410	-1876	12152	-5716	-10298
7250	25473	1428	19168	-6976	-13251
6195	26229	1756	15408	-4812	-15367
4538	28048	4468	14920	-4828	-10305
3005	26026	6184	18532	-4164	-11231
3231	25748	4716	15552	-2792	-13642
1670	26003	7184	13324	-1868	-6588
-817	24406	10816	16512	-448	-8985
-1859	25004	9588	11492	-2140	-8080
-1742	24774	12352	12776	-1384	-62
-1889	23019	13556	14960	-356	-4669
-2336	23616	14284	8340	-1380	-2314
-3270	23731	16936	12420	-1584	3984
-2095	22093	16208	9956	276	847
-1940	22614	18160	7896	-1076	3568
-1995	21146	18680	8140	-844	5657
-1471	20421	19840	9124	-1764	2750
-2510	20098	20180	5612	-2580	992
-2355	18047	20180	4016	-2944	3992
-1380	14810	18616	7600	-2364	4530
-296	11200	16484	3560	-1940	583
-558	11558	16856	4956	-2844	3220
-210	9764	16300	6404	-872	-2338
64	10198	17224	2728	-764	-2027
-1042	8226	18996	4904	-1816	-965
385	5852	17364	2912	-1508	-1707
639	3396	17092	4896	-984	-491
678	904	16816	3480	-1012	-1735
952	-947	16520	5088	-2368	474
457	-3620	16752	4412	-1828	467
1686	-6267	16312	5208	-284	2664
1398	-8741	16920	7840	-2228	2657
646	-10243	18120	3836	-1652	2745
1366	-13572	17860	5860	-1792	7410
1628	-17052	17984	7732	-1656	6693
564	-19201	18164	7468	-4140	6982
-150	-21751	18636	8224	-2392	7580
-426	-24144	17672	8564	-3328	9106
-1499	-25971	16124	10256	-5720	10375
-2631	-26698	15532	12756	-5476	10613
-3201	-26475	14872	10848	-4816	8103
13432	13376	-6204	9064	-7370	-27106
12420	13344	-6988	8309	-7869	-26557
11336	12696	-7108	10440	-9090	-26925
9784	13464	-7800	10161	-10858	-25693
7752	14972	-8376	7354	-11760	-24170
5304	12340	-8792	7613	-12346	-23810
4216	13276	-8108	10053	-12925	-23703
1236	15280	-9516	6477	-13401	-21061
860	11588	-9424	5969	-13282	-20298
-660	12660	-8640	7837	-13474	-19859
-2120	13732	-10544	5387	-13927	-18060
-2828	11680	-9756	4472	-13681	-17154
-3164	12340	-9816	5180	-13282	-17036
-4980	11412	-9392	2534	-13068	-16147
-5788	11668	-9436	1343	-13643	-15805
-7004	10332	-9064	537	-13715	-14798
-8072	9920	-8040	-1342	-13633	-13866
-9084	9224	-7472	-1369	-13818	-13766
-10780	7464	-7880	-2076	-14046	-13636
-10080	7624	-6948	-1814	-14091	-14032
-10720	6236	-6484	-2898	-14145	-13689
-10696	6128	-5424	-2537	-13548	-13401
-10900	4260	-5320	-1615	-12707	-13403
-11452	5140	-3084	-1213	-12119	-12578
-12160	4440	-2768	-1802	-11604	-11699
-13364	2728	-2540	-530	-11576	-11312
-11572	2604	-324	542	-10789	-9740
-12900	1368	748	-450	-8901	-7960
-12968	1464	700	958	-7756	-6073
-12872	1040	712	140	-6442	-4224
-12632	-212	3076	548	-3664	-3207
-12640	-512	2756	-819	-2046	-1736
-12492	160	2272	-6	670	-173
-12632	-312	2868	-1078	2859	1208
-12644	324	1336	-533	4753	2671
-12128	1192	2016	-503	6279	4581
-12112	244	992	-788	8092	6003
-12332	1948	-384	-241	10178	7486
-12704	2480	-264	-525	11785	9640
-12216	2932	-1540	481	12455	11365
-11328	4980	-2148	-604	13143	13062
-11104	2292	-2992	-347	14332	14002
-10048	6072	-3992	367	15567	14078
-10764	5712	-5360	-187	16728	14313
-9672	8524	-5532	-1810	17015	14685
-11608	6156	-7396	-3313	16777	16163
-8164	10032	-6744	-3975	15930	17109
-8440	10492	-8684	-10418	16524	19309
-8144	7844	-7704	-4449	14442	18800
-5792	14068	-10092	-7628	13931	20369
-5288	13084	-10576	-10374	12821	21252
-4332	10544	-8028	-8073	11586	21137
-1320	17120	-9580	-10489	10591	22300
16	14116	-9080	-12140	9261	22564
540	14844	-7908	-9130	8154	23461
3048	15348	-7592	-8606	6383	22823
3632	17060	-8408	-10732	6231	22835
3368	13604	-7172	-9308	5332	22516
7156	15060	-4428	-5060	4508	21384
6980	18720	-6552	-8259	4419	21711
6932	11996	-4612	-9267	3045	22659
10716	15456	-3068	-5611	3756	20702
10292	16044	-2668	-9758	3122	21804
11096	9648	-1896	-6999	1439	22020
14136	13884	-3464	-2954	2885	20783
13996	10912	-3196	-8105	2218	21299
15872	9644	-1816	-5320	990	20080
16436	10908	-2036	-3109	1075	19542
16044	9444	-1560	-4269	-419	21258
17348	7488	-696	-2375	-760	19750
17636	7464	-2896	-2139	-1890	18093
18728	5244	-3412	-2508	-1475	16487
19188	4684	-1188	-431	-1057	14692
18568	5940	-2440	1336	-967	13270
16832	4608	-2848	378	-794	12566
17760	2504	-1220	181	-748	11094
17928	4108	-1724	185	-384	8935
17684	1984	-1440	717	-539	7204
17304	2792	-1592	2501	340	5877
17096	3136	-1392	1561	324	4675
16904	2324	-1584	1834	547	3019
16492	2952	-2400	1233	595	1956
16368	3628	-1888	-702	422	1459
16848	2808	-1572	-633	214	213
16704	3156	-2508	-730	563	-685
16540	2468	-1788	316	410	-2309
16652	4660	-3132	-654	343	-3648
16916	2496	-1584	-1863	560	-4649
17328	2996	-1712	1352	567	-6776
16708	6080	-4092	-2143	224	-7530
18188	1664	-1284	-3329	-79	-9215
18708	3800	-2484	970	84	-11450
17004	4672	-1736	590	-38	-12664
17424	4264	-1272	2252	-195	-14216
17244	6832	-1260	1933	-379	-15678
17840	6616	-2332	1574	-877	-17379
17576	7028	-3620	3721	-490	-19129
17988	9324	-2344	5414	-101	-21244
16624	9940	-2732	6230	-1535	-21959
15764	10060	-3832	7954	-2509	-23029
14140	10924	-3348	9734	-2663	-24323
12168	12104	-4356	11153	-3821	-23589
11232	10920	-4772	12707	-4833	-24452
10216	12468	-6712	15756	-6121	-24033
9048	12808	-7424	12934	-6911	-22739
8716	11840	-7632	14715	-7509	-22277
6884	12680	-10064	15751	-8827	-22098
6416	15380	-10576	14660	-9789	-21241
5476	13452	-10664	11125	-10405	-20319
2216	13388	-10760	13191	-11712	-20130
1704	15708	-11804	7664	-13330	-17598
456	12468	-10432	6228	-13562	-16785
-960	12416	-11668	4418	-13907	-15528
-1788	13656	-11112	230	-14823	-14224
-3268	10424	-12128	-1670	-14336	-14071
-3376	11920	-11224	-1760	-14247	-14111
-5368	12576	-11040	-5256	-14364	-12793
-5908	9464	-9972	-5340	-14940	-13321
-6236	10696	-9992	-3909	-14348	-14055
-8732	10192	-9220	-6459	-14385	-13471
-8344	8048	-7436	-3107	-14738	-14198
-8556	9072	-7444	-3047	-14729	-14176
-10492	7304	-7352	-4146	-14757	-14079
-9132	6848	-5720	-376	-14277	-15250
-10844	7056	-5004	-1014	-13767	-14709
-10892	5840	-5224	-1507	-14331	-14282
-10204	5788	-2444	-102	-13650	-14031
-11304	5812	-844	-1489	-13102	-12526
-13576	2932	136	-1518	-13039	-11131
-13564	5036	-1316	-839	-11860	-11306
-12528	3052	872	-1551	-11068	-9351
-13396	2204	1092	-991	-10064	-8784
-12872	1596	3332	-1195	-8706	-7901
-12804	980	1556	-1901	-7486	-6674
-12132	-112	1440	-1142	-5612	-5786
-12740	-740	4076	-746	-2718	-5208
-12108	960	2896	-1530	-2076	-2956
-11696	-2228	3372	-1927	-359	-803
-12524	-212	4300	-551	2819	344
-13192	-2048	2388	-476	4663	1850
-13540	212	3772	194	5947	3831
-13548	-584	2132	-367	6924	5586
-13344	544	1216	330	8479	6843
-13368	556	1200	892	9685	7731
-13300	1808	924	722	10724	8913
-13284	2044	-1044	755	11206	10017
-12500	1852	-1200	1814	12035	10123
-12084	3232	-1700	3278	13424	10312
-12208	4548	-3608	2630	13852	10953
-11500	4608	-3544	3768	13861	11632
-11956	6464	-6452	2296	14099	11644
-10800	6080	-5904	154	14274	12899
-9772	5624	-5956	1659	14928	12589
-10588	9100	-10124	-1055	15595	13073
-8280	6724	-6028	-585	15618	14103
-7524	8736	-7696	-726	16699	15253
-8204	10840	-9916	-5218	16341	17274
-6260	8024	-8652	-3570	15752	17293
-5304	13408	-9700	-4770	16414	17756
-5432	11168	-10252	-10564	16125	19861
-2608	11008	-10112	-4723	14488	19060
-1300	16108	-11044	-7906	14548	19972
-1752	11208	-11024	-14077	13624	22778
2156	13000	-9504	-6173	10793	21539
3724	18752	-11028	-10361	10520	22594
2948	11540	-10064	-13587	8511	24041
7268	16272	-7972	-8345	7043	22304
6800	16436	-8444	-11149	6547	22299
8284	14028	-6912	-11917	4968	22313
9596	11992	-5884	-7381	5039	19679
10016	16680	-6208	-7459	4499	19274
10344	13832	-4732	-11937	2992	20553
12340	10596	-4432	-6123	2804	18399
12896	13204	-3696	-4267	2556	17446
13672	12036	-3048	-7228	1010	17001
14220	11060	-3732	-6114	1098	16826
14496	10580	-1280	-3922	1737	17083
14480	9044	-2084	-3963	1204	17494
15220	8604	-3692	-4877	-53	17181
17456	6848	-2556	-3999	-207	16335
18104	6020	-2916	-1361	-324	14429
18592	5812	-3336	-139	-57	12321
17956	5688	-3464	-405	-666	10493
17792	4376	-3044	-2295	-1090	9649
17412	5212	-2556	-1488	-60	8512
16104	4296	-1260	-1961	15	7866
16632	2924	-1796	-1014	-426	7212
16260	3880	-2604	661	311	6321
16852	4592	-2216	-679	-144	5889
16832	3100	-1840	-2764	9	5246
17428	1376	-2920	-2040	-341	4522
16768	3528	-3364	-816	466	3104
16584	3568	-2496	-2364	0	2493
16980	1100	-1868	-2195	-40	1841
16728	2284	-1940	-275	312	833
16056	3640	-3260	-536	274	237
16368	3492	-2212	-2682	59	406
16892	1640	-2240	-1290	360	-632
16708	4516	-2304	-1625	237	-1278
16764	3636	-2484	-4756	77	-1398
17592	2400	-3704	-1953	204	-2532
16476	5304	-2016	-3342	785	-3081
16712	1020	-2104	-2712	128	-5412
17412	5084	-2444	-970	653	-7019
16412	5376	-1480	-4242	738	-8081
17880	4056	-1948	-2867	618	-9350
17904	5136	-1656	-1108	1168	-10845
17904	4540	-2912	1765	1470	-13521
18332	7828	-1288	521	1365	-15525
18452	3920	-2212	4449	1165	-18293
17784	11656	-2584	6314	1555	-19941
17180	9092	-2964	2153	-107	-21320
16568	10476	-2248	5821	874	-22725
14764	12552	4964	168	-24050	13936
11068	-2044	5664	299	-23547	12116
11204	-4304	11107	-832	-25027	11844
13276	-4140	11552	-1313	-25540	9932
13572	-4824	11428	-3600	-23944	8584
12680	-6684	8140	16188	-6668	13715
-7035	-24755	5556	14620	-8276	10242
-8234	-23248	3976	13232	-7108	12077
-8602	-23249	2280	15216	-8836	10092
-10047	-22162	532	14240	-9308	10911
-11284	-21630	52	14696	-9820	7666
-12153	-20661	-1120	15052	-10484	6664
-12891	-20694	-1836	12552	-9792	5116
-12727	-20218	-3876	13616	-11288	5510
-13476	-19957	-4076	12412	-10000	2784
-13950	-18975	-5392	11960	-10300	1826
-14348	-18617	-6756	10876	-9456	997
-14358	-17959	-7128	9872	-8500	884
-14366	-17414	-8800	9432	-8408	1042
-14346	-17018	-8608	7800	-6880	232
-14347	-16775	-10044	7884	-7264	-222
-14467	-16201	-10208	6920	-6720	15
-14325	-15139	-9704	5536	-3680	735
-14335	-14450	-11400	4032	-11064	3848
-3352	2638	-12852	-13860	-13132	5092
-2032	-686	-12373	-11967	-13280	1900
-2100	-181	-11770	-10845	-13140	2492
-3240	1218	-10932	-10344	-13920	1540
-2388	123	-10763	-9843	-11880	564
1144	610	-9834	-8320	-12924	0
444	205	-9315	-7086	-12444	-1488
1556	-81	-7831	-5630	-12188	36
2980	755	-5856	-3807	-12832	-1376
3060	-227	-3375	-1169	-12424	-888
3336	1146	-1177	-4	-12796	112
3700	480	959	2039	-13328	-1204
2672	613	2827	3348	-12388	-44
3432	1051	5311	4308	-12772	220
1744	-90	7390	4738	-12596	276
1588	486	9096	5962	-12356	1204
1356	844	10777	7103	-11888	2716
-48	-787	12821	8911	-12304	856
-1232	1039	13888	9669	-10380	5452
-616	289	14972	11149	-12580	2184
-5108	-2879	16419	12881	-11296	4700
-4680	-495	16368	12876	-11928	5752
-5428	-4884	16243	14554	-11584	5072
-7884	-6499	16058	16045	-11000	6692
-5852	-7163	15803	16431	-10400	7012
-8516	-7046	15157	17146	-9888	8332
-7108	-7307	14925	18035	-8224	10648
-8784	-6619	13242	19062	-6776	11216
-9128	-7509	12486	20027	-5588	12008
-8880	-9347	11255	20623	-3536	11304
-10428	-7020	10838	19856	-2600	14560
-9368	-3704	10646	19334	-2912	13848
-7272	-8937	10025	21209	-264	13912
-8000	-5475	7978	20741	252	16168
-7992	-6267	8916	21009	492	14216
-7620	-5913	7614	21432	3288	16376
-6788	-4977	6917	20936	3420	16316
-8376	-8303	8034	21797	3444	12780
-6724	-4552	6648	21222	7632	16648
-4364	-7887	7534	22377	6360	15752
-6264	-10978	5845	23656	9464	12340
-5544	-8236	4194	23734	11964	14240
-4348	-8582	5358	23411	11472	12292
-4028	-10771	4331	23853	13776	14024
-3804	-9331	1993	24290	15208	12032
-4064	-9377	960	23777	15652	10288
-3328	-8953	597	22461	16696	8384
-2680	-4510	-217	19070	17544	10008
-1544	-2101	-1254	17099	16804	9768
-2432	-2392	-2370	16614	17284	7416
-2980	-1023	-1698	15835	17732	6896
-1836	482	17136	7200	-1580	623
-563	14011	16676	5052	-2924	276
-924	13344	16576	5124	-4512	-54
-314	12500	17380	4584	-1944	-3855
-742	12899	17720	1716	-1412	-25
-921	9461	19116	2996	-1548	1329
137	6739	17112	3196	-1624	660
715	5890	16744	3032	-1936	728
943	5169	16932	3312	-1252	751
1139	4398	16608	1612	-1328	1273
815	3389	16144	3564	-3600	1544
984	1845	16488	2944	-3356	193
935	614	17084	3788	-2024	955
787	-658	16628	3196	-3264	-1119
457	-1866	17064	5984	-3540	-1911
478	-3071	16808	3104	-3412	-3128
147	-4618	17412	1724	-1856	-431
1106	-6597	16016	5584	-1136	722
203	-8187	16780	2428	17516	2488
-1164	6058	1012	-12653	17728	6152
-1284	6554	758	-15028	17464	6208
-3668	6826	-455	-16704	17644	8656
-2508	4759	-1161	-18017	18988	6440
-2508	5809	-1440	-20468	17632	7992
-5156	10271	-2117	-23370	17224	11356
-4680	9167	-3146	-24356	15668	10408
-4972	8419	-3494	-24770	14772	8644
-4572	13392	-4827	-26277	12164	10876
-5912	17987	-6838	-26446	11604	12768
-6800	15053	-8516	-25009	10132	11496
-9056	14804	-10970	-24315	9732	12800
-8956	15722	-11444	-23008	7804	13832
-9900	11017	-11947	-21684	6132	11416
-12372	12648	-12420	-22413	5656	14264
-8724	11841	-13066	-21570	2712	12312
-12648	9330	-13629	-20364	1920	12708
-12004	10805	-15033	-20509	-16	15200
-11636	7316	-15822	-18260	-1180	13484
-12308	3003	-16699	-17241	-1872	10448
-11676	2579	-16527	-17836	-3868	12344
-11276	3029	-16533	-17695	-3968	10272
-10860	381	-17095	-16752	-5668	9584
-11524	1702	-16905	-16470	-6016	8736
-11836	-319	-16412	-15896	-7472	6984
-10700	802	-16443	-16434	-8016	8316
-10388	479	-16408	-16346	-9900	6268
-9672	-699	-16727	-15890	-9704	7352
-7624	-290	-16983	-15215	-9900	5720
-7612	-1410	-16479	-14526	-11088	5428
-9344	-3514	-16631	-13674	-10772	2744
-7368	-1995	-15252	-13712	-12444	3468
-5584	-1073	-15379	-13910	-11744	3148
-4608	-1811	-15964	-12562	-12084	1304
-4676	-1090	-16489	-12062	-11728	404
-2556	-2117	-14668	-10757	-12440	480
-1388	-950	-15023	-11125	-11512	992
672	-2089	-15167	-8965	-11792	-1540
1452	-2030	-13649	-7313	-11984	-1592
2348	-1721	-11616	-5509	-11868	-2604
6704	-1622	-8471	-4979	-13008	-2256
4028	-2012	-5853	-2683	-12276	-2660
6012	-1384	-3617	-183	-11956	-3248
6628	-894	124	1044	-12976	-2828
5384	-1113	3221	2402	-12420	-2376
3288	-570	4678	3050	-11952	-1496
4216	30	6902	4419	-12424	-1556
1524	-802	9142	5644	-11892	-1332
2296	512	10437	6470	-11172	436
2040	583	12507	8053	-12120	-336
464	1769	14630	9248	-12260	520
400	2645	16318	10960	-13396	2432
-1560	2564	17900	11447	-12004	2520
-1132	1131	18090	13465	-12304	2708
-3376	1050	19120	14520	-13548	3352
-8904	-1747	18343	15143	-10436	2964
-6436	2502	18380	13914	-10300	7508
-6268	-771	17961	15043	-9880	4160
-9496	-915	17880	15598	-9168	5628
-8064	2807	18626	14020	-8200	8972
-10260	-787	19016	14559	-7428	8752
-11460	-1410	18102	15739	-4992	9292
-8424	-403	18121	15727	-4612	7216
-12388	-1805	19603	15998	-2904	10888
-13664	-1142	19451	15645	-1000	12968
-11212	-5492	18873	17783	-932	7724
-14820	-6369	19898	19137	2408	12304
-12316	-765	19421	17388	3272	14080
-13748	-8454	20370	19583	2796	12232
-16140	-7281	18050	20034	6992	15268
-12280	-9920	16770	20566	6816	12492
-12212	-12594	16610	21850	7288	13964
-12640	-12064	15685	21712	8248	10188
-10156	-11981	14414	22347	10804	13940
-10608	-15439	12603	24013	10776	13104
-11060	-18646	10172	25892	13736	8776
-7916	-14161	8201	24547	14704	13080
-5800	-14700	7746	25384	14380	11428
-6840	-18712	4541	25671	15244	9076
-6200	-17906	1592	24472	17240	7596
-3352	-17078	44	22516	16772	6200
-6400	-14016	-767	19629	18124	8236
-3984	-11726	-712	15546	17196	6532
-988	-12060	-1347	14188	17940	4012
-1196	-9754	-1848	9670	17072	4484
-1512	-8426	-1563	7265	17288	4452
-28	-8959	-1535	5445	15988	4044
-2464	-7695	-2478	4231	18252	5508
-2608	-8385	-1549	3449	16252	3552
-1084	-8215	-1239	3828	17564	2488
-1560	-4967	-606	507	16136	4304
-2488	-4915	-4	-78	16876	3664
-1932	-5891	-59	-200	16328	2456
-2000	-4713	79	-829	16184	4824
-2720	-4509	-266	-948	16780	4296
-3112	-5802	-60	-829	16564	3432
-2044	-6310	338	-1048	16924	2708
-1680	-4599	149	-1859	16924	4016
-1844	-2980	610	-2497	16084	2740
-1968	-2646	834	-2582	16488	2308
-2408	-371	380	-2778	16460	4656
-2160	-329	770	-2732	16024	3088
-1384	-406	498	-2447	16332	3480
16188	3992	-1984	998	357	-1822
16188	3780	-2320	-194	401	-1199
15972	3676	-1632	-385	453	-883
16464	3680	-2176	-35	377	-664
16068	2624	-2540	1637	166	-609
16344	3776	-2656	1954	252	-805
16572	4244	-1608	334	330	-124
16356	3488	-1592	823	135	-2
16520	3084	-2588	1350	-130	165
16188	4928	-2804	-393	746	252
16168	3728	-1140	398	186	-140
17172	3760	-2028	1146	725	-168
16056	3592	-1928	1588	710	-96
16456	4168	-2740	1747	666	-113
17064	4368	-2796	-395	1741	-99
16176	4380	-1880	-1389	2212	-76
15512	3884	-1128	-1154	1370	1
15360	3700	-1580	628	34	496
16548	5560	-2328	-1258	865	487
16016	4004	-1548	-1739	580	612
