0	0	0	0	0	0
10648	11780	92	867	1221	253
10504	12172	-1600	902	-736	10
10572	13812	-3176	-1193	2477	-502
10232	12936	264	98	1915	-1209
10740	11300	232	2934	-319	-1555
11796	11324	-736	6407	-1713	-1580
13244	15848	-3272	2897	4625	-2462
6376	12428	1184	-7193	178	1406
10900	11492	72	-432	442	-1817
10168	14800	-140	-1498	653	-1043
9032	10728	-2316	-2298	-501	-457
10728	11404	-1048	-722	344	-396
10804	11616	-828	-548	73	499
11256	11820	-1904	17	-24	1032
10940	10976	-1860	172	-431	1919
11044	10384	-2068	564	-770	3342
11836	11684	-1700	343	-1264	4581
12168	10488	-1888	727	-1626	5210
11524	9960	-2192	843	-1856	6516
11736	7768	-2048	925	-1948	8558
13364	10836	-2468	2259	-1920	9686
15596	8300	-2716	1824	-1983	11383
14668	6124	-2184	3855	-1725	12996
14648	6664	-3808	4673	-2135	14561
16304	4764	-3028	3928	-1881	17833
16988	3596	-2616	6463	-1586	18931
17288	3028	-4660	8170	-1764	20502
17604	1696	-5476	8646	-963	22509
18528	1052	-5504	9266	-746	23796
21340	668	-5668	10340	-748	24420
21972	-352	-6336	12166	172	24913
23192	420	-6900	13366	860	24321
23316	-208	-5336	11844	1476	24418
23112	-1964	-6320	11642	1441	23584
21396	-2848	-6412	10148	1868	22141
19304	-2500	-4504	5232	2160	22974
18384	-5272	-2764	3349	1966	22748
17048	-6744	-5144	3019	1481	21487
15852	-6424	-3648	-216	1068	21543
15340	-8876	-1960	-1671	223	22227
13804	-11424	-2452	-483	-105	21765
12404	-10976	-5048	-1242	-144	21366
12236	-11240	-2208	-3841	-194	22820
11500	-13504	-1320	-3617	-730	23313
10284	-13168	-4668	-1731	-1015	22567
9852	-14012	-3004	-3122	-1173	22728
8904	-13212	-3796	-2870	-630	22176
7184	-15640	-3512	-3277	-1526	20467
5600	-13640	-5728	-2628	-327	17852
3680	-13216	-2980	-6806	-466	17411
2660	-15724	-4048	-2353	-1135	13404
2624	-9440	-4672	128	-603	10022
1272	-10028	-2036	-2297	-336	7628
444	-9644	-3032	1101	-708	3837
1304	-8072	-2820	1122	385	705
-856	-5316	-1536	1133	1603	-1917
1024	-9524	-2184	-1722	1047	-4942
408	-6428	-3016	509	2628	-6809
1984	-9024	-2520	-5117	2027	-9288
2500	-11808	-3292	1785	3519	-11932
2852	-9720	-3320	1796	3248	-13441
3428	-12812	-5976	1928	3136	-14657
4732	-12088	-5008	376	2168	-15612
7728	-14528	-2780	78	3355	-17723
5560	-12560	-6364	1067	2427	-17819
10736	-10632	-4048	-4750	1864	-18944
12612	-18532	-9020	-2893	3155	-20778
9116	-9248	-5448	-277	2541	-22508
15120	-15660	-3928	-3183	2640	-21923
12172	-9300	-6552	1217	2838	-23467
17716	-12936	-3044	-3282	2010	-22532
16548	-9736	-3936	205	2450	-23284
17948	-10752	-6392	-2610	1907	-22105
17708	-7056	-2452	-3554	3709	-22135
20204	-8176	-3576	-2204	2331	-21412
20284	-7052	-4840	-4536	3271	-21087
17060	-5848	-4232	-3790	2827	-19729
20644	-3760	-3960	-1984	927	-20644
19032	-2736	-3572	-5049	1450	-18771
18252	-3068	-4100	-3620	1552	-17879
19488	-348	-4584	-3342	1556	-18043
19532	1748	-3324	-5981	1741	-17285
19064	1612	-3244	-6190	1983	-16668
18912	2504	-4420	-4683	2276	-17154
19108	4556	-3628	-4552	2467	-17325
18296	5140	-2516	-4898	2145	-16962
18084	5128	-2712	-3498	1981	-17261
17540	6780	-2740	-3037	1803	-17167
16892	7796	-3672	-4152	1585	-16523
16660	8156	-2024	-4677	1863	-15977
15840	8560	-2060	-3970	1886	-15816
14952	8600	-2076	-4057	1864	-14932
13724	8960	-1680	-3573	1722	-14263
13836	9744	-732	-3753	1651	-13063
13128	9460	-1804	-2638	1263	-12292
11952	11088	-1660	-1979	1113	-11607
11188	11652	-828	-3179	399	-9982
11276	9616	-608	-2028	-102	-8998
10320	11916	-1056	-302	-63	-9292
9424	11920	-56	-2951	145	-6608
9076	10452	368	-3311	221	-4893
8984	10744	-544	-2184	215	-4124
8804	11980	-148	-3058	536	-2067
8384	10392	880	-4343	172	802
8700	8368	-392	-2668	63	2548
8968	9624	516	-1475	-39	4527
9280	7572	884	-453	-338	7119
10036	8300	432	2254	-193	8851
11552	8840	-188	4003	-58	10871
12084	7884	-500	4818	327	13467
12676	7252	-468	5716	-51	15779
14484	8444	-1720	6898	-754	17744
16240	8584	-2320	6711	-1212	19620
18424	10720	-864	6532	-927	19696
17112	6044	-2368	7422	-758	20811
18112	6268	-5300	7856	-1868	21835
19620	6464	-3692	6263	-2398	22563
19416	4260	-2368	6501	-2412	23539
18784	2312	-4808	8040	-2505	23855
21668	2084	-5180	7053	-2061	24576
22288	1860	-2812	6516	-1071	24846
20588	-592	-5444	8027	-1717	23368
21708	-48	-4844	6674	-461	23110
20364	-2012	-2824	4124	-585	24201
20652	-3444	-4080	4173	-1183	22699
20096	-2476	-4616	3708	-801	20942
18896	-4512	-2664	1760	-1010	20432
17116	-6524	-4928	2152	-1240	19267
15756	-7232	-3280	2140	-261	17663
14848	-8680	-1804	982	-650	18317
14760	-9884	-2168	2705	-859	17596
13516	-9732	-4556	2168	-1105	17222
13384	-12120	-2064	-1062	-861	19169
11916	-15024	-2216	67	-774	19758
12212	-13252	-3704	60	-1940	20833
12120	-15704	-3184	-2016	-1345	21888
10148	-13092	-4216	-4440	-2134	21460
8944	-13932	-5292	-7478	-1670	21800
6320	-15792	-3048	-7559	-1812	17933
4752	-15296	-2876	-3413	-1262	15461
5496	-11556	-3888	-748	-1191	11600
3700	-11868	-3460	2594	-122	6344
3164	-8228	-2164	5435	560	2040
2984	-6248	-1396	3807	955	-248
1776	-6784	-1696	1372	1931	-2427
2472	-7740	-2508	-309	1709	-4811
3364	-7036	-2192	-2237	1641	-5462
3992	-9544	-1816	-3480	2049	-7396
4428	-11544	-3124	-167	2574	-10803
5536	-11412	-2640	103	2617	-12661
6160	-15784	-2548	3835	3546	-13993
7160	-13192	-3304	9337	3530	-16626
7456	-11688	-3952	7062	2944	-17101
9684	-12892	-1640	1524	1381	-17643
12272	-14440	-3036	3001	1970	-20660
11572	-6688	-4428	-65	1108	-21475
14892	-11960	-3512	-9788	952	-20208
14740	-13832	-2380	-4481	1680	-20784
18216	-8644	-5608	-3602	493	-23759
18196	-9660	-4548	-6759	1545	-24078
17496	-8656	-3132	-3186	839	-25276
20056	-6788	-3344	-3445	1851	-25121
18228	-5296	-2828	-5380	1515	-22609
20988	-6056	-4200	-3324	-45	-23870
19636	-4984	-3000	-5308	873	-22391
19936	-3572	-3636	-5863	901	-20330
21340	-1164	-4168	-6101	860	-20456
20084	-36	-3304	-7314	975	-19296
19240	-748	-4140	-7215	953	-18021
18988	1492	-3060	-6657	986	-17431
19320	2564	-2368	-6740	818	-16509
19392	3132	-2264	-5224	834	-16291
17996	5060	-2732	-4849	1532	-16009
17520	5956	-1184	-5810	1908	-14782
17284	6304	-760	-4827	1811	-14466
16904	7452	-1708	-3808	1758	-14175
15992	8524	-1368	-3844	2027	-13577
15092	8916	-1232	-4432	1792	-12801
14532	9148	-856	-4204	1602	-12624
13224	9628	-1144	-4227	1762	-12181
12768	10676	-788	-4148	1845	-11808
12644	11372	84	-4958	1861	-11300
11976	11032	-520	-4520	1936	-11116
10964	11352	-760	-4234	1910	-10771
10780	10628	92	-4111	1663	-9892
10112	11164	700	-3272	1383	-9018
9452	11080	636	-2234	832	-8068
9300	11848	872	-1723	311	-7237
9160	11508	1288	-1815	-245	-5679
8996	12160	1272	-1767	-654	-4297
8744	11704	472	-1694	-571	-2889
8580	11868	1280	-1389	-28	-1563
8624	11856	1532	-1500	6	38
8900	12308	1276	-688	185	942
8884	11772	1060	-142	341	2044
8784	12276	1492	-424	309	3514
8932	11812	1508	296	153	4428
9204	10856	892	757	9	5320
9248	10052	1092	358	-287	7426
9456	8476	640	1324	-867	9354
11344	10196	-412	2260	-1514	10883
12232	8588	616	2782	-1244	12533
11768	7772	-720	4540	-1898	14258
14532	7724	-1348	4994	-2435	15868
16236	8140	-476	5830	-2496	17805
15860	5428	-1292	8005	-2583	19087
17536	6364	-2296	8651	-2763	21002
19660	4460	-1336	8397	-2859	23025
20276	3084	-4084	10294	-3273	24610
22084	3872	-4572	10512	-3012	24954
22608	2680	-4040	8510	-2497	26975
22992	1508	-4252	9783	-2365	26238
23176	1608	-5920	9997	-1647	26138
22748	124	-4492	9564	-533	25882
21436	-1192	-5044	9742	-963	25197
20996	-1796	-7004	8315	-1333	24605
20804	-2580	-4248	5836	-931	23958
19204	-4596	-3456	5549	-1002	22872
17420	-5996	-4784	4655	-1341	21784
17436	-7048	-2956	3067	-1635	21071
16344	-9568	-3560	3380	-1529	20005
14180	-10216	-3224	3389	-770	19860
13364	-10348	-1096	2538	-1522	21407
13784	-11404	-3008	570	-2518	20596
12800	-13052	-3188	442	-517	19932
11060	-12844	-4024	-1833	-819	20313
9960	-13692	-620	-5140	-2091	20017
9512	-17856	-3880	431	-2787	17400
7796	-10132	-4928	219	-967	15086
6176	-12944	-892	-5614	-1782	16483
5948	-15244	-2808	47	-1631	13894
4416	-9372	-2564	-7166	-2164	14446
5104	-15048	-2832	-5308	-1043	12994
3360	-9764	-1524	-9385	-690	10269
1320	-16016	-4100	-6200	-499	6790
1708	-10044	-2388	4605	180	2856
1420	-6664	-3456	-253	939	1129
548	-12548	-956	4279	1907	-2336
2212	-5268	-3160	3190	1270	-4428
1596	-10728	-2552	-1357	2437	-5992
1160	-9184	-4120	928	2360	-8157
3912	-8464	-3384	-7059	1645	-8957
4220	-14908	-2588	-2917	2268	-11441
3712	-12632	-4824	1631	2571	-13406
4624	-13648	-4940	-623	2838	-13451
6972	-14432	-2784	1751	2679	-14883
8552	-17096	-2796	6928	2618	-18371
6892	-11392	-6608	6235	1563	-19461
11204	-10228	-4576	-2092	1197	-17384
12184	-14376	-2616	-957	2222	-20163
11724	-12464	-3556	1996	1776	-20766
14580	-10200	-3640	-375	1020	-20906
15252	-12040	-1156	112	2635	-22298
16080	-11824	-2976	1775	3226	-22076
15820	-7404	-2060	1243	2319	-22616
18092	-9160	-2568	-3809	-307	-20181
18416	-8624	-2792	-1909	-520	-20906
18748	-7876	-3672	-4352	382	-19194
19528	-3248	-3168	-7225	116	-18224
20628	-5668	-4108	-9152	644	-18337
18336	-4204	-2892	-7405	1564	-18586
19440	-2144	-3580	-6753	1159	-18466
20200	472	-3260	-6801	1150	-19101
20052	168	-3176	-7008	1723	-18658
18688	-336	-4332	-5010	2045	-19769
18812	3164	-3456	-5757	2113	-19319
20028	3512	-2356	-6580	2046	-18699
19252	3580	-2996	-4869	2136	-19431
18328	6240	-3368	-5179	1997	-19179
18524	6724	-2328	-6835	1650	-18186
18300	6340	-1836	-6277	1769	-17573
16592	8564	-1876	-5871	1798	-17163
16012	7956	-2324	-6489	1458	-16236
15444	9236	-1288	-5999	1576	-15570
14752	9288	116	-5603	1592	-15052
13476	10264	-744	-4881	1752	-14413
12484	10920	-1488	-5799	1840	-13385
12332	11132	-16	-5660	2139	-12910
11700	11848	780	-5427	1719	-12145
11304	12028	-332	-4132	1296	-11856
10404	12880	-96	-3750	1533	-11110
9664	12560	496	-4342	1807	-9738
8680	11640	1448	-3797	1386	-8424
7832	12588	544	-4068	681	-7392
7632	10632	2240	-5018	937	-5000
6928	10804	2604	-3541	598	-3869
6708	10404	2808	-4690	283	-1121
6672	8864	2544	-4530	437	1810
7400	9308	2884	-2132	123	3817
7848	10208	1960	-817	-113	5839
7800	11632	1872	-1902	-396	8507
8700	10824	1804	-628	-1472	9974
10108	11512	1160	1846	-1556	10376
8424	7968	1352	3892	-1940	11529
8704	7508	796	5521	-3586	13349
13400	7128	2132	7283	-4569	15684
13620	7460	0	11720	-4405	16530
14928	10012	-52	10298	-4477	18819
17208	8436	-1012	7915	-5073	21059
19288	8792	-2472	7507	-4786	21490
19372	8824	-1712	5638	-4091	23217
20480	6884	-1908	5849	-4273	23957
21304	5388	-3884	7334	-3994	22898
19996	4564	-3800	7010	-3791	23995
20648	1380	-3292	8318	-4026	23413
21400	1940	-4032	10127	-4241	23002
21160	1352	-4976	9410	-3535	22842
21444	1528	-4924	5965	-2629	24166
21612	-1760	-3796	5514	-2874	22883
20416	-1572	-4320	4432	-3153	21588
20308	-1824	-4480	3369	-2638	20851
19404	-4600	-4164	3627	-1766	19236
16704	-4500	-4152	4498	-1829	17469
15788	-6152	-4260	4447	-2327	16722
15552	-6552	-3396	4087	-2098	15953
13824	-8612	-4004	3066	-1729	16561
13768	-9308	-3500	1709	-1698	16544
13060	-10728	-3904	1276	-1892	16404
11972	-11484	-3536	367	-2273	17575
12928	-14428	-2256	-826	-1962	20731
12688	-16156	-3320	1316	-1264	20016
12296	-12888	-4176	-1051	-2411	19779
11764	-16628	-4924	-1651	-1928	18195
7504	-13268	-5172	-1844	-1332	16638
5752	-14300	-1988	-3506	-1603	17108
7436	-10452	-2996	-1932	-2744	15118
4500	-15632	-6320	-1617	-2115	14027
2752	-10596	-4704	-4593	-1778	12008
2440	-12256	-3344	-2558	-1714	8619
3600	-9312	-4520	-2177	-1584	6531
2492	-14172	-4580	802	-964	3446
1896	-7372	-2748	2003	-895	1103
2840	-11672	-2224	-1244	263	-1537
484	-12564	-2208	6091	775	-5051
1116	-9340	-2884	896	343	-4148
4160	-15216	-3664	4836	1886	-6220
3712	-9188	-3240	2905	1477	-7704
4880	-13592	-1572	-4214	1165	-7436
3992	-15424	-4344	653	2715	-9708
4532	-11696	-2296	-3837	2047	-7373
6624	-18576	-1228	-1182	2030	-7920
6640	-13716	-3440	6538	3517	-12758
6492	-10688	-4936	1362	2729	-13054
9448	-12648	-1388	-679	3611	-12795
8168	-14068	-2912	2655	4006	-15652
9732	-12140	-2960	1673	3252	-15653
10584	-10476	-3944	1002	3455	-15999
11712	-13928	-4628	-2876	3459	-14978
12664	-11100	-1276	-161	2282	-15680
14860	-15324	-7868	283	2952	-18510
12280	-7604	-2932	-1073	3241	-17421
17052	-10268	-2296	-1826	1161	-18017
16124	-10152	-2276	-2084	4070	-18692
14848	-10480	-1012	-4072	3367	-15629
16036	-7488	-1548	-4369	2022	-14868
18144	-9328	-4164	-6848	1009	-12593
16868	-8652	-4180	-4142	1826	-13469
17648	-5644	-2312	-4535	1930	-13187
18968	-5808	-3900	-5138	1932	-13076
16552	-7212	-3124	-3229	3293	-12965
16688	-4396	-3024	-1106	1914	-13089
19540	-680	-3496	-1379	922	-13942
19268	-2220	-3308	-1565	1977	-14349
16892	-100	-3344	-2167	1502	-14926
18420	1276	-2444	-4333	1086	-14643
18284	472	-2344	-4667	1032	-14591
17872	1628	-3008	-4848	884	-14661
18072	1572	-2656	-4990	664	-14371
17876	3152	-1652	-4739	445	-14496
18376	3500	-1256	-4775	497	-14163
18096	4472	-1432	-3810	935	-14263
17984	6344	-1372	-2994	1353	-14356
17836	6816	-456	-3447	2024	-14625
17640	7864	-528	-3140	2533	-15078
16600	8256	-716	-3732	2798	-14874
15684	8468	88	-4010	2685	-14467
15656	9088	-76	-4675	2298	-14171
14492	9724	-796	-5723	2210	-13308
13992	9516	-444	-6336	1896	-12537
13484	10108	456	-5947	1656	-12462
12784	10456	316	-5830	1506	-11246
12256	10332	740	-4786	1503	-10871
11364	10572	1364	-3760	1545	-10299
11336	11332	1472	-2970	1404	-9671
11668	12028	808	-1564	1411	-9524
10572	12248	932	-315	1785	-9307
9612	14036	2112	-725	1801	-8537
8968	11780	2584	428	1792	-7915
8020	12788	1040	430	1529	-7270
7724	11452	2500	-495	1112	-5562
7368	10828	1272	-374	639	-4059
7088	9992	2260	-58	646	-2003
7472	10124	1780	193	478	863
7484	10024	576	162	135	3197
8444	11120	1760	-413	-155	5844
8608	10032	524	12	-679	8081
9572	11496	772	857	-972	9721
10132	9900	2004	587	-1198	11941
10464	7776	504	3226	-1821	13500
11868	9592	556	4059	-2246	15325
12732	6764	1304	5914	-2881	17410
14396	9304	-612	8298	-3355	17482
16572	9180	-392	5887	-2879	20059
17488	8820	-336	6177	-2731	20674
18148	8612	-1628	6011	-3195	20863
19260	9564	-2912	5040	-2970	20465
19364	5996	-1644	4309	-2741	21385
19040	3580	-3008	6206	-3457	20994
19460	2304	-2668	6963	-3964	22052
19696	-64	-4300	7632	-4073	21947
21848	984	-4256	7643	-3434	23338
20544	-660	-3904	6458	-2880	24791
21404	-2908	-5352	6979	-3221	25138
21952	-1204	-5796	6548	-3745	23952
21508	-2748	-3836	4986	-3381	23477
19408	-4280	-5120	4458	-3872	22500
19652	-3740	-3764	2531	-3470	21083
17432	-5268	-3348	2252	-3076	19373
16220	-6408	-3508	2307	-2938	17545
14940	-6720	-3244	1994	-2411	16298
13804	-8172	-2680	1114	-1856	15979
12264	-10504	-3416	1705	-2054	15418
11848	-10544	-3744	604	-2004	15778
13068	-11584	-2456	-647	-2592	17326
12208	-13212	-2772	-1083	-1719	17792
9344	-13496	-5728	-2441	-2864	19429
10732	-12236	-5556	-6444	-3407	18830
8940	-14784	-3196	-9043	-3300	18433
5360	-18632	-7704	-5399	-4233	16785
6228	-13980	-8384	-2401	-3555	14569
5480	-13844	-4688	-5389	-2507	13047
4368	-15324	-7804	-350	-3098	10180
3344	-11288	-5128	-2286	-1540	9091
2464	-10408	-3508	-2766	-1872	6769
5016	-10208	-4048	-3007	-3106	4609
2608	-11752	-3888	-518	-510	1761
1688	-8392	-1340	2746	-411	-345
3956	-9984	-2004	-1256	-214	-767
3472	-10724	-3464	2120	1686	-4202
2740	-9596	-3952	-604	2391	-5438
3376	-10996	-1360	-859	2968	-6144
5320	-12576	-5664	457	4407	-8540
3484	-11484	-3296	-1081	4259	-9705
6584	-12076	-4852	566	4756	-10418
5920	-11728	-3968	-965	5430	-11466
7140	-14972	-5188	-96	4989	-11954
7688	-13072	-5320	2692	5722	-14411
8736	-12844	-6464	2070	5126	-14707
10236	-12636	-5540	2158	5382	-15745
9984	-13160	-7784	2391	5113	-17431
11344	-10924	-6372	1858	4362	-17489
13680	-11580	-7232	-1714	4588	-17662
13732	-13016	-4136	436	5103	-18844
13992	-12536	-5452	2304	3516	-19401
16460	-5692	-3732	666	3812	-18888
17520	-13780	-4740	-2820	5261	-18398
14764	-8780	-2000	559	4353	-18388
17912	-4644	-5368	-5225	1807	-15959
18556	-7468	-6036	-6959	3249	-16050
16336	-6104	-2136	-6114	3393	-15391
18928	-6336	-3880	-5606	2107	-15180
18736	-4492	-4504	-5633	2707	-14996
18328	-4472	-4148	-4997	2791	-14201
18460	-1660	-3188	-3635	2250	-15179
18996	-1540	-4112	-3642	2191	-14884
18224	-200	-3816	-2785	2553	-15513
17748	668	-2864	-4274	2367	-14924
17308	588	-2384	-4296	2176	-14298
18188	2544	-2432	-3697	1969	-13934
18456	3956	-1536	-4793	1419	-14373
19156	5024	-1444	-4939	1649	-14625
19300	4788	-1252	-4392	2242	-15557
18084	6348	-812	-3855	3191	-15947
17552	6620	-1264	-3532	3503	-15860
16904	7632	-696	-2532	4199	-16380
16772	7920	-104	-3166	3869	-15811
15740	8420	-968	-2336	3508	-15869
14848	9548	-876	-2933	2741	-15537
13948	9656	-36	-4913	2100	-13991
13300	7460	-92	-4046	1820	-12942
12100	9564	-1128	-3762	1499	-11814
11864	8772	-152	-4169	1145	-10235
11944	9912	528	-1812	1529	-9751
10812	11008	-704	-2059	1254	-8521
10316	11456	696	-2502	1496	-7717
10540	12220	1896	-2650	1252	-6349
10572	12536	900	-2157	1180	-6116
9628	13944	2144	-1561	1486	-5704
9272	13608	2648	-2876	767	-4287
8508	12360	2128	-2496	456	-4138
8040	12040	1624	-1600	221	-3664
7804	11896	1956	-1577	154	-2927
7900	12100	1988	-1426	23	-1608
7588	10992	660	95	272	-1171
8660	12264	1448	-182	108	105
9192	11544	2496	-318	82	1989
8388	10692	732	1302	-34	3309
9368	11016	1076	1411	-672	5588
9976	9328	1844	2879	-781	7738
9832	8804	1228	3225	-1454	10231
10544	7336	-88	3729	-2510	13490
13396	6988	656	6050	-2566	15767
13916	7608	-536	6526	-2732	18064
14544	7392	-400	4834	-2904	20953
17080	8256	-180	5475	-2768	22044
17364	7236	-1828	6273	-3047	23222
17952	7564	-3008	6997	-3211	22719
19068	7252	-1500	6073	-2791	23392
19096	5476	-1536	8651	-2991	22771
20652	4756	-5540	8380	-3233	22407
20812	5016	-3692	7340	-2699	22243
20376	2112	-3260	8296	-2814	21492
19756	384	-5344	7706	-3417	21587
21160	-36	-4536	6424	-3307	21434
21240	-1560	-3928	6031	-2564	21132
20356	-2104	-4592	6375	-3127	19989
19760	-2520	-4412	4457	-3736	19614
19608	-4336	-3868	3823	-3391	18846
18416	-5836	-3964	3246	-2615	17752
16368	-6724	-4068	2763	-2300	17617
15976	-7816	-3008	3302	-2597	16932
15880	-8072	-4244	2920	-3025	15565
15036	-8852	-2900	626	-1976	15885
14364	-10552	-3588	977	-1943	16427
12448	-10956	-3192	431	-1402	16961
12212	-13932	-1872	1508	-2819	18641
14568	-14044	-3912	3156	-2413	18792
11104	-16720	-4172	3085	-1594	18015
11000	-15476	-3064	3202	-3323	19163
11604	-11104	-4752	-5335	-2120	19614
6792	-13852	-6316	-7590	-1983	18202
6052	-11036	-4620	-10869	-3874	18140
6260	-12704	-3728	-8711	-2812	15862
1576	-12540	-6648	-2108	-1061	10600
4072	-10508	-4132	-3845	-2734	9132
3344	-10232	-1704	-1024	-962	4849
2516	-7260	-4592	-1822	-1609	3389
2840	-8424	-1360	-6942	1747	3214
1072	-12716	-672	-1818	501	-1700
4660	-9156	-4828	1865	1930	-4458
3040	-9840	-1688	-255	2805	-5704
3900	-9640	-3376	3224	4842	-9911
4316	-8840	-4848	-2319	3581	-10858
5548	-15204	-3004	1577	5794	-12792
5948	-10152	-5332	4985	5209	-14695
8308	-10932	-5232	421	3845	-15244
8604	-13928	-6120	1854	6427	-16316
9456	-12696	-3456	421	5158	-16988
11412	-15260	-4420	209	4891	-17391
13096	-11400	-6324	41	4255	-17760
13420	-15216	-3768	1083	5887	-20052
13868	-10652	-6344	-30	4885	-18480
14884	-11656	-3516	-1780	5119	-18039
16756	-8756	-3396	-1064	2781	-18601
17896	-13360	-6748	-2027	4580	-20466
14972	-5476	-3892	-2290	3715	-19027
20292	-5016	-4568	-6349	2828	-18598
19308	-6080	-4124	-9238	5345	-18717
16276	-6652	-3272	-7948	5041	-17342
19032	-5252	-3144	-5656	4609	-18143
18516	-3128	-2500	-6202	4233	-17203
18916	-4388	-3700	-4160	3579	-16697
19256	-2728	-4104	-1386	3686	-18187
19232	-32	-3024	-1547	3257	-17773
19204	408	-3432	-1991	3147	-17109
19080	1316	-3488	-1349	3111	-16459
19124	2436	-3812	-2841	2186	-16639
19860	4340	-3248	-3439	2121	-16505
19900	4784	-1576	-4375	1788	-15877
18216	5676	-2024	-4611	1928	-16135
17168	6556	-1192	-6191	2281	-15395
16696	7064	436	-6821	2664	-14450
15980	7652	68	-6415	2831	-13982
15168	7756	264	-5759	3120	-14489
14304	8720	1532	-5989	3560	-13852
13460	7620	1000	-5930	3198	-12829
13548	8260	308	-4673	3375	-12944
13240	9648	996	-5025	3008	-11990
13896	9876	152	-3790	3127	-11069
12948	11404	332	-3827	3443	-9819
12460	12148	1876	-3147	2715	-9326
12224	11260	1984	-1271	2315	-9308
10680	12936	1836	-1190	2359	-8800
9244	11516	1988	-2226	2402	-7378
9188	10804	2660	-1274	2244	-7127
7988	10336	1888	-1735	2542	-6161
6372	10192	2408	-2628	2422	-4465
7716	8432	3048	-2116	1272	-2230
8144	7772	2776	-1781	818	1138
8316	8036	1424	-1078	148	4053
9664	8768	1764	-1656	-602	8008
9936	7952	992	578	-1511	10790
11340	6728	660	1519	-2096	13523
11332	5144	964	4344	-3158	15956
12604	6860	352	6953	-4267	18083
14140	7464	408	8680	-5189	19263
15860	6476	-148	9365	-5380	20875
17020	6808	-1088	9474	-5630	23196
19468	7212	-1764	9166	-6234	23855
19920	4096	-2544	9377	-5994	25176
20572	5900	-3928	9439	-6205	24575
23016	3472	-2364	6240	-5495	27590
25688	3624	-4488	8304	-5310	25720
23376	2256	-4088	8907	-4296	25351
22740	696	-4844	9752	-5173	24347
22236	-392	-4900	10618	-5550	22512
21940	100	-3852	8593	-4673	22090
20096	-1264	-3268	6343	-4582	21076
18760	-2420	-5028	3957	-4479	19986
17680	-5104	-4736	2074	-4186	18748
16036	-5232	-3236	2388	-4727	17956
15664	-6528	-3400	2575	-4959	17400
15244	-8216	-3928	762	-3796	17424
13144	-13100	-2608	1185	-2270	18742
14296	-12216	-1668	4599	-3205	20546
16344	-12280	-3956	3381	-2108	19848
13288	-13528	-4572	3429	-1487	17540
11680	-11436	-5188	-123	-1243	16694
10760	-14380	-4344	-2511	-1118	17677
9008	-14568	-3616	-114	-985	16492
8152	-10772	-5540	-4345	-1946	15749
6776	-16856	-4372	-7633	-1681	16623
4688	-11356	-6900	-5406	-1856	14546
5320	-16372	-4208	-10462	-2305	15085
5012	-13632	-6732	-2387	-2822	9258
4948	-9824	-4456	-3980	-1582	7983
3308	-14492	-3108	-1748	-781	6581
2908	-10832	-5380	403	-2288	5568
3292	-10208	-3056	-5432	-889	5952
1780	-13560	-3884	-228	45	1084
2076	-8176	-3648	1408	-194	391
2356	-10464	-2960	87	1830	-385
3472	-8268	-3552	-28	1505	-3756
4460	-10276	-2076	-1797	2754	-6355
4312	-9524	-3716	716	5109	-9417
3548	-10752	-4928	-116	5231	-10828
4928	-12552	-2376	198	4326	-11287
6956	-13468	-4576	4888	5531	-13263
6428	-9520	-4428	558	6563	-14344
8576	-13972	-3856	-3487	5342	-13417
10144	-14444	-6848	539	6464	-15311
9900	-11460	-6056	2075	7268	-17604
10764	-13504	-5108	-2895	6203	-15013
12244	-13864	-5844	611	5173	-16434
12464	-15884	-6480	2747	6776	-17981
14428	-7580	-2912	895	4822	-17305
17232	-12488	-8168	-3006	5205	-18681
13820	-12648	-4068	239	6940	-19798
15900	-7976	-4512	-1094	3508	-17921
17592	-8768	-6664	-3222	5326	-17217
15208	-8908	-3908	-4389	5021	-15618
18584	-6836	-2412	-2244	2074	-16648
20140	-4704	-6132	-3698	2771	-16901
18128	-5008	-4556	-2609	4653	-17717
16988	-2420	-3208	-4577	3489	-17016
19684	-2160	-3404	-5036	2334	-16974
19256	-940	-4136	-4621	3520	-17908
17736	-476	-2936	-4838	3847	-18035
17968	36	-2200	-5588	3098	-17284
18880	904	-2016	-5229	2701	-17114
19244	2432	-2140	-4576	2799	-16940
19192	4108	-2648	-4562	2928	-17168
19684	4612	-1164	-5128	3271	-16756
18348	4892	440	-5697	2970	-16298
18312	5596	-1760	-4063	2588	-16511
18260	6860	-1632	-4758	3017	-16233
17228	7784	492	-5579	3594	-14986
16812	7204	8	-4529	3371	-14822
15000	9132	-880	-4243	3548	-14582
14512	8760	364	-5412	3316	-13166
13484	7772	836	-5161	2698	-12292
12816	8888	680	-3791	2480	-12409
12128	10956	700	-4124	2303	-10831
11884	10164	1320	-4187	2302	-9721
11588	9932	1748	-3084	2326	-9139
10948	11380	1320	-2801	2001	-8129
11352	11744	2224	-2189	1713	-7232
11024	12180	2492	-1354	2314	-6810
9372	12036	3068	-1078	2577	-5643
8528	10784	2868	-328	1529	-5006
8644	10616	1904	-300	1328	-3968
7884	10356	3808	-43	1731	-2743
7388	8048	2968	-645	725	282
8052	6864	984	511	451	3238
9324	8468	2256	1404	-54	6348
9920	5388	1028	2082	-979	10443
10824	6180	264	5015	-1900	13012
12992	7936	588	5233	-3151	16653
13580	6224	-228	7568	-3780	18096
15112	8280	-504	8240	-4133	19663
17376	6840	-332	7053	-3867	22714
16896	4904	-1228	8280	-4239	24289
19280	7992	-2776	8173	-4991	24775
21152	6900	-1084	6065	-4363	26449
20812	3448	-3528	7383	-4544	25860
22824	5972	-3592	7297	-3613	25791
21544	1120	-3248	8294	-4437	26034
21200	-380	-4608	10495	-5275	24599
22152	-528	-4268	8304	-5139	25639
22756	-1144	-3792	7031	-5055	26020
22660	-1488	-3668	6047	-5527	24752
21528	-2112	-4800	4359	-5259	23334
21516	-2840	-4084	2287	-4977	21529
18744	-5208	-3616	2089	-3893	19434
15468	-6652	-3984	2205	-3422	17542
14808	-6772	-2024	1197	-3339	17717
14992	-9316	-2960	2111	-3482	17061
13676	-8568	-4912	2400	-2720	15327
12700	-10988	-3504	1222	-1448	16050
13196	-12688	-2276	2581	-1504	16995
12540	-11952	-6400	4578	-1211	15191
10212	-12596	-4648	2643	-2090	16131
9528	-13152	-4824	707	-3858	17157
9236	-13732	-3440	-4022	-3665	18203
8512	-12868	-3872	-7020	-3718	17300
6184	-16656	-5032	-4498	-3680	15135
6232	-13420	-2960	194	-2633	12505
5944	-13224	-1764	2447	-790	9068
4484	-13520	-5112	3644	-262	5789
4160	-8208	-4304	840	-214	5193
3100	-8788	-1980	-2807	-338	4977
3464	-12264	-4220	589	-672	2080
2728	-7360	-3644	-1426	64	502
2436	-9684	-2400	-4417	400	-387
4780	-11744	-836	-1678	916	-4191
4112	-10948	-2624	1476	2200	-7542
4224	-8704	-1264	-500	2423	-8163
7308	-10276	-3020	-3003	3772	-9322
7212	-12804	-1096	-3072	5457	-12227
7752	-14524	-4092	390	5492	-14160
8700	-12636	-4900	-430	6504	-14451
8444	-14376	-3848	-1424	6618	-14845
11640	-14692	-4724	797	5848	-16560
12280	-14932	-6212	2622	7847	-18974
10596	-11872	-3852	3178	7839	-19301
16736	-7728	-2752	-739	5078	-19652
18036	-17920	-2916	749	9543	-21995
12740	-8632	-2060	7724	7198	-23974
18576	-5084	-7356	-1328	4841	-22105
15588	-9592	-2152	-1890	7101	-22999
16736	-6804	220	727	4119	-22280
17132	-6656	-2652	197	3661	-21576
17132	-5624	-2632	-1432	3102	-19915
18324	-4416	-2336	-1638	1241	-18804
19420	-2924	-1888	-2633	1531	-18795
19328	-1580	-2904	-3101	1168	-18449
19684	-640	-2124	-4412	1162	-17634
19508	-220	-1216	-5071	1056	-17164
19644	1424	-1516	-7004	985	-16267
19440	2124	-904	-7079	847	-15726
19936	2952	716	-6389	480	-15974
19504	4220	-1664	-5998	90	-16464
18616	6296	-520	-6546	685	-15978
18628	5640	88	-7642	1583	-15428
18228	6696	288	-6504	2668	-15865
16888	6084	-480	-5896	3050	-15537
17076	8304	460	-5887	3339	-15228
15640	7904	956	-5031	3374	-15032
15184	9184	928	-4050	2739	-14634
14208	7860	1988	-4001	2312	-13897
13348	10416	1424	-4161	1506	-13550
13316	10052	1764	-4966	1953	-12098
12588	11132	1284	-5851	2440	-10653
12044	10632	2604	-6619	2299	-9774
11572	10760	2704	-5453	2344	-9560
10312	11436	3028	-4333	2360	-8087
9240	10524	3240	-3077	1906	-7250
9124	9876	4556	-2264	1706	-6262
8092	8196	3428	-943	1110	-4657
7796	6636	2476	511	1143	-2220
7996	6540	3360	1417	865	564
8648	4244	2676	2791	79	4755
9996	5768	688	5776	-521	8292
11016	5436	812	6584	-1079	12753
11940	6424	1660	8886	-2202	15426
13136	6640	-312	10300	-3111	17697
14116	8916	-892	9900	-3422	20800
15816	8744	-1496	7471	-3375	24000
17428	4408	576	6482	-3246	24435
19204	8908	1000	5215	-4816	26668
18504	2936	-2564	5998	-6430	28037
23932	6468	-3380	6659	-7076	27342
25040	4084	-3296	8207	-6022	26511
24600	4060	-4404	10131	-5519	24436
23636	2728	-3304	10372	-5006	22926
21360	888	-4172	9685	-5251	22459
21460	108	-4040	6635	-5359	22641
19892	-2324	-2380	5319	-4972	22622
20700	-3604	-4088	4863	-4853	22430
20956	-3132	-3736	4558	-3737	20435
20076	-3588	-3360	4408	-2802	17440
16884	-5340	-1740	3557	-2666	15826
14768	-6576	-1700	2779	-2830	16190
15436	-7508	-1712	824	-1667	16868
13148	-9336	-2020	1000	-1494	16491
13644	-12372	-2532	1093	-2176	18497
12872	-13716	-3076	1279	-2473	22834
14472	-14168	-4792	-2193	-3983	26029
13536	-14324	-6868	-9162	-4319	25009
9856	-17820	-6092	-10295	-4070	23324
8064	-16928	-6780	-6805	-3493	21384
7368	-16984	-5044	-2739	-4204	18621
7444	-12432	-5856	918	-2711	15208
5552	-11396	-4988	1811	-1323	12099
3904	-9972	-5980	338	-2691	10507
5548	-8576	-3268	-1545	-1925	10659
3588	-6876	-848	-2379	-1008	7590
3180	-10808	-2040	300	-340	2587
1872	-7416	-2572	1397	348	-335
2700	-6412	-160	1089	2209	-2378
1520	-8512	-2196	3466	3201	-5025
3956	-7960	-3060	1781	2390	-7362
3868	-9564	-4432	1487	3604	-11099
3616	-9616	-6460	-292	2950	-12569
5596	-13392	-4016	-1259	3285	-12593
5416	-14840	-4440	3264	3060	-14702
7100	-13384	-2648	2866	2477	-14900
9356	-13600	-5404	2647	3217	-17396
9768	-12804	-4296	1814	2785	-19250
11276	-11632	-2904	1858	2332	-19549
12940	-11016	-6172	-1544	1908	-20283
12772	-14476	-2744	3007	4156	-22412
14368	-9540	-1724	1409	2999	-20590
17912	-9164	-5132	-5358	1909	-18966
18176	-12480	-4068	-4852	4636	-19898
16604	-8268	-4716	-5385	3597	-19978
19444	-6920	-3660	-5972	3383	-19832
19856	-11588	-3680	-5937	4978	-18857
17592	-10180	-2472	-2663	4672	-18143
17412	-8456	-2204	-1067	3595	-16788
19796	-3788	-4748	-1526	2080	-16367
20256	-3612	-3248	-3340	4143	-16508
18488	-1048	-4388	-4751	4321	-16712
19152	-436	-4032	-6523	4346	-16562
18968	1340	-1772	-8099	4932	-16490
17304	500	-1412	-7195	4176	-16279
17312	1728	-2280	-5215	3473	-17105
18124	3164	-940	-5245	2788	-17465
20092	3672	-1084	-5035	2977	-17455
18552	4296	-1848	-4520	3620	-17596
18612	6712	-1320	-4540	4064	-17356
18964	6240	-704	-5531	4730	-16411
16312	6604	368	-4008	4633	-16912
14388	8260	-120	-5255	3033	-16485
14964	8260	224	-5880	2441	-15963
15092	9840	1152	-6250	2273	-14505
14484	9460	504	-5447	2079	-14709
13468	9824	2004	-5764	2310	-14329
12796	9772	1948	-5746	1768	-13441
13628	11096	1496	-5107	2060	-12617
12276	11168	2592	-4035	3312	-12541
9996	12192	1584	-4906	2856	-11439
10316	12132	3016	-7466	3460	-10638
9024	9916	5184	-4994	2717	-9280
7736	10724	3108	-3708	2319	-9045
7600	10604	4676	-4927	1522	-6140
7600	8528	4348	-3090	1026	-4259
7308	8996	4072	-3095	435	-1511
7752	8176	3236	-2287	-292	1345
7848	8468	3488	-1231	-375	4219
7756	7408	2396	118	-1139	7358
8504	6988	2336	1948	-2464	10246
10016	6836	2300	5356	-3862	12766
10896	6848	740	7211	-4847	15663
12312	6476	828	8941	-5863	17853
15812	7756	2748	9051	-6544	21175
16496	5176	-1548	10108	-7536	22805
18780	8384	-912	9705	-6987	24370
20052	7204	-1080	7828	-7507	25340
23808	10308	856	7074	-7228	26234
20788	5740	-552	8942	-8018	27945
23876	5360	-3864	9203	-7772	25502
23412	4216	-2188	7452	-6138	27376
22560	2596	-3208	9291	-7345	26256
22168	1456	-4720	8500	-7597	24740
21736	312	-2244	5891	-6752	25214
21692	-328	-3868	5805	-6903	24986
21900	-1820	-4760	4248	-6008	22434
19540	-1756	-4480	2321	-6012	21309
18604	-4908	-4136	2894	-6526	18854
16508	-4364	-3876	2390	-4801	17086
14080	-7732	-2120	127	-3634	17385
13820	-8660	-5096	1445	-4245	16348
15868	-9232	-7056	3134	-3315	14282
12912	-9048	-5576	3359	-3400	14101
12048	-9512	-2956	3116	-4069	14392
11736	-11648	-4320	1319	-3760	15085
11084	-11472	-5196	-795	-2995	16762
10356	-13812	-3232	-156	-3770	17570
9876	-11812	-6140	-845	-3410	18854
9808	-14424	-3288	-4865	-1542	19744
8700	-15916	-1816	-3275	-2722	16915
8928	-15288	-6628	1050	-2351	14547
4900	-13648	-5208	1436	348	11547
4064	-14496	-5732	2672	-1684	9431
4960	-13248	-8552	5884	-1441	7240
92	-10412	-10600	1790	-1485	5987
3800	-12548	-3116	-1748	-3150	6550
5808	-10272	-700	4410	-2460	2537
3116	-9304	-2368	1054	-1611	701
2776	-10068	-620	-1364	1156	-523
4252	-11208	2608	-1982	1755	-907
4312	-8716	-180	2111	3946	-4445
3252	-8788	-5120	-319	4526	-6797
4232	-9176	-2744	-3029	4676	-7316
5284	-10708	-4756	-167	5197	-11235
6096	-10464	-4012	1124	4951	-14545
5956	-15188	-5768	5765	5021	-16520
7104	-8356	-3172	5712	3912	-17500
9836	-14204	-5872	2330	3408	-18510
11568	-10380	-2960	1409	4447	-21022
13036	-12272	-3428	-441	4469	-21745
14608	-9460	-2324	-68	4889	-23062
16388	-13532	-3108	-1244	5516	-24166
16564	-11704	-1676	-2687	5689	-22394
19448	-9948	-2680	-325	3938	-24464
21028	-7516	-7800	-2364	4249	-25630
17528	-6624	-4420	-3369	4510	-26644
19108	-3876	-2940	-8861	3171	-22525
22528	-5464	-3168	-11359	3170	-22007
19168	-6012	-4516	-9390	4352	-22711
19368	-796	-4568	-10549	3154	-20674
21764	-1812	-2448	-12220	3575	-19520
20160	-3044	-2636	-10173	3599	-19313
18540	-812	-3972	-6188	3152	-19746
18916	856	-2216	-6258	3159	-18308
19600	2716	840	-6516	2581	-17235
20496	4132	-2096	-3418	1811	-17476
20356	6760	-1656	-3514	3088	-17983
18568	8036	532	-5336	4054	-16979
18744	8204	812	-7327	3778	-16813
16816	7976	560	-5913	4695	-17524
14856	8692	1132	-6576	5079	-16139
14608	7308	1552	-7352	5368	-15072
13684	7980	1980	-5901	4943	-14467
13212	9360	1916	-4697	4351	-14306
12824	9908	2476	-4254	4525	-13918
11284	11448	1904	-3306	4217	-12248
11208	10716	2928	-2522	4045	-11959
10096	10404	3072	-2326	3621	-10905
8032	10984	1344	-977	2850	-10379
8076	11544	3024	-4617	2357	-7479
7880	7636	4084	-3045	1509	-5701
7868	8072	2068	-3298	513	-1995
8412	6904	2548	-3261	-47	1807
8904	5840	3300	-1031	-414	5783
9428	6860	2876	1279	-1124	9217
9552	6116	2392	3547	-1816	12407
11292	6052	2720	5821	-2498	15548
12384	5240	3432	8368	-3369	18381
14108	5188	604	10195	-4625	20986
16116	5788	728	10918	-4861	23184
17152	4404	-168	10088	-5825	26353
20424	5916	-1072	10501	-6611	28977
21788	3956	-3372	10453	-6898	30165
23100	7320	-3308	9206	-7483	31519
24396	3512	-3384	9629	-8752	31489
24584	2876	-6744	10419	-9663	30282
25872	2984	-6168	9438	-8630	29472
24396	1028	-5040	8446	-8173	28429
24336	732	-5432	8052	-7771	26572
21980	-160	-4448	5454	-6672	24243
20496	-2348	-3148	2895	-6716	22366
17624	-4564	-4120	3915	-5668	19100
14872	-7320	-3612	3706	-4848	19027
13732	-11012	-1636	6651	-5300	19477
16452	-10500	-2016	11738	-5186	19088
16824	-11564	-5216	11070	-2921	19297
14564	-11812	-3408	8663	-956	18665
13136	-12416	-2832	4045	-1620	19527
12044	-13312	-4740	1429	-1712	20151
11604	-13132	-4384	1207	-620	18895
10120	-16832	-3252	993	-1189	17613
9616	-11200	-2896	2468	-462	13922
5620	-14776	-3484	838	260	12529
4964	-12084	-4496	4663	-840	9970
5296	-8384	-4528	-4684	-1696	12271
4544	-16032	-4088	-4684	-1757	10211
4912	-7636	-500	-3314	-1757	7510
3732	-10788	-1000	-8004	-1273	6782
3552	-13492	260	-2994	-1046	2857
2564	-11792	204	834	1541	659
2900	-9092	-856	-230	-92	-7
4908	-11260	-1380	1835	1553	-3529
2664	-7656	-2480	1279	2038	-6293
4364	-8452	-1132	-4069	1738	-6960
5284	-12080	-1148	221	3525	-10015
4448	-10488	-3748	15	4133	-13094
5384	-12592	-4912	-1056	1791	-12552
7968	-12340	-1924	-33	3335	-12623
6712	-16172	-896	2616	2862	-13617
9296	-11252	-4044	4479	1962	-15966
12088	-11064	-3600	-2037	2761	-16632
12668	-10836	-3980	-6458	4061	-18003
12396	-13468	-3152	-5007	4303	-20165
14676	-11552	-2272	-3593	3859	-19731
15480	-12700	-6580	-2843	4370	-21480
14896	-13740	-268	-536	5599	-19787
17708	-8536	-3024	-7	1853	-20465
22624	-8888	-6868	-4936	4724	-22022
14740	-7124	-2476	-4653	6056	-20971
18772	-5488	-3088	-7799	3232	-19517
20580	-7144	-4168	-11151	5022	-17662
16568	-7252	-3160	-7510	4971	-16989
19576	-3876	-4584	-5339	4190	-18238
19148	-3940	-3424	-6471	4977	-16814
16912	-4052	-3432	-1693	4581	-16492
18692	-1724	-3140	-946	4009	-16585
17656	-700	-1744	-1131	3174	-16171
18040	1084	-1836	-1506	3182	-15099
19468	3016	-240	-2791	2706	-14622
20372	4656	272	-4125	1673	-14822
19688	4480	-592	-3815	1855	-15793
18812	6928	-416	-4858	2378	-15902
18156	6272	280	-6467	2704	-15389
17752	6740	540	-5012	3037	-16330
17164	8772	136	-5160	3409	-16566
16872	8100	828	-6026	3977	-15877
15460	8888	604	-5042	3537	-16511
16048	9104	1380	-4962	3164	-16580
13672	8860	1680	-4849	3028	-15545
13540	9636	892	-4599	2300	-14993
13704	11520	880	-5481	2914	-13666
12312	10036	2948	-6186	2988	-12105
11264	10364	2676	-5577	2143	-11344
10908	11876	2780	-5208	2144	-10489
10416	11504	4068	-6162	1881	-8986
9760	11672	4708	-6726	1775	-7929
7928	10624	1572	-6525	1775	-7116
8772	10868	4600	-6183	1766	-5981
7184	10796	4876	-3676	1577	-5681
6828	9544	4204	-2331	981	-4005
6928	7868	4508	-658	1012	-1643
7276	8732	4664	440	460	1068
7144	8300	3236	1194	-244	3702
8632	12064	4004	857	-1060	6251
8840	8908	2224	1736	-1624	8272
8860	8900	2072	3035	-2113	10733
9932	9136	2064	2441	-3427	13894
11824	9476	2084	4463	-4801	14333
10264	8944	2128	4872	-5678	15357
11620	10176	2972	4512	-7234	16124
14324	9724	4096	4362	-7668	17197
14544	7528	1036	6486	-7406	17293
16652	8368	1728	6187	-6335	18207
17108	7256	1532	6496	-6510	19474
17072	4512	-2800	8859	-7299	19623
20188	7996	-1816	7685	-7845	20155
20940	4216	-1452	6749	-8170	21442
21356	1524	-3532	6854	-8742	22917
22168	2444	-3136	7090	-8435	22717
21976	928	-3060	6494	-8424	23375
22244	116	-5620	6489	-8504	23571
22508	-1680	-4640	6566	-7510	23141
21052	-2904	-4432	6783	-7511	23631
20740	-3112	-5116	6215	-7208	22878
20292	-4612	-4660	3155	-6336	22969
18848	-4852	-4456	3045	-6134	22557
18716	-4552	-4312	3253	-5262	21041
16256	-7652	-4156	4659	-4794	19042
16088	-8100	-4616	5405	-4122	17437
14652	-5724	-4976	3055	-3817	16553
11824	-8608	-4712	429	-4121	16849
10644	-10388	-4280	1847	-4441	17874
11820	-12632	-3856	1697	-4100	18974
11564	-13560	-4720	4077	-4692	17975
11612	-14804	-7696	4878	-3338	15385
9036	-10420	-5320	-2275	-2171	14001
6268	-16668	-3424	-2237	-3392	14629
7240	-13064	-8664	-450	-3054	12864
4008	-12524	-7136	-1620	-2660	11223
6804	-11608	-4372	3426	-3197	6685
3276	-9232	-4316	6402	-1785	3503
4852	-6332	-4232	-1038	-2456	3770
4088	-11628	-732	121	-2	610
3472	-6564	-1000	1440	-833	-2382
7088	-10432	-2084	-59	1351	-3277
4264	-8172	-1900	1889	3346	-6931
4768	-9392	-408	-1399	2181	-8573
6732	-11844	-2052	500	3822	-9263
5596	-12268	-3452	3752	5586	-11825
7452	-11628	-2288	-277	2972	-11157
10548	-15800	-3568	1787	4094	-12275
7228	-12140	-1948	4733	6900	-14176
11332	-11212	-808	-1070	3849	-12611
13720	-14488	-4280	-1674	6267	-14350
10128	-12968	-3948	-1497	7069	-15615
12828	-14864	-7156	-2654	6329	-15785
13596	-11760	-3260	197	5691	-16786
15496	-14448	-8060	1502	4926	-18442
13200	-10196	-4076	3225	4894	-19628
16232	-8128	-2300	373	3518	-18433
20616	-4616	-3708	-4062	4145	-20511
17960	-7416	-4308	-8884	5677	-19554
16204	-6632	-1936	-5479	4782	-20075
19044	-4000	-952	-6314	3844	-19949
18424	-7928	-1152	-2202	4416	-19748
17208	-3356	-2340	141	4091	-19166
19760	-2384	-1880	-2707	3146	-18116
19520	-2000	-1140	-3034	2893	-18573
18384	-952	-1208	-4583	2920	-17576
18844	380	-1400	-4679	3262	-16368
18832	2052	-288	-5565	3223	-15864
20228	2048	-768	-4911	2834	-15901
19708	4484	-684	-3760	3151	-16434
19200	5768	184	-4100	2998	-16470
18096	5568	672	-3487	3182	-16696
17896	7664	644	-3844	3200	-17161
17176	6964	1044	-4829	3607	-16027
16676	8204	1124	-4578	3462	-16247
16144	8672	1132	-5241	3838	-16068
14400	8564	1892	-5221	3651	-15402
13744	9016	2348	-5386	3162	-14456
13604	8368	1768	-5163	2697	-13436
13668	10012	2396	-4576	2830	-13034
12192	11068	2864	-5211	2771	-11484
12788	11908	2896	-4348	2409	-11450
11504	11224	2896	-4651	2296	-10438
10292	11100	3008	-5145	2445	-9987
9608	11508	4716	-4892	2257	-9111
9764	11628	3964	-4125	2215	-8179
9020	11248	4812	-3224	1923	-8058
7588	13624	4460	-5153	1623	-6498
7292	9404	6096	-4109	1486	-4719
6848	10168	5864	-1904	1383	-4333
5688	8816	4588	-3726	320	-1719
7320	7940	4508	-817	191	329
7088	9952	4508	114	-122	2996
7664	9960	4740	357	-1013	4767
8100	10132	3864	1941	-1008	6380
8248	11128	4884	2829	-1118	7864
8652	11172	4940	2702	-1781	9431
10184	9980	3460	4317	-2538	9929
8996	8648	3876	5248	-2911	11534
10064	7480	2800	6203	-4424	13610
12516	7884	2156	6807	-4832	15295
13284	6472	1776	7225	-5163	17709
14744	6480	660	7934	-6207	19561
17592	7800	348	8003	-6749	21154
18792	7944	584	8059	-6803	22592
19224	6540	-2636	9333	-7793	23000
22068	8404	-1836	7887	-7591	23388
21104	4584	-2536	7643	-7437	24056
21404	4068	-2396	7969	-7781	23029
21980	2876	-2624	6759	-6765	24728
21592	-536	-2780	7870	-6512	24767
22200	-596	-4256	8286	-6362	24154
21820	-244	-2648	6194	-5693	24908
22504	-2644	-2868	6038	-5509	25249
20880	-2684	-3840	5681	-4929	23415
20632	-3108	-4280	1939	-4745	23502
18948	-5484	-2928	1840	-4910	22032
17940	-4652	-4268	2434	-5219	20408
15100	-7752	-4464	1818	-4280	19189
13336	-8580	-3920	369	-4195	19821
14840	-7720	-2528	698	-4064	19402
11280	-14844	-5928	2526	-2750	20361
12144	-11136	-4860	1504	-4309	19806
12596	-14008	-5684	1642	-3327	19978
9372	-15288	-4144	1937	-3438	20059
9596	-14544	-3992	337	-3639	19752
7848	-14008	-3788	283	-3249	18894
8316	-12748	-5504	-3179	-4045	16255
7108	-13860	-3568	1268	-2448	10839
4692	-4364	-2296	-1063	-1104	10127
6052	-8340	-992	-4533	-6	7103
2268	-9400	-3936	-957	1248	1737
3100	-8268	-2348	926	-78	-849
4016	-6968	-3708	-145	2477	-3335
5108	-10360	1072	-962	1602	-5818
5376	-9544	-2488	3469	3074	-8840
5132	-6496	-4088	-1786	4566	-10120
5944	-13164	-420	-7474	4310	-9044
8032	-17020	-1924	1845	4574	-12700
7860	-10732	-4796	2433	5359	-14110
9048	-12604	-4348	67	5340	-15898
10628	-12960	-2712	-1905	6677	-15346
11300	-13148	-2204	1039	6008	-17799
12252	-13764	-4288	1256	4939	-17661
14296	-12492	-6836	-2018	5316	-17121
13064	-12468	-3308	-3596	7882	-17819
12940	-14988	-5056	-3360	5381	-15565
14924	-10220	-4608	716	4526	-16736
17300	-10848	-6788	-680	4946	-16583
13916	-11868	-2388	2307	5645	-17112
17608	-5556	-1260	-531	2430	-16090
20952	-6476	-5544	-3268	4617	-16611
15880	-5444	-2704	-3747	5302	-16833
15348	-5836	-2088	-4001	3143	-16089
18252	-5188	-2140	-4942	3302	-15119
18960	-4400	-2384	-4167	3621	-15153
18188	-4000	-2292	-2014	3486	-15398
17892	-3112	-2132	-1288	3222	-15596
19228	-1840	-1932	-1018	2851	-15733
19716	-768	-1632	-1160	3141	-15079
18224	-4	-1288	-586	2526	-14590
18564	1672	-588	-2298	1549	-14325
19508	2932	-700	-2423	1292	-14755
18780	4488	-372	-3518	1823	-14757
18080	5092	828	-4695	2180	-14699
17980	5068	644	-4389	2569	-14732
17648	6916	72	-3998	3026	-15666
17548	8324	820	-4230	3486	-16470
16652	7568	1708	-4065	4146	-16000
15736	6848	780	-3099	3362	-16277
15952	9364	412	-3450	2904	-16382
14544	9336	1704	-3723	3044	-15848
14172	8080	1560	-3776	2586	-14608
13324	8528	820	-4946	2431	-12987
12428	9552	1832	-5442	1792	-11652
12948	12000	2460	-7579	1320	-9883
12508	9312	2580	-6830	1524	-9266
11732	11424	2476	-5712	1279	-8995
10728	11884	3032	-5010	1824	-7753
9356	9532	4168	-2730	2014	-7282
8948	11024	3652	-243	1445	-7512
9080	10932	3780	249	1809	-6414
8008	9820	4580	-1146	1846	-4087
7388	7852	3360	-1044	800	-1596
7928	7832	2944	-843	-171	1344
8708	7508	3824	-2001	-925	5351
9164	6644	1956	-479	-1522	8450
11520	8520	2456	-384	-2520	12016
12944	7012	2652	2104	-3763	14642
12164	4932	900	5498	-5436	16766
14052	7632	1196	7736	-6701	18849
14472	5908	456	9906	-7216	20429
16696	8492	252	10344	-6687	21123
16820	6648	-1188	8015	-6644	23672
18944	6920	-936	7201	-5907	23627
19152	6156	-1136	5713	-5217	25226
20084	3700	-1640	6549	-5259	24996
22680	3972	-1488	8068	-5280	23961
22120	3388	-940	9882	-5899	23780
21592	-652	-6436	9650	-6902	24609
24012	2180	-3648	7548	-6681	23299
22120	-228	-1312	3946	-6553	24361
20228	-3072	-5692	4792	-6442	23646
21320	-2876	-3060	4363	-4820	22124
19844	-5080	-2604	5174	-4604	21203
19380	-4228	-4112	7341	-3369	19351
16856	-6196	-2740	5502	-3235	18535
15528	-6620	-1724	3280	-4688	18620
15468	-8152	-4172	2935	-4697	17541
13648	-9280	-3108	358	-3459	17596
11956	-10636	-2532	1002	-4650	18251
13168	-12096	-3144	-222	-4560	19300
11760	-13324	-5760	-972	-5019	20961
11192	-14768	-4632	-5203	-4887	22379
11596	-16704	-2928	-5189	-4808	21910
9352	-14552	-5336	-4887	-3688	18699
8136	-15024	-6020	-2689	-3398	16289
5840	-11684	-3204	-1601	-329	14192
5108	-10160	-2060	-677	-2898	9568
5244	-9560	-5408	435	-816	6369
3240	-6700	-5784	-2541	-126	5148
4684	-9064	-2748	-3318	-1270	2982
3756	-9080	-1616	1114	-445	-1147
3480	-7128	-1764	2898	1282	-4614
2980	-5612	-3652	-4230	2936	-4935
6460	-13296	-624	-4153	3662	-7235
6908	-12484	-3016	3307	5172	-12254
5692	-11912	-6316	2206	4803	-12590
5108	-14376	-6656	586	5219	-11604
7884	-12448	-2796	-327	3928	-11718
10448	-17308	-4256	481	4245	-13491
9692	-12304	-6000	434	6207	-14931
9660	-12972	-4628	-1812	5820	-15536
12436	-11536	-4076	1736	4754	-18546
14472	-9444	-3564	-980	6659	-18923
14148	-13308	-2812	-125	7559	-18163
13664	-11412	-5828	2541	5896	-20033
14376	-8744	-4348	-1287	5667	-18970
16260	-9328	-3268	-4923	5201	-15776
17680	-11404	-5072	-5298	5667	-16081
16680	-8512	-6188	-8397	5390	-13870
20284	-8156	-2344	-10276	6281	-13522
18236	-9036	-2100	-6914	6144	-13806
18684	-6372	-3652	-3681	5579	-14704
17144	-4556	-3988	-2863	5487	-15442
16900	-3924	-1976	-1144	4212	-14941
17384	-2608	-1736	75	4167	-15715
17384	-2796	-2916	2154	4069	-16794
17424	-388	-1804	2400	4327	-17078
17764	-284	-1492	1416	3198	-16107
19372	1156	-2392	916	2640	-15995
19728	2608	-1424	-753	2545	-15773
19796	4036	-692	-3430	2356	-15207
20104	3188	460	-4579	3184	-14533
17720	4868	680	-3970	3140	-14849
17600	4860	164	-4243	2937	-14710
17392	7692	20	-4882	3533	-14595
16664	6752	836	-5434	4079	-13897
15116	6776	716	-3616	3715	-14858
15452	8852	576	-4427	2830	-14701
15392	8380	1088	-4276	2936	-14379
14400	9312	1420	-4200	2817	-14266
14104	10284	612	-5159	2518	-13681
14316	10380	2088	-6055	2894	-12815
13136	10880	2216	-5122	2432	-12645
13224	10948	1008	-4723	2366	-12969
11908	13508	2960	-5317	2433	-12459
11384	9932	3904	-5541	1819	-11349
10060	11024	3300	-2356	1524	-11920
9476	9784	3580	-3565	1735	-9285
8684	8872	4160	-1374	1354	-8290
8260	10248	4192	-2572	1025	-5382
8108	8228	3540	-2483	1122	-2960
8828	9648	4988	-418	1550	-904
9032	10656	3724	-443	1017	2053
7836	10192	2640	1045	1245	3735
8216	12176	3244	1519	784	5104
8304	11196	2872	1429	-368	6369
7652	9616	2136	920	-1545	8147
8620	9588	3060	2120	-3010	9573
10304	9052	2916	3155	-3833	11091
10408	8512	1688	4698	-4245	12309
12272	8248	2192	5997	-4263	13789
12440	5988	1104	7638	-4300	15692
15432	8992	548	8130	-4650	17507
16392	9144	-64	7611	-5304	18450
16532	7276	-260	7531	-5599	18748
18564	8616	-140	5963	-6175	20837
18408	4188	-1256	7958	-5421	21307
17380	5224	-3512	6724	-6602	22042
20532	5660	-708	4150	-6667	23102
21572	3732	-1412	7074	-6867	22918
21388	2820	-4372	7292	-6982	20972
21752	2676	-2812	4706	-5601	22115
20648	-2104	-4372	6822	-6010	21076
21528	-124	-3628	8142	-4568	19986
21160	-3120	-2948	7196	-3936	20595
20832	-3276	-3520	8176	-3890	19176
20076	-3164	-5040	6676	-3039	17999
18544	-3828	-2688	2555	-2758	18284
16804	-7064	-2048	2368	-2839	18587
16132	-7444	-4248	3209	-3159	17941
16664	-8028	-4184	874	-3020	18259
14548	-9000	-2716	1520	-3243	17332
13980	-8160	-3836	2898	-3024	16698
14648	-10172	-4892	913	-2194	16569
11648	-12412	-3656	2938	-1557	14034
10980	-11544	-3248	3999	-2771	15056
12064	-12532	-5048	3080	-2072	16723
10456	-12512	-6056	1170	-1630	15068
9440	-13788	-3520	-2525	-2344	16309
7032	-12564	-6532	-6610	-2195	16863
6404	-14884	-4288	-11929	-3941	17519
7728	-18056	-5352	-3794	-3006	12815
4560	-13020	-3640	402	-1676	9877
6252	-8592	-5816	-2117	-2115	9782
4356	-10884	-3160	-754	248	5356
2528	-7584	-3360	1358	306	1944
3784	-7240	-4332	-3267	-1165	1686
4516	-13100	-2924	1819	397	-1050
3300	-8464	-2700	3666	1718	-5964
3680	-10516	-184	936	657	-6205
7756	-10708	-3684	3389	3085	-8931
4836	-8432	-1520	791	4303	-11807
7564	-11780	-2360	-1907	2537	-11685
7960	-12948	-2132	1370	4955	-12238
7712	-9516	-4244	93	4952	-13724
9520	-11136	-3296	-6005	3159	-14165
11180	-14452	-5284	-2964	4177	-16514
13408	-8160	-4588	-1635	5614	-19405
14420	-14488	-5200	-3612	7700	-19765
12972	-9652	-2404	96	5804	-19308
18712	-10720	-6976	-1676	4797	-22790
16900	-10068	-4284	-3699	7841	-23053
18512	-7352	-3860	-5952	5117	-21192
20588	-6648	-6500	-7983	6678	-22398
16916	-9084	-2948	-7102	7471	-20291
19752	-8240	-3836	-5758	5228	-20198
18240	-6172	-4252	-5013	5486	-19695
18824	-5764	-3916	-3400	4615	-18706
19588	-1648	-4404	-4178	4856	-18231
19268	-2148	-2992	-6716	4547	-16477
18744	-2056	-4104	-5520	4438	-16390
18672	712	-2996	-5813	4285	-15827
18976	788	-1892	-7345	3844	-14335
19832	1796	-756	-6210	3431	-14547
19512	3096	-2380	-4296	3372	-15328
19480	5516	-1296	-4281	3844	-15170
19152	5376	-532	-4397	4416	-14992
18180	4848	-856	-2669	5355	-15410
16844	7820	-420	-1559	5402	-15942
16384	8932	852	-2128	5276	-16399
14808	7940	2372	-1966	4930	-16153
13100	8216	1748	-1327	3693	-16046
12844	8776	1248	-2552	2536	-15676
13304	10180	2424	-4188	2728	-14549
13244	9448	2432	-5538	2668	-12576
12844	9724	1664	-5503	2598	-11969
12656	11608	2592	-5816	2810	-11183
12332	11612	3176	-6289	2972	-9260
11084	11468	2504	-4237	2795	-8761
10060	11852	2956	-5074	3257	-7735
8704	9968	4500	-3833	3088	-6581
8920	10356	2768	-2810	2710	-5618
7892	9536	3652	-3453	2472	-3106
7456	6532	3040	-2131	966	-363
7672	5100	1676	-311	-140	2949
8640	5864	1692	2079	-1526	6391
9064	4544	2432	4762	-2475	10322
10820	5640	900	7557	-3834	13151
12496	6192	1292	8663	-4141	16620
13308	5576	424	10093	-5241	19619
15784	8768	-900	9663	-6166	22015
17648	8776	224	7791	-6460	23378
18400	8352	528	7230	-6454	24566
17652	5052	-1488	7415	-7352	26093
21540	7260	-1132	8300	-7188	25371
21880	5832	-1124	8566	-6944	25520
22960	3800	-4516	8792	-6652	24972
23024	3712	-3192	8627	-5127	24639
21644	1168	-3048	9250	-5216	24427
23008	560	-4744	9479	-5956	23385
23528	756	-4760	6743	-5504	22505
21508	-768	-2788	4750	-4895	21900
18904	-4160	-5864	4867	-5382	21228
18620	-4556	-5236	4321	-4480	20758
18144	-6152	-2376	4088	-3966	20780
16316	-6880	-3548	5110	-4728	19366
16824	-6616	-5632	3961	-4396	18561
15084	-10328	-4088	1756	-3068	19061
12072	-11616	-3868	3903	-5194	19656
13400	-9908	-6008	3818	-5624	21295
12784	-14488	-5864	2605	-4307	21912
10388	-14836	-6444	3538	-6225	22173
13156	-13680	-6008	1268	-5710	21100
8620	-10916	-2768	-673	-4719	18569
10216	-11156	-4440	-3026	-6910	16626
6944	-10524	-3672	-858	-2729	11561
5568	-7704	508	-549	-1769	7250
4636	-9068	-2496	1350	-1425	2313
7156	-6128	-1272	1377	300	1468
3560	-8004	1024	-2826	742	-1200
6284	-10684	228	1294	1487	-4160
4796	-6928	-2332	1779	4596	-7158
6484	-8036	1276	-5008	4678	-8276
8716	-12012	-1496	1996	5422	-12013
7932	-8188	-5672	1985	6575	-14913
8188	-11464	-2212	-5738	5796	-12466
10168	-14088	-4124	-1470	5195	-13407
11864	-12512	-6324	-1762	6984	-16338
11804	-15580	-2556	-3794	6749	-16001
12308	-16868	-6284	2915	7165	-17492
13668	-7096	-3880	-492	6461	-18051
16284	-14528	-3384	-2546	5871	-18788
14884	-12720	-5188	1442	5047	-20142
15896	-5880	-5592	-1755	5429	-19325
15748	-8756	-2056	-8040	6025	-15791
16976	-10152	-3040	-4386	3361	-16789
18096	-5452	-5136	-4559	4321	-18019
17860	-4972	-3964	-7797	4098	-16918
18656	-5444	-3296	-6586	3547	-17413
19432	-1968	-3612	-5081	3527	-18964
19564	-1956	-3740	-5481	3703	-19241
19344	-2076	-2588	-5592	3732	-19948
19116	-560	-2268	-5682	3627	-19874
19060	172	-1376	-5428	3461	-19012
20912	1264	-1084	-4719	2945	-19273
21496	3700	-1460	-4684	3475	-19715
19872	4616	-1152	-6242	3643	-19071
19360	4736	-444	-6732	4024	-18354
18804	5132	152	-6984	4168	-17942
18120	6080	764	-6124	4733	-17553
17336	6820	572	-6272	4902	-16648
16624	6856	1444	-6067	5221	-15930
15656	8168	1084	-5009	5180	-15805
14172	9368	1536	-5046	5189	-15024
13148	9024	1656	-4952	4953	-14108
12720	11320	1228	-6500	5024	-13548
13224	11168	1324	-8572	5278	-12471
11724	11544	4344	-5195	5503	-14015
9532	11524	3808	-5630	4349	-12398
8740	6148	3892	-4055	3167	-10355
7648	6396	4252	-2241	2092	-7812
8096	5816	3008	-2184	535	-3488
7508	5484	1268	-1483	-268	267
9500	6916	5148	-632	-519	3501
8696	7060	4320	1816	-1560	7191
9760	6724	1236	4142	-2487	9263
11188	7448	2532	4177	-2968	13014
11452	7016	2628	7476	-4172	15105
13248	8584	816	9393	-5263	15876
16380	8688	2092	7353	-6058	19642
17808	7272	-196	8111	-7129	20739
17144	9208	-32	6519	-7387	22027
17720	7652	1780	6353	-7582	22384
18376	8660	1948	6712	-6643	22717
18212	5812	-2480	7750	-6475	21523
18728	5788	-1932	6928	-5381	21574
20844	6244	536	9393	-5282	19320
18876	3424	-3924	9028	-5811	18966
21296	2744	-2712	7286	-5361	19058
19660	-2440	-1204	11949	-4712	17760
17544	-332	-4624	11084	-5616	18437
22252	-2912	-2448	5814	-4059	20969
21432	-3820	-3472	7438	-3056	20568
20160	-4756	-5592	5954	-3691	20760
21384	-6448	-4100	6424	-4029	20289
19748	-5768	-3616	6762	-3617	18720
18300	-6588	-3292	4560	-2703	18607
15352	-9032	-3536	3803	-2296	19134
14068	-9456	-2656	4687	-3305	19481
15360	-9780	-4876	4613	-3893	19397
13256	-13192	-3708	5320	-2731	20143
12376	-13560	-2852	6831	-3285	23117
14100	-12332	-492	6266	-3940	26151
14420	-16308	-5628	5231	-3364	23086
10988	-10636	-3848	150	-1974	18649
7052	-12916	-1876	210	-674	16010
5716	-10048	-1832	-42	-1676	12797
8712	-9808	-2356	-4703	-1387	11294
3936	-14516	-2944	3233	-133	6576
5256	-5400	-3424	2205	-492	4454
5052	-12264	-1948	-1680	696	1333
1720	-10432	2960	3817	-89	-1257
7260	-5904	-388	-1546	288	-1088
4540	-11344	1740	-4725	2003	-2448
6316	-10576	852	-725	2125	-6277
5852	-9168	-2188	-5410	3861	-8340
5204	-12788	-272	-4760	3622	-9138
7852	-10808	-2140	809	3280	-11339
8380	-8552	-2396	-1722	4835	-13707
7796	-12912	-1216	-3886	3697	-12571
10100	-15784	-3868	1428	2835	-14879
10720	-9484	-5544	-353	2307	-16544
13180	-14892	-3636	-5808	3392	-16341
12452	-13188	-3260	-235	3743	-19643
16300	-12876	-2852	-1716	3406	-21770
16544	-8224	-4004	-5092	2881	-20620
17716	-11532	-5152	-4363	4103	-22783
16400	-8604	400	-1841	4170	-23750
20040	-5320	-3284	-4962	1846	-21719
21264	-7240	-5560	-6960	4991	-23032
16668	-6700	-1476	-8662	5603	-20885
18888	-5996	-3280	-8641	2308	-18523
21700	-3384	-4816	-7454	3657	-20349
20016	-1188	-3808	-9159	4144	-20137
19884	-1832	-3664	-8613	3465	-19389
18888	-828	-2788	-7097	3171	-19536
19076	-148	-2164	-6095	2968	-18897
19028	752	-2188	-4763	2834	-18196
20180	3472	-1696	-4572	2300	-18443
20588	5032	-816	-5238	2692	-17782
19200	5300	-784	-5910	3020	-16964
17644	5580	424	-5771	3029	-16702
17056	5252	464	-4470	3567	-16057
16044	7204	452	-4008	3803	-15109
16260	9788	1280	-4648	3441	-14638
16000	8376	-40	-4632	2868	-15130
13788	11304	528	-4288	2916	-14976
13372	9956	2024	-5033	2351	-14076
12848	8832	704	-3439	2294	-13380
12012	10788	876	-4095	2390	-12424
12560	10804	2200	-4482	2433	-11465
11900	11096	1584	-2252	3105	-10421
8736	9092	2988	-2315	3051	-9248
7912	9056	3932	-1193	1537	-8479
8356	10772	3780	-846	1162	-6437
7968	10928	3616	-2575	1237	-4301
7852	9004	3452	-2185	939	-2441
7204	10460	1232	-1663	535	-105
8584	7976	1816	-1736	291	2645
8552	7820	556	-723	-154	5449
9180	7640	636	1481	-723	8485
9924	8792	208	4833	-2064	10681
11544	7984	792	6217	-2987	12703
11624	8300	2224	7079	-4373	14128
14512	8072	1360	6187	-5535	17146
15316	8380	1348	6072	-4661	19246
15316	6836	1088	6201	-4836	21226
17404	6784	1284	7321	-4883	22476
20028	6360	-496	8310	-4089	23045
18856	6696	-1156	9275	-3600	23033
19532	6132	-2876	9669	-4174	22546
21148	6436	-2692	8224	-4190	23389
21636	4868	-2788	8165	-5225	21712
20832	2148	-4628	8067	-4029	22048
19752	432	-3228	7547	-4411	22528
20172	-144	-4976	8196	-5174	21796
21948	960	-4452	6323	-4186	21154
19672	-964	-4032	4782	-3809	20737
18680	-3060	-3788	3580	-4410	19838
19108	-2984	-4920	2832	-4695	18511
18432	-4448	-3332	1787	-3362	17386
16524	-7520	-4584	3028	-2780	15667
15404	-7460	-4216	3390	-1786	15083
16716	-8596	-2820	3497	-2516	15658
15340	-8048	-3212	3283	-2859	14286
13496	-8388	-4568	-515	-3630	14478
14912	-8264	-3160	-4504	-3107	15243
12176	-12204	-2324	-3814	-2734	15093
9720	-14092	-3788	-1527	-3647	15700
12876	-14080	-3744	234	-3224	16916
11376	-15332	-4344	3029	-2124	15020
9708	-12304	-4968	1129	-3519	14444
10204	-14832	-6468	-150	-2027	14990
6680	-12132	-5724	-4619	-2322	14797
5508	-13644	-8440	-10026	-3820	13170
4224	-15976	-11268	-8543	-3934	10680
5964	-14044	-5920	-2598	-5218	9325
6992	-10264	-4260	-787	-5807	7806
5232	-11060	-4464	-2540	-2556	5148
3056	-11100	1156	-2523	-1769	6741
5184	-9232	176	-3106	-2804	5328
6372	-13204	-7176	-462	427	1357
3868	-8416	212	-4264	981	693
3472	-12352	-64	193	2808	-2189
4812	-9336	-4456	3246	3027	-4631
6712	-8152	-3000	1729	5193	-8323
4808	-7576	-1668	1017	7316	-10986
6460	-9000	-3372	-651	7102	-12677
7580	-11456	-5176	362	6233	-13681
8804	-13360	-7056	2130	7399	-14906
6688	-12416	-5308	2039	7453	-14744
10848	-14084	-5984	1833	4429	-16062
13360	-12876	-8224	2251	5886	-18015
11836	-11520	-7020	-173	7543	-18131
12424	-10804	-4028	-1805	5636	-18901
15544	-13464	-5004	-1936	5974	-17933
16108	-9552	-3252	-1434	6783	-17933
17800	-10736	-4316	-4681	6098	-18146
17348	-9012	-5240	-5022	7158	-17888
18936	-7144	-3572	-5451	7458	-18268
16356	-9784	-3064	-4861	7588	-17330
16328	-7320	-4168	-1606	5584	-16729
19268	-4432	-5308	-1937	5598	-16841
18408	-5324	-3484	-2127	6315	-15677
17908	-3980	-3832	-2863	5351	-15591
19016	-2032	-3648	-3951	5470	-15586
17824	-1368	-2604	-5109	4827	-14221
18000	-1144	-2576	-5038	4025	-13759
18604	-64	-2424	-4891	3883	-13997
19196	1592	-1340	-3895	3595	-14407
19584	2528	-1576	-2297	3927	-15512
18960	5644	-1000	-2626	4396	-15835
18620	4700	408	-3681	4679	-15979
18888	5528	584	-2577	4666	-16782
18360	6448	-116	-3619	5336	-16638
17472	7460	1668	-5156	5677	-16298
16788	6776	1940	-5823	5077	-15672
15824	7244	1164	-4943	4446	-16216
15300	8392	1136	-6492	3962	-14926
14296	7612	2268	-6404	3802	-13968
13960	8352	2096	-5359	3477	-13385
14280	8940	1656	-5769	3389	-12213
13588	8884	2480	-5629	3700	-10839
11656	9172	3668	-4573	3379	-9616
11076	9680	2844	-3412	2407	-8757
11376	11600	3120	-3710	1964	-8255
11908	12440	5392	-3404	2087	-7634
10576	13420	3744	-3041	1811	-7907
10420	13416	4272	-4033	2765	-8092
9912	10596	6864	-2390	2998	-7831
7612	11844	2216	137	2954	-7674
8328	9604	6580	-2529	2673	-5321
7856	9224	5824	-1635	1797	-3970
6796	9824	5720	-1291	930	-1776
6732	9812	5012	-1356	436	524
6760	8792	3420	-1354	35	2788
8164	10848	4768	-1805	-436	4422
8392	11060	4996	-1785	-1232	6175
8288	9880	3280	-1449	-2179	7737
9704	9792	4508	-1009	-3381	9383
10640	9180	5128	1397	-3690	10025
9616	5984	4212	4193	-4430	12849
12552	4252	1812	8229	-5896	14942
14884	6564	3296	7771	-6193	17729
15668	9088	3568	6300	-7645	19430
15328	7568	2128	3482	-7948	21663
17144	9100	1732	2416	-8738	22036
18084	7540	1220	4086	-8117	21342
18756	7252	-840	6720	-8083	19745
21216	7228	-812	7290	-7525	19079
20488	8528	312	7403	-6229	17897
17896	2376	-2748	7232	-7449	18234
19840	3836	-3532	5674	-7828	17138
19800	676	-828	4335	-7421	18201
18596	-1176	-1408	4984	-7812	19243
17828	-4380	-2696	5072	-8429	20348
21852	-3476	-2400	5151	-8438	21067
23320	-2396	-3708	5930	-7512	20430
21028	-3904	-4428	5693	-6580	19452
20044	-5056	-4176	5242	-6787	18287
19768	-5052	-3552	5055	-5546	17420
17668	-5920	-5100	4262	-4627	16822
14764	-8344	-4556	3641	-4942	16932
15652	-8432	-2960	4147	-5655	16832
13944	-8604	-4288	3628	-5231	17127
12568	-9848	-5052	825	-5633	17534
14140	-13376	-3312	977	-5196	19134
12516	-14844	-4508	3418	-4289	20128
11408	-13832	-6420	2902	-5679	19909
13224	-12540	-6308	570	-6101	18998
10452	-15168	-4948	-1582	-3221	17087
4980	-15036	-6276	766	-3175	16495
6404	-12312	-4600	593	-4972	14870
9384	-10612	-3636	1116	-3379	12550
4400	-13144	-6056	1918	-2502	8351
3932	-10288	-360	3190	-1903	7447
5704	-7548	-1624	1187	-1366	5789
5452	-11000	-4232	524	-621	2007
2236	-8304	-724	3965	1461	-1328
2256	-6524	1568	-526	310	-2314
6556	-8280	-276	989	2924	-4960
3960	-7352	-2720	977	4424	-9448
5960	-11732	-936	-2795	3242	-9588
6756	-12140	-2308	3377	5496	-11662
7068	-11316	-2700	116	5708	-13169
7844	-14104	-1640	-222	3984	-13875
9100	-12384	-6068	568	5055	-14719
10576	-9492	-2688	-6630	5492	-14284
11716	-15508	-5396	-7485	5683	-16392
12400	-11888	-5500	-3650	6371	-17629
13636	-12576	-5228	-2934	6005	-18372
14344	-12812	-5152	-1586	6359	-20385
14832	-11376	-6020	422	6489	-20170
16536	-8884	-2964	3363	6017	-22226
17296	-4744	-2680	-3208	4807	-21124
18120	-8752	-3408	-4874	5098	-21551
16896	-6576	-3292	-5035	5559	-20072
19912	-4188	-1148	-5888	4140	-19770
21188	-5184	-3604	-6320	4562	-20224
19964	-5276	-3896	-4107	6273	-20788
18836	-1680	-2460	-4635	5437	-19733
20080	-2920	-1768	-6187	4635	-18696
19212	-880	-2400	-4387	4084	-18875
19792	252	-2284	-5022	3885	-18189
20236	2720	-452	-6281	3576	-17528
21224	2360	-352	-7404	3658	-16991
20272	4160	-1056	-5788	3928	-17866
19008	5444	12	-7205	4466	-16583
18392	4048	2380	-6351	4594	-15771
18576	6644	700	-4843	4339	-16482
18116	7244	1312	-4790	5037	-16600
16920	8888	1832	-5479	5120	-15789
16208	9220	2152	-5651	5673	-15165
14764	8688	2268	-4457	5367	-15409
13820	9068	1944	-4181	5397	-14732
11996	10524	636	-3713	5409	-14909
12808	12176	2724	-7396	4865	-13258
12632	8848	5204	-6156	4713	-12899
10228	10956	3176	-3103	3609	-13871
10372	12240	4348	-5968	3347	-11317
9480	8844	5896	-4177	2659	-10014
8592	10244	4044	-1339	1668	-10127
6864	9704	5380	-3512	1513	-7329
6348	7148	5572	-1592	211	-4672
7348	8244	4676	-1196	-400	-2160
6424	7944	3876	-1842	-1088	1210
7216	6988	3664	-1727	-1690	4758
9004	7496	3328	-864	-1951	8273
9584	7524	5408	2499	-2157	11066
10040	5524	2068	4989	-3802	13464
12044	8128	4248	7289	-4551	15309
12632	5540	2128	9692	-6216	17957
13576	8236	1052	10418	-7022	19761
15124	6196	836	9527	-8546	22284
18820	9712	684	8372	-8583	22923
18208	7980	-56	7075	-8597	24421
20432	8076	-608	6764	-8986	24864
21172	8064	-312	7654	-8751	24787
20728	3352	-3616	8560	-9453	23817
21188	4256	-3000	8044	-8518	24013
22296	2332	-1560	8499	-9119	24103
23160	412	-5412	8679	-9494	23974
23704	2544	-3580	6578	-8250	23349
22044	-588	-2488	5126	-8218	23588
20736	-2836	-5900	4606	-8309	22499
20840	-1848	-4264	3627	-7250	20762
18240	-4520	-3448	4475	-6921	20378
17680	-7512	-5232	5581	-6566	20366
17284	-5480	-5672	5355	-6063	19317
15580	-8812	-5824	2760	-6130	20265
12880	-10036	-4416	3911	-7042	20558
14200	-9400	-7016	2211	-8670	21875
14808	-11140	-5352	-797	-7219	21805
11972	-12872	-4996	-1141	-7008	22382
10656	-11240	-5896	-579	-7718	20788
11024	-14804	-5840	-1258	-6271	20246
8480	-12200	-5656	1043	-5123	16526
6636	-13388	-7304	2792	-4112	14485
5768	-8560	-5020	2703	-2684	10178
4244	-11064	-5320	60	-1398	7183
2884	-8176	-5524	1684	-1783	3524
4312	-6956	-7064	-763	-1655	1709
4684	-9144	-536	2332	-1025	-1635
3632	-6184	-724	3573	330	-3800
6720	-7748	-3064	-1180	1979	-5502
4484	-10704	164	-3626	3075	-6758
7468	-12332	504	2863	4960	-10942
8620	-7248	-728	1720	6761	-12248
8768	-13432	-1972	2069	8295	-14935
7476	-10728	-4000	1011	7873	-16584
12036	-11300	-3580	-961	6312	-17723
13452	-12520	-9144	1263	8674	-19764
12332	-9720	-4768	-2679	9153	-20515
12568	-14464	-6696	-3559	7102	-18421
15832	-9228	-5256	-548	4941	-21368
18920	-12120	-8432	-5030	7444	-20610
15100	-11288	-5384	-2312	7835	-20785
18180	-9296	-5972	-886	4336	-21763
19548	-6340	-5496	-1835	5451	-22591
19420	-7612	-4760	-2383	5681	-21676
22172	-3680	-4804	-2958	5313	-22727
20896	-3300	-4500	-4335	5820	-23099
18612	-4412	-2748	-2934	5971	-23355
19560	-1072	-1480	-2109	5085	-22512
19448	-1212	-1256	-1650	4741	-21674
18184	108	-1020	-1841	4024	-21043
19844	1816	-1128	-2268	3115	-20443
20908	3832	-672	-4516	4335	-19294
18276	3104	-224	-4946	4620	-17582
18288	3400	-88	-5334	4696	-15795
17124	3172	1000	-3232	5147	-15249
16128	3524	1716	-2364	4482	-13579
16196	5552	1236	-1327	4589	-11793
14464	4068	1212	-319	4577	-10110
12828	4840	1292	267	4216	-8531
11620	5036	1948	554	3326	-6374
12484	4240	1280	3379	3949	-8961
12084	13380	544	9331	4795	-6659
9912	12672	888	2088	2553	-5367
10672	12824	1284	836	1980	-5813
9616	10188	2696	-1951	73	-4426
10160	12176	3000	-71	-421	-4915
12324	12976	2688	-1824	-580	-4342
13164	12176	2868	-2635	427	-4083
12788	14176	1180	-9919	699	-6469
10772	8384	5268	-5264	2122	-2873
12764	8496	2116	-123	2386	-5056
6128	10444	4200	1682	-1265	-4612
11688	13776	264	-923	-3005	-3123
13104	11848	1056	-2361	328	-1332
9032	11264	2244	470	1555	-2192
9176	11264	2328	3455	-649	-1742
11512	13980	3160	2517	-656	-2093
11976	16296	4136	19	-1128	-2061
13192	15736	2608	-5071	4378	-2712
9304	13448	3740	-4583	2416	-1116
12020	14160	4100	-6374	3200	-74
6296	7256	5048	4092	2874	-1319
12672	17712	692	1602	1487	-819
8104	13624	72	-4752	1444	-819
