0	0	0	0	0	0
18268	2320	-2988	-1635	1548	-375
16168	2004	-3972	-1429	780	-229
16344	2168	-3800	-974	322	61
15916	1992	-3040	-450	-556	296
16188	1680	-2728	-139	-736	72
16364	1932	-3024	417	-1162	-176
17240	2356	-3320	-568	-331	79
15776	2544	-3016	-1131	678	408
17316	780	-4812	-106	-2163	-802
17692	2852	-4276	414	1124	-215
16060	2480	-3712	-770	524	540
16624	1872	-4348	-443	764	613
16176	2232	-3996	-197	634	721
16472	2216	-3760	-268	756	745
16440	1616	-4164	540	660	629
16496	2600	-3640	451	684	536
16580	2012	-3856	635	527	595
16384	2316	-4008	710	578	649
16188	2556	-4020	245	357	809
16684	2420	-4096	-678	323	1261
16292	2384	-3292	-1084	385	1408
16532	2020	-4344	-1064	220	1394
15920	2240	-3640	-1477	136	1560
16328	2780	-3088	-3141	-224	1739
16212	2452	-3280	-3611	54	1908
15484	2220	-3908	-4092	-197	2051
16184	2172	-3788	-4399	8	2029
15840	2092	-3404	-4296	51	1977
15924	2976	-3436	-5237	-336	2199
15840	2036	-4112	-6601	-527	2589
15584	1720	-3728	-5968	-587	2288
15752	2696	-3660	-6455	-721	2422
15816	2604	-3684	-7682	-1036	2783
15308	1788	-4152	-8027	-1237	2729
15452	1792	-3952	-7397	-1286	2440
15592	2064	-3624	-8131	-1160	2378
15152	1836	-3592	-7991	-1201	2176
15548	1844	-4288	-8055	-1256	2069
15356	1552	-4208	-8521	-1100	1774
15248	1680	-3656	-8351	-1193	1439
15732	1608	-3920	-8225	-1145	1112
14620	988	-3932	-8423	-1384	549
15352	1652	-3976	-8428	-1465	219
15016	1884	-3356	-8995	-1327	552
14796	1708	-4368	-9456	-1389	881
14896	1492	-4648	-9078	-1276	864
15088	2556	-4072	-8757	-1172	1207
15540	2200	-3976	-10522	-1495	1945
15056	1768	-4680	-10686	-1535	2074
15020	1708	-4248	-10718	-1369	2102
15016	1444	-5016	-10672	-1109	2121
15252	1436	-3316	-10357	-762	2055
15336	1876	-3220	-10100	-1073	1853
15196	1452	-4396	-10144	-714	2007
14080	1912	-4556	-10742	-828	2013
15296	1604	-3764	-12696	-964	2499
15084	116	-4152	-11036	-837	2338
16068	2504	-4584	-10605	-490	2805
16236	3156	-3928	-12110	-49	3161
16472	1884	-3560	-14549	-249	3419
16408	-136	-4804	-11482	-43	2842
16908	2304	-3900	-9765	326	2463
16664	2096	-3680	-11283	59	2617
17024	1524	-4536	-10524	235	2311
16672	2580	-3972	-10115	581	1738
17392	2432	-4004	-10559	80	2014
16436	1016	-3936	-8892	432	1812
18140	1864	-4348	-8287	62	228
17716	2488	-3312	-8456	275	1238
18272	104	-3932	-7086	490	467
17504	2408	-4492	-5903	355	367
17756	1656	-4032	-5263	387	1044
18444	1284	-3084	-2788	418	343
17960	2200	-3908	-2506	33	-221
17096	2504	-4944	-2797	-189	435
18444	1416	-3944	-2427	-54	111
18020	1800	-3532	1240	36	-611
18388	2492	-3660	1285	-396	-535
17744	2732	-4356	81	-556	108
18012	2244	-2780	1382	-498	68
18216	2004	-3044	2261	-847	-269
17832	3244	-3604	1803	-859	105
18000	1512	-2924	1452	-1053	18
18860	1908	-3104	3265	-815	-494
18696	4056	-3728	2271	-550	95
18180	544	-3752	2106	-619	-282
19564	1732	-3344	4595	-236	-1091
19304	3412	-3360	4248	-30	-933
19200	2540	-4028	3039	-78	-392
19136	1860	-4068	3081	73	-325
19828	2684	-3448	4778	219	-651
20448	3636	-3048	4092	112	-215
20160	1644	-5680	3254	302	517
19976	2348	-4372	3618	281	-81
20356	2172	-5576	3907	660	-434
20216	1556	-3936	4877	1159	-1024
20600	1932	-5140	5454	957	-1423
19140	1356	-5640	6296	1698	-1495
18716	2932	-4712	7571	1909	-1100
17788	396	-3432	6217	1570	-1573
18828	864	-5244	9436	2484	-1979
16808	2852	-4452	9928	2366	-1372
17564	2064	-4880	6960	2174	-1083
17028	920	-4976	7252	2250	-1450
16284	1968	-3260	7892	2252	-1553
16628	1140	-3692	7027	2179	-1540
15384	528	-4356	7634	1755	-2096
14636	1568	-3628	8610	2348	-2072
14908	1544	-3132	9834	2621	-2517
14556	940	-3612	10555	2814	-3011
13920	1368	-4260	10959	2874	-3118
13876	1712	-3324	11073	3225	-2813
14760	1628	-2340	11713	3177	-3169
13680	1588	-2192	12325	3280	-3243
13072	1384	-3540	11466	2817	-3109
13524	2048	-2548	11982	2470	-3525
13988	2248	-1440	11603	2436	-3453
13360	1272	-2880	11051	2371	-3537
13160	1264	-3416	12732	2214	-4335
13628	2256	-1796	12457	1865	-4508
13804	2964	-1220	12201	1574	-4350
13696	1996	-3448	11518	1483	-3859
13268	3148	-3648	12063	1483	-3830
14856	2856	-2164	11866	1765	-3480
14308	3472	-2720	11803	1408	-3141
14380	2916	-2496	11119	1211	-2793
14500	2736	-2768	11143	818	-2668
15108	3980	-2852	11818	672	-2255
14784	4512	-2984	11019	519	-1265
15656	3740	-3240	9936	-8	-961
16868	3420	-3884	10528	764	-423
16856	5880	-3768	9754	474	757
17124	3724	-3344	7195	666	1008
16832	2460	-3572	8240	474	-251
16580	3292	-2920	8430	112	-957
16744	4280	-2960	6896	-151	-363
16844	4476	-3440	4999	-11	447
16408	3232	-3964	4959	293	762
17280	3708	-3668	3971	152	496
16788	3216	-3088	2692	480	772
16348	3076	-3056	2162	-93	391
16896	2876	-3596	1011	-113	282
15940	3296	-2292	1137	-219	-72
16804	4452	-3368	-741	-288	873
16384	2188	-3588	-1204	396	597
16080	2760	-2960	-252	264	-39
16676	3212	-3412	-2252	191	13
15976	2932	-3136	-2414	85	-76
16340	3356	-3372	-3070	43	57
16360	3012	-3264	-3522	154	82
15708	2684	-3800	-3587	66	320
16212	3564	-3428	-4558	56	755
16244	3112	-3220	-5307	146	1021
16040	2968	-3964	-5063	-52	1022
16000	3048	-3540	-5568	-92	1176
16052	3132	-3616	-6700	-290	1358
15692	3292	-3748	-7586	-590	1554
15268	2796	-3636	-8178	-734	1762
15340	2984	-3936	-8199	-961	1874
15548	2984	-3280	-9256	-807	2113
14408	2284	-4096	-9423	-1169	2204
14360	2464	-4112	-9659	-1034	2102
15356	3308	-2364	-11034	-1155	2057
15028	1884	-3992	-11335	-1553	2040
15836	2084	-4648	-10427	-1399	1656
14912	3276	-3196	-11301	-1564	1802
15972	2788	-3020	-13240	-2366	2046
14820	1172	-4700	-12124	-1883	1904
15164	2680	-3932	-11561	-1822	1939
15252	3396	-3436	-13146	-1975	2609
15264	2116	-3812	-14518	-2099	3124
15008	2220	-4648	-13218	-2163	2899
14764	2412	-3692	-13914	-1805	2580
14872	1784	-3012	-13741	-1608	2661
14644	1924	-3108	-12992	-1649	2280
14840	2732	-3484	-13678	-2009	2340
15104	2088	-3900	-13843	-1592	2394
14872	1444	-3128	-13392	-1253	2046
15544	2112	-3596	-13277	-1211	1970
15804	2916	-3320	-13383	-1004	2300
15160	1644	-3952	-12737	-1097	2112
16240	2040	-3760	-12790	-452	1915
15812	1028	-3448	-11740	-308	1489
15936	1804	-3528	-10551	-239	956
15924	2544	-3704	-11091	-167	947
16336	1412	-3172	-11060	-197	755
16224	1788	-3888	-9688	-192	535
17284	2404	-3496	-8851	-117	789
17528	3296	-2888	-8370	-46	1457
17516	2172	-3752	-8826	-507	1816
17632	884	-4616	-6856	38	1339
17556	2244	-2796	-4746	48	1082
17684	1924	-2960	-5003	-423	781
16908	2096	-3816	-3963	-222	954
17248	2912	-3148	-3547	-243	778
17276	2136	-3692	-4052	-282	1051
17292	1828	-3220	-3130	-406	1238
17612	1788	-3508	-2395	-706	882
18088	2576	-3780	-1162	-640	1030
18676	2896	-2944	-1215	-1039	1324
17696	1712	-2556	-897	-1085	1006
18500	1648	-3996	20	-1006	350
18120	3480	-2816	184	-737	433
18028	2344	-2764	-568	-1122	652
18984	2236	-3028	323	-1068	483
18284	3408	-3132	910	-1052	417
18904	2012	-2984	-388	-1096	381
18556	2384	-3580	1157	-980	-192
18380	3076	-2632	129	-1051	-315
18744	2544	-2884	-530	-1082	-23
18080	2792	-3440	139	-580	-17
18180	2420	-2256	-251	-710	-479
18620	2960	-3000	-742	-968	-376
18452	2356	-2872	-822	-581	-508
18080	3632	-3480	-442	-474	-370
18968	2568	-3472	-1711	-58	-30
19144	2252	-2332	-524	134	-180
19136	2852	-3816	-348	39	-156
18832	2396	-3380	-190	146	-239
19400	1676	-3248	1069	607	-453
19648	1436	-3352	4253	1148	-1056
19636	5104	-3552	1772	864	-652
19804	1592	-4300	-562	787	-14
19008	1972	-4592	2050	1132	-782
19644	1828	-4000	1750	1020	-858
19636	2236	-3296	4179	1704	-969
19068	2212	-4996	4696	1566	-1268
18088	1152	-3780	5059	1376	-1460
19088	3356	-2912	5696	2446	-1466
18260	1376	-4912	5495	1433	-1654
17116	2196	-5596	6909	2289	-1842
17748	2924	-2588	5833	2579	-1338
16688	1100	-3476	7030	1279	-1693
15836	1236	-5180	8804	2366	-1982
15488	3000	-3860	7835	2216	-1727
15124	1160	-3084	7591	2085	-1308
15004	1380	-3592	10409	1697	-1724
14456	2428	-3484	10098	1689	-1481
14568	1864	-3156	9661	1823	-1237
14336	1248	-3680	10504	1705	-1293
14008	1360	-3556	11159	2044	-1918
13596	1448	-2508	12000	1698	-2414
14124	2212	-2620	12628	1678	-2311
13352	2348	-3224	11240	1501	-1774
13884	2512	-2816	11122	1452	-1509
13604	1540	-3268	11932	1751	-1667
14272	2144	-2948	13440	2152	-2121
14584	2932	-1908	12871	1915	-2448
13984	2236	-3068	11523	1516	-2112
14216	2224	-2516	12155	1487	-2539
13712	3440	-1876	12507	1651	-2708
14136	2972	-2884	10132	1143	-2573
14208	1868	-3812	10723	1613	-2314
14496	3284	-3064	12650	2052	-2425
14508	3276	-3040	11647	1414	-2050
14768	4176	-2528	11035	991	-1346
15984	3516	-2108	9516	1017	-601
14432	2724	-4800	12147	758	-748
15964	4176	-3964	10421	893	-889
16516	2876	-2024	9915	789	-1205
17132	3232	-3328	11504	642	-1491
16564	4476	-4936	10607	358	-1155
16584	4692	-3332	6240	296	7
16500	2048	-2532	5385	-203	-97
16424	3524	-2744	7433	-535	-433
16996	4460	-3500	5332	-528	136
16484	3528	-3756	2616	-405	711
16548	2512	-3236	2900	-218	215
17216	2740	-3352	3027	-413	-136
16316	3248	-2540	2256	-171	-424
16756	3404	-3144	591	-731	-403
16344	2596	-3596	-458	-394	-637
16448	2372	-2828	-364	-490	-1240
16452	3476	-3152	-791	-397	-1308
16504	2548	-3472	-3625	-241	-494
16232	2076	-3056	-2161	-264	-577
16696	4232	-3296	-4112	-293	502
16832	2228	-3648	-6042	56	1256
16076	2448	-3172	-6071	-58	1515
15968	2644	-3316	-7956	-287	2059
15352	3448	-2788	-9962	-661	2905
15280	4112	-3804	-12933	-840	4040
14968	1776	-4336	-13154	-701	4498
15092	3424	-3720	-11523	-740	4383
15188	2612	-4444	-13225	-586	4265
14964	2276	-3992	-12447	-766	3430
14896	2588	-3568	-11979	-1058	2835
14860	2732	-3480	-12439	-1545	2553
15324	3720	-2972	-12770	-1630	2211
14692	1576	-3924	-12500	-1750	1758
15064	3292	-3464	-13366	-1562	1673
14804	3076	-3140	-14653	-1762	1753
15724	2600	-3540	-14075	-1487	1549
15420	2600	-4020	-13491	-1136	1556
14936	2684	-4452	-13492	-908	1609
15416	1560	-3604	-13940	-770	1476
15384	2344	-3036	-13243	-562	1326
15136	3012	-3884	-13449	-875	1216
15556	1376	-3696	-14120	-566	1432
15176	1316	-3308	-12135	-503	1007
15772	3144	-3204	-11872	-310	1241
15392	2920	-3524	-12890	-321	1704
15948	980	-3440	-12603	-20	1689
15456	1972	-3240	-10591	86	1138
15608	1976	-3360	-11726	42	1151
16504	2160	-2348	-11422	269	1032
15680	1216	-3376	-11379	470	825
15876	1248	-3684	-9988	321	219
16440	3152	-2884	-9939	491	559
16196	2292	-2736	-10566	296	1177
16852	668	-3772	-8525	148	1220
16832	3088	-2784	-7642	273	1208
16944	2076	-2668	-8550	-52	1611
17180	900	-3308	-6417	11	1194
17420	2664	-3040	-5648	352	879
17020	1232	-3564	-5100	208	635
17960	2408	-2308	-3930	-103	1292
17084	2372	-2036	-4252	-237	924
16688	1756	-3416	-2958	-489	1247
17016	2396	-1904	-1781	-18	1521
16624	2400	-1316	-2108	-577	1445
16868	1240	-3532	-1547	-563	1155
16952	2740	-2028	910	-119	1032
17412	2572	-1572	-144	-882	1372
17992	1812	-2584	384	-857	920
18080	2684	-2424	673	-968	818
18136	2792	-2556	309	-1064	1043
18820	1840	-1908	5	-1267	1011
18924	2300	-2284	1009	-1507	470
18764	2260	-2584	1197	-1152	98
18732	1932	-2976	1277	-918	-153
18716	2036	-2408	1836	-1006	-755
19248	3728	-2184	1481	-700	-571
18904	2564	-1944	-37	-1098	-80
18052	1952	-2756	1010	-1098	-339
18924	2940	-2100	467	-957	-268
17836	2656	-1988	-258	-737	-174
18860	2048	-1624	-131	-913	-183
18060	2472	-2756	490	-547	-324
18568	2352	-2204	789	-260	-376
18636	3420	-2408	-321	-297	198
18736	1584	-2448	-196	-255	101
19392	1840	-2824	1000	188	-206
19356	2208	-2392	2673	602	-702
19152	3332	-2996	657	344	-94
19396	1360	-3452	-218	386	-3
19964	2776	-3096	1327	838	-248
20036	2900	-3008	466	565	91
19836	1856	-3432	1548	562	192
19392	1348	-3824	2309	720	-445
19092	1660	-3548	3030	1010	-1276
18672	2068	-2484	2754	986	-1516
18868	2672	-3212	2600	770	-1103
17840	1160	-4968	3337	964	-1152
18208	1460	-3308	4377	1272	-1554
17476	2988	-2604	3905	1053	-1199
16980	440	-5356	4537	1560	-1420
17476	1452	-2076	6384	1082	-1875
17736	2604	-4576	5940	2172	-1544
15248	756	-4032	5863	1890	-1705
18236	2540	-2716	6368	2115	-1498
15784	2400	-2328	5905	1400	-1394
15876	-312	-6020	8305	2387	-1945
16664	3716	-1936	8030	2477	-1917
15892	2356	-2236	6118	1389	-1266
14880	-260	-4616	8933	1956	-1969
14800	3336	-2624	9926	2729	-2098
14568	2308	-1852	7824	1800	-1795
14672	344	-3080	10431	2025	-2580
13968	1784	-3336	11517	2234	-2779
13972	4340	-1224	9594	1767	-1786
13968	2048	-3672	8094	1680	-1326
13716	112	-3284	10862	2079	-2710
14120	2576	-52	13272	1864	-3267
13876	3528	-2400	10863	1047	-2743
13328	2208	-2392	9501	1172	-1995
13576	2940	-1108	9948	751	-2265
13524	2280	-2524	10606	863	-2092
14544	3376	-1228	11120	327	-1969
14692	4688	-1440	9623	755	-759
14288	3528	-3092	8487	233	-386
15164	2156	-2904	9747	1088	-911
14840	2520	-3000	13579	1605	-1882
14756	5204	-1884	13426	1020	-1421
15692	6100	-1872	8944	343	440
15068	1480	-3584	8715	323	591
16152	3528	-3612	11120	195	124
16616	4776	-2936	9425	575	746
17120	3072	-2900	8966	302	595
18044	2636	-4452	9600	716	429
16500	3232	-3708	9322	591	94
17024	2436	-3020	8228	180	-336
16912	2948	-2624	8084	-100	-844
16144	3332	-3004	7662	-412	-735
16764	3112	-3784	5932	-712	-433
17184	2824	-3276	4307	-319	-650
16476	2688	-3148	3907	-240	-615
16536	2796	-3892	4126	-151	-1158
16696	2956	-3236	3168	-25	-1199
16344	3260	-2716	2464	27	-1193
16628	3356	-3512	1218	-130	-792
16628	2352	-3280	541	-69	-885
16756	3232	-3084	-73	-70	-782
16676	2196	-3024	-462	-104	-915
16492	3288	-3480	-873	-207	-733
16184	3148	-2832	-2467	47	-312
15904	3124	-3144	-3204	-192	90
16204	2892	-3164	-4228	-170	621
16208	2676	-3900	-4191	-111	593
16076	3288	-3884	-5647	-323	1113
16236	3308	-3448	-5985	-294	1714
15996	3820	-3052	-7341	-357	2204
16120	2732	-4172	-7926	-206	2548
15752	3224	-3784	-9425	-149	2906
15744	3036	-3892	-10969	-353	3059
15792	2872	-3288	-10888	-723	2572
15696	3524	-3940	-11330	-907	1973
15680	3512	-2988	-13266	-964	2179
15436	3000	-3952	-14823	-982	2413
15204	2544	-4420	-14070	-638	1805
15580	2660	-3464	-14133	-481	1422
15388	3288	-3184	-14401	-529	1252
15100	3232	-4104	-15285	-589	1456
15112	2584	-4408	-16163	-383	1610
14864	2508	-3788	-15758	-329	1665
15096	2296	-3200	-15837	-575	1664
14596	2612	-2984	-16172	-863	1833
15048	2604	-3896	-16111	-1149	1889
15468	1988	-3364	-15519	-926	1969
14760	1976	-3368	-15176	-953	1939
15292	1660	-3500	-14405	-1144	1948
15128	2164	-2712	-13189	-1042	1432
14880	1632	-3588	-13459	-1186	1249
15564	2196	-2844	-11642	-1181	1244
15052	2692	-3132	-11900	-1146	1433
15708	1604	-3348	-11832	-983	1530
15176	504	-3284	-9210	-847	630
15544	2828	-2844	-8448	-763	648
15248	2016	-2696	-9103	-960	731
15956	1044	-3108	-8391	-965	746
15444	2856	-3076	-7497	-298	450
16052	1704	-2640	-7800	-309	505
16340	976	-3568	-5862	-222	-104
16696	2372	-2624	-4312	12	-260
16844	2188	-3216	-3924	-250	-155
17120	2192	-2576	-3605	-279	19
16932	1976	-3040	-2478	-217	-354
16656	1752	-2496	-1012	-251	-483
16944	2772	-2544	-893	-223	-399
16112	2224	-2192	-1049	-765	-480
16872	2704	-2504	-861	-973	-89
16924	4284	-1632	-1849	-1187	897
17088	2352	-2712	-2152	-1150	1872
16860	2572	-3772	-1048	-730	1833
17748	2008	-2516	-908	-443	1316
17788	2268	-1904	150	-876	690
18028	2408	-2968	-415	-991	676
18208	3400	-2968	8	-652	1027
17288	2740	-2984	-441	-741	1321
18512	2208	-1768	-698	-916	1149
18136	3520	-1184	-1367	-1266	1085
18284	2308	-3976	-1644	-793	1263
17988	1644	-4076	-163	38	1085
18448	4256	-1124	-327	-332	1105
19312	2376	-2408	-3221	-1153	1423
18636	1444	-3524	-793	-460	1068
18556	2284	-2172	1645	-587	513
19836	4920	-1924	-1489	-827	1142
18628	1536	-3584	-2877	-1082	1118
19824	1892	-2628	119	-817	490
19520	3772	-2764	-1295	-722	261
19876	1072	-3424	-844	-757	295
18852	3404	-3064	198	-145	86
19596	2556	-2268	-1244	-667	431
19368	2532	-2680	-831	-541	257
19852	2368	-3076	-161	-323	359
19120	2568	-4200	782	403	106
20068	2112	-2752	128	217	-86
20440	3528	-2268	-918	337	-1
19688	1300	-4948	-345	552	-401
19976	1808	-3432	1763	1094	-999
19780	3716	-2564	442	642	-725
18984	984	-3916	-596	504	-847
18856	76	-3356	1858	1045	-1774
18804	3832	-2548	3041	1098	-1592
18480	2276	-3496	1193	993	-477
17848	672	-4656	3431	1632	-780
17736	2992	-2324	4473	1770	-815
17900	2600	-3448	2700	1975	-402
16416	376	-5488	4080	2251	-1100
18420	2536	-1480	6119	1948	-1852
16808	2376	-3508	4555	1363	-1158
15164	396	-5072	5750	2046	-1588
17260	1824	-2120	5933	2605	-1908
15628	1812	-2224	7843	1967	-2085
15364	1576	-5040	8244	1893	-1881
15100	1208	-2888	7660	2196	-1766
14692	1364	-2132	10197	2371	-2612
14132	1832	-3676	10165	2255	-2530
13940	2772	-1292	8769	1874	-2046
13420	2216	-1440	6622	1035	-1805
14112	-544	-3296	9617	1695	-2521
12416	1472	-2640	12952	2071	-3500
13020	3716	-228	11295	1683	-3019
15592	1768	-1496	8608	1433	-2201
12744	796	-3920	12621	1978	-3323
13352	3272	-1508	14480	2046	-3487
14480	3772	-1092	10311	893	-1882
14016	416	-2456	12795	2038	-2179
12980	3900	-2104	16013	2362	-2482
13800	5936	-728	10910	1393	-805
14548	2728	-2452	9881	1549	152
14312	2484	-2472	13538	1977	-553
14808	3736	-2764	14159	1403	-882
16540	3104	-3744	14852	955	-1254
16656	4928	-2892	12623	1549	-244
16500	4020	-2288	12401	804	522
17004	2196	-4184	11997	794	706
15964	3768	-3468	12529	566	264
17140	2924	-2724	9901	572	186
16472	2280	-2616	10065	17	-324
16112	2872	-3384	10089	-291	-453
16972	2956	-3892	8522	-660	-432
16916	2300	-3620	8608	-75	-1128
16316	2944	-2740	7015	-665	-1291
17064	4364	-4092	4191	-1304	-1359
16904	2172	-2688	1648	-1178	-1332
18344	820	-3008	2536	-530	-2661
16264	2464	-3464	1726	-864	-2356
16188	3276	-3396	1058	-439	-1269
16020	2984	-3172	73	-69	-426
16204	2788	-3208	-854	357	165
16044	2364	-3800	-2358	-11	893
16480	2468	-3324	-2286	4	709
16100	2212	-3580	-2867	154	658
17692	1836	-3756	-2247	-151	486
15868	2320	-3084	-2098	235	562
17064	2052	-3488	-2899	-141	708
16660	2316	-3284	-1793	-65	748
15620	2808	-3604	-2728	53	1051
17076	1996	-3608	-4549	-217	1480
16464	1428	-3352	-4003	374	825
16016	2740	-3168	-3050	-730	266
17096	4652	-3124	-5001	-395	1054
15860	1184	-3788	-5451	163	567
16088	2580	-3240	-3251	-460	-178
15760	4840	-3328	-6548	-343	831
16600	2392	-2960	-8660	-393	1295
15264	1452	-3888	-5734	-304	602
15420	3880	-3684	-6885	-161	561
16252	2888	-3208	-10251	-360	872
15116	716	-4088	-8325	-501	461
15100	3316	-3436	-7642	-474	136
14276	4536	-2716	-10810	-1158	1579
14520	2408	-3992	-12210	-1027	2584
14924	2348	-4216	-11595	-1002	2796
15200	3856	-2868	-11671	-1167	3387
15460	3076	-3472	-14104	-964	3759
15492	964	-4264	-12918	-1074	3120
16180	2208	-3324	-11597	-721	2332
15408	2172	-3424	-11865	-797	1909
15488	1796	-4368	-12589	-1144	1799
15596	2020	-3572	-12263	-968	1857
15276	3292	-3356	-12559	-1104	1938
15344	1856	-4624	-14315	-1173	2637
15316	892	-3544	-13060	-818	2353
15156	1912	-2604	-11821	-797	2021
15376	1932	-4196	-12703	-1041	2187
15344	1100	-3592	-12169	-828	1645
15340	1164	-2728	-11431	-970	1019
14968	1160	-3124	-10197	-894	445
14600	1492	-3104	-10331	-784	229
14480	1824	-3320	-9838	-868	246
14968	1828	-2972	-9270	-843	238
15284	2360	-2556	-9366	-745	507
15136	1484	-3872	-8880	-840	616
16044	1180	-3664	-7722	-577	448
16344	2172	-2468	-6374	-386	165
15892	2288	-3292	-6246	-429	678
16012	1480	-3152	-6011	-767	476
15984	1624	-3672	-5308	-345	634
15692	2200	-2944	-3977	-159	427
16384	2336	-2912	-4590	-319	734
16472	1296	-3288	-4059	-516	590
16828	2144	-3708	-3215	-585	702
17120	2920	-3268	-3303	-534	1292
17396	1984	-3008	-2949	-693	1642
18092	1992	-3176	-2460	-893	1666
18136	2396	-3984	-2865	-1195	2195
18204	2412	-3612	-2385	-1421	1853
19008	1740	-3036	-1778	-1618	1622
19140	1884	-3256	-1185	-1519	1154
19184	2144	-4088	-1166	-1415	851
18400	2436	-3844	-626	-1025	985
18504	2400	-3520	-1425	-1378	1092
18928	2004	-3212	-1244	-1096	934
18616	1968	-3748	-853	-1025	832
17952	2180	-3472	-242	-977	895
19136	2456	-3544	-1368	-1275	707
19656	2856	-3276	-1290	-548	492
19280	2444	-3592	-2317	-1213	213
20672	-196	-4232	481	-292	-1297
19192	4472	-3808	-218	-402	-1213
20424	4008	-3396	-3471	-920	313
20188	1300	-4356	-1827	-300	485
20664	2396	-3228	927	253	226
19388	3520	-3656	188	1	322
19188	1280	-3968	-1473	-260	327
19824	2516	-2576	442	242	-211
19052	2380	-3960	529	382	-341
19536	1824	-3504	1095	578	-353
19160	4160	-3032	152	841	287
18776	1008	-4348	-1289	719	318
18724	340	-3708	1978	1246	-774
18596	3164	-2816	2271	1429	-976
18436	2492	-4568	1395	1472	-856
16516	-508	-4992	4148	2170	-1328
19432	2964	-2264	4424	1553	-1652
17696	3120	-2764	3235	1855	-1192
17140	964	-5360	3060	1872	-1274
16308	1520	-2412	4281	781	-1550
17992	2804	-2660	5101	2032	-1012
17228	776	-5404	4786	1891	-1449
17608	1620	-4960	7334	1893	-1769
16092	2484	-2176	6389	1840	-1525
17548	816	-4032	6136	1377	-1290
15352	1104	-3972	8753	1779	-2090
15900	2208	-3156	8992	1729	-1928
15864	864	-2832	9648	1987	-2049
15132	716	-3520	11178	1784	-2240
14392	2748	-3868	11234	2352	-2856
14256	2404	-2532	9051	2021	-1724
14816	364	-2496	9902	2170	-1898
14204	1920	-2804	11763	2214	-2096
13576	1688	-2772	11449	1579	-2607
13988	1660	-2172	11270	2000	-2580
13852	2428	-2100	11090	1719	-2556
14156	1424	-2160	11698	1609	-2729
14524	800	-3200	14466	2447	-3490
14056	2732	-2404	16249	2976	-3423
13492	4268	-2420	13672	2629	-2196
13856	2836	-2348	11800	2561	-1502
13576	2288	-1724	12071	1848	-1465
14148	1892	-2296	12963	2339	-1764
13200	2428	-3412	14118	2286	-2019
13696	3604	-2756	12806	1565	-1283
15284	3320	-2596	11128	1368	-657
15628	2356	-2600	12671	1275	-317
16136	4040	-3276	12766	991	234
16516	3572	-4088	10274	885	1060
17000	2832	-2920	9864	927	1125
17224	1964	-3068	10664	492	316
16888	2428	-3096	10338	244	-503
16884	2188	-3244	8779	-374	-928
17228	2628	-2780	8927	-494	-1222
17056	2652	-3072	7993	-740	-1329
16816	3308	-3668	6768	-257	-1030
16444	2484	-2504	5240	-318	-1158
16544	1480	-3088	5526	-574	-2724
16584	3320	-2672	3460	-849	-2341
16500	2404	-3056	1221	-781	-1835
16588	1976	-3000	1691	-432	-1880
16108	2416	-3532	2269	-378	-1774
16280	3156	-3060	1860	-100	-1027
16652	3220	-2844	-226	168	-174
16248	2044	-2904	-768	131	255
16884	2376	-3340	-853	337	227
16536	2164	-2812	-1048	445	113
16720	2440	-3068	-1514	573	266
16536	2880	-3012	-2462	404	574
16132	2064	-3124	-2793	364	512
16040	1704	-3924	-2252	236	822
16488	4076	-2476	-3869	402	1571
16328	1296	-3196	-4096	778	1676
16272	2876	-3420	-3360	-75	1712
16068	4424	-2432	-6130	-393	2872
16220	1604	-3212	-7840	-211	2762
15488	2072	-3576	-6879	-731	2566
16576	2900	-2460	-8129	-705	2822
15504	28	-3088	-6157	-131	1896
16208	2960	-3632	-5569	-564	1594
15448	3488	-2912	-8916	-704	2269
15992	1260	-3120	-10798	-748	2045
15644	1264	-3740	-9245	-1329	1385
15356	2752	-3316	-10132	-1131	1369
15420	2504	-2596	-11863	-1417	1426
15968	1428	-3440	-11853	-1429	1496
15520	1260	-4032	-10919	-1095	1201
15504	2624	-3088	-11013	-1255	1090
15392	2220	-3096	-13265	-1285	1432
15028	1672	-3172	-13035	-1201	1645
14844	1996	-3708	-13016	-1276	1600
15024	1772	-3392	-12863	-1023	1816
14832	1728	-3616	-12711	-1033	1900
15352	1916	-3420	-12491	-838	1913
15280	1924	-4072	-13147	-624	1845
15488	660	-4532	-12851	-871	1572
15204	760	-2980	-11646	-708	561
15608	1588	-2868	-11924	-734	441
14884	1224	-3516	-11484	-1177	357
14672	1852	-3716	-11716	-1110	587
15008	1468	-3324	-12284	-1101	918
15396	2164	-3264	-11450	-1033	1190
14892	1664	-3596	-11662	-920	1391
15528	1400	-3692	-10895	-1105	1572
15532	2340	-3856	-10738	-816	1640
15916	1244	-3500	-10427	-704	1442
16016	1408	-4076	-8999	-702	1084
16620	2452	-3256	-8382	-447	1445
16204	2136	-3940	-7797	-306	1811
16932	1264	-4220	-6687	-225	1760
17252	2488	-3316	-5639	37	1587
16904	1688	-3536	-6027	-426	1591
17532	1200	-3776	-5007	-256	869
17040	2108	-3040	-4700	-83	405
17708	1804	-3488	-5114	-142	538
17200	1776	-3592	-4189	-458	362
17500	2992	-3472	-4190	-170	723
18008	2024	-3376	-3634	-264	1149
17840	2724	-2692	-2712	42	1413
17116	1832	-3052	-3324	-830	1308
17368	1192	-3664	-1910	-933	784
17192	2340	-2560	-1202	-751	345
17628	2056	-2420	-1832	-1100	178
17860	2160	-3256	-1920	-1353	181
17276	1572	-3388	-1047	-1466	261
18312	2880	-2596	-75	-1390	353
17764	3196	-3324	-1754	-1599	1058
18204	1152	-3888	-1230	-1675	1081
18432	1656	-3248	373	-1162	518
18120	2748	-3032	200	-1436	387
18476	1984	-4220	-355	-1388	569
18276	1908	-3072	105	-1214	189
19056	2812	-3732	-1048	-1626	575
19332	1504	-3848	-512	-1024	545
19584	1720	-4148	776	-964	-42
19912	3056	-3936	389	-601	38
19872	1900	-4280	-277	-790	325
20180	1572	-4088	636	-424	-108
20212	2440	-3524	807	-220	-276
19900	3172	-4336	-61	-225	62
19068	776	-4824	-116	34	-23
20684	2024	-3152	1591	400	-695
19136	2536	-3940	700	213	-793
18548	468	-5704	1577	895	-1257
18560	1948	-4548	3252	1373	-2179
18216	3092	-3424	571	588	-1054
19308	1680	-4440	1573	502	-640
17016	1380	-4692	2631	851	-966
18216	1032	-4804	2757	512	-986
17824	1964	-3888	1973	981	-1040
18880	788	-4956	4671	1254	-1737
18244	1496	-5200	5964	2310	-2155
17728	2080	-4252	6175	1621	-2129
18048	1836	-4060	5135	1316	-1422
17208	1272	-4152	6113	948	-766
17432	360	-5288	9186	2026	-1359
17700	3636	-4068	9195	1797	-1269
16740	852	-4076	6991	1261	-1210
17528	744	-4172	9017	1762	-1977
15520	1552	-3824	10507	1932	-1797
17000	1316	-4944	11118	2348	-1948
15236	1644	-3812	11769	2989	-1968
15188	1416	-4036	11881	2898	-2352
14432	1860	-2892	12292	2966	-2089
14632	772	-3024	12194	3131	-2722
13372	1468	-2964	12855	3153	-2788
12992	1216	-3112	12411	2564	-2763
14164	1272	-2388	13756	2644	-2946
12244	3160	-2588	12273	2655	-2000
12280	1536	-3292	9880	2393	-866
13228	928	-2756	11739	3178	-1470
11636	1396	-2396	12866	3245	-1881
12200	1484	-2680	12129	1873	-2565
14336	1004	-2840	11151	2096	-2272
13560	1012	-2440	13038	2537	-2491
13768	2572	-2028	14310	1279	-2196
15592	4048	-3216	13179	812	-921
15552	4256	-3852	10964	1677	617
15496	2720	-3080	9237	1517	1410
15988	2208	-2556	8780	682	1576
16400	2864	-2180	9229	-135	721
16044	2112	-2700	7494	-336	249
16492	1564	-2988	7792	-1017	-601
17316	1296	-2956	8526	-759	-1674
16552	864	-2908	10698	-389	-2996
16220	1472	-3160	12266	227	-4283
15304	3232	-3144	12685	416	-4339
16788	5332	-2428	6652	89	-2454
16388	2160	-2652	4205	-186	-1405
17092	3508	-2876	4620	-58	-975
18064	3356	-2724	1590	-82	-389
17204	1304	-1948	2726	491	-1027
16828	2396	-2760	3941	107	-1713
16976	3288	-2648	1477	-27	-1376
16748	2820	-2356	114	58	-1256
16636	3196	-1960	-272	-267	-1029
16628	2568	-3112	-1518	-25	-533
17044	2740	-2960	-1733	-56	-364
16652	2376	-3204	-2157	464	-374
16696	2112	-3232	-991	598	-559
16412	2688	-2976	-1875	888	-376
16192	2188	-2412	-2367	423	-309
16620	2744	-2408	-3845	217	268
16188	2540	-2944	-4798	174	753
16820	1988	-3344	-4804	192	730
16508	2692	-3420	-4663	10	911
16592	3660	-3124	-6693	-191	1715
16224	2676	-3204	-8084	-567	2262
16436	2120	-3256	-7897	-746	2280
15328	1988	-2960	-7315	-734	2261
15180	3360	-3180	-8668	-871	2860
16644	776	-2908	-10030	-958	2342
14944	772	-2968	-6421	-1224	1182
15352	3400	-3452	-8464	-1346	1446
16676	3236	-3032	-11706	-1948	2046
15656	-152	-3712	-10314	-1360	1395
15372	2552	-3940	-9215	-1920	1215
15992	3728	-3196	-13171	-2203	2270
15580	40	-3048	-13335	-1715	1989
15552	1168	-4152	-10713	-2698	1230
15320	2956	-3444	-11899	-2573	1842
15740	2712	-2544	-14463	-2477	2577
14528	416	-4240	-13779	-2782	2776
15772	2580	-3440	-12297	-2748	2717
15008	2496	-2924	-13924	-2226	2886
15452	1132	-3600	-13646	-2539	2750
15336	1240	-3872	-12765	-2238	2038
15144	1928	-3648	-12630	-2276	1560
14828	1816	-3860	-13925	-2403	1714
16048	968	-3636	-13940	-2010	1726
15380	1060	-4248	-12062	-1866	991
15308	2116	-4288	-12672	-1345	886
15604	1856	-3300	-13818	-1289	1174
15840	1896	-3648	-14549	-1469	1805
15472	976	-4396	-13451	-1133	2168
15288	1028	-4104	-10929	-508	1112
15144	1560	-3092	-11164	-404	1156
15616	2380	-2892	-10831	-587	1391
14928	1544	-4164	-11433	-760	2099
15864	948	-4184	-9295	-17	1998
15428	1924	-3684	-7509	452	1912
15328	2208	-2848	-8028	162	2301
15884	1264	-3768	-7521	-53	2150
16228	1444	-3484	-5659	-124	1736
16532	2824	-3732	-4898	-165	1889
16416	1540	-4572	-4799	-277	2169
17348	2028	-3260	-3884	70	1951
17512	2008	-4056	-3015	-261	1660
17096	1764	-4260	-2421	37	1369
17248	2320	-4056	-2890	-117	1241
17928	1484	-3592	-2504	-266	915
17320	1260	-4696	-1105	-139	69
16896	3144	-3508	-1472	-455	92
17748	1572	-3136	-3033	-491	142
17416	620	-2972	-1414	-878	-642
17816	3120	-3564	-503	-369	-452
17960	4544	-2952	-2189	-1187	554
18492	1972	-3492	-2503	-985	1192
18364	2160	-2672	-2490	-1213	1216
18284	3280	-3436	-4588	-1429	1379
18384	1596	-3336	-4621	-1408	1089
17776	684	-3428	-1782	-646	-465
17976	1628	-3256	-1291	-796	-1234
18256	2064	-2872	-159	-96	-1394
17164	3788	-2520	-1283	-620	-528
17840	2076	-3484	-3698	-1100	889
18044	724	-3636	-265	-592	141
18320	3228	-2584	48	-170	499
18208	2836	-4152	-2628	-761	1212
19160	4	-4536	-1785	-355	817
19584	2852	-3044	782	243	-122
19408	2212	-3452	-655	-710	311
20520	2400	-4284	144	-328	514
19624	1812	-4240	270	-209	182
20916	1012	-4496	2577	-103	-190
20692	2848	-3608	3348	320	-372
20632	1604	-4588	2642	3	-417
20228	-120	-4976	5488	525	-1407
20464	3592	-4216	6936	863	-1576
19676	2816	-3552	4149	553	-381
19460	716	-5676	4905	813	-1002
19000	2612	-4116	5914	672	-767
19048	1848	-5236	5376	747	-634
17588	1816	-4948	6658	1340	-1142
17800	944	-4144	5113	1201	-1784
17564	-324	-5288	8218	2301	-2757
17404	2720	-4972	11099	2729	-3135
18184	3372	-4184	8615	2488	-2304
16848	1524	-4208	6866	2185	-1937
17008	1860	-3996	7443	1427	-1924
15916	1180	-4324	7876	1976	-1731
16288	1704	-3652	8975	2518	-1607
15592	2004	-3152	9402	2642	-1289
15772	1172	-4412	9884	2598	-1326
14992	1988	-3952	10480	3262	-2183
14268	2168	-2828	8926	2978	-1873
14500	464	-2124	9365	3437	-2294
13784	168	-3208	11792	3526	-3084
13264	2616	-3520	12236	3807	-3386
13396	2560	-2656	10749	3217	-2749
14124	452	-2156	11719	2874	-3156
14032	2620	-948	11522	2811	-3330
13272	2172	-2184	10601	2535	-3384
13116	3056	-2884	8951	2309	-3277
12336	3236	-552	5897	2024	-3096
13244	-1196	-1496	9369	2583	-5172
12124	944	-3376	15868	2640	-6742
11968	6416	-2404	14833	3023	-5726
12244	4584	-2132	9881	2474	-3275
13276	2388	-2204	11262	2248	-2131
12836	4692	-2156	12934	1900	-844
13104	4236	-2492	10227	1503	219
14620	3052	-3776	9857	644	1121
16584	3816	-2220	10009	629	1418
17784	2596	-3216	10722	191	1256
19080	4224	-4036	11736	55	1343
19036	3568	-3672	9026	-221	1609
18596	972	-3472	10830	-251	258
17288	3940	-2204	10828	-748	-445
15620	3960	-876	5899	-961	22
15164	2368	-1772	3974	-1517	101
15896	1868	-2792	4707	-1608	-389
16476	3444	-3228	4860	-882	-402
16516	4860	-2764	3839	-351	249
18072	2060	-3264	2564	144	130
17368	2648	-2976	4442	249	-636
16728	3764	-2628	1845	60	-583
17036	2608	-3032	-411	-365	-422
16816	2072	-2760	321	-10	-454
16288	3164	-2320	-141	-5	-140
16864	3296	-3036	-1893	335	495
16496	1940	-3428	-1673	361	706
16500	3004	-3376	-1555	595	798
17024	2916	-3048	-2688	636	1021
16376	2692	-2948	-2646	694	1144
16860	2712	-3044	-3241	792	1148
16172	2652	-3836	-3022	734	1365
16568	3300	-2824	-4175	815	1964
16464	2708	-2664	-5024	640	2102
16252	2824	-3260	-5164	299	2089
16320	2796	-3056	-6217	63	2183
16296	2356	-2916	-6560	103	1979
15940	2840	-3532	-6194	-247	1908
15500	3628	-3376	-7690	-215	2312
15680	2496	-2872	-8822	-347	2264
15160	2300	-3800	-9003	-844	2327
15164	2904	-3376	-9838	-881	2305
15596	2448	-2504	-11216	-1078	2349
15592	1936	-3008	-12199	-1131	1999
14824	1800	-4260	-11813	-1662	1641
15340	2668	-3500	-13060	-1432	1257
15728	1440	-3008	-13743	-1535	1504
15204	2324	-3844	-13195	-1618	1541
15704	2544	-4004	-14813	-1285	1867
15696	1596	-2704	-15075	-1518	1945
15408	2176	-3552	-15175	-1815	2131
15848	2284	-3868	-16054	-1668	2354
15964	1364	-3100	-15705	-1548	2267
15692	2380	-3988	-15775	-1512	2424
16116	1760	-3896	-16196	-1306	2540
15712	2100	-3176	-16032	-1127	2394
16384	2432	-3232	-16221	-1239	2445
15656	1580	-3252	-17387	-1259	2530
15868	1196	-3468	-16165	-1243	1840
15632	460	-3852	-14933	-966	1273
15516	1600	-2952	-13850	-602	1041
15096	2044	-2712	-14311	-536	884
15008	492	-3772	-13891	-516	783
15196	1828	-2580	-13994	-737	1029
15528	1048	-2812	-12408	-697	752
14632	1380	-3240	-10361	-614	558
14756	2276	-3128	-10869	-371	1138
15016	1540	-2528	-11198	-543	1314
15164	1644	-2980	-9346	-516	1124
15400	908	-4264	-7643	-569	913
15532	1948	-3060	-5536	-306	472
15508	2120	-2676	-5545	-585	855
16464	1476	-3196	-3856	-652	995
16352	2136	-3728	-2214	-426	1183
16544	2488	-3476	-2568	-371	1654
17580	1300	-3372	-1488	-295	1514
17456	1812	-3620	-486	-427	936
17292	2460	-3784	-1184	-727	1024
17976	1776	-3464	-778	-819	1211
18156	2448	-2840	-263	-1053	959
18212	508	-3944	1293	-728	597
17996	3360	-3776	1393	-761	398
17996	2856	-2864	-1775	-1443	1148
18924	892	-3056	240	-1125	798
18220	2080	-2956	1547	-1170	400
18248	2980	-3284	36	-1290	1004
18916	1956	-3280	196	-1312	870
19040	1920	-3620	572	-1241	771
18352	2904	-2900	70	-985	549
19416	1232	-3672	-481	-1327	548
18824	2700	-3228	795	-661	189
18700	2092	-3412	-260	-833	120
18920	1596	-3288	726	-583	-108
18608	3948	-3028	-874	-707	215
18776	828	-3508	-2064	-949	317
19368	2088	-3108	27	-418	-245
18880	2728	-4032	-389	-161	-317
19888	1540	-3168	-1049	-157	-567
20380	1776	-4252	-1049	553	-715
19944	2340	-3848	-517	809	-848
19604	1828	-3880	-508	572	-987
21100	2576	-2872	-330	325	-538
19812	1984	-4152	341	597	-342
20268	960	-5076	1572	879	-361
19520	2216	-2944	2549	1394	-632
19808	1684	-4244	2189	1421	-1070
19108	1224	-3924	2813	712	-883
18540	2532	-2784	2633	986	-662
19288	-864	-6588	4421	1781	-1026
18488	2716	-5124	8978	1864	-1900
16700	2276	-2352	5711	1688	-1210
16736	-1268	-2896	8010	1419	-2155
16260	1428	-4512	12157	1382	-3715
15884	3492	-3688	10959	2407	-3172
16944	1884	-3220	6893	1109	-1727
17356	336	-4248	7191	2354	-1697
15764	2368	-4556	9368	1058	-1593
15976	2668	-4080	7847	1747	-402
16168	-36	-2876	8116	1959	-718
14448	452	-4672	11255	1963	-1854
14676	1932	-4884	12270	1916	-2100
15284	2076	-2496	11715	2347	-2023
14160	1772	-2916	11894	1842	-2186
14624	692	-3596	12360	1968	-1683
13892	2316	-3128	13056	1906	-1912
14028	2584	-3348	10602	1255	-1146
14356	184	-2876	10682	1469	-1373
14644	216	-2112	13484	1598	-2821
13980	1468	-3536	13638	1375	-2592
13892	2800	-3516	11877	900	-1926
13864	1976	-2164	10118	1139	-1477
13440	456	-2496	11169	977	-1643
13956	1352	-2256	11749	298	-1475
14100	1416	-2964	12306	1214	-1472
13208	1880	-3420	13102	748	-1637
14708	2920	-3180	11635	123	-827
14908	3152	-2552	10740	835	211
15420	1788	-3376	9053	315	883
15904	2288	-3360	10820	307	30
16192	2296	-3060	11030	195	-12
16788	1340	-3556	10928	134	-640
16696	2352	-2672	11101	-73	-1019
16988	2868	-3352	9302	-324	-394
16964	2004	-4076	8552	-285	-783
16448	2060	-3416	8443	-243	-1289
16936	1744	-3324	8398	-254	-1673
16304	2088	-2896	8440	-343	-2259
16648	1844	-3564	8068	-426	-2241
16524	3036	-3188	6983	-374	-2115
16424	3152	-2948	3702	-897	-1686
16032	1088	-2928	2861	-529	-2114
16536	1852	-3552	4576	-937	-2817
16264	2328	-3620	3462	-467	-2425
16712	3020	-3484	2639	-295	-1976
16376	2424	-3360	1316	-413	-1599
16676	1660	-2812	-7	-335	-1510
16540	2008	-3408	579	-285	-1647
16392	2016	-4036	-893	-293	-1470
16272	2072	-2924	-1671	-409	-1440
16972	2092	-3152	-2230	-292	-1658
16460	960	-4428	-1310	-60	-1498
16644	2660	-3532	-1276	-71	-1281
16408	3364	-3128	-3848	-205	-151
15956	1480	-3832	-4322	-67	202
16536	2928	-3636	-4027	-119	615
16580	964	-3952	-4241	343	405
15672	2868	-3320	-4135	-511	560
16560	2676	-3788	-6745	-243	1563
15284	3204	-3156	-8321	-502	3160
16208	2472	-3980	-9824	18	4389
15384	1424	-4268	-10220	322	4623
15432	2776	-3696	-10997	-204	4924
17040	2476	-3168	-12985	-487	4769
15384	-104	-4488	-11869	-217	3732
14788	1852	-4316	-9957	-843	2564
15208	3980	-3440	-14281	-1295	3529
15708	2524	-3616	-16890	-1156	3905
16448	436	-3292	-14016	-676	3285
15612	2724	-4452	-12312	-445	2818
15604	4088	-4244	-15669	-562	3230
16360	1240	-3592	-17372	-616	3375
15940	1452	-3072	-14708	-708	2173
15420	2464	-4120	-16115	-984	2226
15656	2320	-4632	-16854	-815	1911
15848	1308	-3212	-17464	-505	1801
16372	1148	-3160	-16168	-674	1563
15564	2800	-3972	-15413	-522	1473
15140	2092	-3572	-16833	-581	2106
15396	476	-3440	-15588	-493	1617
15456	2352	-1864	-14256	-162	1435
15332	1516	-3288	-15582	-670	1862
15640	1464	-3764	-14371	-458	1412
15140	1400	-3220	-12802	-138	1011
16200	1892	-3096	-12661	-118	1002
15272	1456	-2100	-12234	-154	815
14652	924	-3240	-10653	-267	464
15124	1392	-2840	-9122	0	180
14688	2572	-2968	-9208	-25	280
15676	2256	-3384	-9538	-57	839
15544	756	-2736	-8097	307	886
15692	928	-2748	-5364	186	-35
15668	2012	-2788	-5206	332	-203
15388	1756	-3036	-4499	334	-102
16624	2268	-2524	-4620	278	58
16144	1328	-3344	-3684	375	247
15656	2224	-2748	-2192	355	555
16356	1796	-2516	-3244	210	699
16720	1140	-3168	-1369	834	742
15444	3652	-1952	-1792	453	1375
17056	556	-2488	-1493	29	1067
17236	1908	-2316	1768	294	484
17556	2820	-2812	708	-34	335
17680	1468	-2624	1311	-527	509
17916	3880	-2532	322	-551	849
18120	1100	-3568	83	-235	846
17344	2964	-2128	704	-504	353
18724	2568	-1816	-2253	-1453	965
17672	1220	-2868	-147	-828	520
17736	3620	-2564	182	-1271	511
18072	1132	-1948	-390	-1574	656
19084	2728	-2384	1464	-935	154
17444	1960	-3128	-409	-1407	506
18696	3456	-2404	-1161	-1499	693
19348	1224	-3220	-964	-1413	688
19052	2788	-3220	1309	-888	115
18488	3308	-1940	-1829	-1590	812
20092	148	-3744	-1125	-1118	35
18900	2048	-2396	1344	-631	-709
18336	3720	-2280	-82	-758	-329
18736	2092	-2640	-2540	-1342	315
18796	404	-2612	18	-743	-113
19160	2940	-2152	1663	-235	-646
19260	3340	-3240	-626	-222	-129
19388	604	-3496	-528	-84	-400
20512	2352	-2504	1627	542	-820
19952	2396	-3484	1047	600	-764
20356	2588	-3228	358	444	-476
20304	2068	-3016	1519	721	-408
20252	1812	-3936	1735	751	-560
19808	848	-4116	3766	1349	-1443
20060	2952	-3028	4179	1387	-1426
19680	1916	-3528	3295	1356	-1148
19624	396	-4512	5011	1364	-1472
18668	3388	-3096	5813	1432	-1565
17284	1160	-3740	4954	1181	-1038
18700	896	-4516	6491	911	-1909
18516	2584	-2164	6047	1208	-1576
17564	1188	-5300	7818	738	-1752
16728	2864	-4656	7813	757	-1754
17276	2168	-2700	5900	790	-787
18032	1720	-3800	8572	224	-746
14692	796	-4832	9288	514	-851
16580	3320	-2456	9163	981	-646
16484	948	-3136	8071	72	-322
14588	-412	-5228	12378	1347	-1128
14952	3248	-2736	12720	1348	-1607
14500	1332	-2388	10685	1195	-1476
15416	576	-2760	11238	1851	-1729
13612	1320	-3484	13002	2121	-2257
13492	1008	-2092	13372	2983	-2095
14356	716	-3804	13545	1841	-1802
13252	3320	-3548	14285	2608	-1945
13788	3624	-796	12313	1997	-1995
13264	520	-1532	10489	1320	-1504
13632	232	-3024	11397	1069	-2531
14512	2704	-4600	12572	1535	-3431
13136	2388	-2012	10359	944	-2905
14240	528	-1912	12124	170	-3853
14048	2392	-2516	13540	699	-3040
13396	3452	-3664	14421	1316	-2438
14100	3456	-2876	11682	1076	-1757
14452	2080	-2744	11796	1205	-1407
13480	2144	-2800	12800	690	-1686
15404	2708	-3076	10950	285	-1468
17120	2348	-2300	10515	151	-1775
16864	1948	-3628	12022	512	-2117
15760	3124	-4812	10169	294	-1728
17280	2756	-3188	7882	-113	-1557
17056	584	-2680	8576	312	-2134
16148	3064	-3064	9150	143	-2135
17048	3500	-3680	5872	-440	-1406
16712	1676	-3076	4773	-54	-1357
16084	2820	-2880	4023	-381	-1041
17176	2012	-3848	2873	-254	-666
16948	2488	-2884	2516	-198	-864
16300	2112	-3236	2416	-304	-980
16892	3000	-2928	1208	-231	-527
16524	2428	-3040	-19	-196	-293
16140	2420	-3320	-416	90	62
16672	1972	-3456	-929	57	25
16276	2332	-2532	-660	233	130
16356	2396	-3784	-1833	216	409
16692	1924	-3508	-1964	422	515
16232	2808	-2936	-2094	489	612
16768	2776	-3224	-3558	312	1043
15928	2300	-3620	-4662	22	1872
16320	3604	-2972	-5349	153	2503
16884	896	-3872	-5684	397	1948
15896	2684	-3660	-5502	-480	1470
15700	2668	-2680	-8776	-387	2009
15768	3556	-2960	-9377	-906	2656
15512	1600	-4340	-8888	-123	2479
15064	2460	-4164	-8877	-68	2588
15328	3120	-2532	-10440	-426	3109
15324	1836	-2880	-11813	-697	2777
15056	1320	-4060	-10636	-1179	2259
14664	2808	-3088	-11308	-837	2220
14712	2960	-2592	-13023	-1400	2615
14844	1780	-4044	-13762	-1581	2647
15124	1884	-3704	-13254	-1201	2291
14724	1928	-3708	-13541	-1247	1835
15032	1572	-3252	-13654	-1296	1475
15960	1868	-3312	-13976	-1290	1193
15248	1840	-4544	-13461	-1432	976
15664	2036	-4520	-13746	-1122	841
16116	1732	-3144	-14157	-991	1187
15456	1936	-3928	-13381	-1077	925
15208	872	-4052	-13251	-828	1137
15480	1568	-2856	-12255	-635	935
15232	3112	-3408	-12755	-955	813
15496	1244	-4156	-14583	-626	1511
15172	1132	-3580	-12719	-324	1137
15332	2168	-3172	-12500	-108	1136
15412	2188	-2936	-12852	-256	1235
15360	324	-3820	-12784	32	1061
15532	876	-3388	-10724	197	458
15260	2792	-2816	-11094	336	898
15544	2200	-3776	-11046	165	1409
15544	904	-2980	-10467	515	1699
15436	2788	-2760	-9817	350	1806
15660	1348	-3460	-9682	553	2284
15664	1188	-2712	-7507	550	1466
15988	2876	-3076	-8390	675	1941
16220	1712	-3756	-7790	381	2127
17108	1340	-3404	-4984	615	1830
18120	3336	-2732	-4137	156	1816
17980	900	-2756	-3251	-363	1551
18720	1664	-3352	-765	-335	857
17484	3308	-3196	-1617	-450	973
18432	1024	-2988	-1646	-800	627
18444	2692	-2792	-700	-878	125
18464	1740	-3212	-1701	-1251	393
18868	1516	-3304	898	-905	-260
18956	3124	-2304	242	-1297	-158
19140	1328	-3672	270	-1298	-261
19952	1844	-3380	1738	-1068	-873
19480	2788	-2724	1535	-1268	-901
19624	2704	-3700	994	-1554	-632
19820	2416	-3436	-109	-1274	-236
19872	1908	-3088	1545	-1289	-476
19772	3092	-3124	2125	-1383	-477
19740	2520	-3256	1052	-1421	-25
19788	1612	-3008	2083	-1348	-368
20080	2852	-2780	1712	-1171	-305
19928	2908	-3776	1202	-1041	45
19784	-140	-3880	3737	-739	-867
20636	3380	-2692	4050	-536	-1037
20164	2388	-3884	1925	-609	-578
20224	940	-5204	2887	-183	-548
21460	3140	-3192	4904	409	-127
20136	2620	-4928	3643	-465	-78
19532	404	-6056	4601	584	-845
20208	1744	-2380	3859	-195	-1430
20332	632	-4124	6776	50	-2409
18216	1884	-7080	9271	1481	-2529
17232	3264	-3668	6617	57	-1284
18236	-500	-4688	8388	509	-1213
17944	1456	-4116	12630	726	-1820
16780	3700	-4004	11354	749	-991
17508	752	-5948	9156	529	-1024
15860	-380	-4560	10956	1400	-2129
16036	1336	-4028	11645	1430	-3397
15824	1100	-3236	11576	1521	-3659
14860	648	-4172	12028	1947	-3691
15244	1872	-3804	11696	2264	-3591
14996	2484	-3912	11081	2237	-2508
14472	724	-3508	11327	3065	-2217
14248	1232	-3164	13321	3358	-2569
13180	2668	-4020	12038	3196	-2401
13876	1284	-3624	10201	3059	-2318
13248	-12	-3020	11251	3754	-3262
12096	424	-2420	13253	3689	-4452
13304	2472	-2684	12460	2470	-4627
13312	2328	-2724	11086	2738	-4225
13056	1816	-2504	10329	2348	-3756
13308	508	-3580	11211	1802	-3465
14212	2664	-3232	12628	1842	-3142
13316	2296	-2408	11251	2202	-2374
13036	1896	-3476	12196	1824	-1853
13332	3140	-3000	11816	1755	-1159
15316	2452	-3464	10395	1467	-808
13768	2776	-2924	9354	-423	-212
17044	2384	-3856	8493	-442	181
16836	2460	-3468	9623	490	394
17348	3704	-4328	9763	299	964
18412	2892	-4368	8860	1290	2092
16632	920	-3636	9803	-119	392
17868	2556	-2956	9262	49	-424
16376	724	-2844	7693	-164	-1104
15536	2552	-3076	8951	-568	-1695
16816	4072	-3284	4123	-917	-640
16724	1536	-2940	3643	-131	-310
16020	3512	-3588	4076	-172	-67
16412	2568	-3672	1528	196	362
16092	1468	-2740	1519	204	80
16204	1980	-2516	2314	207	-492
16256	2656	-3156	541	-19	-546
17016	1908	-3364	-380	-21	-711
16872	2108	-3056	316	97	-1141
17108	3244	-3088	-269	-24	-1126
16732	2612	-2960	-2276	-67	-471
16696	1664	-3576	-2193	-120	-700
16264	2656	-3188	-2417	-198	-736
16636	2208	-2952	-3468	-300	-710
16052	1976	-3328	-2748	-309	-875
16240	3124	-3128	-3981	-387	-149
16612	1480	-3380	-3795	106	-272
15668	3016	-3376	-3560	-251	-5
16372	4436	-3004	-6348	-587	1632
16356	372	-4172	-7171	-66	1290
15604	2252	-3592	-5986	-715	1098
15592	2896	-3004	-10617	-389	3108
16824	3096	-1600	-14261	-1057	4262
14296	-368	-3404	-12037	-461	3333
15660	2504	-4600	-11042	-848	2357
15724	3476	-2972	-13849	-1262	3444
15448	204	-4668	-13873	-537	2963
14964	2420	-3404	-11140	-787	2567
15640	4984	-2120	-13918	-1462	3443
15028	1880	-3844	-16796	-1485	4016
14176	768	-3776	-14331	-1910	3103
15632	3176	-4184	-13763	-1481	2765
14532	788	-4196	-13539	-1063	2356
15004	2384	-3776	-12550	-1083	1572
15576	2420	-3060	-15073	-1489	1768
16192	-124	-5316	-14494	-847	928
14192	-548	-4408	-10533	-441	-631
15400	3924	-3480	-11226	-579	-644
15352	2636	-2840	-14366	-946	282
14488	104	-3548	-13113	-950	255
14652	1828	-4100	-11888	-804	276
15304	3484	-2868	-13221	-814	1399
15620	976	-4156	-13436	-751	1830
14904	288	-4824	-9740	-331	1095
14588	2528	-3196	-9297	-239	859
15076	2012	-3284	-11799	-462	1374
14940	1232	-4020	-10839	-525	933
15352	1224	-3952	-9472	188	685
15520	2120	-3240	-9079	-206	907
16396	2024	-3628	-8415	-405	1141
16064	2140	-3564	-7040	-399	1269
15560	2392	-3544	-6480	-778	1794
16884	2284	-3648	-7039	-913	2183
16428	1420	-2808	-7406	-746	2205
16912	1936	-3572	-6312	-458	1303
17392	2516	-3956	-7544	-121	1450
17492	1420	-2492	-7002	-190	1456
18328	2468	-3928	-5301	-11	1161
18156	2356	-3484	-5150	-238	1503
17764	1776	-2216	-4958	-653	1474
18056	1816	-2836	-5418	-974	1108
18088	2572	-2620	-5245	-478	960
18452	2072	-2932	-6534	-478	1135
18564	832	-2148	-5011	-475	1110
19032	2824	-2440	-4322	-836	721
18272	1944	-2556	-4766	-781	802
19216	1124	-2808	-3286	-596	529
18568	3108	-2176	-2665	-542	680
18640	1684	-2680	-3419	-826	812
19328	1676	-2344	-2263	-672	461
19500	1764	-2576	-1940	-612	382
19856	1712	-2632	-42	-550	19
19096	3152	-3416	-394	-694	114
20172	1560	-3204	-1232	-605	478
20052	2388	-2588	562	-274	281
19872	1772	-3236	584	-457	255
20156	1096	-2956	1975	-482	-247
20816	2076	-3116	2900	-270	-465
19720	1824	-4200	3312	68	-529
20356	2216	-3172	3906	-215	-759
21136	1288	-2620	3608	348	-196
19724	1432	-3920	6150	430	-444
20556	2216	-5264	6207	217	-478
19464	1016	-3132	8630	790	-475
19432	2120	-5564	9014	519	-1943
18420	1900	-5192	8192	137	-2716
19320	1364	-2760	7728	574	-2778
19376	2624	-4536	9963	442	-2854
16012	1440	-5460	10614	761	-2105
17400	3464	-4036	10086	207	-2247
18596	1280	-2808	8859	251	-1892
18148	1084	-4728	9927	1229	-2267
17008	1248	-5620	11200	903	-2200
16188	2300	-4824	11235	1165	-2235
16040	620	-3648	11234	1624	-2509
15648	1212	-3320	13278	1672	-3093
15080	2852	-3920	12465	1864	-2473
14884	1676	-3940	11483	2171	-1790
14740	816	-3396	12203	2824	-1976
13768	1152	-2796	13166	2615	-2611
13984	2232	-2136	11543	2244	-2557
13272	1676	-1592	10220	1890	-2026
13764	1764	-3256	9846	1872	-1941
13700	1352	-3552	11143	2183	-2638
13352	1420	-1892	11620	2472	-3166
13232	1564	-1916	11754	1874	-3528
12924	1500	-2040	11598	1922	-3627
12884	2500	-1676	11642	1976	-3210
12344	1588	-2284	11167	2228	-2437
12984	2276	-3828	12589	2346	-2453
13068	3648	-3192	11401	2535	-1845
13880	2144	-1544	11218	2316	-1437
14188	2720	-1340	10693	1602	-1091
14764	2080	-4044	10141	1150	-532
15852	2928	-3672	9733	1608	-548
16640	2996	-2624	9296	720	-433
18364	3372	-3756	9500	626	-26
17588	1888	-3232	9161	1273	-197
16856	2256	-3768	10148	979	-748
16556	3580	-2592	7997	689	-781
16308	2300	-1868	6154	193	-1148
16632	744	-3100	6875	22	-1655
15792	3636	-3224	6376	-78	-1289
17396	3516	-3248	3701	27	-579
16088	1692	-2744	4299	547	-904
16948	3156	-3568	3655	-100	-634
16752	1940	-3316	2396	308	-786
16336	2468	-2692	1979	155	-869
16332	2180	-3152	1913	-15	-1203
16732	3236	-2620	608	-312	-1000
16460	2292	-3056	-134	-304	-924
16884	2188	-3596	-30	-186	-904
16172	2196	-2852	224	160	-1178
16612	2824	-2284	-502	-160	-953
16364	2644	-2832	-839	-333	-1051
16324	2360	-3488	-1996	-725	-823
16972	2000	-3252	-2315	-391	-879
16604	2212	-2752	-1776	-325	-918
16400	3084	-3044	-2713	-616	-616
17420	1632	-3944	-2317	-859	-691
16204	2436	-2584	-2239	-418	-738
16916	2512	-3336	-3579	-864	-355
15592	1856	-3728	-3842	-904	-222
16748	2276	-3364	-3836	-1110	-1
15764	2512	-3204	-3135	-529	316
15888	2712	-3812	-4258	-325	1019
17044	4208	-1908	-5708	-650	2466
16252	1988	-3668	-5130	737	1311
15316	3000	-4664	-7523	772	2278
15048	4904	-2660	-10661	765	3606
17788	2560	-2992	-11063	-109	3462
16996	1716	-1656	-10395	753	2944
15428	2572	-2144	-8182	-667	1953
16516	4504	-3540	-10826	-1276	1792
16416	3612	-2360	-14375	-1438	2263
16348	3232	-2076	-13679	-1408	1911
15884	4524	-2872	-15623	-1238	1962
15152	3188	-2604	-18418	-1988	2328
16232	3948	-1864	-18096	-2017	1676
15964	5000	-2680	-18196	-1712	1739
15512	3440	-3728	-19683	-2199	2288
16016	3464	-3880	-18783	-3329	1764
16308	3460	-3448	-19113	-2761	2865
15988	2812	-2404	-20505	-2473	3206
16292	1380	-3872	-20057	-1421	3972
15524	2060	-2748	-18420	-661	3854
15620	2252	-2656	-18892	-934	3255
14548	1140	-2684	-17866	-890	3023
15756	1320	-2552	-16179	-534	2271
14640	1560	-1708	-15205	-544	1759
15616	2136	-3080	-15300	-428	1914
15592	1492	-2208	-14097	299	1755
14784	1768	-1932	-13298	-11	1621
16080	864	-2804	-11984	-13	1381
15080	2556	-2036	-11316	-116	1440
16152	1012	-2368	-10412	17	1438
15216	840	-1504	-7788	-170	537
15972	1904	-2408	-6885	-15	295
15692	2312	-2536	-7519	191	724
16744	516	-1864	-5615	75	335
17632	1532	-1844	-3259	380	-498
16880	2172	-2936	-3147	178	-359
17052	2204	-2996	-4220	-439	172
18228	2020	-2524	-3055	-502	288
17360	1332	-1756	-1006	-754	96
16904	2732	-3144	-722	-883	597
16744	1912	-1900	-1338	-899	972
16164	1208	-1648	970	-834	280
15604	1664	-2208	2433	-729	-262
16008	2432	-1836	1074	-485	36
13344	1796	-1524	1420	-357	252
15540	2792	-404	-224	-707	288
14780	2192	-1656	-194	81	552
14608	1776	-1664	250	194	900
15808	2376	-1428	1497	488	571
16552	2008	-1536	657	757	506
17080	1760	-1496	1391	581	145
16924	1804	-1956	1806	242	-296
17756	3124	-2168	1034	275	-277
16776	2624	-1688	671	-18	-21
18116	1828	-948	-284	-401	4
18352	2792	-1688	-465	-292	-6
17152	1884	-2468	-464	-215	259
17396	2048	-1236	-377	-1185	121
17772	1928	-1440	-734	-828	166
17996	1988	-1552	-87	-678	-139
17816	1772	-1920	-24	-709	-20
18956	2376	-1552	-589	-681	250
18860	2452	-1588	-937	-879	361
18776	1396	-2300	-1048	-994	372
19336	2844	-1700	-879	-765	470
20060	1508	-2088	-926	-984	134
19464	2080	-2704	35	-815	-40
19988	2060	-2776	-332	-945	-46
20368	1900	-2512	441	-735	-390
20728	296	-2652	1699	-755	-1182
20120	512	-3840	6261	129	-2680
20312	4828	-3420	2551	-216	-1691
20848	1340	-2516	626	-552	-704
20376	484	-4260	4343	-106	-1162
20092	2268	-3720	5738	-197	-1510
21152	2624	-2640	4204	-722	-530
20408	1348	-4764	5251	-625	-651
20280	324	-5124	7872	-253	-1921
20812	3100	-2212	7529	-283	-1370
20380	1400	-5844	7794	-614	-829
19120	1900	-4764	9262	-265	-1350
18920	2624	-2620	4956	-1147	-378
20296	288	-4728	7579	-187	-1130
16548	1204	-4996	11043	22	-695
18932	4252	-3864	5279	-54	-136
16920	-444	-3260	5923	-484	-258
16620	848	-4804	9601	985	-865
17056	2296	-3872	11733	1228	-1574
15524	2564	-3756	9998	1244	-627
15936	24	-4668	8810	1323	-292
15312	2392	-4116	10423	1612	-151
15408	3528	-3268	7800	1479	139
16120	-120	-3448	6887	1544	-326
14852	684	-3856	10006	2123	-1075
13740	1324	-4048	8932	1981	-1322
13836	524	-3172	8717	1865	-1643
13948	2284	-2756	9868	2245	-2084
13520	1400	-2564	9875	2074	-2320
13028	656	-3312	9644	1881	-2469
14136	1284	-3564	9722	1522	-2466
14124	2212	-2868	10129	2172	-2426
13200	1480	-2120	8905	1573	-2630
13196	296	-2944	9329	1256	-3153
13992	1504	-1828	9397	1096	-3626
14024	2384	-2300	8852	1287	-3456
14020	944	-3852	8631	767	-3294
14384	1756	-2524	9310	711	-3444
14596	1956	-1884	9212	204	-3281
14680	2996	-3336	7982	-49	-2596
15328	1896	-2004	7224	-216	-2276
15652	2028	-2452	7500	-730	-2147
16284	2348	-3468	6839	-411	-1617
16272	2808	-2100	6592	-489	-1136
16164	2172	-2500	6938	-827	-1470
15808	2024	-3200	6181	-936	-1222
16524	3044	-2124	5146	-940	-720
17192	2620	-3268	4429	-1018	-438
17136	3152	-3416	4184	-481	49
17216	2780	-2564	2796	-421	284
17020	2008	-3176	3007	-163	-264
16516	2984	-2552	2266	96	-294
16828	2144	-1988	1694	448	-732
16748	2420	-2248	2022	609	-878
16424	3268	-2740	1162	574	-550
16776	2212	-3044	354	868	-420
16872	2896	-3688	672	1025	-307
17000	2664	-3372	-389	980	-37
17040	1536	-3192	-187	1075	-391
16804	2132	-3520	299	957	-640
16416	2832	-3032	-1486	495	-319
16940	2052	-3208	-1985	338	-172
16132	1732	-3320	-1463	322	-490
16440	2196	-3200	-1478	191	-599
16068	2424	-3412	-1978	39	-487
16120	2180	-3268	-2502	-40	-135
16208	2496	-2956	-2526	-104	114
16276	2592	-3212	-3196	-368	538
16300	2140	-3388	-3703	-607	805
15928	2196	-3412	-4343	-823	1036
16336	2808	-3200	-4837	-933	1487
16220	1828	-2864	-5171	-912	1753
16120	2528	-3672	-4464	-1032	1693
16328	3652	-3296	-7534	-1263	2326
15820	1240	-3312	-7984	-1415	2400
16148	1968	-3796	-6272	-1183	2107
16584	3112	-3036	-8250	-1436	2454
15868	1456	-3736	-8026	-1203	2316
16172	2796	-3404	-7915	-1377	2221
15380	3208	-2896	-10647	-1635	3084
16244	1160	-3492	-11063	-1739	3045
15784	1320	-4212	-8789	-1234	2293
15276	3620	-3780	-10204	-1346	2597
16092	2424	-3356	-12296	-1540	2991
15768	1184	-3864	-12673	-1292	2797
15540	2120	-3696	-11415	-1165	2475
15312	2412	-4120	-12330	-1098	2710
15040	2204	-3708	-13448	-948	2523
15168	2000	-3816	-14936	-1148	2617
15604	1472	-3148	-14195	-957	2322
14820	1100	-2420	-13544	-502	1992
15516	2164	-2904	-13796	-858	2098
15260	1196	-3792	-13236	-338	2963
14548	2056	-3676	-12814	-1229	1691
14988	1940	-2956	-13142	-953	1976
14564	1408	-2620	-12823	-1270	1513
15236	1684	-3636	-12618	-977	1775
14856	1484	-3848	-11695	-1109	1634
15208	2556	-3208	-11282	-632	1900
15532	2112	-3008	-11567	-1070	1834
15276	1112	-2280	-11170	-979	1868
15444	1660	-3268	-8968	-939	1146
14912	2848	-3780	-9444	-1189	1352
15672	1556	-3256	-9589	-917	1445
15184	1532	-3040	-7140	-705	517
15108	1732	-3592	-8007	-660	609
15568	1752	-3392	-5905	-611	301
14796	3116	-3120	-4768	-459	806
15388	2784	-4100	-8605	-791	2131
15924	452	-3536	-5911	-682	1021
15784	3024	-3648	-3595	203	995
16024	2228	-3896	-5354	-22	1372
15988	940	-4432	-3967	119	820
16644	2292	-3928	-2412	599	88
16600	3224	-3384	-4124	135	304
16988	1532	-4120	-3089	48	147
17700	3444	-4556	-1740	531	202
17776	2820	-3824	-3278	277	904
18740	1724	-4216	-2156	-5	673
18240	3764	-4284	-2229	242	680
18104	1684	-4340	-2166	-133	548
19084	1800	-4800	-1715	71	29
19416	2500	-3164	-1226	189	-505
17824	1832	-4520	261	-272	-827
19880	4996	-4232	-2897	-701	435
18864	804	-3388	-3601	-1153	553
19496	2080	-4284	1180	-382	-447
20148	4524	-3616	-487	-950	149
19284	1476	-4108	-2447	-1622	639
20216	1712	-3960	109	-1255	-18
20128	3568	-3188	-81	-1177	-152
19604	1496	-3312	-1843	-1580	-18
20124	1124	-4112	201	-1216	-316
20288	3560	-3808	1236	-715	-602
19920	2188	-4080	-885	-1078	88
20912	1700	-4004	655	-631	355
19684	964	-4684	4067	-114	-464
20052	3820	-4124	2437	-561	68
20400	2616	-4772	1814	-812	914
19488	576	-4632	3586	-613	375
20652	1936	-4184	4832	-31	172
19248	320	-4648	6279	672	10
18456	3352	-5556	8012	764	-1263
18432	1348	-5796	5515	931	-940
18312	1340	-4820	9294	1483	-1619
15100	3272	-4172	9043	902	100
18904	376	-6684	7265	1593	-605
16788	1892	-2680	8985	1889	-1454
16388	1944	-6044	8241	1142	-1631
16264	780	-4452	9081	1574	-1804
16608	1520	-5360	10211	2317	-1960
15496	468	-4208	12996	2894	-2389
15404	2108	-4764	11512	2690	-2533
14568	1288	-4284	10232	2090	-2218
15340	1508	-3944	12158	2108	-2494
14948	2440	-4056	10180	2333	-1826
14500	600	-4036	8490	1828	-1982
14776	1596	-3984	10004	2146	-2549
14252	1208	-3348	10417	2252	-2914
14304	1392	-3092	9097	2195	-2750
14512	936	-4132	9728	1944	-2801
14372	1604	-3356	11225	2245	-3313
14096	2984	-2920	8586	2626	-2148
13720	560	-2664	7944	1667	-2252
14200	1968	-2612	9189	1923	-2513
13684	1320	-2388	8935	1916	-2557
13156	1588	-2632	9028	1449	-2732
14120	2004	-2904	7671	1048	-2488
14468	1812	-1448	6930	1059	-2269
13608	1424	-2584	7215	327	-2309
14548	2244	-3564	7265	305	-1890
14720	2224	-2700	6190	788	-1273
15140	1484	-2516	7283	398	-1330
15416	2424	-2600	7981	151	-1339
15584	1772	-3020	7746	100	-1011
15616	2580	-2680	8568	-84	-1132
15752	3232	-2948	6719	-352	-567
15884	1900	-3272	5612	-180	-247
15972	1144	-3032	7247	11	-973
16824	2768	-2804	7426	-475	-1268
16848	2876	-3084	6442	-644	-620
16952	3192	-3276	5228	-547	169
17252	2296	-3144	4856	-277	306
17076	2192	-2756	5471	-237	-51
17368	2276	-3608	5179	-330	-562
16596	1544	-3436	4889	-170	-1318
16660	2296	-3296	5174	-241	-1803
17052	2012	-3248	4876	166	-2187
16476	1808	-3248	5345	357	-2624
16752	2748	-3564	4327	123	-2597
16724	2132	-3488	2844	497	-2423
16512	1912	-2996	2809	307	-2536
16688	2104	-3308	2399	215	-2324
16132	3164	-2660	819	389	-1491
16604	2456	-3460	282	389	-782
16068	2324	-3896	-236	476	-139
16288	2744	-2976	-1073	365	362
16392	1788	-3824	-101	521	57
16312	2788	-3644	-1151	327	334
15936	2108	-3480	-2253	286	724
16760	2156	-3636	-1770	223	833
15956	2616	-3692	-2197	146	1281
16240	2552	-3928	-3257	61	1762
16384	2348	-3132	-4214	-143	1970
15800	1940	-3444	-3547	-156	1878
16040	3620	-3724	-5943	-672	2361
16620	632	-3924	-7164	-398	2159
15948	1952	-4132	-4460	-487	1248
15260	4532	-2116	-7354	-662	2340
16388	664	-4772	-9541	-768	2487
14412	1404	-3716	-6127	-675	1375
14524	4044	-3800	-8881	-1044	2013
14756	3996	-2436	-12509	-1553	3184
15732	1064	-3636	-13996	-961	3655
15268	2292	-4952	-9529	-611	2645
15976	4484	-3412	-12884	-986	3119
15384	-572	-4040	-13561	-398	2922
15068	884	-3928	-10339	-513	1068
14104	4156	-2356	-12375	-1032	1238
16192	1900	-3228	-17059	-1225	2256
14720	100	-4088	-12469	-863	1669
14720	4712	-2448	-13859	-1395	2497
15652	1740	-4456	-17712	-1706	3516
14644	-468	-4404	-14275	-1252	2531
14700	3288	-2948	-13715	-1062	2523
15216	2540	-3612	-17223	-1741	2841
14844	-936	-4116	-15289	-1110	2007
14532	2020	-3332	-12883	-867	690
15288	2644	-3100	-14500	-936	1180
15616	1072	-3840	-14379	-720	1431
15524	1920	-3972	-12913	-692	1391
15816	1492	-4088	-11568	-431	1284
16420	3676	-3612	-11625	-537	1789
16544	2172	-3644	-14739	-1066	2657
16352	-380	-5144	-9501	-244	1689
16584	3784	-3396	-8988	-330	1421
17400	2660	-3476	-11364	-417	2444
16252	480	-5084	-7532	97	1505
15872	2368	-3616	-6396	215	1104
18224	2448	-2320	-7675	79	1535
16892	1404	-4208	-5067	594	1507
16728	2128	-3940	-4344	597	1044
17588	1496	-2492	-4658	97	697
17140	1468	-2988	-2045	85	-266
16600	2144	-4584	-2323	-34	-188
16464	2400	-2192	-3728	-413	201
17676	1252	-3484	-1117	-236	-241
16348	2452	-4140	628	-207	-224
16928	3596	-2692	-3790	-694	887
18344	80	-3696	-2505	-1022	288
17648	2240	-3296	1012	-376	-673
17888	4164	-3168	-1350	-1185	-120
18400	948	-2944	-535	-1530	-40
18292	2484	-3760	681	-1226	-306
18700	3308	-3596	293	-1292	-16
19020	2472	-3336	-1505	-1553	355
19516	980	-3428	557	-1491	-210
19476	3640	-3248	860	-1029	-37
18020	3152	-4256	-1773	-1271	473
19800	1120	-3872	-1423	-1034	180
19520	3040	-2552	-125	-950	-65
19116	2456	-3648	-1534	-1150	48
19564	1536	-4060	-890	-941	45
19248	2460	-3180	303	-474	-6
19720	2508	-3200	344	-152	4
19372	1196	-5164	569	-13	247
19896	3556	-3076	3984	718	76
19576	1732	-3636	2602	-174	298
20204	856	-4640	3865	651	-370
19260	2528	-5520	4447	1148	-847
19340	3288	-4076	5471	1122	-797
18748	1596	-4688	5387	1023	-840
19684	1664	-4976	6672	798	-1380
18088	1944	-3056	8321	1206	-1234
17712	2612	-5268	8138	742	-1862
16064	808	-5396	8870	1351	-1345
18316	1080	-4124	10385	1711	-2208
16236	1744	-3024	10136	2317	-1945
16648	1808	-5808	10222	966	-2522
16172	2188	-5808	9346	1776	-2043
16560	1312	-3444	9931	1968	-2077
15880	1584	-3652	11119	2026	-2294
15728	3492	-3980	7075	1480	-1226
15468	388	-4552	6872	1252	-898
15588	176	-3624	11306	1571	-1759
15632	2680	-3548	12277	1802	-1784
14620	3516	-3764	7726	1543	-438
15040	-252	-3844	7933	1570	-560
14844	388	-3264	11820	2454	-1738
14388	2852	-2892	12762	2129	-2249
14152	2508	-2596	9661	1421	-1577
14800	-312	-3160	8969	1615	-1493
14040	304	-3212	12686	2095	-2115
14200	3672	-2820	12449	1876	-2123
14436	2036	-2508	8808	1536	-1395
15060	780	-2404	8769	1316	-1552
14708	828	-3124	10294	1388	-2142
14708	1932	-3492	10628	1533	-2316
14932	2004	-2620	9999	1494	-2798
14384	1420	-2012	10271	1355	-2949
14756	1444	-3388	9862	824	-3211
15088	2060	-2960	9740	1084	-3213
14800	2280	-2508	9384	868	-3339
15320	1700	-3144	9405	564	-3071
14920	1384	-3452	10117	681	-3308
15736	2212	-2292	11098	770	-3358
15788	3024	-2216	10620	338	-2876
15680	3708	-2656	8290	93	-1618
16184	820	-3848	8041	61	-1870
16084	2108	-3088	10219	538	-2368
16380	3664	-2356	8342	-73	-1949
17140	3012	-3228	6217	95	-1357
16428	2396	-3000	5840	-83	-931
17012	3160	-3596	4530	201	-337
17136	2020	-3104	4016	368	-128
16960	2684	-2648	5363	618	-249
17016	2056	-3444	3799	240	-465
16936	2372	-3248	3370	320	-634
16584	2368	-2680	1842	281	-638
16760	2500	-3180	1275	113	-380
16336	1464	-3776	415	113	-243
16248	2960	-2944	659	308	-140
16544	2328	-2972	-835	158	460
16312	2348	-3464	-788	361	737
16092	2600	-3008	-1607	161	1055
16460	2944	-3104	-2912	-171	1689
15824	3220	-2884	-4646	-164	2418
16708	736	-3784	-4036	-114	2153
16572	2312	-3360	-2435	3	1674
16472	3168	-2696	-4070	-325	1924
16536	1820	-3504	-5199	-395	1903
15896	2384	-3444	-5061	-600	1803
16296	2760	-3084	-6840	-713	2025
16088	472	-3272	-6477	-254	1337
15192	2708	-3452	-5397	-513	1103
15848	3792	-2672	-7951	-894	2173
15896	212	-3916	-8901	181	1861
15024	1352	-3856	-5539	-428	1002
14492	4372	-3524	-8401	-670	1879
16784	1852	-2868	-12717	-1402	2594
14840	-280	-4300	-8632	-750	1396
15280	3048	-4256	-7631	-1183	879
14700	5880	-2856	-12113	-1402	2503
14736	1388	-3136	-16765	-2185	3244
16236	-876	-4104	-12787	-1139	2337
14844	2468	-3776	-10499	-137	1493
15140	2532	-3476	-11080	-472	1037
16328	1016	-3540	-12543	-498	946
16164	1268	-2896	-11640	-439	493
15416	2260	-4236	-11913	-620	346
15412	1520	-4480	-13135	-525	417
15140	2060	-3256	-13099	-603	397
15468	1932	-3020	-14061	-752	546
15392	1800	-3504	-13880	-773	829
14592	2308	-4056	-13403	-778	893
14904	1336	-3536	-13858	-440	1003
15516	1564	-2716	-12790	-518	888
15204	2100	-2876	-12459	-657	1100
15088	2328	-4776	-12660	-768	1290
15416	1232	-4076	-12569	88	1479
15824	1636	-2804	-10607	233	1127
16368	1812	-3584	-9898	128	1264
15872	2032	-4412	-9742	26	1355
16680	1956	-4116	-10144	317	1599
16748	1088	-3952	-8314	585	1380
16256	2108	-3324	-6639	280	1064
16836	2360	-3896	-7937	-349	1586
16404	1560	-3776	-7117	-813	1683
16304	2408	-3584	-5808	-885	1539
17500	1784	-3784	-6143	-1058	1472
17384	1408	-3480	-4619	-1003	1164
17676	2476	-4116	-4193	-1412	1033
17832	1276	-3580	-4059	-855	864
17756	984	-3364	-926	-783	-119
18480	3500	-3084	-1268	-1013	243
18992	2476	-3796	-2557	-1338	874
17672	2016	-4056	-1337	-1135	838
18828	2976	-3380	-1584	-1488	792
19024	2008	-2160	-2134	-1630	867
19304	1564	-3064	-1276	-1559	253
18152	2600	-4132	-1949	-1587	232
18900	2284	-3464	-3590	-1805	-19
20152	744	-2704	-1619	-1319	-431
18992	3208	-2884	148	-1309	-668
20024	2688	-4092	-842	-1410	15
20696	2352	-2920	-97	-1209	186
20296	2512	-3408	-1087	-1430	337
20676	784	-3964	97	-1263	71
21148	2100	-2960	2244	-602	-626
20668	3524	-3044	699	-290	-184
19792	900	-5180	454	-198	-196
20484	2144	-3044	3480	687	-423
19488	3516	-3544	3243	802	-361
19600	1400	-4976	2763	636	-228
20564	2680	-2244	4202	1363	446
19116	1708	-4840	4982	430	91
16376	-868	-5224	8025	1266	287
20052	3436	-4764	7768	1385	-2327
17572	1080	-3000	6124	2303	-1657
17212	608	-4832	9672	1214	-2088
15868	1884	-4788	10236	2415	-2054
18488	3120	-3560	9204	883	-2499
15492	808	-4564	8567	1358	-1603
16112	1384	-5212	10591	982	-1947
16220	2612	-4756	9778	1529	-973
15104	516	-3032	7958	1547	-1657
15292	280	-3148	10294	1172	-2796
15024	1820	-4784	11119	1791	-2487
14288	3100	-3516	11076	2056	-1632
14496	1616	-3516	9631	1641	-734
14720	-360	-3568	12061	2176	-1112
13328	2296	-3000	13950	2483	-1596
13328	2480	-3044	11903	1485	-1314
14760	460	-3676	11192	1570	-1234
13976	712	-2496	14196	1778	-2006
13884	3300	-3124	13819	704	-1422
14392	2132	-3204	10478	390	-595
13788	1712	-2524	10914	673	-327
13284	1728	-3160	10412	374	-364
14896	1024	-3340	11213	406	-1019
14520	1556	-2620	11894	785	-1606
14512	1944	-3140	11101	-101	-1635
15568	2560	-3452	10346	-35	-1494
15204	2520	-2732	9442	559	-1350
15368	1116	-3556	9513	243	-1468
15668	1824	-3144	10377	707	-2146
15536	2352	-2604	9881	432	-2501
16012	1792	-3348	9025	180	-2893
15840	756	-3892	9605	108	-3707
15824	2232	-4088	9323	-108	-3935
17100	3092	-3624	6822	-104	-3498
16652	2660	-2628	5805	108	-3074
16392	1732	-3968	5549	-539	-2697
16768	2192	-4044	5634	-433	-2454
16416	3320	-3076	3541	-552	-1938
16572	1752	-3832	2493	-700	-1469
16268	2804	-3628	2043	-692	-1351
16592	2548	-3560	1497	-744	-1177
16340	2432	-3536	1076	-305	-1135
16536	1916	-4504	402	-675	-703
16708	1864	-3144	698	-74	-894
16600	2620	-3244	608	-173	-665
16100	2792	-3768	-501	-384	-370
16800	1152	-3904	-1884	-261	0
16308	2200	-3060	-992	143	-225
16480	2748	-3520	-2412	-498	284
16692	1112	-4272	-2659	203	263
15868	2640	-3220	-2512	94	592
16708	2700	-3588	-4761	-22	1494
15948	1728	-3836	-5443	-84	1770
16060	3112	-3468	-6089	-398	2286
16436	4104	-3532	-9755	-853	3211
16372	36	-5136	-10592	-321	2487
16168	1836	-3468	-7030	-409	1310
16044	3876	-3100	-9557	-536	1592
17192	3448	-3620	-12489	-1135	2346
14912	520	-4404	-10641	47	1544
15708	2984	-4340	-9633	-536	1243
15360	3556	-2368	-12016	-642	1931
15856	2536	-3872	-13129	-717	2163
14608	2088	-4512	-11055	-783	1903
14576	3488	-4596	-11072	-818	1776
14724	4028	-2548	-14274	-1270	2809
14948	1424	-3728	-14401	-1337	2904
14408	2104	-4392	-12249	-1303	2396
15512	3888	-3364	-13441	-1356	2543
15776	2492	-3716	-13976	-1169	2969
15652	348	-4296	-11677	-390	2090
15400	3248	-2516	-10522	-941	1530
15368	3896	-3404	-13558	-1568	2332
15176	84	-4400	-13469	-1408	1880
15376	2740	-2876	-11738	-1118	1319
15152	2532	-3208	-13043	-1799	1764
14796	2000	-3936	-13191	-1295	1924
14704	1908	-4404	-12829	-1497	2088
15032	1592	-2172	-12339	-1195	2192
15000	1564	-2676	-11305	-1336	2011
14736	1660	-3888	-10394	-1182	1967
14540	2748	-3512	-11511	-724	2237
15884	1112	-3796	-11405	-1080	1723
15508	1364	-3052	-8911	-263	1339
15560	2996	-3196	-8820	-679	1072
15644	1532	-4308	-9549	-565	1479
15692	1928	-3724	-7691	16	1109
15676	1868	-3844	-7013	239	918
16112	2136	-3804	-6531	487	953
16292	1784	-3544	-6464	301	972
16644	2088	-3648	-5433	-180	718
17220	1540	-3876	-3965	-442	356
16692	2856	-3876	-3013	-245	692
17676	2708	-3556	-3104	-561	1195
17328	1492	-4468	-2858	-742	1315
17616	2868	-3724	-2130	-642	948
16968	1512	-3952	-1894	-1110	661
18304	1624	-4012	-621	-984	271
17672	3868	-3592	-2559	-852	1097
18088	972	-4748	-1507	-1601	882
18044	1768	-4108	1098	-820	324
18604	4004	-3228	-1862	-1180	923
18556	748	-4040	-1977	-1565	1090
18276	2516	-4064	929	-793	622
18668	2528	-4144	-14	-1184	575
19336	2408	-3608	-941	-999	752
19360	2696	-3576	-164	-1285	505
18624	1564	-4612	80	-1234	415
19924	3564	-3812	-1412	-1402	676
19608	2032	-3808	-2055	-1415	935
19656	1540	-4556	-290	-1089	447
20220	3004	-3652	-208	-995	575
19988	2048	-4020	-304	-695	602
19824	1340	-4588	605	-278	-40
20012	384	-4376	2021	-10	-726
19904	2192	-3996	3368	880	-934
18784	1676	-5588	2837	686	-692
19276	2820	-5716	2543	-61	-446
19496	840	-4040	2718	349	110
20256	116	-5168	7367	158	-432
19092	1344	-5580	8629	974	-950
18360	2784	-6384	7212	149	-790
20556	592	-7316	8204	-1205	-781
18420	128	-5328	9719	1421	-2452
17272	928	-5736	10081	-45	-2861
18012	1236	-5556	11245	86	-3083
16860	2492	-5460	10518	593	-2726
17008	-508	-6260	10176	438	-1993
17268	-348	-5636	15044	1312	-3034
15848	3204	-5308	11988	1408	-2517
15200	136	-4664	9785	943	-2447
15904	-276	-5076	12750	1579	-3243
14916	576	-4196	15221	2378	-4175
14080	2556	-4648	11702	2025	-3369
14360	932	-4524	9055	1786	-2498
14012	208	-3544	11303	2570	-3164
13908	696	-3824	13229	2653	-3637
13724	724	-4688	13390	2988	-3591
13304	3044	-3024	11670	2796	-3162
13156	1236	-3132	9293	2222	-2442
13584	-540	-4204	11296	3027	-3020
12668	2356	-3124	13092	2979	-3754
12516	2572	-2588	10878	2707	-3021
13428	1128	-3032	9769	1832	-2477
14128	1264	-3292	11004	2438	-2415
13620	2332	-3096	11336	2584	-1805
14256	2208	-3048	10462	2099	-969
14936	1560	-3380	11070	1865	-527
15184	2704	-2832	11319	2015	-436
15308	1652	-3428	10918	1250	-169
15720	1892	-3576	9951	1551	-111
15680	1192	-2588	9571	784	-929
17196	544	-3392	11123	461	-2245
16452	2596	-3456	11162	166	-2176
17068	3012	-3712	8964	-285	-1407
16456	1484	-3428	8288	575	-1321
16312	1096	-3016	8884	45	-1691
15988	2092	-3348	8973	45	-2156
16616	1760	-3052	7633	-470	-2449
16272	1192	-3732	8142	-400	-2859
16288	3344	-3948	7473	-764	-2643
16504	2636	-3188	4711	-695	-1981
16708	1496	-2628	5518	-634	-2143
16024	3104	-2764	4977	-974	-1846
16740	2720	-3052	2564	-1208	-1395
16120	1520	-3340	2406	-910	-1276
17212	1920	-3184	3105	-1060	-1671
17000	2588	-2920	1857	-676	-1497
17076	2712	-2828	1036	-887	-1336
16968	2248	-3192	-469	-560	-1259
16568	2076	-3204	-1225	-657	-1219
16664	2124	-3016	-2012	-531	-1153
16536	2076	-2656	-2432	-234	-855
16288	2348	-2736	-3011	-69	-237
16424	2340	-3916	-3749	23	480
16680	1984	-3188	-3745	513	889
16016	2872	-3268	-4251	405	1537
17024	3128	-2628	-6263	198	2127
16456	1492	-4080	-5546	153	1279
17424	2092	-3868	-5268	-453	820
16644	5156	-3300	-7432	-419	1737
16824	2676	-3308	-10365	-806	2352
15612	296	-4264	-7556	-375	1501
15012	3660	-3636	-7697	-415	1479
15904	2424	-3188	-9639	-533	1798
14780	2232	-3304	-8718	-406	1445
15248	3748	-3716	-9466	-892	2044
14960	2148	-4368	-11713	-117	2826
13868	2288	-3560	-10926	-306	2955
14620	4128	-3480	-13943	-1408	3989
14324	1532	-3700	-15681	-1273	3987
13856	1092	-4456	-13279	-1660	3322
14988	4192	-2512	-14167	-1710	4109
15156	1148	-4620	-16197	-917	4115
14688	852	-4560	-12889	-884	3770
15448	3624	-3164	-13811	-1405	3981
14888	964	-5260	-15715	-1170	3562
14928	-88	-4112	-13142	-1500	2208
15160	1420	-3688	-10900	-1259	908
14404	3484	-4404	-12588	-2549	1135
15768	872	-4560	-15345	-1391	1930
14496	1256	-3984	-12248	-1867	734
15592	2312	-3300	-13060	-1986	931
14868	1808	-5556	-14081	-1523	1334
14668	556	-4840	-13049	-1455	513
15264	2716	-3004	-13166	-1488	1101
15708	1628	-4444	-14770	-1925	1659
15572	1276	-5416	-13624	-1182	1732
15940	2640	-4580	-13267	-1360	2019
15868	-156	-4272	-13953	-1474	2227
16272	1372	-3980	-10781	-1118	1682
16056	2348	-3988	-11192	-570	1869
16128	788	-4904	-11743	-465	1991
17244	1424	-4248	-9679	-68	1684
16272	2048	-4024	-8576	34	1610
17320	1924	-3364	-9105	59	1568
17544	1580	-4044	-8690	240	1446
16836	2536	-4068	-7234	444	1678
17832	1736	-4560	-7787	-82	1792
17852	636	-3704	-5918	473	1221
18264	2172	-3320	-4275	314	578
18024	1724	-3840	-4099	145	353
17860	2988	-3596	-3740	183	874
18348	2012	-4344	-4422	-585	842
18992	1340	-3820	-1260	-58	504
18892	2892	-3948	-1072	-323	469
18960	1700	-3820	-1236	-797	473
19000	2584	-4236	-905	-742	418
19752	2568	-3832	-1428	-695	445
19612	1184	-4384	-421	-939	-13
19768	2456	-3784	148	-909	-163
20040	1744	-3544	1215	-962	-424
19888	3052	-4272	1705	-888	-363
20248	2616	-3656	837	-1225	172
20364	1648	-3984	2235	-1036	-127
20192	1912	-3948	3134	-1073	-444
20492	3252	-3488	2541	-955	-87
20404	1124	-4472	3101	-866	-149
19876	548	-5672	6614	-127	-1109
19556	5472	-4108	4761	116	-699
20412	64	-4184	3129	-13	-164
18684	896	-5460	8728	1065	-1642
18088	3040	-4352	7392	-521	-2522
19676	1640	-4876	8362	915	-1261
17356	2280	-5248	11111	738	-1527
17744	2548	-5564	9257	1127	-1796
17700	1664	-4952	8340	1394	-1842
17208	224	-4452	10395	2025	-2329
17148	2460	-4188	11869	1807	-2808
16364	2440	-4644	10493	1607	-2353
15656	672	-4908	9937	1765	-2223
15848	528	-3936	12001	2420	-2742
14784	1544	-3732	13263	2289	-3138
14840	1708	-3436	11479	1959	-2945
14724	1356	-3520	11087	2112	-2887
14020	380	-4388	11319	2325	-3147
13936	900	-3460	12341	2770	-3063
14200	2820	-4124	11020	2596	-2570
12864	2064	-2364	9140	2720	-2101
13096	272	-3300	9692	2425	-2163
14772	136	-3140	10802	2340	-3002
13656	1408	-3440	13684	3581	-3422
12016	2920	-3736	12178	2805	-2814
13528	2316	-2888	11123	14556	1944
-1820	11646	2223	-2290	12892	2016
-3460	12607	2461	-1461	13532	3172
-4336	11208	1421	-1313	15264	2532
-2512	9683	1606	-871	14736	1440
-2024	11160	1355	-1245	15228	2420
-3508	11392	798	-1154	15404	2336
-3772	11144	829	-1397	15832	2204
-2816	11083	1054	-1314	16264	2596
-3100	10486	552	-1535	16048	1980
-3844	9784	470	-1298	17028	2376
-3532	9468	96	-1738	16468	2552
-3072	9018	521	-2117	16444	2728
-3232	7713	-167	-1657	16152	2820
-3192	5796	-285	-1288	16144	1848
-3352	5672	-128	-1282	16040	2400
-3332	6295	-77	-1197	16568	2548
-3628	4758	57	-827	16924	1772
-2740	5572	274	-1226	16580	2604
-3116	6297	200	-1640	16876	3188
-3048	3530	-186	-1356	17024	1540
-2828	2571	-5	-1402	15800	2172
-2652	3236	-26	-1863	17580	2308
-3864	2349	-469	-1648	17524	2948
-2780	1461	-177	-1275	16668	3872
-2728	-150	-755	-17	17152	3224
-3804	-2866	-282	880	15504	1116
-3244	-2533	-1	708	15632	1572
-2388	-1694	239	-158	16096	2220
-2876	-1475	-238	-316	16152	2224
-3524	-1728	138	-296	16344	3252
-3684	-2231	208	419	17092	3776
-3688	-4338	278	1663	16500	2604
-3132	-5346	239	2316	16800	2176
-3812	-5618	76	2225	16400	1892
-3616	-5791	83	1452	16240	2732
-3132	-6204	-365	977	16520	3376
-3208	-8124	-880	1182	16288	1944
-3404	-8710	-599	1436	16012	3020
16048	3504	-3872	-11922	-637	2938
15744	1740	-3708	-14576	-806	3921
15848	1896	-3284	-15022	-1018	4274
14760	2368	-3204	-15696	-939	3984
13948	2296	-3852	-16298	-1460	3655
14748	2084	-4060	-16733	-1453	3970
14020	2000	-3212	-16388	-1592	3556
14440	2320	-3428	-16443	-1861	3319
14456	1160	-4044	-15571	-2269	2931
14356	2352	-3324	-15505	-2298	2792
15280	2172	-3532	-16875	-3011	3024
13720	-768	-5524	-14231	-2350	2417
13848	2512	-4216	-11020	-2455	739
13684	3688	-2400	-15405	-2755	1855
14932	-584	-4880	-15866	-2542	2370
13540	548	-4664	-11574	-1857	1002
14916	3352	-3876	-12933	-2133	1467
15440	1580	-4164	-16143	-1608	2920
16104	328	-4196	-12314	-1467	2393
15140	2892	-3952	-11810	-1666	2395
15496	-804	-4780	-10731	-1297	1128
14840	3668	-3128	-9920	-1071	1308
15688	1544	-4512	-13973	-1862	2104
14936	-1124	-4660	-10522	-1162	1605
15488	2604	-3972	-6999	-191	1020
15720	3128	-4348	-10181	-658	2348
16704	1104	-5204	-10133	222	2984
15716	1424	-3604	-8667	535	2490
17668	1604	-5692	-8954	298	2385
17208	1592	-4348	-7217	1265	2324
17160	3108	-3680	-8057	-232	2019
18060	24	-5296	-9091	-59	2025
17740	496	-4164	-5138	450	833
17592	3388	-4696	-4609	808	547
17040	2112	-3916	-6788	228	1053
18500	668	-3696	-5774	72	610
18100	1324	-3096	-3195	378	258
17464	2924	-3768	-3801	184	542
18172	840	-4136	-3132	0	794
18972	2680	-3500	-1243	186	744
18732	2764	-2884	-1893	-46	1015
18952	1816	-4860	-4057	-569	1577
20020	1208	-4300	-1774	-195	792
19832	2284	-3668	-783	-108	171
20560	1828	-4148	-547	-192	-111
19860	2560	-4152	-688	-363	-79
20856	1684	-3996	153	-760	-145
20480	2676	-3640	1047	-904	-293
20168	1296	-4436	1945	-1116	-420
20812	1084	-4896	4638	-639	-958
20144	2432	-3708	4035	-686	-866
20368	1172	-4748	4393	-1021	-1150
19724	2744	-4764	4281	-1549	-841
20580	1556	-5276	4260	-1653	95
20016	1632	-4292	6840	-919	-35
19504	416	-5920	8246	-884	-768
19428	1068	-5984	10086	-86	-1933
19248	1540	-6008	10499	-237	-2358
19292	2384	-5272	11118	-26	-2543
15480	-1160	-5892	9690	-902	-2322
20552	1360	-6640	11243	329	-1863
17156	1512	-5960	11672	825	-2114
17688	396	-5576	12655	-23	-2172
17080	456	-5968	14395	825	-2944
15488	1412	-4696	13662	868	-2866
16672	224	-5204	14264	935	-2921
15656	2224	-5136	14252	1481	-2565
14484	1416	-4580	11714	1116	-2230
15416	-468	-5316	12354	1277	-2263
15272	1240	-4584	13477	2096	-2835
14480	1584	-3968	13936	2608	-3040
14236	796	-4720	12134	2476	-3383
14392	-100	-4648	11516	2670	-3857
13332	396	-3880	14020	3561	-4835
13292	908	-3452	14954	3261	-5057
13440	1916	-3448	14183	3678	-5046
12124	1988	-3628	12469	3949	-4208
12268	1820	-2964	11886	3209	-3425
13472	412	-3464	12819	3756	-3625
12744	1456	-1768	14814	3956	-3996
11576	2176	-3696	13728	2840	-3618
13704	2716	-2764	11476	1948	-2429
14672	2044	-2508	11119	2470	-2020
13244	1104	-2424	12283	1974	-2392
14632	1760	-3216	12001	567	-2022
16080	1636	-2876	11143	1039	-1945
15124	292	-3864	11178	1051	-2248
14784	1912	-3476	12830	638	-2985
15768	3576	-3524	10888	-1018	-2474
16772	2840	-3764	8458	-460	-2058
16032	2708	-4004	7577	-681	-1411
16908	1292	-4260	8105	-338	-1179
16528	3364	-3376	7905	206	-1138
16532	1200	-2376	6944	-370	-1661
17096	300	-2632	9412	-459	-2726
17072	4692	-2588	7242	-547	-2170
16772	2704	-3276	2448	-1060	-1540
16880	1396	-3648	2910	-923	-1677
17328	3188	-3152	2482	-431	-1372
16260	3128	-2436	700	-489	-471
16392	2272	-3620	242	-313	164
16480	3884	-2868	-1243	-233	843
17196	1472	-2696	-2352	-136	756
16928	2072	-2500	-1797	22	506
16764	3056	-2572	-3736	-259	780
17016	1656	-3008	-4511	-34	740
16084	2444	-3460	-4011	187	759
16304	3696	-3016	-5690	345	1683
16896	2708	-3552	-7737	364	2224
16152	1964	-3444	-7832	289	1872
17136	2280	-3532	-7422	126	2105
16144	2244	-3864	-8531	396	1883
16052	2640	-3464	-9319	-50	1936
16732	1752	-3592	-10366	-469	1941
15348	1328	-4240	-9428	-7	1386
14676	3412	-3784	-10015	-937	1610
15188	3448	-3180	-13569	-1345	2603
14824	-368	-4252	-13013	-495	1923
14100	1344	14160	4588	-3032	-12758
-1741	2410	14424	2092	-3568	-16550
-1287	3434	13900	108	-3660	-13740
-1737	3092	13876	2764	-2684	-13395
-1346	2981	14296	2300	-3508	-16343
-2279	3488	13944	844	-3948	-14255
-1873	3063	13824	1948	-3620	-13892
-1974	2495	15172	1716	-3132	-15427
-2314	2422	14372	112	-3912	-14222
-2284	1780	13112	3056	-3728	-13556
-2455	1580	15208	2240	-5424	-18125
-3010	2531	15148	-340	-5456	-16281
-1086	2507	14284	1616	-4324	-12205
-1400	1113	15352	4532	-5168	-17713
-2051	2680	15628	-728	-3848	-19474
-1609	3447	14964	496	-4648	-12285
-1294	1827	15040	2476	-4060	-14667
-1143	1844	16496	140	-5404	-16920
-1248	2546	15824	1876	-3396	-11982
-653	1777	15960	3424	-3652	-13663
-1347	2677	17080	100	-4860	-15702
-1400	3386	16752	904	-4268	-10386
-90	2422	16668	3356	-3828	-11925
-383	2645	17648	812	-4088	-13105
-317	2781	17644	568	-4748	-8635
517	1674	17460	3088	-3888	-7309
138	1536	18272	2652	-4156	-10095
-247	2142	17704	388	-3872	-9051
-404	1655	17632	1868	-3860	-6063
356	1006	17772	1948	-3204	-6067
297	677	18532	1836	-3680	-5088
645	427	17036	1892	-4592	-5031
412	807	19320	2480	-3640	-4450
576	959	18992	1624	-3664	-4478
349	809	19336	64	-3772	-1257
493	-70	19868	3332	-3440	-628
263	-347	19564	2280	-4000	-2514
-293	229	20564	1276	-3844	77
-179	-233	19976	3100	-3832	-396
-215	-42	20320	1424	-3096	-912
-460	-113	20144	1496	-3960	940
-422	-674	20584	1940	-3568	2318
-567	-719	20432	1872	-3716	3896
-523	-1160	21288	1484	-3808	5080
-611	-1320	21388	-92	-4032	6826
-234	-923	20600	3996	-4848	8941
-622	-1255	20612	2560	-5600	5936
-833	-348	20580	-1500	-4500	10885
-213	-1227	20936	2776	-4164	12764
-95	-1563	18192	2288	-6324	10544
-294	-777	18840	-12	-5732	11755
-518	-1143	17364	2644	-4268	13145
-413	400	19864	2568	-5324	10463
-1051	-284	17596	328	-6428	11198
-328	-312	17204	2112	-5100	10434
-444	-975	17700	932	-5016	10898
-627	-1441	17232	192	-5872	12118
222	-2258	16632	2644	-4688	11328
103	-1030	15660	968	-4492	11988
785	-1527	15500	-904	-4636	14934
1454	-2569	14864	552	-4752	17504
1745	-3785	14148	3748	-3908	13603
1909	-2465	14620	1684	-3472	10716
1357	-1461	14532	368	-3008	11317
1918	-1744	12848	408	-3844	12498
2054	-1425	13588	1328	-3640	13285
2236	-1535	13600	2820	-3108	11722
2706	-1688	13172	628	-1596	9203
2445	-1433	13752	-736	-3000	10162
2019	-2308	12952	708	-3588	11149
2230	-3151	12912	2388	-3220	10660
2437	-3141	12764	980	-3248	9755
2113	-3191	13376	268	-2980	10903
1936	-3601	13432	1580	-2232	11353
1401	-3734	14408	3044	-2604	10402
631	-2992	14880	2244	-3648	8235
-271	-2046	14776	1756	-3744	7470
227	-1698	15808	1472	-3056	8328
-259	-2090	16144	1908	-3556	9431
145	-2729	16148	1720	-3308	9429
-239	-2930	15944	1964	-3432	8724
-397	-3176	16396	1072	-3468	9230
-411	-3851	16516	2136	-2964	10230
-391	-4184	16336	2404	-3160	7835
-755	-3563	16760	2560	-2976	6284
-834	-2753	16696	2076	-3392	5431
-857	-2362	17100	2428	-3440	4502
-963	-1865	16764	1820	-2880	3377
-714	-1495	16928	2092	-3060	3442
-732	-1397	17028	2896	-2600	2051
-508	-1032	16196	1712	-2960	1271
-162	-607	17064	2760	-2912	-151
24	-86	16732	2104	-2100	-1100
575	329	17244	2080	-2128	-1802
470	634	16412	1952	-3612	-2136
583	702	16432	2348	-3292	-3192
791	1097	16592	2260	-3208	-3898
940	1462	16048	1484	-3624	-4079
996	1710	16144	2988	-2596	-4648
983	2073	16772	2176	-3976	-6327
480	2352	16276	1604	-3716	-6087
690	1909	15692	2636	-4228	-6366
451	1862	16356	3500	-3132	-8382
211	3146	15724	744	-4024	-8453
761	2620	15068	2072	-3520	-6893
7	2179	14916	3192	-3040	-9478
-314	2739	14992	1012	-3396	-10765
-610	2850	14296	1164	-3756	-9796
-640	2346	14192	2692	-3688	-9763
-876	2313	14760	1564	-3980	-11443
-407	2721	13452	428	-3012	-9921
-1145	2114	15016	3412	-3304	-10686
-1552	2481	14020	1360	-4920	-12320
-1306	3035	14104	1532	-3188	-12185
-2045	2922	14856	1636	-3824	-13878
-1753	2781	13792	404	-3864	-12346
-1803	1972	15052	2236	-4148	-12174
-2476	1758	15656	2548	-3848	-16631
-2209	2597	14272	-980	-4736	-15871
-2026	1630	14940	1108	-5200	-12312
-1804	485	15480	2516	-3352	-14411
-1486	959	14812	-384	-4132	-15181
-1090	901	14264	1368	-4956	-13638
-984	423	15208	2100	-3468	-15362
-806	1115	15148	668	-2388	-16316
-1132	988	15144	-448	-5024	-14198
-883	891	15156	3124	-4504	-13483
-441	1357	15524	2568	-4016	-16383
-758	2466	16520	324	-4268	-15357
-220	2704	16528	764	-3800	-13239
744	1969	16656	1260	-4804	-12056
1114	1524	17452	1332	-5528	-9242
1903	1149	17568	2676	-4500	-9725
2013	1508	18488	1232	-3540	-9435
858	1369	18608	1820	-3824	-7603
895	1028	19092	1596	-4552	-6938
1244	1184	17256	2516	-3640	-5942
340	710	19608	2300	-4076	-7245
341	791	19700	668	-3412	-4758
640	284	18448	2028	-4512	-1905
1043	-46	18684	2708	-4588	-3672
384	238	19432	840	-3420	-1292
679	-139	19236	3484	-3048	-902
203	-130	19028	1080	-4300	-1157
-62	252	20788	1092	-3184	918
-284	-125	20668	2740	-2516	1397
-737	-428	20496	4	-5020	3429
-750	-1026	21656	3244	-3644	4244
-734	-1039	21148	2248	-3204	1913
-1255	-309	21732	1912	-3348	3842
-1391	-187	21596	2896	-4268	3443
-1428	530	21852	3328	-3052	2809
-1550	1283	21228	820	-4252	3086
-1368	1437	20780	720	-4652	6505
-532	268	20836	3984	-3680	5026
-429	147	20580	656	-4664	5051
329	240	20020	-836	-4632	8814
953	-1101	18668	3624	-4548	10056
1020	-1750	22020	3052	-3344	6546
-1161	-1074	18168	-1180	-4940	8057
3032	-443	17936	1084	-3312	10705
1577	-2155	17748	3428	-4464	10191
949	-1472	17280	1536	-4220	8674
1459	-541	15652	-896	-4756	10974
1398	-498	15236	2232	-4564	12505
1754	-1245	14548	1592	-4092	11085
2031	-1302	14504	2084	-3456	10609
1685	-1616	14220	60	-3756	11570
2060	-1567	13308	852	-3416	12717
2311	-1513	13384	1672	-2888	12806
2033	-1556	13732	1848	-2608	12691
2266	-1746	12380	1012	-3576	12812
2399	-1889	12408	876	-3456	12672
2212	-2121	13196	1692	-2516	13007
2240	-2673	13408	1408	-1752	12092
1970	-2903	12652	692	-3784	12884
1234	-3118	12900	2796	-2776	12051
1274	-2866	13984	2364	-1840	11136
587	-2422	14060	1080	-3104	12175
727	-2345	13380	2156	-3204	12882
545	-1958	13696	2704	-2780	11088
-46	-1352	14668	2236	-2416	11173
-39	-1019	14488	2652	-2412	11384
-663	-716	15672	3300	-3088	9457
-1367	78	16676	2228	-3688	9240
-573	-84	16000	1896	-3160	10175
-385	-873	16600	2788	-3084	8467
-1133	-1050	15952	2628	-2380	7011
-1408	-1032	16840	1688	-2700	6840
-2061	-1661	16908	2980	-3096	6801
-1074	-1788	16048	2852	-2912	5350
-1457	-1707	16924	2356	-3448	4116
-1438	-1891	16504	2964	-2912	3009
-1270	-2015	16452	2036	-2880	2102
-1063	-2229	16956	2556	-3284	1845
-968	-2223	16960	2684	-2912	824
-812	-2188	17320	2972	-3468	-78
-652	-2162	17452	2860	-2188	-2402
258	-960	17916	2756	-3112	-3170
347	-670	17124	3272	-3348	-3537
649	-842	16932	1976	-3956	-4118
847	-1007	17044	2440	-3020	-4079
1369	-1123	16860	2236	-2448	-4936
1545	-762	16500	3384	-3620	-5216
1615	-1138	17312	2076	-3008	-7642
1799	-1029	17444	512	-2876	-5951
1967	-1539	17944	480	-2936	2332
7775	-3739	15816	5980	-1088	-5604
1836	-2565	16912	4612	-2132	-10075
-327	-74	12028	-1200	-2328	-5282
-5852	158	24644	4060	-8140	-5594
2034	-201	13268	5792	-2052	-11981
18224	-1064	-3208	-18984	4965	2494
14524	-2200	-1176	-3406	-469	29
17612	1972	-2904	-3892	1410	-725
16844	2848	-1964	-1926	1676	-613
16788	3988	-1812	-7881	4269	-621
11404	2892	564	-7724	-5906	2711
18568	2488	-2260	-6583	-2330	954
18324	1420	-2724	-4680	669	1372
18660	-748	-2540	1057	5815	-181
13380	1704	56	2579	-1879	630
19068	4268	-2608	-342	-789	539
15868	1924	-840	-1144	59	-575
16888	2840	-1728	-1567	-292	-517
16760	2500	-324	-1464	-1360	276
16744	2916	-1556	-1985	-682	-125
