0	0	0	0	0	0
16036	1280	3180	-1454	995	-210
16476	3112	-1880	-2974	388	-170
16528	1744	-1332	-819	717	-322
16280	1544	-740	1104	1114	-2
16624	2352	-2268	3567	-692	352
15424	7200	-3104	-4426	-4725	286
19220	-2328	-2508	-379	1201	66
15132	4444	-1108	2697	420	-364
17220	2716	-2276	-1067	-21	69
16296	1816	-1872	303	67	20
16704	2624	-2004	369	-95	-135
16956	2832	-1824	659	160	-161
16632	2516	-1872	314	-249	-87
16832	2832	-2136	112	-94	-87
16648	2496	-1956	88	-156	-341
16808	2404	-1916	145	-208	-526
16644	2968	-1844	82	-233	-625
16460	2744	-1972	-319	-294	-541
16980	2624	-2696	-125	-152	-422
16880	2940	-1820	-106	33	-265
16408	3228	-1548	-503	-38	-300
16736	2776	-2392	-1456	-347	-309
16840	2688	-1700	-1699	-180	-617
17100	2832	-1604	-1454	-258	-776
16904	3084	-2260	-1552	-105	-854
16624	2768	-2468	-2422	-431	-774
16996	2984	-1732	-2017	-271	-1006
16864	3472	-1492	-1963	-613	-1393
17024	3936	-1944	-3791	-1151	-1281
17336	2400	-2472	-4449	-1369	-1957
18404	3196	-2084	-3320	-1096	-2932
17900	4424	-1232	-4315	-1227	-2861
18076	3844	-1760	-5470	-1162	-3129
18732	2328	-2800	-3990	-429	-4051
18016	4428	-1504	-2788	344	-4157
18404	5212	-2128	-3901	570	-4407
18224	4168	-1988	-4703	1037	-4157
17884	4672	-1264	-3661	1510	-4482
17884	5460	-1504	-3359	1868	-4709
17472	5084	-2116	-3816	1798	-4315
17632	5940	-964	-3300	2209	-4126
17800	5760	-1288	-3134	2613	-4624
18208	7316	-924	-3916	3389	-4230
17480	6284	-1056	-2927	3886	-4516
17524	7040	-1012	-1635	4561	-4682
17416	9452	-80	-2941	4425	-3893
17748	7444	800	-3421	4668	-3537
17532	8064	-728	-1226	5029	-3967
16860	10120	528	-3302	4950	-3199
16616	7492	332	-2524	4880	-3199
17064	9364	2352	631	4881	-3863
15752	12076	628	-2863	4707	-2505
16204	8624	888	-5882	4555	-1052
16888	7780	2932	-767	5425	-1676
15304	11896	540	-2054	5043	-1095
15304	9520	2140	-5190	5365	829
16504	6696	4884	-1561	7126	1163
12828	11744	200	-1128	7101	2284
14588	8932	6392	-4359	8503	4554
15080	4668	1452	-1095	8888	4172
11716	14904	3428	279	11552	4458
15148	7176	6984	-4804	10808	6373
11288	7600	420	-1464	12445	5701
10196	8976	5164	-1052	11401	6426
12592	6024	8396	-3251	10739	8098
10176	4860	3908	1034	9740	6223
7840	12620	6096	457	8736	6807
13144	920	8440	-2117	7321	7375
7664	5096	5440	4372	7757	5375
9684	6532	7180	1200	4893	6171
8796	3604	9228	925	5922	5099
8836	-52	8844	4971	3517	2703
7576	7340	7992	6034	2586	859
8956	1880	8804	-2006	2319	2358
8804	536	11028	4558	1758	-331
7056	3536	7284	3579	-248	-1874
10480	312	9404	2651	-1807	-2210
9032	1468	10056	8391	-1097	-5534
8352	6064	8344	3982	-3500	-5527
11940	3604	8392	870	-3896	-5206
9036	3288	11096	4163	-3536	-5926
9692	8932	7016	1976	-5253	-6469
13252	2980	8400	936	-5157	-6208
10656	8136	9920	3932	-4567	-5823
11200	7732	6416	622	-6025	-4758
13772	7084	7152	2285	-5051	-5626
11084	9960	8520	1261	-3997	-5347
12252	5960	5936	1102	-4655	-4530
12952	9688	5208	4028	-3407	-5059
11212	15132	7916	-1780	-3412	-3931
11932	4032	8312	-1533	-4544	-2697
13012	11132	2380	5696	-3151	-5275
11068	13364	7224	-1976	-3714	-3259
10444	6856	5720	196	-3381	-3747
13244	10908	3256	1786	-3440	-4018
9552	10960	6860	193	-1963	-3953
10636	10648	5120	217	-4159	-3836
13040	9392	3524	330	-970	-3614
9096	9420	5300	2912	-1008	-4859
11536	14348	3204	-412	-2370	-3410
10304	9092	4660	-4027	-1251	-1166
9496	10012	5112	4756	-2495	-4494
11032	16836	3552	-3446	-2787	-691
11684	5964	5320	-2505	-3197	-78
11712	13372	4132	6893	-2699	-2797
11480	17080	2848	-1341	-4317	146
13028	8784	5664	-2684	-3766	738
13200	11992	4312	6017	-3566	-1371
12184	16788	3376	-677	-4112	839
13336	10068	3936	-805	-3712	970
13428	11612	4604	3628	-2343	-497
12272	15752	2420	-1232	-2601	1688
12476	9528	3028	-2250	-3124	2548
14024	11252	3952	2290	-1657	1000
10860	15904	1916	-846	-1256	1834
13756	9996	2220	-5336	-3235	4089
14460	8964	4088	1565	-306	1453
12108	14352	1756	2098	251	1158
12920	12556	1068	-6652	-1498	4695
15368	6476	5372	-1248	-1799	3053
13028	12688	3164	3555	-277	1500
12908	12480	1148	-4070	-2271	4257
15080	7740	2760	-2666	-2737	4044
13248	10052	3412	3207	-1276	2123
13384	12132	2240	-1142	-1865	4160
14528	7720	2544	-2924	-2116	5081
14168	6384	2348	2399	-2058	3893
14392	13580	1664	233	-272	4249
14368	7112	2792	-4096	-2117	6575
15796	4500	1508	1358	-1964	5341
15300	11416	948	3383	-217	4214
14836	9148	3556	-4102	-1648	7364
15888	4260	1956	-1769	-3046	7798
16168	9448	76	3398	-1047	4732
14348	8684	2368	-2161	-1989	6991
17140	4920	2860	17	-2757	7536
15804	6952	700	3395	-1544	6496
15532	8648	152	-1122	-2144	7377
17616	3004	2012	-2198	-2748	8079
18160	2872	2164	2803	-1242	7170
16380	7888	-488	2528	-1291	6407
17140	5668	1156	-2406	-2746	8565
18100	1964	1012	-180	-2391	7124
18176	4088	-520	3157	-1672	4189
17772	3260	-708	-1094	-859	3393
17900	-600	-100	459	-1266	1165
18988	3720	416	2562	-537	-1055
17284	4568	680	1095	-829	-1460
17208	3140	-268	-352	-669	-955
16556	2828	-176	216	-655	-1258
17172	3896	1236	673	-29	-1446
16608	3068	108	532	-190	-1190
16748	3404	188	86	-193	-973
17388	3404	-392	369	-397	-2423
18404	3392	460	-36	152	-2585
17620	3920	72	826	160	-3902
18696	3564	-584	-82	166	-4450
17908	5424	-584	-1006	505	-5180
18424	3580	-556	-1094	-380	-5793
19316	5952	696	-1294	37	-6346
18064	5312	-2016	-3786	-962	-6404
18708	6156	936	-2204	51	-6139
18356	5720	400	-3603	-353	-6318
17268	6736	-880	-1876	180	-5991
16804	7776	-96	-3567	569	-5671
17276	7404	812	-4389	548	-4779
16648	6520	64	-1843	625	-5025
16700	7976	-460	-1064	1136	-5454
15816	10040	164	-3815	2072	-4189
15956	6744	1204	-1708	1891	-4176
16036	9556	664	-1148	1822	-4236
14816	10004	84	-3931	1909	-2974
15796	7496	1264	-2451	1814	-2937
15432	10036	1220	-838	2162	-3175
15512	10268	1248	-3144	2173	-1961
15548	7912	1220	-2737	2320	-1347
14512	11264	460	-1552	3133	-1393
15460	9856	1488	-4017	3515	-57
16704	7428	1984	-1920	4492	-568
15020	11296	764	181	4874	-567
15188	11580	3216	-4526	5156	1038
15964	7624	4380	-1914	6031	1221
15784	11496	2784	-1590	6543	1912
12096	10296	2620	-4741	7570	3908
13560	7088	1800	1368	6073	2826
14592	13240	4784	-3031	7826	4679
13112	7564	4984	-2657	7745	5319
14132	8492	3668	-3	8081	5753
14196	10396	4720	-402	9769	6700
12008	9060	5776	-2871	10473	8022
14576	6048	7124	-3585	11270	9494
11592	2644	6384	978	11675	10199
10420	12376	4148	5603	10708	5300
11024	6036	9988	-4960	10010	9556
9972	3468	7588	315	11380	8281
8208	4420	7928	4174	10649	4659
9284	6228	9592	1673	9457	3887
6176	3028	9032	-1852	8976	4156
7124	852	10872	2346	5462	1318
6968	7360	11196	2168	4137	-1180
6036	-636	9280	-3880	1136	-879
7756	2672	10048	3874	-1285	-4522
6232	6068	8828	-2501	-3963	-4807
9300	-1476	10188	-1606	-4417	-5716
8516	276	9872	5580	-5508	-8924
9692	6772	7316	4087	-6123	-9719
8748	2440	8796	1389	-6306	-9793
11516	6108	7756	2870	-8938	-9229
10024	3572	9072	3730	-6859	-9094
8640	8824	8444	3363	-8169	-8668
13540	8180	5284	-2506	-9056	-7029
11904	1016	8396	4841	-6283	-8431
11884	14160	5664	5898	-6948	-7723
14260	9776	5652	-1930	-5112	-5102
10204	7164	8228	5905	-4311	-7043
12024	14364	4184	1773	-5589	-4137
12552	7648	7764	-492	-2888	-3550
7716	13004	4940	6447	-4356	-5755
17136	13180	292	-3539	-3464	-2596
6332	6164	10956	4888	643	-5961
11936	17704	988	948	-4499	-4038
13864	7776	5228	-3855	2296	-3736
5124	11052	6720	9053	478	-7385
12344	19288	520	-4433	-1297	-2600
10476	2908	7188	-4925	1967	-2553
7152	15100	5312	7479	-152	-4878
10384	19236	2788	-6854	-1415	361
10088	2052	7724	-2675	-1639	-1171
9788	17244	3864	6270	-1692	-2719
8508	16944	5604	-5282	-3461	1844
13124	8660	4796	-3681	-5179	1549
11256	11488	5288	4158	-3176	25
10076	16320	5360	870	-5648	1389
13712	12640	4048	-2883	-4786	2917
12308	8400	4692	2623	-4427	1442
12388	15964	3676	897	-4081	2485
11884	12148	3624	-3237	-4223	3912
13468	8336	4900	1250	-3326	3343
14316	14288	2352	590	-2441	3725
11988	11464	3304	-3403	-2707	5358
14184	9912	5288	-305	-2923	5364
13716	11308	3596	935	-1449	4870
13152	13456	1692	-5511	-2729	7034
14872	7480	4324	-4121	-3433	7385
14868	8180	4136	2244	-1627	5463
14712	12860	1680	-926	-1208	6190
14000	8976	2252	-4928	-3276	7843
16032	5560	4636	963	-2401	5678
16264	11024	2420	3015	-664	5107
14048	9832	2912	-3854	-2476	7237
16300	5740	2544	-882	-3381	6701
17328	7456	4592	3096	-731	6096
14980	7832	800	290	-1581	5623
15164	7888	1544	589	-2954	6376
16784	6112	3536	863	-2141	6617
16420	5348	2208	1252	-2098	7028
15980	7624	1268	3348	-2655	6551
16564	6480	1968	-477	-3148	7272
17768	2404	1324	165	-3047	7261
17868	4836	-36	4775	-1746	5321
16120	8868	1372	191	-2000	5440
17356	2584	1580	-2827	-4120	6697
18268	1588	60	648	-2736	4725
17480	5620	292	979	-2108	3189
16888	2432	132	-1126	-2133	2984
18088	-216	-976	1907	-1924	1000
18096	5248	808	2578	-938	-761
16888	2264	-72	-1074	-1703	-873
18676	2308	-424	721	-831	-782
16544	3624	388	821	-158	-1336
17060	4616	1068	-1212	-688	-453
16304	1696	-912	-1088	-743	-906
17056	3244	144	-39	-239	-826
16696	3672	276	-431	167	-1273
17264	4424	372	-284	38	-1427
16660	2612	-552	-1772	-80	-1338
17484	3616	272	-151	282	-1639
17144	4928	860	-890	736	-1935
16848	2520	-1348	-783	-217	-2734
18296	5416	300	-481	1082	-3016
16992	3392	468	-1404	759	-3905
18044	4396	188	292	736	-3801
17448	4900	-388	-718	946	-4436
18900	5884	556	-1825	1423	-5018
18164	4488	676	-2096	1393	-5631
19292	4688	320	-533	1609	-7084
17688	7776	1156	-1880	2427	-6758
17368	6032	-608	-3829	1864	-6171
17704	5548	412	-1187	2794	-6701
16512	8736	3112	-1201	3198	-6312
16848	6572	20	-2140	2941	-6052
17024	7552	1272	-1027	3476	-6354
16076	7752	1272	-69	3479	-6753
15752	11920	2616	-1922	3553	-6224
16368	8112	1392	-4043	3076	-5724
15712	9776	2552	-1667	3561	-5878
14916	10024	3332	-4372	2789	-5190
15276	8660	2192	-420	3763	-5527
13872	12272	2672	-2097	3017	-5217
15540	9812	4036	-4476	3634	-4057
13548	9040	2932	249	3495	-5053
14228	15504	3428	-4132	3816	-3746
13332	7952	3884	-4654	4505	-3157
14268	10304	3344	570	4804	-4189
13468	13892	4084	-4275	5212	-2640
12388	10388	5104	-5617	4640	-1734
13696	10888	4416	-4136	4512	-1214
12076	11100	6324	-2726	4870	-538
11752	11000	4716	-1939	3410	82
12092	13408	4356	-4355	4037	1576
12472	10132	7804	-5244	3447	3097
11368	10656	3692	-2456	3968	3034
10004	12184	6920	-674	4221	3257
11488	12092	7248	-7150	3064	7156
11660	4232	2184	-3619	3430	5420
9984	11944	7668	6305	4837	3134
11444	14324	8092	-5318	4804	6802
11212	4940	3112	-8517	4569	7525
11300	8852	6500	2170	7134	4168
10460	8512	6556	-934	7478	4503
10988	8040	6592	-4437	7578	6479
9216	4816	6272	-211	9257	3915
10236	8660	8692	1030	9051	3366
7732	6992	9864	-3714	8861	4476
8720	3372	9004	-2946	7594	3716
6480	4420	9884	654	6654	2040
7264	4396	10724	-1706	4321	2712
7184	3292	10984	10	3355	1613
6184	5020	9720	848	437	-66
7808	4216	10844	577	-390	-490
7984	1720	10604	536	-2581	-2121
10136	5052	10364	3269	-2078	-3840
7692	7316	11552	-464	-2442	-4222
11676	4144	10032	193	-2925	-4640
9980	4796	10968	2638	-2794	-5270
10080	9196	10276	2019	-3544	-5131
10832	5220	11760	582	-3174	-4302
10080	9132	9952	1387	-3959	-4351
10464	5072	10160	882	-3895	-4339
8240	9496	10616	3370	-4225	-5427
10504	9336	7444	-2908	-5594	-3868
11668	3728	9060	293	-4084	-5239
6600	8780	9832	4352	-4348	-7025
11712	9704	5740	-1003	-6109	-4990
9684	6144	9848	862	-4007	-5405
7000	10048	8480	5548	-6243	-7122
12908	9708	3864	266	-6045	-5376
9016	3512	10308	4869	-2657	-6933
8144	14200	3856	8018	-4608	-8182
10536	10556	5468	-470	-2760	-5101
7232	7156	7672	6138	-1709	-8482
9048	17392	2848	2458	-2743	-6687
10264	6872	8132	-2816	786	-3789
6104	14104	4808	9171	-47	-8732
9836	18704	2612	-4655	-99	-2903
6864	5108	8364	1908	1768	-4265
7660	18540	5116	3572	285	-4511
7236	11640	5640	-2934	1241	-777
5088	12604	7072	6455	904	-3774
9500	19016	2612	-4846	-2733	864
9088	5644	8080	-2161	527	1959
4176	17776	5616	10343	71	-1907
9032	19916	3552	-5525	-3819	3812
11620	6212	7224	-4560	-1680	5183
7160	15604	3688	11633	750	-190
6272	22664	5156	-4681	-2043	3919
10416	8440	5228	-7754	-3993	7538
11684	9872	4408	6527	-1596	3698
9804	18348	5228	4095	-1717	3681
9096	16316	4416	-5279	-3879	7408
12464	8924	5808	585	-4814	7034
13320	13364	4312	6863	-2919	3949
11324	18180	4724	-7282	-3147	8169
12480	7768	4052	-3974	-4753	8224
16128	9852	4900	5877	-1958	5221
14300	16256	4012	620	-365	5971
12752	10432	4700	-3078	-2940	8482
16620	7896	5692	4099	-2649	5732
13960	13204	4512	2966	-227	5232
12756	12468	3292	-4210	-2940	8854
15584	6788	5096	36	-4242	7563
15616	9768	3684	3954	-2051	4811
13828	11308	3364	-416	-2874	6784
15448	7628	3868	403	-3848	6139
14740	8992	3552	1978	-2758	5622
14916	8380	2444	1538	-3187	6550
14924	8104	1956	775	-1880	6740
14764	7040	2444	1751	-2312	6749
15648	7156	1904	2088	-2406	6302
16892	6616	3068	3017	-1755	5854
15016	7728	1644	222	-1801	6566
15836	6196	892	821	-3205	6258
17160	6300	1808	1650	-2221	6230
15800	6312	1576	73	-2922	6571
17008	4628	1868	383	-3774	6189
17104	5568	-420	1340	-3107	5099
18140	5220	1404	-1465	-2671	5374
16492	2564	796	-152	-3148	3995
18400	5140	-980	3252	-2114	2194
15904	6128	540	-3636	-1277	2276
17356	148	-940	-2294	-2764	1338
18240	4184	712	804	-102	-111
16088	4636	892	832	-1077	-682
17460	3748	-620	-962	-1400	-222
16840	3984	580	-1218	-530	-204
17324	3388	172	215	-525	-862
16724	4272	-204	-1188	-70	-866
17212	3756	1080	-1371	-113	-770
16528	4076	192	-644	-70	-996
17244	4736	-44	-588	422	-793
16432	3840	448	-1320	1061	-1102
17412	2676	-80	-196	707	-1440
16860	5672	576	361	1458	-1459
16796	3992	416	-1009	939	-1427
17392	3188	-452	-115	1536	-1583
16432	5032	-172	343	1083	-2533
18080	6156	1144	-777	701	-2794
18144	3616	76	-1830	1580	-3371
17676	4396	196	-615	1827	-3895
18308	5932	752	-640	1549	-4969
18412	6076	2104	-2036	1849	-5195
18056	4536	-416	-1668	1983	-5928
18384	6796	1108	-360	2329	-6722
17200	7960	2324	-3266	2152	-5793
18140	6312	1728	-3141	2821	-6110
16672	5324	552	-1013	3487	-6455
17084	9476	2096	57	4123	-6654
15876	8536	1552	-3503	4060	-5883
17584	7124	3060	322	5172	-6562
16120	10840	3156	150	5561	-7387
15712	10136	1868	-1744	5239	-7329
15612	10380	4264	-3104	5343	-6648
15936	9752	2640	-893	5324	-7771
13120	13596	4068	-2315	5769	-7457
15016	9676	4160	-5230	5272	-6575
13328	10284	3644	-200	6262	-7449
12340	14536	5728	-4542	5014	-6077
13192	10020	5124	-5225	4776	-5136
11300	11956	5368	-1303	4820	-6165
11924	14244	5348	-8186	3181	-3184
12000	7712	6796	-4820	3510	-2994
11672	13276	5760	-1602	2818	-3840
10488	12144	5884	-5967	3117	-1320
10896	11304	5512	-4280	3049	-1085
11164	12020	6092	-5316	2993	427
9916	8904	7296	-2975	2908	835
9460	13196	5516	-1652	1996	1409
10792	10236	7388	-5321	3459	4062
9008	8764	5980	-184	3217	2791
9376	12580	7144	-3275	3292	4518
11696	9832	9016	-6168	4632	6528
8740	8140	2812	535	4999	2026
8228	12796	8856	-588	6118	3293
11496	7696	7504	-2900	6544	3925
10732	7948	6876	-56	8080	2640
8664	12196	9504	585	10000	1858
8832	8424	8916	-2770	9022	2974
9472	7816	7344	-2600	10349	3580
7004	9680	10308	-1	9747	3866
5524	7624	11160	-3308	8962	4548
4196	5136	9724	-3493	7051	4517
5640	4460	9652	7	5393	3051
4256	7788	10396	-3193	3856	3717
4576	24	12568	-3288	1784	2994
4636	4716	10424	3284	148	-772
5512	6160	10792	-2232	-2213	46
5608	-16	12400	4506	-3819	-1733
5304	8960	10484	4043	-5408	-3131
6992	3284	10116	1531	-6844	-2736
7044	6712	10080	5629	-7778	-3726
7752	7480	10328	4011	-8599	-3834
9296	6144	10392	5912	-8693	-4796
8564	11676	8400	4230	-8548	-4722
10200	6632	8776	1291	-8683	-4297
7348	10188	9112	6698	-7774	-6708
12244	12872	6104	244	-7541	-5296
8916	6656	9052	3082	-4949	-6586
10656	14696	6012	2832	-5736	-5934
9740	8248	9000	565	-3128	-4775
6372	13020	7084	6344	-3794	-7247
10564	16016	5096	-1884	-4599	-3024
8352	5008	7228	3861	-3018	-4392
7596	18180	5612	3991	-4355	-4629
9860	11788	6944	-4951	-3889	-1490
7064	7936	6148	6547	-3642	-4909
-5078	70	21775	1536	-4735	-3598
-27648	1054	-3036	-7133	31485	32248
248	-5076	-6116	-7115	-5621	13333
24303	17646	-12243	14388	4106	22272
8697	12534	-28652	-5065	-27372	24067
14074	-23307	13354	-5069	15120	7670
6900	-8964	-989	-4065	2070	-6899
7935	27894	-5100	3150	-3319	5386
1787	13558	21544	24623	-20720	4058
-8205	19469	16422	-6127	-31205	19222
8957	10491	-9192	-29616	16645	19726
18170	14591	-12248	19508	18191	27872
12530	-10223	20520	30741	17438	13588
8445	-22522	28702	-22442	13824	1540
-24587	25607	-11221	-28627	-21740	-2343
5873	26652	24622	14360	18460	-29417
20980	13322	-20437	-17326	-14582	-2560
3827	-23537	-30674	-32728	22536	10469
1773	14365	6197	20517	-25573	-31214
23287	-18417	1070	20549	1290	14597
-3849	1040	28722	-24529	18696	18924
-15887	22552	3126	7202	-31470	11529
25847	-19439	-32717	27704	18192	-10227
12794	-27633	-15313	12341	-19189	1000
-24076	-18402	8248	-26596	-7669	25335
13552	13339	58	-32723	4884	1046
22523	-26609	6192	4152	-10485	-23302
-22537	21	17463	16414	-25851	6642
29424	27673	21564	30750	27406	-2545
-20487	9230	-7118	-3023	-11252	9479
26877	2065	27699	2089	-19449	-29451
-16907	-30692	-11205	-9192	-9975	-9976
26868	15382	26679	10282	5390	-3320
-14600	-32750	2103	-25565	-26104	-28421
-24333	3099	-7110	13343	21252	31491
5875	-23528	13370	26658	-14578	8704
-29708	8217	-17345	-27621	-27390	12801
9714	30743	-9155	20509	1795	-17912
5109	-24554	18491	1052	-25332	12808
-12298	31769	8254	-22507	-24571	22274
-524	-8162	-6081	-19437	1023	-13559
-4107	29725	-1991	18470	-7423	22032
31993	17436	16450	23575	-10750	12543
29938	11299	-10168	-10235	20224	-23296
21238	21537	29767	23566	-32001	-11502
-14344	27671	11334	-12263	-8199	-5617
15353	9234	-29625	12308	-2816	1276
761	-6127	12358	14345	-10750	-15620
-777	20489	3142	-3061	-18947	-15098
-20999	25602	15425	17426	11511	-24324
-20486	15615	26692	-20471	9470	9215
764	-21251	31809	20500	-18687	23303
-3073	-31494	-25536	-18419	-22278	-21250
32763	13565	-22462	-2035	-18178	13826
-5120	17660	-29633	8206	-7683	-14585
-4865	-32518	27714	27671	7935	-24321
3584	17661	-21442	20488	28923	-3078
-22531	14589	-12220	-28654	-1283	6402
-13055	22781	9278	-26606	-9473	14588
30464	-2820	25668	15372	31230	25342
-24832	-7940	21566	12304	-23042	4097
-11518	-23301	28735	7186	22015	-27646
14593	15612	13375	-8174	-7939	-10500
-3071	3324	5186	-18418	27900	-10757
17153	-28420	26690	-30706	-14597	8705
8451	-8967	31810	-11242	-7940	-26367
28676	20727	-22462	-26608	-27393	-32262
-19452	-13064	8257	13324	-775	-6652
8964	-7950	14404	-23526	-5890	-11519
-13821	-13072	-31676	13337	-28669	-23563
-21758	-17168	-15289	-28658	3581	12788
-20479	23790	-11192	-20458	5628	-32264
15874	9453	8262	-29669	-18178	-1033
-25084	9448	16452	30744	10494	22772
-22269	29928	30791	27670	-10755	-29709
-21756	17639	-26558	6172	-6144	-774
-23288	-23323	10305	-11227	24327	29942
-22008	27879	1091	-24556	-5124	5618
25608	-11033	8255	3101	-18433	-27905
-18419	-6938	5182	-3031	-8696	3578
-31217	-28441	-9151	-8161	7678	23287
-17904	13542	31805	-2015	-2044	-19461
-12527	2277	-22469	5162	30217	-8963
-22255	-13083	5176	-977	-6395	30699
-30193	29930	10299	20512	22282	-8978
10255	16619	-27590	23594	28939	7937
3345	-14104	-5065	-32717	-14071	-6164
-499	-26389	25657	-10202	-30459	14317
-19437	24812	28724	-14295	7437	13825
6933	-27418	1074	12343	-21488	12013
27155	-15123	-16341	24615	-5875	-1046
23827	-4878	-26573	-8150	24845	25077
-31216	-3855	29742	27693	1038	-14098
-18413	25846	-20436	-9173	1551	7922
31248	4345	20534	-19414	27926	26095
-7155	4348	4138	23599	24083	8692
31501	-18177	-32724	-5073	-29680	12018
10758	24580	23593	46	17426	28142
28166	-31735	14379	27689	23833	19175
-28411	-6127	-10198	15397	2580	32244
-12024	17	-2005	27687	17940	-10764
-2554	5140	-980	25641	-12781	-2057
26121	-19438	-22490	-2004	1048	-29455
-21754	24	-18382	3097	23575	-3076
9992	-8171	-26582	-17359	-17124	3
-19185	14356	-25554	13341	-4329	-26637
-28151	9245	1065	7200	-15339	19732
32016	-9197	7214	29731	27163	-3585
-15859	24603	-19410	21527	6685	-6144
-6892	6175	11303	-23530	24848	1043
8207	-29670	8232	-31708	24089	537
-27630	23575	6184	-30690	-227	21763
32269	22555	-7128	-6133	18972	-5879
22795	-5092	-8150	19484	18974	-26332
-22518	17426	25643	9258	4899	29957
-20972	26644	-25557	-6920	-15580	9224
-24562	-16368	8237	-15325	-23523	31789
-24047	-31495	21538	20527	-16098	22785
22038	-18432	-11217	-4095	24866	-1016
-31473	-24323	-22493	9262	-28129	-28660
26127	-20237	4130	24584	11551	26866
-253	-3848	10277	27664	16421	20255
9984	-6931	18465	21556	-30434	-11512
4344	30961	-5087	9238	11042	19956
29677	4341	-16347	-8175	-17634	26630
3307	27887	30757	-23523	6678	-6140
-28187	22765	5154	-24545	-28130	30464
-6941	-4886	-25559	-30691	10520	-25599
15327	29928	30764	4117	-26604	-14586
-11292	31969	25637	3108	6937	-4592
-23838	-2850	10291	-25555	2839	9464
27621	16617	14365	19482	-2786	32520
26602	-16160	20533	-8143	14085	12037
-6435	23783	20534	11296	19994	-25598
-25872	-13079	-1005	29743	-20970	25369
27886	18654	8253	-28618	-13830	-4367
-19226	3308	15400	-18409	11545	6152
-30209	6374	-15329	14400	-12012	-14061
16368	2278	30774	-26570	8701	-11018
-10506	-29457	-5092	18468	-12516	21761
17148	-13075	-4052	-10176	19975	21507
-8464	-28434	-17361	18473	25612	2547
2304	-20233	-20459	16441	-13557	24071
-13830	-3858	-3021	17469	19713	29413
-8968	10493	-18396	5147	-14054	-6148
24070	-23301	-8162	9286	13064	24324
-25864	-29447	10288	3122	-18426	8673
31228	-32762	-19426	3105	-2019	21509
2815	-6916	-16345	19527	-12540	3577
-14347	17409	14378	3114	-24824	18656
5371	-15346	6179	24615	29976	18441
760	-24573	24611	-10172	20231	1021
31989	-3064	-27606	23593	8200	24552
28149	-18416	-13272	-2013	23054	-27384
-2056	-28665	19496	-6078	22284	25090
31990	-1014	-22487	-27597	-17909	20962
-32269	-25581	3121	-26592	-29937	-16143
19698	20502	22579	-19409	-6385	-29167
11254	15369	-17363	-963	24073	19188
23027	17425	-16334	-11221	14862	-25869
-13328	-20463	6201	-3034	-9970	-10501
20209	-26607	-3019	24626	-27890	-12790
-16907	5131	-972	-20428	22795	-16129
26355	19472	5178	14380	-10490	-22797
-269	-23535	3127	-20450	-5870	15110
32761	-31729	20533	29745	-28408	-6638
-29959	3082	-14281	31793	-28922	14577
-30218	8215	2106	15385	-13556	29184
-19720	2065	-21448	25638	29194	32534
-6404	-24566	-10186	-3019	-15866	29947
-515	16404	-8139	-19432	2822	-26638
-19467	-32743	-26565	20513	13064	14605
-9731	-15344	11320	28711	30726	-25085
-27907	6164	31800	-22495	-21502	19187
-17414	-21475	5177	8219	29958	7944
2811	-5099	-6084	-29659	1032	-6649
13562	28693	59	3102	4100	-19978
-27399	28702	-21441	-2024	11012	7178
-2054	15381	-13252	5155	-249	19203
16123	23575	-22467	-4072	-5629	-20742
26101	-4067	-12223	18456	23554	-9973
17655	22	-32708	5146	7685	24839
-1546	-12264	-23486	-18417	10493	27401
-22541	25625	2119	18452	-20484	-27378
30198	-9193	24638	7207	-25594	26113
-19207	4123	2120	20487	11523	-2313
18674	-31718	12360	15366	29950	28936
24570	18450	6207	30754	9726	-16887
20219	13322	7235	24578	-8708	-22279
-8202	30729	12359	28683	-29182	-9978
9981	-2045	11326	-15344	1278	517
-3076	-20225	15426	19	22777	24831
20219	-32768	-17344	-2037	-22531	-12552
-18947	13312	-24510	14345	14848	-29693
-23810	7421	-6082	25616	-6661	22787
23294	-19203	-19389	11281	-6147	-5124
5373	-11009	-28607	-7156	-13825	-3073
512	-30467	-14270	23560	27897	-20985
29183	17659	30786	-32745	31232	24063
30977	10492	28738	22537	19712	11262
-3842	-11013	67	-4084	10234	30215
-6143	15611	-31681	6168	-30465	18942
-20991	-22276	29764	12304	-24831	-20233
-15105	-6916	23617	27658	2045	17148
-24832	10491	-5053	12305	-4866	-18179
6144	-20230	-20416	-11244	-7427	-20233
-14848	-22280	6213	-23537	-9475	21750
-25856	1272	-23483	-16369	-20997	26111
-14846	-27404	29767	-17385	-32255	-1025
-30207	16625	-8125	-12273	18682	-18439
-18431	23790	-26553	25616	-19971	8191
-5887	6378	14408	-19427	14594	-17410
-9468	-21272	-19387	28692	23547	31478
10245	-7961	18500	27672	-5634	26876
-9209	26854	-18365	-18404	-25599	-267
6663	8423	29765	2072	-12544	-1287
21514	-8986	23617	2071	6140	19966
-25845	-10014	-11199	-17372	32260	-26370
13324	1253	-11202	11299	6403	17394
24589	15591	23618	-31718	28928	30463
-9458	3300	-28607	24614	19975	29951
15121	-28444	-30662	28711	-29700	-3591
-4845	7395	24637	-27609	-13048	-17928
10517	19686	-23491	14370	2571	5888
6167	-6940	-3017	25652	-17919	16122
-12264	6372	1082	5160	-32500	11498
-6633	-11031	27703	9250	15113	-29441
24857	3301	-32721	21567	17674	-15623
1814	25831	18488	-3031	30732	-4637
6163	-19218	-3022	13349	13327	511
13334	16617	-18382	-14276	531	31985
-12274	-25362	13361	-25555	-24312	-13081
29452	25842	5162	17461	-15597	13048
-31731	-5903	7214	-2002	-23022	25829
9222	-5894	14382	-18401	-21234	22776
-30202	31993	8231	-27585	3350	-16649
12549	-21250	-6107	12324	17948	-4625
29704	19464	17449	-12244	3083	-1290
26628	-26615	-19419	12331	-23798	29174
-28922	30731	7205	19505	-223	32761
-11511	-32754	30767	-3026	-15340	-2076
-26613	-15335	46	-27623	-3581	-1283
10257	-3063	17444	15423	-23260	-28928
32535	-12276	-19408	-29652	19226	10463
3865	20502	12336	5136	1541	-4620
21277	-5111	-10201	17463	1566	-26100
-26588	-24570	-32729	27696	-12766	21226
12583	-6127	14372	12316	-16617	-18198
-5853	-30702	31786	-22499	21523	-12541
23076	8203	-25572	-5074	-21467	6899
21033	8213	-22502	-22504	3619	7144
-28381	17434	2081	28691	-5344	29945
-21218	-32746	-19434	30747	28964	15886
-18145	12299	-17389	-7130	-30430	-9227
22031	-11253	14365	-27634	20776	-20493
21005	-13299	9241	-14314	7469	-9727
17926	-13307	25621	-8169	-26332	-28164
-4354	2049	-25572	20489	-21205	26370
16377	-21253	-5093	3105	25124	7685
2288	-24331	25630	1030	7208	9202
-25106	15606	29732	15376	-12754	-24558
-14352	-11029	-2017	-12252	32039	28424
8941	-18199	31780	-15347	-18391	15100
-15381	-28441	7209	19489	26408	-28402
-24851	28901	-3041	-18417	-10200	30728
-30993	-12057	-15333	26670	20003	-12526
23526	-20251	-26577	-21464	24862	3049
-2841	2292	22560	-32768	-28120	26881
28656	3307	19489	30771	-14053	1552
15079	18660	-30675	-27618	10266	-29699
4078	-18196	-18410	-19426	25889	-20456
7152	-802	-13281	11321	-13294	-24317
31971	30953	-28630	-6137	5412	-29438
16111	-13071	-7159	23599	13844	-1478
-9235	11483	6185	-18357	1787	-5903
8411	-13066	-22486	30969	-15068	20230
-20492	3320	-24558	-31676	1295	6201
-14603	13535	28719	-15290	-7168	31465
13035	12537	-4066	-14324	12068	8977
3582	26864	-9191	10312	15880	-32736
1528	11500	27684	-5057	-19195	-18715
9977	22781	23582	-28654	-6367	-28656
32518	14585	-18399	25686	-4605	-24308
26618	18680	13347	-15306	16406	17882
515	-22516	4126	13343	-27114	-18406
-29694	13561	27692	-17321	-7416	-19977
20738	7173	17433	3115	-29156	25313
-30971	-30702	26665	-14291	-30182	3849
25855	2056	2089	11330	2578	31738
30983	4116	13344	-29654	-29925	7670
-16901	-31721	10287	15413	-9708	9990
-26633	25619	22564	-26563	9753	21499
2549	23578	-7123	-14289	-28907	11248
27879	-32739	17465	8230	7189	-15352
-31764	26647	2095	-11208	24085	-22766
-27922	-14317	-12236	-21446	-26871	4341
14315	-24549	1078	28708	-22254	-32515
-12052	17434	-17351	6176	19216	-9451
2800	-7150	5173	-9149	-28662	7677
-25355	6167	-26575	31776	-18419	15854
-14612	3102	-31682	-14302	13586	29195
-2317	-3052	-24519	5167	22286	-9975
-29706	-19436	-26572	15398	-23029	31731
-13327	-29669	-1986	1059	27408	2
3060	11288	-1990	8229	5901	-21498
-267	27668	-31687	-4067	-5364	22525
7409	23577	-12226	5155	-30198	-22263
17397	10261	-15304	8223	-23288	-1277
30196	25624	30782	-6116	29448	-22011
-1548	-26601	3132	-12259	-16121	-9715
-779	-21482	-10179	18467	21256	22780
-26634	8220	3132	31759	28936	-2046
-4879	2077	-1984	-14303	-26110	-15087
18421	-8166	-6083	5146	-5114	16124
-7950	26657	-19387	2057	-7161	24066
3314	-24544	68	16404	4350	-29681
15604	-28644	-32700	-14308	-26113	-14577
-28685	-998	-31673	-5106	-18434	3583
-15627	-23526	-25527	-1016	17151	-22266
-7176	-23532	5190	-19437	-26884	-31989
-18951	30732	1097	-27628	-22272	7167
19194	-22518	-17342	-11261	30207	-1286
-5127	5125	16452	12298	24312	7938
-16645	-14336	-7102	25618	1532	-11009
-30466	-19203	28738	30727	513	-22020
30973	-1797	-28607	-4085	26107	4354
24064	-20229	-15297	13328	1534	29695
14591	9468	14401	17419	24829	-10498
24574	6396	29760	12301	-24580	9729
21248	14588	15426	1040	-22783	31483
-769	-32516	-27584	-18420	32255	2811
-3073	27900	2114	3085	-5124	-5379
13310	19710	-32704	-11244	-7682	13559
27392	30975	-12223	7	-11776	-15109
-2305	18685	14402	-11251	16636	10499
4865	12540	6209	-11243	-27648	-13572
3841	-32515	11329	10	16639	13817
-3584	-19205	-31676	9225	7930	-1532
-8191	-23305	5189	-14313	-10494	-19199
24067	-15114	21573	-14323	-16640	22264
2305	-2827	-13243	19469	-12291	27389
-21245	-31502	3137	12303	-23809	14593
14851	-21264	10311	-12263	12802	-5119
-509	-23314	-14267	-10229	5371	31225
21252	-13076	-24504	-11242	2307	15106
-30458	7399	-16318	26661	-12805	21492
-19705	-7959	17479	24597	9730	-5135
-26361	-29463	17480	-15348	30206	-516
1801	3299	-31671	-10209	5123	24582
-18419	31965	1087	13351	10759	-13317
27149	-31519	14404	-29668	-28165	-7441
-11766	-6942	-1982	9242	18690	-26625
-24561	-20257	20543	-5077	-14578	-1279
-15089	-13090	-31682	-15324	9214	24305
270	-15134	-7108	-27613	-10493	1784
-27888	-3872	-17348	18469	-13812	17915
26641	16606	-15302	11309	-13308	5110
6162	-20258	-23501	7216	20231	31472
-493	-19233	-8137	19491	29452	-19476
12306	12515	-23503	18477	5129	5879
-16107	3298	-24527	-2000	-7150	-6163
22289	28905	2097	5158	22029	24822
-11761	231	27692	-11210	-22260	-22291
-31475	-26386	-11219	25640	12306	-32276
-19192	-21262	-21460	1071	-26098	6141
5897	238	-25556	-28616	-20974	-27159
-29690	4341	-21461	-21463	-25842	-29191
-28921	-7953	20520	-3008	-16618	-26641
5383	-23309	9256	8225	-15856	-32018
-7416	28918	25636	7223	24085	-26888
-8439	-4871	29729	18480	21531	26604
17415	6144	4132	17449	-15594	-19725
1290	25601	8226	24624	-4077	8179
30986	-32767	9258	23597	6426	20208
-23027	-3067	3110	-10197	-15846	2287
-27629	-14327	-32740	-21456	-9716	2564
-18414	9467	-29649	8233	32538	25587
-31981	-16383	2077	31797	-4318	-12559
20765	-8185	5152	-8160	-19448	-22033
-11244	-6142	21538	5163	-18914	-14344
23585	11265	-30690	29743	-30180	12516
12575	-16382	23582	-13292	-8423	-20510
-13792	-11260	-28648	8238	16154	-5628
20254	12532	-21476	4138	11554	26338
-20707	-31490	-21480	-28652	31015	8945
3097	-27398	-2027	-29659	16932	24320
12047	-6921	-11244	-30685	7720	29174
-13811	10493	-27628	-9192	42	-2825
2569	-12287	-26608	2079	31524	-11777
-26108	-22276	27669	23583	-11480	-29444
19967	13566	7192	1048	-1747	-28925
-28417	30972	-24556	-32739	31785	25349
-23556	4346	-32741	-28632	-16343	6404
1528	6393	25628	-15343	21553	30470
-14597	-17158	20501	30766	15400	3344
21498	-1800	16408	-28638	2342	-5881
22771	-14085	-16358	20513	5669	-16630
26867	-16132	16405	25637	10789	-24314
23794	-21253	13329	-18406	-9435	-3058
-19475	-20235	-22493	-28624	-13289	27900
4842	24826	8214	-27645	-5591	29971
15609	242	-18415	-21441	-16105	29736
9452	4331	-29669	-20429	22296	-21262
-29208	-6913	-20455	18437	24865	30494
26095	-20243	17425	14416	8463	27160
-6424	4335	24618	30739	-23523	-12042
-24080	-5117	4105	-6109	22040	-32188
27125	-17180	7198	26713	22016	-25858
26597	-11014	-4068	28676	4901	12
-22022	-774	-28649	25671	20232	30769
-23564	-22291	-7138	24650	13579	-13586
17141	-14332	23578	-30701	-30937	-7658
-3334	-24324	15399	-27568	12034	2839
-15883	-26371	-30696	22592	29202	-6932
16642	14	10272	-13278	-29414	-2811
-19976	20485	18472	12356	-24573	-19954
-26884	6150	-2024	16452	-3562	26864
10499	28690	16419	5161	27167	-12047
24312	18453	-26585	10291	-23032	-23026
25081	-21491	-24546	-21426	2829	18412
-11524	-31718	-990	-9183	-29411	-12305
24565	-21475	-28625	-16337	17940	-10226
13044	24595	-32725	-4027	-19961	3572
11511	6170	8229	-19416	-742	18424
-4109	-19427	28722	-13262	-17130	-3824
23793	-9196	-4045	12350	-28913	1251
-30227	4128	18483	8220	22807	-22536
-31761	3100	-31689	-979	-10472	18712
28149	-32754	-11214	12352	-23283	1776
-11787	10269	28724	17442	-31990	-14878
23018	-3038	-25543	-24549	4122	14356
-20746	30738	-25547	-966	12561	11282
-16134	-26609	20530	-24533	-18682	-16663
-10770	16416	2110	-10215	-4592	11009
27890	-22506	-4040	-12248	18708	7950
3832	-21486	11316	-24530	21513	-12043
-1549	-23525	-9159	22545	-15861	-14852
-25619	1050	-22467	-15326	-23028	4107
-8457	-22509	22584	13358	-24819	10739
4598	-10212	28727	-30697	-3066	-24585
-22801	18459	27712	8216	-3061	8967
22261	29720	5182	-26591	-11508	-28930
10743	-11236	-7112	24594	14088	-26116
-24847	21537	6209	-25568	-26365	24583
-6667	28698	-3007	-24550	20747	19699
-5133	-26592	27716	-10236	-28666	22011
-23567	30753	-20411	-29668	-2309	16148
-5386	10262	-5056	-16354	6662	-7428
6901	-32738	-956	2054	28934	-7430
-10770	6175	-4024	3083	3842	-12787
23540	-27625	-23484	26645	-23555	-22008
28150	-21484	6213	-19447	-7935	11262
28406	-28655	28738	7172	17150	-26877
-2827	-20469	-23481	-29688	3324	31751
-13321	-4093	31816	10250	18688	10760
2044	7168	11330	-29688	-32256	-19446
-32262	-1024	14400	9229	20221	11785
13306	3327	29767	11	19198	7676
-4614	-28672	-21439	25605	764	-7170
-260	-20226	-8125	5129	20736	-25588
11773	-18181	31808	-17393	-5124	13054
25599	27901	8260	-27642	24575	-20739
29438	-11014	23618	-21495	-8451	19465
-28159	15608	20547	-22509	22010	1027
27393	-12041	-959	29708	25345	-24843
-29183	-3846	14403	26628	18685	32003
-23809	24821	-23483	22546	-7170	23044
18435	-28429	-19390	-26611	17661	-8963
-3327	-22284	3141	17421	25348	19456
15363	-18189	-24509	-20470	22523	-2300
14850	-6928	-1980	-18413	11772	-3324
-6652	28910	-16313	-28652	21000	30203
5635	6384	-19384	-25585	13054	27640
-1533	-12052	-18362	-22513	-9994	14073
-32764	25832	-952	-11244	-19456	23551
-23803	-17179	2117	26652	7941	15101
9478	-21275	24643	27674	6138	27640
7943	-2843	-17342	-10224	-7428	-30469
9224	15588	-9149	15387	32516	16901
-18933	-13087	-32707	22562	-16130	-7173
4877	28901	5183	-998	-27394	29688
-3058	20710	22591	9244	-16126	-10501
-23279	-795	18492	38	-1530	-15108
8468	-27417	-22468	4125	18428	-21005
-11248	-4889	-17345	31779	-32759	25083
28178	20711	-13256	3116	-6390	16369
23054	28906	17470	-17370	-17402	-15886
-21748	3304	14400	26660	-18424	8951
14348	-29465	14390	-12239	13579	-30987
-14069	-18199	-18374	-22493	-30709	19957
19464	-4886	29750	-26577	26629	19192
-9717	-25369	-13259	-17363	6159	32235
30989	-1810	-32716	-18397	-23282	1018
-3057	28907	16434	-24524	-761	-31241
-32498	-26387	-6096	5164	-13039	25328
8208	23796	16435	24612	-239	14078
26640	22768	19498	9281	-12533	4600
-30445	-12046	8240	22564	-29928	-26651
-29678	18682	51	15390	-15347	13831
1301	-12045	23582	5189	-11763	18689
-32742	17654	-6097	-19414	26911	19166
15127	-29695	-27601	12312	-30958	5123
21280	8440	14373	-32708	16399	14839
-22244	4099	26659	-16343	-31986	27636
-3301	-19454	3107	3124	-11742	-20997
19992	-18427	-27608	-21452	-5859	14322
-6891	12300	9253	5165	-26612	-15383
-29420	-15343	-14294	-9178	19482	-15624
9754	1039	19495	5166	797	25602
-21986	-28661	-29658	10294	23060	14315
31263	20497	1060	16407	17691	-3091
-2267	-7149	-18401	-32740	-21735	7695
-13534	-19447	-31720	6204	13086	18171
3619	25618	-15331	29727	-7901	-7199
-10207	-12260	-7142	17422	18717	-32267
-14560	-14316	2066	-19412	28961	16134
-20964	16397	11290	-24553	-15067	17900
-25833	20501	-12269	-29680	6188	28666
9745	18447	-11244	29716	13605	9992
24072	-30715	10262	16417	-19670	-5895
-30205	9222	-24552	-24569	25131	4352
-24579	23553	5142	22549	22567	31250
25591	-15115	3099	29717	-13523	17676
-4620	25843	3100	1050	25383	-27879
-25359	13549	30744	-10213	-25304	25102
-7955	14571	-32730	-11234	-2268	18455
-31509	29931	-4069	13340	-2008	-28662
28141	4333	-4067	14366	-28376	-11491
-1558	-11037	-9180	-30676	-23528	-15358
25325	-13079	-13286	14	-4055	-18415
16114	-8990	-27614	12355	23825	-6895
11243	-12060	-31705	21542	24097	15345
21235	-4880	-1012	-12270	-22743	19998
3829	-21282	-12257	-8109	-11765	3339
-4630	6377	15397	28690	-14561	9967
20213	-9989	-2038	27693	3090	-26830
8431	8421	-17374	16475	26123	20210
-27927	26874	1054	-8191	3623	-27136
24052	-8966	-2026	-11192	-10235	-12504
-11025	6377	-8156	28747	9739	10202
-15634	-9214	-997	7421	-6107	24846
23543	29943	-15333	22609	24328	1824
20975	7410	10272	19522	-7928	-15132
8945	-23550	15384	-27634	-28120	-7152
-19205	11514	12322	31826	-22013	-25834
9713	27897	-20451	29751	-5365	30948
4603	30731	6166	27685	-26852	18197
-27913	-9987	-22492	-10160	-504	-3850
-25612	16390	21533	-28627	-10208	-20511
-31751	-18412	-26595	14380	23827	28938
11762	8200	12332	-947	-27129	-22556
2546	-8174	-22493	-5092	-22234	-3095
-2313	9242	-5087	-20431	23317	-16087
-9228	-32762	29738	8283	-15098	14824
-2581	12310	-13270	-6120	1822	-20003
-26647	28707	-26572	-23519	19226	27166
-30481	-7157	30765	19539	-17657	21758
5107	-24558	-24535	-12245	22291	-9506
17125	-10205	14398	-30696	13080	-16376
25066	-1004	-21450	31811	-20980	-10994
-31495	-23538	-13267	27695	26129	15591
11757	-19426	-29633	3099	-18924	-32256
17133	-18412	-4041	11314	10514	-19702
-22023	-12272	9266	25648	12813	-16653
6129	22552	-13256	-5091	8463	-21761
-2319	-14315	11322	-31705	14869	23309
-27911	29714	-3021	28720	21260	-27400
30199	26648	-12234	19482	24587	20721
-29969	-10210	5179	-10210	-22005	1290
8951	-19434	-15305	28709	-14065	19464
21239	-6121	-22472	18464	-7413	-31492
30451	6171	-21448	19484	22534	1026
23028	6169	-29633	18460	-1270	28164
-31244	-14308	-966	4117	23055	-1784
-13324	20508	25660	-27617	-16385	-31223
24052	10267	17472	-17378	32264	253
4340	-11232	8255	-24565	-9461	6406
16882	-8161	-4029	-996	-27650	11789
5877	27675	1090	30744	-1020	15871
-11021	11295	31809	22539	19973	-22260
18930	-28645	-25526	-25573	21760	25104
31477	-13288	29762	-7150	-26369	-14598
-11019	4118	-10171	30720	-13061	9989
10740	21519	-27581	-20462	-11776	-31474
31992	24584	13384	5140	-26369	-32513
-31240	31752	-17341	-4087	14335	2816
6394	-26621	31811	26628	21757	2315
-18438	-5892	-1981	-30704	-1797	4099
2301	25852	28739	31757	5124	9730
-15619	-25350	19519	19468	-4	32006
4093	-21252	5186	7185	11264	3586
2558	-11011	-28609	-3065	-16389	-6144
-24579	11515	8261	2062	-19452	-14071
-6147	8440	-12224	-24560	19963	21501
26879	-9989	-955	-27639	-31491	-9981
13311	28921	23618	1044	-16638	-3840
2049	-25350	1093	30736	18687	-3333
-28673	-25352	-24509	12302	-11522	3066
10755	5368	10306	-14324	14330	-25091
-14077	27892	-25532	-3053	16384	32001
21764	-20240	-23483	6165	3588	-1793
-21501	-16144	10308	-31726	17149	4344
-7163	-785	1093	27666	-3849	9978
24324	-20245	-32698	28699	-2300	-27655
10245	-26391	21573	-4070	-28668	-31501
-23550	1255	-28603	18456	-27652	-19979
-11263	9446	5192	13337	-6911	17904
-5118	3301	13376	-26594	26107	29939
15367	-25371	30787	-19427	-16640	-779
25351	2275	28746	21534	-19697	498
26893	11493	-8130	-7147	-18700	21505
-3312	-17189	1091	-30670	-30454	19718
21781	10460	65	31779	23818	22248
1557	15585	-1988	-16346	18173	19700
5143	30943	8254	-23511	-5878	-9488
-27625	29921	-26566	-11223	-27127	5359
18711	27875	-8141	-31695	-10999	-16396
18709	8419	-21449	-26580	29454	13282
6417	-13077	-18380	-12249	-12025	28651
19984	21738	-20433	6198	21777	-19745
11788	-16144	28721	-11230	6419	-18206
-20981	-16143	-4050	10278	-18930	-19462
26125	29933	23599	-8142	21775	-27669
-15093	-27406	-6103	10270	-10471	28411
-21489	241	-19412	29750	-31216	-30725
23048	6385	16428	16429	-22767	3558
27148	-15106	24613	-6107	-24549	-4881
24333	4349	-16340	3114	2836	-27149
29199	7421	15394	-23509	-19178	29434
3860	1278	17454	31798	21523	7145
13842	-14334	-6100	-19424	-2787	14564
-4069	15367	9253	-16345	10262	-29952
-11494	10494	-10203	29748	3872	-19718
-20968	16384	4142	16426	24603	5365
15641	-6142	8219	21556	29729	23287
-2790	21507	3115	-26579	14363	22253
-15854	-32763	-19418	-10203	21536	9977
-14819	-2043	-18402	-4050	-16099	26619
-6378	23557	19490	13360	-1764	-23057
-3560	6155	-13276	25	11551	18924
-23014	29708	6172	26655	-3044	24834
14878	11271	-23530	8237	-30944	-30987
11035	24587	-26598	-2031	26916	-25098
-27622	18445	28695	26649	-8417	21763
28696	-30715	-2031	-28639	16933	24564
31254	13320	17432	-12282	-31957	-10505
1041	-14331	-12272	30743	8486	1809
-22003	-6915	1035	15402	-1244	8951
-768	22529	27677	30728	26158	1795
-28675	-26370	-18415	-21480	-15314	-1779
-26374	-28424	-4077	13345	-21979	-19453
-20495	9465	16413	26642	-10709	-3057
29679	-778	-23531	1050	7206	-18921
-24848	242	29717	22568	28449	14099
-7957	5360	-11228	-11240	28956	4622
2797	-28429	-13301	-22501	-13274	13342
3821	3304	-19424	-32710	-13802	7440
-16154	19692	-7126	-9193	-4833	27901
-16140	29938	30722	-7139	14884	18989
-32268	23774	8232	26706	-13566	-258
-1816	30958	-28643	-1012	19236	-14348
19193	4342	14356	-15306	18711	19504
-7693	-26398	-6112	23632	-5625	-1554
8180	20727	-11241	4116	-17874	-29967
9725	-20229	12320	14391	-3058	8728
-24076	23793	10268	-13244	18195	24814
10751	28672	-20462	20511	19243	-28414
15869	-5890	-3033	-958	3595	32005
3574	8192	-5097	-26573	-11237	-6417
16126	13324	-8165	29743	-24282	5122
8183	-6138	-23515	16443	-28650	-11016
7669	14351	21531	18478	-31204	-11779
-7690	3090	2083	-32717	13348	4356
-22032	-25584	9253	-16332	-14823	21249
2801	26645	-11231	54	23834	25848
12526	7193	5163	-28625	22048	-1031
-10009	-4069	22574	-19421	23065	-27634
5356	-5100	-22490	9282	20247	29190
28657	-18412	5162	-32722	18717	-3096
-6687	3109	-7113	-25570	-25322	-12270
12262	18453	14386	27708	18449	-19443
3566	-30702	29743	21554	-21484	14577
7398	7197	-30661	11294	-17891	-19709
17128	-9191	-22470	7217	11023	-23546
238	2067	-22476	-31697	-24307	1785
-28692	-21481	12349	-5091	-20459	16385
-25367	-11241	-12228	-986	-4074	17168
-24330	16402	3122	-9171	-2292	-27132
-26640	1045	28734	-7139	-4853	-21249
10986	-6119	6206	-32729	20242	6149
14068	-29675	-20421	-996	-9718	27397
-15377	-30700	-1989	-23520	13320	-16120
-21006	24597	23613	4127	-17647	-22269
15090	3097	-16323	-15336	-12792	26623
-4624	-26598	-20418	-6113	-27899	8459
-5644	14356	-24516	-5092	-8443	-15613
-781	17433	29763	-12268	19470	25861
-27913	30748	-10179	-22512	32007	-26098
-7435	-20453	7231	-26591	19965	-29940
25847	-13284	-22463	-3048	24583	-3589
17654	4133	-13245	-31734	-12537	-3579
-22796	27683	1096	8213	-3585	8724
29175	-24546	-28603	-26603	-7940	-3321
17655	13337	23626	6152	32508	-7423
-28680	15377	-14265	7170	8191	-22007
-24069	-8186	20552	11285	14083	-25342
27388	5120	-17342	-15354	12031	13303
24826	11519	23619	8203	-12549	-17662
-30211	-19203	-1984	-20459	16130	-12802
7679	29949	-18366	9	1797	15353
-11011	29950	62	2057	28669	-19199
-24834	16637	-12222	-13294	-24065	12802
1023	13567	-10175	-20465	-20737	-20741
-6145	18684	-25534	13322	-11004	7676
32255	-28418	2112	26640	30719	28928
27904	-13059	64	-19438	-12546	-25606
1791	-17155	-14271	24588	-14847	-31245
23807	-8964	-17339	-13300	11523	19196
8192	250	19522	4112	15362	1022
-22015	6393	13381	-21491	-21252	6136
6913	27894	19524	-18418	17920	-8192
-13311	3313	-12219	-24555	-25595	-8963
-2558	-30481	28741	9233	-2306	8948
-22781	4335	3144	8210	1280	-18946
-31484	-15127	12360	2069	-17148	-28422
19718	24808	19531	28698	23304	10490
-4088	-14108	10312	-17386	-26369	11000
-9205	30944	1091	-11239	16127	12029
2316	-8992	-11192	-22499	-26616	-25349
8206	17630	-32703	-22495	-5377	20982
-5871	-22305	31810	-6118	-4606	10743
28689	9438	20547	-4065	18437	768
7188	-17187	-26563	-20440	-12533	11518
-31723	-24355	7230	21541	-15611	32755
10260	30945	26685	-24541	-1788	-11522
12310	20701	59	-5069	-25580	2808
28182	7392	-28614	27680	-6649	-24330
15636	-28450	-17356	-14283	-30197	-11779
25365	-29475	-32715	-24532	27151	21740
-15343	-24351	7218	24620	-30453	-5898
-32492	-26402	10283	4149	17941	-25366
-1263	8420	7214	18470	-23790	-32534
-15348	26854	9251	-10185	530	-15366
-2037	10471	6188	24624	3863	-21279
-766	-30477	26661	-6105	29458	-31761
-17402	-27403	-28630	-27604	-11753	30961
-1536	-23304	-15316	-17364	-4845	-7943
-18940	-28419	29730	-19401	24598	29175
16898	3327	-21459	-12242	32275	2535
-26880	26629	1061	-14291	-1503	3318
3844	-32759	6184	21550	-25076	-13069
13823	-2037	-32734	-14279	27931	6383
15366	-7155	6193	18468	-32474	-13583
23815	7181	-4055	7204	-2041	-10513
-1267	30736	14367	20538	27409	255
22802	-32759	5163	-27615	-5080	9190
-14830	15376	26664	30747	-12276	-7170
14105	-29690	31779	-31695	-13038	10488
10268	14345	-8160	18470	13346	14064
-7909	-32753	6186	3103	-26342	9197
7454	17425	-27614	-32742	26907	-6146
10529	-31732	-24550	-28623	7969	-14605
-20452	-22517	18468	-4074	-8163	-14117
32027	-23529	20510	28686	-31962	-11009
-486	17420	24	-24536	-23773	-8197
18451	30735	7199	23574	-8410	-31004
-21231	3095	17430	-15348	-4823	-24057
-1525	-31734	-8163	-27617	15656	-20989
9219	13322	22554	28683	9000	-2051
-11516	1031	-7140	-30705	-24282	-19955
-21762	13567	30753	11289	-12504	-10995
-25606	21757	-25571	-6124	40	11270
30714	17660	12315	-26605	-16852	-11754
-30220	-6926	30755	22565	15141	27150
12278	-31500	21537	-28653	-12251	-18420
-30221	26867	28702	-27620	551	-17635
-20495	-29460	-19425	-14296	-21475	-22002
-26384	238	7202	12322	-17378	26888
12783	-7952	4118	5151	5163	21780
14572	5355	22567	-16342	-1772	-14578
-31252	-20246	31777	27681	21021	-21757
-16141	18665	12315	-2003	-18149	6410
-25619	-25365	-15324	-16337	9240	-3846
14576	-30479	-16362	-25567	17954	6
3060	31979	-22492	23608	4880	5368
-14610	1267	27679	-17376	22301	-4617
4599	28920	-26593	-9170	-3045	-13307
1776	-15119	-13275	19508	-26860	-25364
-13323	13565	-29670	13345	-26338	-3838
-26377	15607	-30686	12349	29720	-26115
-29707	11513	-30677	34	22809	21740
-11018	-11256	-24550	27692	-2019	24338
29688	9469	-16347	2126	15127	9703
-3599	-14328	31787	-23526	18979	31207
6641	27665	-16346	21544	6176	22553
-24075	-8189	-6107	18513	-30450	-24092
20718	3089	27694	-1005	27941	-6171
25578	31768	-12242	-2013	-14816	12316
2296	-6138	28718	-21428	31767	-19738
-18959	15383	7217	31759	8221	19443
-12307	4118	-15311	7210	19998	25636
-27143	-16375	-8147	4165	-8427	-4109
-26378	28695	12337	-11249	10519	2283
18148	-3041	-19398	-9177	-16610	-25828
-25355	-17395	-16337	-3018	-8424	-28674
-273	8211	-6089	7193	22799	504
30949	-1001	6206	19488	-30185	-25319
17134	-2034	8248	-17355	6678	26888
6130	12304	-5066	8215	-5871	16632
2532	-27623	-9148	-17379	1809	6675
9197	-13297	4155	-19408	-1264	-31479
7152	11279	1084	-3043	19728	11777
-790	-19435	1088	-8170	11276	29199
14830	9232	-22466	2087	-16371	-1012
-21007	9230	18491	2071	-12274	-11515
11756	-16365	26689	-10213	-29684	-14319
-9486	-10224	9275	5154	30982	-2806
30195	-28654	-1986	-12265	-11512	-28925
-29968	4117	-958	-28655	-3062	-28144
13043	30741	11326	28698	27909	7696
7669	-8169	8251	-988	-4862	15621
2547	16409	-8125	-12275	26885	-16376
-9999	-26599	-10166	18446	-8445	-12783
6902	-8168	-28605	28691	29702	-18676
20979	27671	-26561	-24557	31229	23820
-26382	28693	16454	7191	29437	1027
5364	18457	-7100	29709	-16639	-10747
29170	21524	20553	14350	-12545	6664
-25099	-31732	3144	-9208	-19464	4860
-8710	-12281	5191	-29692	3835	-5375
-24580	17659	-11194	-31730	-30465	-16375
-11521	17656	-30657	-31722	-22531	-18427
-1	30969	-19390	17419	-19201	-14854
28926	-27394	2110	6157	-18180	-9731
-3584	-26373	26688	13326	26368	16126
-28160	-17156	-3009	20496	32764	-25863
13568	30973	-24509	31758	-29695	-16646
5121	-30465	7231	14347	-5638	16639
-11263	5373	22595	-4076	-32512	23033
23298	-26369	1087	-22515	19966	-21001
26368	253	11331	-8178	9469	25854
-3839	21757	2111	18451	24318	-20230
-6910	20734	27715	-13303	-28162	506
-23294	-31492	-29631	8206	-17154	-20995
-9981	1274	-31679	20498	-24835	-21250
-20990	-8967	29762	27664	16383	-20998
27906	-14085	19519	-31735	23034	-13827
-19197	-20231	15427	-21484	16386	30723
-4861	-29448	-23490	12308	-18944	-5124
15618	16633	23619	14348	22781	-8198
-21759	21752	-25533	25614	-23293	-24320
3075	4341	-15292	26644	31229	1281
4356	-17167	-20411	-1001	32001	-26888
-25339	-11023	73	-4083	-5633	-3590
29957	18668	28745	-5098	-3587	-25600
-29688	26855	17478	19486	-13308	-16902
18441	-20249	-20412	-27629	28673	-9992
-28663	18662	-22462	-8167	-2308	-15366
26379	28900	-6083	27681	-10230	26870
-12787	-24344	-29631	8217	8969	-11784
-18933	-24344	19517	-2020	17920	-2309
16141	1257	-9156	-17377	3846	31739
-14324	18665	30784	-30688	29967	-29949
-2036	-14103	-12227	15402	27397	-17929
-29685	-27414	24635	1057	-6396	16123
-2292	29928	6210	1061	-6128	22270
-20212	11493	12348	27696	3588	-23561
27407	-3869	3128	-17365	-20979	25337
-15344	-32544	6207	21547	-17395	23026
-27376	8417	-9161	-14293	3337	3826
7187	27876	19507	3119	-26348	-4366
-24302	-18203	9267	7214	-20205	30191
-3821	-26395	16432	2094	-19701	-15123
-23276	29928	-7116	28719	-21994	21231
18965	-4886	22575	6186	-12782	20978
-5355	8428	-27607	10291	10262	-22031
-10477	14576	-15312	46	-6127	-28947
-2290	28914	-14296	-27602	-15084	5871
-3567	31990	-13275	-22487	2589	496
-17908	8442	30761	-23507	19980	-10257
-30708	-8963	24609	-30665	12824	-29729
-6130	7172	-13271	-9190	-30178	-32535
-29680	15365	-9179	30771	23318	27123
-19178	29699	-32730	20520	-5863	5351
-14312	16391	21542	-21470	-5088	-26121
796	-1019	-28633	-25556	29203	-29196
3871	7173	2081	-30677	13085	23798
294	-3067	2081	26662	-26843	12533
-5085	-2042	25637	19502	30235	6134
21028	5	-8168	-18393	4894	1528
23589	-11261	24602	19499	25377	-26380
28697	8197	27676	-6109	-20956	20454
-22506	-2036	8214	23576	16934	15095
-3820	2060	-21478	-15330	13094	29954
-25074	28688	-7143	-26594	19497	-29443
-4849	9236	22540	-2022	-7637	-23045
-15350	12308	21532	22561	-17636	-5377
20483	-9200	-19438	-31490	-13780	-26624
32261	19470	-21482	-11232	-28889	-6889
-4865	23554	11291	-12267	-22745	-28930
-4352	5	-12267	-4071	-19155	-24563
-18947	-6914	-5088	12319	31019	21766
-23815	15614	9240	-27623	26414	25610
17651	7421	2078	-16351	3620	-26096
32242	-16138	22556	-26584	-16094	5891
-26636	-28426	-9179	23571	-20439	22280
-15116	29941	-14308	-24534	-27611	11790
25590	-24334	6173	-16347	-7131	21245
-17418	-3853	-30695	14367	-730	-8955
-13581	-4882	-20447	-28635	-28134	-509
28402	-21263	-10214	26660	11553	-12537
-32266	27885	6156	25645	8743	-5887
-6669	-11028	-989	-32719	22043	-7439
-32281	30968	-18408	11276	-4054	-15102
15088	-4878	-32743	-968	-7907	1552
2278	-23313	-18395	-26576	-745	-31510
-4112	9466	14355	-16367	-18648	17933
22770	-23313	25641	-16320	781	-28920
5099	-8973	-11236	-28635	-26340	-3344
15097	-23299	-5090	5160	-5859	-8185
9714	18673	10272	3125	30748	31230
28918	-23298	-24549	20518	-2536	-1787
31989	11515	17442	17474	-5865	-2315
30195	-7937	12323	1055	-29400	-17945
22508	-25588	4124	26664	-24039	-25068
-7696	2301	-24536	22601	-5091	7664
14057	-10231	5164	-30695	-17376	26345
32748	19476	26662	31784	535	-1249
-15119	12288	-19411	23626	-16355	30453
27115	-19438	26669	-16360	23333	20217
30190	-25582	4147	5166	27676	19741
-10509	-29690	-23506	30782	-23272	29182
18164	-20459	-10190	-8161	-30687	19707
-16149	-23527	-23501	8230	-1251	29727
-3085	-24564	-13262	31810	5650	-20224
-13070	3090	-23497	29723	13342	1516
-28951	-24545	11321	20512	22807	24603
18165	17423	10291	-5063	-20973	23824
22009	18450	-9165	5156	-10472	-12045
19436	-3042	-22468	-27626	10771	-20468
-11279	31765	19508	-23502	-18160	-29165
26106	-19439	2097	19491	-28653	-16381
1518	-23528	22590	3104	7183	-24572
-16657	10261	-20422	22564	-13806	-16631
-29711	-27629	16436	-9182	24330	-15354
-3856	29716	22586	14371	25101	12796
-23828	22552	-17343	13343	-3053	2815
-6417	16406	29753	30744	-18170	15364
23790	-22506	-18367	27683	-4094	-30204
-28687	-10222	10299	24606	3599	-2310
5361	-6120	-14272	19472	3082	17407
7150	13337	8258	23580	11526	31248
1266	22546	-20422	-27617	-13823	8186
22258	-13289	-9148	18450	14091	-24326
26351	7192	-26556	-13300	-19961	23051
-16654	4114	-18364	-29673	513	6667
22773	-23533	1091	1042	21508	10500
244	-28650	-6078	24590	16644	19985
-26894	-6126	11327	12311	-20223	29979
-29453	26642	-8127	-27625	-18185	-1795
13300	31765	10310	-773	-2823	-19196
1016	13	4167	5133	27398	6678
-16900	-7163	-14267	-13291	20475	-18685
30713	25607	-17341	13320	-8461	-21253
16633	-29691	-3002	11270	24829	22023
25341	6145	13380	30732	21503	11018
27901	-2818	12353	12302	13565	-5892
-10756	23553	18497	9228	25597	-18948
7932	-13311	-25533	-7159	9722	24828
2814	-11262	7233	31758	-30978	3838
24320	2	11331	-3063	7419	-13060
-11265	-2047	-19391	-13300	19968	-7937
31744	5122	-3008	-22519	-12804	13052
-2816	18687	-13246	-30714	-13572	-20485
-25856	-18177	21568	26638	-27651	-29956
19456	17662	-12221	31758	20477	-15111
-8192	-19201	-32702	-10229	-32515	-18439
30720	16639	-25536	29702	6651	-1538
-25600	-18179	26690	-12271	-770	-6151
11008	-12035	31810	-26612	11516	-265
24832	6395	-4030	29704	31995	11517
-3583	12536	10306	19475	31998	-13578
27137	-32517	4161	22539	-23558	-15622
4608	-29449	2119	-5105	18688	-8192
-10239	13559	-8128	27670	12290	-12297
-19711	19703	-11192	-14333	-12043	-261
-31488	20720	23623	23565	27905	4350
-10491	25831	-29620	31756	-23039	-2049
-4091	18656	-19386	-3044	-14082	-7159
-21752	-11042	28746	-11241	17148	8435
-25334	6367	29770	16402	769	-30212
5389	-32547	-30647	-11231	-19449	-32262
27918	-2852	-19387	-25576	-29441	-23566
-19440	11486	14402	3104	-2298	-27657
7954	-16161	15431	-16358	-13565	-27918
-30446	8413	-20413	23591	-17656	17659
16662	-29473	2112	13350	31750	-13834
23060	21725	18500	6186	-28412	-11023
-31722	10461	-5060	-24536	14601	-6417
19736	19681	16446	-21462	-13556	-22033
-3046	-31522	13367	9266	-26101	19695
-25828	27872	18487	20520	-25587	-31773
8985	-31514	-3020	9253	27666	1518
21274	1254	-5076	23611	-24304	-12062
27415	13548	1075	36	-20457	470
22804	26867	25649	-32733	-14830	-14607
-32236	-23311	1061	30782	-27121	-4891
-1009	24823	26677	5150	24608	-24866
25098	25855	-17365	-4058	-17383	-16134
23305	-2821	11299	-29637	-20717	-26912
-23807	6150	10286	9241	22044	7402
-30461	-2038	-31703	-26585	27682	-21253
21001	-14322	-9184	-10189	13	20713
-32248	21524	-2005	25624	23067	14838
11020	29712	-12243	17453	-19690	-24584
-24551	20497	3107	28715	1044	-2349
-228	-12260	6180	-6129	6942	5364
13601	-14317	17460	-18398	12581	18172
-19923	-27634	18465	-9190	-22511	-23051
-17355	-19446	-27618	16434	-29412	14858
1327	7172	8238	11293	-16094	18933
-20940	-15349	-27623	9246	-8665	4856
31280	-11251	-16356	-32734	-23508	14320
-11227	31766	29718	-997	24362	28420
-30947	-32750	-29681	15387	18993	-11538
-19691	24	26650	-12274	29996	-21515
-5364	-9194	15380	12303	8488	-27905
-16626	-8173	22541	22542	-2515	10758
-13306	-11251	8217	-12273	31528	-26877
-31744	-3063	15377	14344	15147	12545
5886	-26622	-29671	31748	-22998	21516
-6150	25849	14357	-6132	-26582	-2540
17656	-12046	-13289	28696	-28374	2323
27635	14573	31771	3081	29482	7947
-1295	-17170	-5092	11270	3881	9256
-19727	-19228	-19437	-20439	-2520	16414
2283	-3865	-32734	6170	-32473	-6129
-14619	-6932	16406	29711	45	-15834
-3091	28897	-7142	28733	-6884	-28900
13540	-10009	25643	-3047	-3041	-6144
6122	18672	21517	1055	-17879	-25556
-17168	-11044	18472	-11189	-24300	16642
-7450	-4886	21536	18447	1830	-25343
-28936	-23316	1047	-19403	-9703	-31961
21232	26848	-8158	5196	28947	14322
30707	28912	-25575	-10223	1315	21500
11512	24816	-30685	-17342	26903	-11245
8430	-19219	-16354	50	17184	-9739
21753	-28427	2068	-28630	-24546	4621
-31496	1262	-16344	23610	-27373	-12796
24305	26873	-28650	14371	10526	-25338
23548	10495	-27622	-8129	-8941	-4347
29170	-1795	5158	29746	-12776	-11285
26609	18443	17436	-17377	6685	17933
-28169	29703	-15329	-5045	25108	-7932
-12303	-6136	-9174	5176	31514	15062
18155	-11231	-30682	5137	-17631	-1797
-15124	23574	-4058	-31673	1816	9490
-12049	2060	-24524	24626	-14568	-31013
-10785	9253	-977	-5099	18716	24834
14314	-13288	5167	-19394	24085	-15339
-19472	-25581	12339	-27597	13600	6892
21477	-8159	-13259	14353	26393	3840
16612	-16358	-24516	2099	-19949	-27371
-23060	6162	9263	5175	-16615	1531
-27155	-5095	9267	-16356	-3305	-29709
4576	7200	14404	6174	19214	-7401
-5145	-27631	11321	26681	-15086	-1782
-3854	8208	-13264	16416	10770	11260
-20762	-9190	28737	4121	1548	771
-4886	-6119	26680	-10200	-7154	-19956
1010	-16364	-18382	22564	4368	6146
4333	-16359	-32705	-3041	-23538	-6652
-11538	1049	25662	-30691	-7414	-6147
6383	-24546	-26561	5135	2826	21772
10477	-3044	4163	-21459	-18172	-26093
2296	10261	8249	4138	-11504	-10509
-23825	21537	-9146	-4090	11784	-6151
31979	-17377	-13244	24594	-19709	10513
-17420	-29673	-29637	14373	25861	-11778
-29964	20508	-26563	-30700	8709	-27657
-5144	-16352	-8120	29704	-13309	-3323
18668	28702	20549	27670	-11262	26618
-24076	11296	26691	9226	24571	-31241
-26386	-993	-20405	24595	8444	3838
32500	3097	-30645	24831	31232	9210
8433	9234	10316	-28669	5116	-31227
-4105	-22523	-21439	12299	5372	16632
-27654	-22526	-3005	5134	8445	19439
5625	10242	67	30974	-4612	12535
11515	-5119	3138	-28659	-10242	14336
-15361	16385	8258	26638	-16385	3317
6399	-17407	5183	-15107	26106	30966
-29700	-32766	-22456	-8181	2044	-30203
-5119	-20226	-9151	-9203	-23551	-9477
-27392	-8962	-32701	-11264	27642	502
-26625	3072	20546	-7156	27131	30204
2560	9470	-7101	-24567	-24324	-11517
11008	-30471	20545	5128	-30463	22014
12034	-25348	-7101	11270	30718	3839
-21759	20728	23622	10250	-13825	19970
25859	-2826	12358	6151	-12036	26626
14852	-5902	22599	-22521	13562	-2555
32262	-27409	-21433	3090	1284	-16382
30471	8429	-28601	-9203	-7419	12034
19718	-23318	14406	4106	761	23809
-2297	-30489	16458	-22506	15873	9220
10	31971	-18358	6166	15362	18938
-16116	13537	6223	28686	-18686	7427
31758	17628	-9141	-17378	-10240	-2560
30481	22747	11337	9240	-30210	15104
31763	-1831	14409	-18404	-5877	-12282
-15850	-29481	3143	-22489	29441	-9983
-19180	6358	-12221	15397	-20218	-19984
-4587	30939	-955	27677	31751	-19204
-3817	-13096	13379	-10197	12293	-5376
-5863	-811	-20421	29743	17928	-25360
-12009	-30501	17472	40	-7151	22516
22038	219	-13251	-18386	26631	24575
4890	27867	5171	-9164	31493	-14870
10518	-1823	-15308	-14300	29705	235
23321	-6940	26667	-3027	21774	23800
26652	-6938	5161	-31695	-237	19172
28182	-8975	22573	15394	18188	-25625
-32746	-3850	16422	24622	-4335	-24840
3097	-30473	-17364	45	32024	-21283
31511	-15357	8229	-13274	-32238	4341
22812	-16384	-2015	16448	-21737	28127
18459	-25593	31795	12305	-16607	-27936
31006	15372	28712	6184	27922	-25850
11047	18434	10264	-17331	-16100	23264
-12763	-19441	-11223	15376	20270	-22818
-7648	6164	-8152	-31707	-6890	28922
15398	-17390	-15328	-10198	21267	-14353
-29404	2070	-28647	5151	31790	-27654
-6365	-17390	24608	-25559	-25056	504
1561	31767	20516	-18395	2329	-20011
32539	30758	20509	-19431	-18650	23804
-13801	-31716	1047	30745	18977	14322
-10978	-7138	-10225	-1013	-4831	-7436
9243	-10221	2079	-23538	16419	-23289
-2026	-27635	-19440	5135	-17877	-23295
2587	11269	-18419	-10224	16943	29189
6415	-29442	-9196	-26608	28969	12287
9225	23803	-27632	1027	14643	26634
-9472	19700	2068	-13285	3631	786
-9995	-10001	-31727	17418	-24534	-14847
27635	20718	29721	-26608	2351	-30695
-12052	233	1052	2082	-25816	20238
14570	27886	14365	-1017	14636	-6378
-7191	22763	24600	-30681	8493	-10715
-11543	-11035	-27615	-15327	12321	-10488
-32018	20712	9242	21515	4649	-4072
-9227	15583	-21477	1084	-14563	14359
-31764	14567	-30683	-5089	14885	-9480
-8461	14576	-24560	-31722	9773	12830
13564	29921	25628	20555	-19694	22788
-15127	-7955	24614	5142	-22232	-532
31989	-30474	-10228	4133	28202	25886
-8969	24803	-24540	25671	-3566	30457
7405	5361	29731	-12270	-4567	10229
4089	-20230	31764	7208	-27871	27948
-1287	228	31765	13394	-23016	-517
15859	13559	-21469	22551	-13531	29933
4084	-9215	-8160	-12258	-18654	2344
9978	30960	5139	11339	-18920	5130
8439	24827	7192	-12246	-21728	-12296
1005	8200	13348	18478	-23524	21523
1263	1279	23595	15420	11803	19193
-27149	-15350	19477	21544	8991	6144
10738	16399	-31709	3139	-4075	-6910
745	5131	5171	-29655	4126	-1809
8940	-18406	-16348	8227	-29411	-1780
-16138	-28657	-25565	6213	-19429	-5880
-20494	-26607	15401	28713	5149	17658
-2075	-28647	23601	-29656	32284	769
-7698	28694	-17365	-969	22544	7936
-25621	-24554	-20432	20519	-21219	31744
-15129	10265	20531	-24530	17441	14084
17385	-17387	-19403	21553	-17394	-14861
-27674	16409	-8140	-6111	1044	-4095
-30487	-25577	-6086	40	-27877	-25594
-15892	-24557	30774	-16341	18958	-17923
2284	-3047	21558	5159	-25066	23806
-32714	26659	-12263	16128	4840	12314
-28612	-23523	24335	-26874	-29721	19480
-8134	20525	9741	-17156	-12821	-27624
-15305	26	16401	26615	18403	16412
4164	-7141	28685	22539	-13593	-12268
-20418	-14299	-20214	11780	-4882	-6121
14394	-15331	-16374	29176	4329	9245
-28611	-28653	29196	27143	-16406	5145
-32705	-26589	-16642	11516	3566	8220
2112	-5102	24587	8440	11757	-28640
26690	8210	-22004	-26613	-17425	-10213
-4030	13336	-7674	20994	29682	14367
-28605	-3058	30725	29691	-25105	8226
-21437	-7153	-5377	16906	-784	-11234
16451	-14309	-10242	-14324	-7181	-21474
-32694	-8170	-5117	-32515	-2576	7201
-953	18437	-9730	30971	4847	-12262
-2999	-12282	-19460	12290	10739	-7154
-6070	-29691	6651	2297	-27911	4100
-19387	9470	-15877	7936	-16390	28922
15428	-9196	-257	5126	11006	-8967
16449	-5106	-5124	29945	15612	23804
31811	-3068	8957	24068	9727	-6915
13374	29710	-12290	25604	14848	-24325
2112	14345	-18945	13050	8703	-9987
31808	-10234	11512	1279	-22529	-31492
25666	19474	-14080	-29186	-5376	5372
-23488	7174	-9728	32249	-10753	252
25668	26633	-13572	23809	18688	-15106
8257	15376	-2	-23554	-29951	20733
-5055	-8183	27899	5631	-16895	-31493
-957	-3064	6398	17918	24322	17659
-26556	-24563	16640	-31233	-12799	-29447
-7101	10254	5374	4864	25346	5368
26693	21513	-25351	15098	-16126	-13066
-24504	-5108	24067	-25092	22788	-24332
-956	7179	29953	17661	3333	20720
23625	-18417	16379	30464	-22779	19692
23624	15386	16899	-4105	-26104	23788
27722	-30713	-1283	2804	777	-14103
1097	-10223	-21249	26883	-26868	-7964
-25531	-2015	23043	-9219	-30962	-20252
-953	-20461	-14077	-18956	-26610	-16155
-8120	-26600	25085	3578	17683	4324
7242	24604	21259	-23815	-30698	-18206
-1979	16405	7942	15360	17942	-24354
-5050	-14298	8448	-31486	14103	-28450
-9148	-27612	22283	-12052	9240	-12061
7233	31776	-27128	-5376	-27365	-20259
-3009	18486	18962	-14609	-229	18656
-3006	9242	-27644	-18713	-21479	14560
-22469	-5073	3086	3844	2334	4317
-18378	-8138	-1513	28896	19480	-7961
6205	10270	29964	17638	-30696	-14106
-4039	21542	28436	-31484	-8930	-2846
18478	-6089	-24557	-10001	-32488	-24341
-22474	-31702	-6126	-29974	-10982	16620
25645	31787	24092	27386	18974	27883
31792	-32719	22	-26908	5145	-779
41	12322	30230	29680	-5857	10486
-28635	-29651	-30949	23036	29210	-29453
9251	-6094	-24804	-27930	-24038	-5889
-27611	-23520	-22240	16363	-2790	-21503
3111	-28636	-9451	21998	15894	-15355
-26599	-4041	-227	18167	29471	6147
-10211	-14303	-2270	-25381	21267	24591
-17360	6159	13599	-11260	-7140	26633
7196	12348	-30437	-23303	28962	28680
18452	16423	-24794	32491	-994	22543
16426	29711	-32225	-29445	-17633	17417
-6115	-4049	30493	-19462	-4310	30730
-4071	30743	15649	-24074	32546	6160
-2021	-19413	1319	6652	-7133	-16374
-11247	15390	-3805	24798	31011	-10221
26648	6153	3622	27887	-8673	-2033
9231	3100	-2015	6910	-16101	-32759
-29684	27683	-17625	-15895	-14060	-16369
20496	-28418	-26576	-13836	18704	29706
-12273	-7148	-17367	18185	-32250	5374
27659	18448	23342	-2055	-27649	-3068
-18416	12296	-24524	31255	25590	5373
-32753	-14303	15917	11022	-26893	28921
10258	29708	29229	16650	-29973	-19209
31764	30742	12593	15644	-17432	-14092
19481	-25573	7973	-25323	31461	16628
11288	-5094	-2257	-27626	-25	17647
19484	21540	2861	17434	32	-21472
13349	25101	-2323	-10003	10261	-24558
21034	-18914	20723	-12062	28706	-9157
28951	11035	12780	-2838	24	14364
-25049	25096	20468	6381	-9206	-31694
4643	22304	-8973	17630	8231	9275
-3305	7663	-7954	-5901	-32749	-769
1577	-4325	7674	27879	-23540	-22443
-18157	1308	27119	-12057	18468	25645
-27111	-16162	12783	30722	-26599	3074
-20696	-982	23543	12520	1054	26673
-18655	-25636	2794	-32763	-8160	-30714
-28639	-12257	10740	30963	28690	-11175
-4340	-20455	27632	31994	22561	24632
-16352	23572	7718	-10219	-7694	-26371
6172	-26544	14352	-9447	-7184	-21249
-25569	2110	-4841	30686	17130	22551
-24541	20504	-29411	10511	-25365	9223
23591	-9147	-29418	-25842	-25363	10250
14369	12345	6426	25834	21226	10266
40	-24546	-28393	17422	-18457	-3056
17459	9285	1296	-25335	-4629	30738
28707	-15306	-21732	23272	-31507	-21470
-3028	-13284	28694	-12279	4323	-21480
22585	8256	-11763	17934	21231	-20462
24622	2100	30998	-4893	23790	-32736
-13257	14364	21270	-3334	-25621	-17380
24635	-13264	19986	17434	9462	27663
31791	-14269	-9454	21489	16374	-21478
8248	11294	-8685	-8477	-6170	-992
-14272	-6117	-16111	-19697	-31504	-27633
-31689	7221	-21741	-8433	-5385	-16372
-20431	1069	-30662	12314	-15601	-6914
-17937	8215	29755	-13273	30991	5132
26359	-10222	4146	-9174	28682	17917
-28942	14359	20538	4120	-9460	12285
-10002	10264	-29638	3111	22540	-13564
-15370	1044	21554	31778	13324	22777
-15890	14364	-961	21	18446	-6145
17901	8220	8250	-5089	-14585	11011
-30219	29722	31800	-27614	30982	-23039
24559	-26596	-3009	-32745	4869	-25596
12527	-11238	-23487	-4072	-9979	9214
8691	-14308	17473	25620	-17143	-15360
16116	-13282	7232	26648	-6649	-16628
25332	-28644	24641	-16355	-30470	513
-25869	11293	-25531	-8174	-28415	-20234
9970	23583	10312	-16377	29702	9987
18675	23579	-29624	-11248	2048	-18927
-8203	-7146	10309	25625	8702	-2814
-11274	-5100	-12219	10242	12028	29434
26356	16	23624	-16378	8442	-29177
-11782	24582	-3004	-21486	-1023	-27395
22269	-16383	10309	-20480	-18947	-32005
-8454	8446	10306	-17396	24829	27395
21759	-23299	23618	-1011	19965	9725
14077	-13060	6211	28683	20478	-24065
3838	252	25666	2058	5630	21761
29696	-15109	3138	-18419	-8447	-6919
18498	27655	15358	28676	766	18681
3138	30739	-12547	-29187	24321	-28422
5188	-13303	-20993	5625	-6400	11513
27716	-28660	-26879	-24572	-16126	-31499
-27581	20495	-27905	28675	6144	4339
-19384	2059	-4	-16902	-511	-22286
-17337	4106	29440	-25850	4100	18669
-21430	-13289	-14080	-20478	12293	7401
-26553	-3059	22270	30456	-18426	-25368
-31671	-25578	-506	9727	-31481	229
7240	28696	7164	-29445	23561	29923
-32696	24	16900	7929	23307	-22299
31816	7191	-247	-24072	24844	-8989
6214	23575	-8708	8194	-23024	-802
-23484	-28630	13830	-4865	29713	7392
14404	-9181	6152	490	21010	7396
-16316	26652	-8963	-18441	19476	7390
-5055	-30675	25610	19186	-3561	12513
-30654	-26594	-13561	26348	12054	30945
13371	11309	-23546	10498	22298	31962
1085	3121	24844	-22292	10007	2271
-3013	-20447	-20723	-18963	-32234	23776
12340	-23501	12042	27130	-17897	20702
-29645	-17363	-23022	-3613	-4591	3301
-3021	-30683	24589	32495	5396	-20252
25650	-17360	-30451	28644	-32239	3306
-30678	-11219	28948	-21014	-27885	236
8245	-27614	29720	-32535	10768	12530
-8156	19507	-27122	-9477	7701	24815
-10200	-8138	25624	-15910	31753	7420
-24530	30745	-28902	-8724	-12785	6397
8223	-7114	13071	28672	4621	-26376
21543	-28615	-30950	-23089	11	24591
9260	-19440	-10718	4840	-7661	-4081
24614	14375	27169	-5894	24335	-24562
-20454	30787	15371	21743	-12264	-15346
-2008	25614	-6872	-15130	-746	-17390
9270	-19412	-8165	13565	551	19469
3102	11311	27920	12760	-6861	7183
21533	-17384	-7904	-4621	28977	-1012
20520	-12248	-8921	5874	22831	-2039
30746	1058	21790	31719	-18377	15376
9237	25631	5414	-25351	24364	27660
14358	-4067	12836	8169	552	28691
19474	-16363	29991	19690	17698	16405
-20469	14360	-27095	9450	-17384	-3049
24585	-32756	24878	-8710	1548	-20458
8202	-23533	-28620	21761	-27134	2064
-27626	3085	-24565	-16382	15669	14605
24567	-6138	-23531	-18415	14375	-16882
15341	24830	20502	-27645	-6352	-5616
5869	-4868	10265	10262	-24269	-26857
-12822	23796	8223	26644	19501	-26615
20209	25842	30753	-18419	10544	15893
3570	8428	-20454	-7145	1578	17437
-3597	19689	16413	-30685	-21718	17424
-20753	236	-6121	9232	15151	5153
-21777	-26396	-17379	18486	19744	-20717
15850	-25363	1052	-17387	-26841	-12283
-18198	13552	10264	-18396	-24538	-15837
-29722	28905	-19418	-28620	3611	-24824
12777	-28430	22547	-9199	-21477	-23490
-13288	-17886	27619	13543	-24533	18480
23828	19186	-8472	-32521	-31727	-24560
20777	-28636	-5641	7393	-10208	19538
-20463	-4601	17121	-23314	28712	30743
-24544	20728	17910	-16140	7179	18471
-17639	4662	3065	-5925	7203	-22440
-18932	-1548	-11545	-12043	-986	30731
-1246	19956	-20742	-28419	-16369	6200
1561	7474	29432	20711	-16351	5204
-32496	-5652	-17942	28672	19496	12297
-18651	-13316	13303	21505	1046	22597
12818	-11740	-11783	-5899	18461	-32688
-11508	26077	-20500	19	-11219	23558
21540	-12296	-17421	-29682	-22504	-951
-15850	-4833	-1030	-15105	13343	-1966
-7151	3280	-30996	28702	-20436	8447
22562	-17929	17642	-21478	-29648	-8123
-21999	-29659	4599	-24570	26657	-2993
-18672	-16159	22772	2075	-28629	4113
24868	13547	2278	2084	-32709	-1997
-31726	21790	8431	13326	28713	11332
-26604	-516	25591	-13288	10286	-20443
-15597	6380	9186	30754	3133	-28641
21015	31766	-532	-6125	-18381	30790
31503	25351	2292	-6127	-3025	26672
16145	-4643	-4892	-31707	12350	-31726
-30956	-9714	-1302	-32750	13371	-1989
-15092	-497	-2057	-14324	-16334	31791
56	21520	-24306	-15620	-32021	-26605
-26562	24623	23311	-12017	2295	4108
23603	-9164	-16111	-1802	21238	-1005
-5064	-23532	7184	-6928	-31765	-7144
5184	-32741	26125	1804	14070	8206
-24523	6195	-3570	-8193	17403	-14320
1076	1049	21262	-5903	2112	-17389
-13560	-30459	-29197	-6124	27702	23590
-17909	-5370	29433	9235	17465	7196
-8950	-7178	9967	15387	6206	9236
25100	-8704	16369	11290	9279	30745
-25082	26630	-24845	-2023	-18369	17435
-7160	-4101	14834	-31716	-962	-28656
-29178	18172	1519	-28642	-24510	8216
15874	18696	5105	-6116	-16320	5139
-761	27645	-26897	25634	3135	-4083
6657	-4857	-17175	29730	-6075	11273
-11269	22032	-10518	-32735	16463	11287
30212	-2553	27636	17437	-25527	4107
-23287	-14340	-14093	-26603	26696	13315
7417	-5634	28912	-28657	23622	22538
-9993	-23552	-5131	15368	2122	-21493
13311	15610	22777	-12283	-3005	25603
-7680	-3075	-7174	-3842	6206	27658
26106	-6654	-30981	22781	13377	-2039
-26630	29953	-24066	-11010	-11199	-1010
-31997	-8698	5119	7421	15423	-8185
26366	17412	-12802	11518	27717	-23541
-24839	-5120	3071	-23552	-10175	21509
2814	13568	2561	-20227	20550	26634
5116	-14584	-19712	-30469	-23487	-32756
4861	21501	16385	4348	-24508	1030
24321	18170	256	21757	-16318	6151
18941	24069	-17663	-16134	12353	1041
30717	-7934	-22526	18681	-27582	-10234
26109	-21765	-18432	11515	-22461	-20471
4096	25091	-26877	-4871	1091	6157
-257	-11776	3074	-8969	-32698	-3066
30968	20733	-5116	-8971	4164	31759
28931	-31487	18182	241	72	-20467
19528	23562	18683	1789	-19448	-14101
22606	-2033	-23552	-14595	-4599	2277
30795	16410	-2040	22264	10252	29925
-4021	19473	-19459	-6151	24329	23778
21580	-32747	27903	29174	-498	4320
-8114	31770	3080	-21509	-22512	-15139
27720	-6115	24580	1266	24596	-15139
-22462	28	-29437	-4366	-16622	-10018
11337	-14305	2825	10990	24340	-21280
-5057	-15333	2055	-2308	23319	17631
12351	-2007	19723	27897	2068	27871
-1984	24604	13830	27891	28949	-10015
-11205	-9177	-21494	20738	32282	-799
3131	-24531	3595	31981	-8939	-5916
-7112	-7134	17418	-13323	24856	-794
-22469	-3032	-5108	-25601	28951	29921
-23498	49	-20975	-13847	22805	-30487
-6094	27689	-23025	24812	11543	11499
3126	-19424	9237	-23556	30999	-13080
-4048	-3020	-12785	15348	17435	-24340
22572	20518	-30955	1520	-8680	-8973
30770	-27614	28182	-25090	25877	-18191
-19411	-25547	-13040	-28423	13082	24823
24617	-30679	-1506	2284	-11247	25855
8237	-15313	28435	31992	-12527	3325
25642	29740	-8422	15597	5654	-11260
-3033	8228	7956	-29195	-14315	19462
24618	10273	-6124	16892	-5095	-9213
-31718	14396	-19682	16376	296	11267
-30680	8216	-9958	-23323	-24547	19465
2092	9247	-27366	31501	-12503	-16131
18460	-18370	4124	10479	-28884	-19448
9249	-14308	-30683	-30488	-28638	-4081
-19423	31789	25383	-20230	14367	-17391
14358	16422	27431	-32268	26649	-26600
3097	-27612	30761	-13838	-9968	13345
6180	20503	-10468	-7180	-2030	-17378
20501	-8152	22816	-2308	-21733	-24549
-26589	23561	23587	-19472	3614	10270
-11237	-14310	29472	23043	1316	21522
2066	-14314	-8928	7171	25122	16393
-27630	27673	-14038	29444	-27111	-3067
-11248	2068	-30166	5883	-8685	-22525
22544	27660	-1237	-23289	-14837	30971
6155	-11233	2863	8706	19971	31991
21524	22530	21551	-29180	-26121	4339
-15345	-5092	-213	11286	31732	-3860
-28659	12305	-4046	18950	-5656	-12050
-21478	15392	-26326	-9960	19172	21741
4122	5145	-18132	7692	15591	5356
22546	-18419	7727	-22499	10214	-31516
16418	-28616	21524	30224	25570	11498
28706	-3063	31015	9223	27119	-18199
-21483	-9173	21024	1071	21225	9441
22557	-18356	15647	16876	14574	236
-8171	28921	-26061	19199	-778	-13082
-32730	-13244	-23283	-9692	25839	6366
6169	-6093	2327	18424	-7432	-24342
18446	31774	-21976	20491	13559	7401
5157	5180	-27883	16895	-5388	2286
-21484	-18406	19749	26637	1791	-32531
24590	15430	-31458	27915	9461	-5906
-27612	-12235	22548	-16410	-12553	-19202
-14311	-18420	16934	10258	22273	13560
5139	1109	1562	1560	2555	247
10270	17463	-19684	18909	-3853	27662
-10208	-14318	8996	-15858	20217	-8192
18452	-7084	-2025	10248	14327	10243
-4063	-27605	-10463	-2089	-19222	7198
30758	12300	-20449	21782	29425	-20474
-4071	17497	8727	30989	-23816	-29687
10268	-9168	5921	7641	9439	-32729
1072	-12280	-26592	-6633	-1563	18444
1064	-30636	2069	13334	22005	1034
2077	6197	19741	26080	19426	25636
6195	-4070	5660	29183	-31777	-18408
48	-32712	4633	-13546	7406	-21492
-32725	-28607	3606	8938	-1301	-31719
31794	-8160	-13797	-14617	-14623	-3041
-1989	-32733	-28904	31770	-4629	12297
-30670	23622	-8169	-14590	7924	-25587
3121	-13266	-23013	31455	14052	27
-15301	-16368	-9196	-27404	26593	-4075
-23487	-12242	25367	-4338	19954	-24568
-5072	-32715	-5610	7670	23795	-27632
-11209	-6116	-9200	26602	20712	-15336
11326	21528	2835	29196	-6415	-25590
-22477	-24532	22035	-26615	7926	12302
6193	15407	-30700	-17423	15344	-13291
29749	27664	12050	14590	-4888	20502
-5053	29724	-13301	17159	-11022	-22512
2102	-28631	5392	25599	17910	5140
-13259	2079	32270	-18948	23532	21526
-8128	-9196	12300	-31745	2797	16407
-26562	-27622	-16115	-29696	10486	10262
21561	-5096	-1266	23042	-18960	-29670
-24515	30747	25869	-20218	-22286	23579
-7110	25622	-6648	-16650	4847	-987
25666	16399	-12275	-6662	6383	-24537
-18371	19476	-2043	-2296	23280	-31707
14402	-8162	-29698	-17907	-12563	-5084
19527	3089	14083	24824	-10772	6183
-13236	26879	24835	5118	-8980	-5086
15433	24579	27396	28173	-31245	5142
-6074	-16364	9726	-16381	-10764	2061
-30648	-28668	-20739	14584	-29193	-14328
20550	-15107	6652	260	26105	17411
2118	4110	8195	-29688	26877	-9985
-32701	-15350	-27390	-12541	21499	-17153
-25536	-13306	-5891	13826	-26115	-11009
-8126	-11253	-32514	-16894	-23301	-5889
-25535	-11257	513	17406	-17154	24830
-22462	27655	30974	-25599	19707	-24323
-17342	-20470	17152	24830	-15619	-19203
28738	10249	28671	5122	6397	25852
17474	17418	-11264	24569	-23298	-32514
24642	-16375	-10754	16387	-26559	-32756
19971	22015	-23552	6394	-30652	-22519
29692	29439	-12290	17656	-25530	-13297
-26624	8189	28675	13560	30786	2054
-14332	5630	-27902	2292	-21434	17415
25346	-32762	-6654	26865	10307	19
17922	18949	24579	-13075	-18361	3083
-21507	-14339	2816	26862	8265	-21492
-30204	-12544	-4349	3306	1099	-13294
-18172	31747	-1276	-28441	-21434	25619
509	17405	15367	-1815	6215	25617
26620	15101	-31479	-15131	-30648	12305
3075	-28155	31242	19683	28746	-32737
6660	512	-28914	-15134	-15291	20501
7240	-2016	30468	-4096	-18670	-14114
-22458	-16357	-10229	-23822	-24559	-15136
-21437	-11227	-2564	-6657	-13293	29914
7236	12330	9739	15339	-28908	-10016
4166	-25574	-12790	28918	23574	-17188
-10180	30768	31493	-6909	-21479	1240
-23489	10284	24338	-16151	-10217	28896
-4032	-3047	-11511	-20234	19739	-20259
23606	-27594	-20727	-12545	-19427	-32550
-20424	16427	13075	26607	-23269	-5919
-15309	19493	-752	27896	-21218	1249
23598	-16324	28939	-22809	-9191	1256
18480	-29665	19990	-17950	-29159	-17167
6186	19493	1303	17403	3606	22767
14378	31805	27407	-536	19475	19704
8233	16411	-28641	-3352	17423	11519
-11221	-29656	-9968	14594	-22257	3320
6184	-25534	-23791	-10261	-7410	24580
-6101	-12264	22039	-3350	-32500	30729
-3035	-27602	1313	-4341	-24306	17408
13353	16455	29219	-15390	10250	24594
16425	23579	-9955	2015	7950	4120
-15320	19511	-1248	-32014	13586	14357
27683	-3039	-3570	-14111	21270	-9189
-4054	-15333	-21475	7431	23578	-25580
23600	-16328	-22239	10732	7464	-25572
-31711	29707	16151	-31013	-20172	-9182
25634	-19429	-10978	28178	27695	20
-21466	1067	5409	-31759	17211	31768
-1004	-15344	19484	-263	-23497	18454
-21482	-17367	-18394	9463	20268	-12273
-32753	-19445	-7643	-12327	26410	-18408
13325	7420	18478	-21001	31776	9234
-4090	20508	2084	-28406	24084	2302
29710	8437	24623	-14	-27385	-18177
-16382	-10224	-464	-18157	-7686	-4878
-26611	5128	-12503	7418	-23827	17650
-25578	-26371	-1231	-9191	-19991	-19223
-18422	-997	-7381	31503	-7711	28901
31776	24580	22575	-28129	5340	-1821
-10223	-11238	11047	20767	-28705	8415
-11226	26658	-3297	-29928	21208	-5918
31779	-16372	-19415	14620	15593	25822
-2033	31783	1321	12847	23528	-4903
21547	15417	-6381	-1273	6886	9444
20512	-13302	-6875	2578	13051	31967
-18416	-18368	-6370	3111	-30477	-5922
2087	5178	7955	-14619	23286	3319
-29675	26628	-728	27927	17667	-12056
-10208	27737	7184	17935	-11788	24814
-31715	26660	18468	-29727	-13060	20487
20505	-7137	21283	-15830	-21263	-2833
-13277	16459	23572	21513	10489	-31494
22	-7124	-997	-29953	-6410	-18430
-22489	28720	7958	-27895	-28942	-21251
7192	3129	20762	7947	3835	27902
-18403	-14281	26651	-13561	29427	-18429
-22492	2101	16147	26116	-21005	-27647
17434	-8137	-4835	26631	-15881	-14334
29	24640	7953	4347	-25872	10247
6188	31792	-23527	25838	-9237	11277
-19422	35	30496	-6125	-8205	1024
-995	76	10262	-12285	-4112	19460
-18393	17456	30992	12254	19427	-7146
-31697	31769	-18403	-17920	-3348	-10228
-22494	-24515	-5867	-23014	16883	-12285
18469	-949	-14831	11486	27877	-16358
-20429	-27630	31514	-24867	10212	-6112
-7117	11295	28443	-30941	-29708	7177
-16340	5205	16916	28158	19707	-19443
-2010	-4065	-23529	21194	-15139	13354
-20417	-11247	-30954	3591	-2327	16406
55	31803	-9961	31504	-25860	3084
-12248	-23507	19477	-29725	20966	18468
-17343	-1007	-6126	-8195	-32029	23578
61	-32721	6675	-4849	-23307	-31729
-25552	-19415	29975	29682	-28696	28
-22468	8213	-22001	-14853	14307	-996
-18368	-6107	28429	-24306	4846	2068
-32715	17446	-31979	-16903	-2579	19484
15419	-8169	-10227	-29189	-11290	-3039
-28606	26651	-7927	9997	23022	-28648
-10181	26658	17931	14338	-13838	-5093
60	-2022	-755	27392	-18707	19487
-9151	-11241	17161	-247	-9490	24605
-22464	29719	17158	-24066	-22033	-10208
14399	10250	27655	-27131	-18964	-24542
-18367	24608	-14589	-5615	-25360	-29667
-27585	31771	28422	28664	13547	4132
29766	-27643	514	-30982	25321	30755
2121	-23544	-19456	-23787	-24338	-17384
-25526	16414	5372	30983	-15370	23572
-958	-30714	-32256	-19212	-21520	4115
21577	10244	-1540	27903	-26894	-13300
-25531	-14319	1532	7169	-24330	22533
69	-3066	9466	21492	-11787	-24573
-27577	-4092	-9987	-6911	-5895	-27394
-5054	24596	-6911	23295	-5123	27901
-5055	-27644	-14854	-21001	2810	22782
-29629	-14329	-263	24575	-27138	6397
15427	26642	2304	-17153	-26880	-1797
2113	-25592	11005	22524	15870	15612
-25532	30729	16379	31996	30465	-7940
-30654	4109	19456	-7685	-22784	251
18500	-32759	-26372	-28163	21762	-13063
-16318	-6132	-17410	-2821	-24318	28922
18497	26640	16642	-5383	-30462	27900
-22465	-28665	-14341	24828	-23807	12538
-3004	-12274	5885	-11780	13573	-772
-24515	-2033	-24578	28665	-17916	-12036
25667	30734	-19199	26365	-2813	5372
18495	-15347	-29443	3581	-2044	18684
20544	15372	24572	8442	-18429	19708
1090	5135	-8956	5884	-21501	31993
-3005	-16375	-30214	-17156	3329	20728
6213	-1010	-12292	-12549	3588	28918
3140	2059	22787	-17149	-26877	5359
-32697	-7156	-23299	15626	-20479	4331
11336	-10211	-29443	-16899	-4348	-32532
27716	12298	-6153	-12299	-30974	12521
3149	15373	-258	-4352	4	1250
-20405	-18406	-7161	-30212	-9720	-16160
31816	30743	15355	30970	-14329	10463
-15289	7201	16135	-19717	20490	18658
-30650	-22506	8191	32493	-4084	-13086
-23481	29721	-7162	18685	-16877	-16158
-31677	-30683	28936	-30463	31510	-13088
-15291	-26591	-23037	4345	-24804	6370
5181	-8159	-1276	-30467	-2274	-1823
19519	8235	1551	-18949	13599	17635
-10180	-31706	-12532	-24839	-5602	226
5183	-24527	-12791	-7689	-5602	-19231
8250	21541	-7153	-10773	32028	-15131
29749	25643	-3053	-4	-20706	28896
-4042	10285	23313	-32019	30488	31973
2095	-12244	-31216	-12812	-12259	22756
-22488	-28627	23831	27881	-9454	-13077
1073	2083	530	-19981	-6636	-22293
30761	-11214	534	-30735	2069	-20241
15405	-20447	13589	-27400	-7407	-9998
17446	-18370	6922	-4878	11541	-17166
14378	9255	30240	22234	-21233	-26624
18477	11291	-3552	-16122	22804	2293
-19422	-22453	26645	15353	-31472	-24327
5163	19492	7705	4056	16652	-32760
-22483	28705	10784	6148	30483	29696
16423	-20411	26904	24562	10518	19461
3114	11298	-19426	-16672	23833	16399
-22486	19486	-25318	7682	-29408	18441
-3041	-8125	26143	5870	31264	-12270
29733	14361	-2014	-4393	-29662	-21474
27693	-26376	-3288	24078	29996	-11244
-11246	24654	-7924	-24815	-28628	13324
17441	-29671	-24791	-16683	-26834	1066
-23524	-21504	6946	2045	32562	-27610
19475	17461	-5869	28699	-11991	31760
-21485	21550	-4824	-16667	-6615	16418
-32749	-21499	16682	-24071	15908	3103
7181	27685	28712	19973	-11750	-15344
-19443	-31724	26672	-1552	-12266	-4079
-16372	-14325	18218	6908	1293	21514
29709	-9202	-30928	-9981	-29439	-16379
30733	-15335	12334	31753	762	29947
23565	-32754	7985	-11783	27889	-14087
-17387	-27393	-31699	-11758	3566	5361
-30703	-4065	-26838	-13547	-30488	26859
-9191	-23522	19497	-20469	31204	7404
11288	23562	303	6927	27621	31979
10267	14368	-18139	10528	26338	4327
15385	19490	25120	-10731	-21536	-32536
5141	-13279	15656	-24541	-24096	13538
-11222	50	6168	-21235	224	2283
6161	-21484	-5847	5397	-23315	28900
-16352	10311	31512	-23787	18142	-23320
-25559	-17379	10525	-15110	-10766	-2832
-21493	-2005	22304	-10979	-25101	-8993
27687	-4027	-30446	-15120	12773	7412
24610	-27636	20006	5888	-14599	24821
-4084	8246	-8676	18992	-32012	17633
-12252	-24489	-14842	740	-1298	26874
-29666	-15356	-23510	3055	16891	22529
-15337	-27595	-21478	-7116	-26642	21738
14367	-29608	29449	11756	10481	16384
-6116	-21487	-24288	26348	9711	-28664
15392	28724	-4327	26655	4078	1272
3105	13390	16660	-2323	17643	-25589
-14306	-17383	21534	9192	16615	-21484
4136	-22477	26133	11034	-16408	-26622
12328	22606	-26607	-17436	-31506	25619
-3045	-32743	11807	-14	6367	21527
29747	-15317	21784	8221	-30494	-17401
-8140	4172	-8176	-5901	8685	-4076
-15326	20519	11033	16093	-23582	-28639
-27590	-15323	-231	5374	-7454	23
24630	-1992	11287	18183	-29713	3092
-12240	6185	21267	20975	8676	5151
8255	-28630	-13553	6408	26345	11285
3128	-27592	20503	13311	9199	7193
-26571	10271	15125	-4110	-29214	-14305
30786	-17377	6669	-1522	-17433	19475
-7111	14386	6160	-2804	-22542	-2030
-30670	-15321	13841	13814	8936	19487
-16317	18449	26378	1032	-19995	31768
-1987	-21465	16905	-9714	-12301	5139
-970	2082	-16877	25089	20970	30749
-16322	-15332	21255	9474	-19988	-9188
11325	-5093	14086	-7426	7918	8221
27708	-27623	2316	3077	5614	21536
-26562	27675	-22521	9733	20975	-27614
-28612	-20454	22785	8701	21487	14371
-21440	-28651	21509	-4093	-21011	1059
-17337	28689	17670	25615	22602	16404
28166	11268	31478	38	-12216	-17401
-30976	17937	-4876	15396	25674	-18414
-13061	3101	-8199	-5092	-25528	6162
7419	18689	-12810	8217	-13237	14343
3330	-1025	16632	14355	-18362	-9203
20221	-28419	-11014	27657	-7104	16389
-7947	24307	-16648	-7160	-4027	27655
6142	1015	16125	-27645	-15294	-27641
-29441	24829	31230	-17153	27716	20492
2814	10243	13055	-5889	1085	25608
24059	-16642	12288	-27395	-26555	-11259
18935	21761	-4864	-6915	-31678	11278
515	-25848	22530	-773	-32702	26635
-23039	-16129	-16896	-23300	17475	-17402
22522	-7	21504	11515	7234	28684
5120	-26117	27136	12537	20546	22534
12796	3838	16130	-19209	68	3084
767	-28415	-9725	17655	-3007	18442
15615	25851	-12797	-776	-27581	28688
17409	23037	-1535	29943	-29627	-32763
-13825	-17668	-24572	-27401	-28603	3086
-8701	17919	5892	-32528	22597	-17390
-23556	14590	-21758	23788	-13235	-13295
-22011	-23562	261	8429	23624	13315
-28681	9467	18441	-18202	-11188	19474
-30467	11789	32268	-11044	12361	-5083
10512	30208	-10993	-16161	-9145	-5104
-18184	-13828	-14071	-11044	29772	-2011
-18436	-27912	13071	-24357	-32698	17436
-8690	21222	-8686	-12064	-11190	25625
16132	-25855	-26603	30936	22595	25643
-21503	-3336	15128	-27431	-6077	-17378
12810	29688	11033	28889	8257	-27609
26378	-29951	9752	21718	-29637	29746
11014	-4108	1304	2266	4155	-24544
-3569	-1548	535	-13091	31800	10276
-21749	-15100	-20203	-32551	-10190	30771
12	32232	1815	3301	-22486	29734
-495	17400	13079	10472	31799	-14303
19	-14337	273	-24344	-21460	2093
-29179	8177	8726	-32529	-11224	10282
6427	10488	-15084	-25358	-31696	17448
12567	-21252	11024	-22284	28720	23605
-24563	22262	12052	11512	11307	21547
12563	-32277	-26089	25601	24622	-17379
1560	16383	22040	2300	-6098	9280
-30436	-18687	25117	-1793	23589	-30679
5902	17644	28187	-3068	-13267	-22486
-24295	2042	-32484	30723	43	-982
-7396	24824	7970	12295	30752	-7122
-29418	-2805	-6366	-32768	21540	-25539
2333	-28425	6694	-30713	-25560	22555
24086	20722	-988	11	31782	-26576
21279	15881	9513	31750	-16354	-30660
-6110	26087	8232	23570	-17378	13337
18713	-30481	-2522	5135	15388	-16345
28446	9734	1576	-23545	-10221	-3020
-22510	19693	-26327	12297	-12268	24593
5148	1256	-13016	-32756	-19437	7190
-7902	26110	-5342	-9216	24582	-24555
-24536	23022	-9198	-26621	23571	-27626
-4053	14590	-23291	-14335	26631	28715
12583	24046	-4610	15366	23571	27903
-24274	-1287	8434	12294	-18409	-2015
5672	30221	-7440	17660	30735	25622
5928	10999	24814	251	-11231	-1009
8998	17422	32237	-13067	-11248	-12252
-16349	31237	13039	25842	27678	-25585
-2776	22533	-8468	-6928	7198	-5092
-19422	11035	-6159	-18199	29711	6178
4645	-3569	18929	20716	13324	-27613
3882	-10971	-14359	-17180	-8153	-15307
3350	-30982	-31517	-777	-7141	-32525
25390	-12781	29682	22774	29715	23628
-14817	18746	-24855	26857	-9178	-11206
-25577	-26894	14313	17662	-2018	-30714
23841	31762	-23823	-26380	19486	13387
-25070	22554	9195	24819	2085	2097
-998	-9487	17653	-7166	5140	10265
32298	-12516	3320	-14089	-11225	-17333
29187	25354	2034	13564	24608	-28630
30238	-9479	-15624	11267	19479	-26573
-24297	30494	15347	-7948	1064	-11187
23304	24809	4075	4104	-21467	-28659
22561	-19208	-31757	19466	24604	4150
24087	-26067	29685	244	29728	-7081
-15101	-787	30959	-12280	25636	6171
-9449	-19497	-3854	6170	30758	-28651
1818	-30942	-27146	-28417	-6120	14430
-7154	23041	-16896	6155	-17380	-25572
-10212	26313	-31773	42	-15306	-9209
13850	19225	-6428	-3059	8236	-2979
-1774	23059	18688	-20472	29723	-12235
16407	-12859	-8486	-26581	-4039	9470
15899	9982	32729	-25576	-24511	20547
-23288	-30941	6897	14342	-30680	65
-26347	17375	-4376	-7136	2106	7182
-19431	15611	-15654	8218	-2999	-21450
-6132	32537	-22293	25610	-27600	-13256
19217	-6166	-25364	15387	61	-18410
-20719	-17411	-18724	10264	10316	-8149
3592	-13546	-532	-27635	-964	7220
-29680	4095	-18190	-26606	-12226	-8168
11788	-6667	11752	5144	-14268	-26586
-19705	22534	-30223	3087	28734	-31704
5897	-23558	25332	-1006	-966	-3046
-17909	-27148	-5136	14361	-29637	-12265
-15095	-11259	-23823	-3051	6201	22570
-22777	5887	6901	16406	-16328	-5100
28679	19693	-20754	-15329	1089	-19440
-21749	-7170	-526	10270	17467	31768
13831	-31473	2804	31774	10299	-6109
6142	1781	-11274	30757	-10173	-23538
-2041	-21265	-32015	-16340	-955	-28659
-30204	-1016	-27658	10275	24648	-1009
7933	-12529	18930	-10205	-15282	-16360
23811	30467	10744	27676	-4032	-11253
30976	16628	-6413	6165	-1972	-1794
30201	12022	14575	-5104	30790	-25591
-30216	-13569	2554	18434	-30647	-14322
-5887	-6668	-4103	12288	2115	-2041
-29184	-5643	25595	-1795	-3008	24578
9210	11519	8187	-18178	5188	13333
-21440	-16375	-31227	12797	1277	-11010
23618	-23544	-20227	-1791	32509	-29442
-31676	-30705	17405	17145	6657	-13312
10305	16390	-20733	-17671	13824	-30465
29762	26633	25085	-25599	5888	26877
14402	25613	27902	1277	-11005	21757
21570	-11251	-4349	-31490	31490	-18179
14400	-9207	-14850	-5635	-18943	-1795
66	31755	19707	5119	9218	-16135
2117	-12270	26626	-21767	-4606	15608
16451	15366	-12800	-14597	17665	-25355
31819	-17399	-30218	11010	2048	13551
-17331	-27624	16137	14582	16136	12526
-4026	16391	-5628	-29964	2817	22765
-7091	-6136	29683	24324	30214	-10015
31815	8216	23816	2050	-5107	6369
74	-9195	-24322	13562	1550	-13088
-29626	-20456	27648	15356	-12527	2273
24648	14367	-13042	-10240	-32751	4322
-7099	21531	-24575	-30715	-20205	26846
5190	-16346	-14073	22786	30996	4317
16448	15397	-16374	-12289	10260	-18210
11332	-9177	13318	5121	15638	8413
13373	-22486	15370	12540	-7143	20701
16440	-32726	19471	6645	18455	-11040
24629	-31708	-11762	-3832	-25576	-8997
18483	21561	10253	-3845	14104	5344
27699	29737	-14324	-22557	-11496	-17174
-11214	10266	-15089	-13569	3097	10471
-6094	8250	-244	-32512	26393	9446
-27602	-5074	-28393	-12571	-21737	20723
-12237	-2016	29710	14581	-4845	239
-14294	4159	-11505	13299	-21737	-31501
-18384	-9174	2323	-1322	-5363	-25345
29743	-26599	-11239	22524	-31979	-12038
13345	18502	7186	-1040	1294	-19202
26669	-15326	3860	-6184	26637	15370
-10196	29717	-25308	1292	20501	16639
-20442	-23480	-1255	24300	-15347	5128
-15328	-16356	-21507	3284	11022	4114
-11218	18	4902	-9209	-14830	23563
24617	18489	2079	31738	6423	-32755
-3044	5152	-31475	20709	6172	25619
-8142	20514	11292	1005	21529	-27627
-24535	-13291	-12254	-7184	-4312	-28649
-5085	14363	1058	9724	-18653	25625
17436	-13271	-14065	27136	-26848	-1001
30755	-30682	-25817	-17427	1569	12321
26652	-5106	-27099	17136	32545	-988
10268	20490	-1507	-12026	23319	22559
3096	18478	1574	4116	19990	-16366
-28663	-16366	-3544	14043	-17650	-15331
-23520	21741	4398	-19956	7173	-6130
12302	21540	-18910	-17633	19969	-3842
-6123	28681	14888	15084	-25867	23556
21538	25848	9770	17947	-21511	-15118
3089	-24538	-18390	-23025	-3343	-29458
-3043	-23537	23845	21003	-17686	14574
-23521	13335	-29402	6431	-26653	23783
6176	19489	7204	-27121	28900	-13083
-28641	-19439	-16856	-9448	-20252	4317
-16343	23595	5913	-22250	-23069	19679
24606	-17386	9763	-1262	12010	12507
29728	9267	-20454	-21987	28384	-30500
22573	28712	-11497	6657	-21267	10467
21521	24	25632	-23267	12536	-2860
18471	72	-9967	11266	14563	16613
-982	10264	24093	-29709	3839	-3861
22544	3110	29974	-13526	20214	-29481
31780	-14246	11531	-31000	-20243	-18189
-32733	27659	-21215	2277	-5386	18685
24603	-19405	5135	-14044	-25606	23779
-17379	-26537	-9965	9182	5362	-14333
13352	-8190	-8165	-5395	-11791	-3064
-6118	-29632	15886	-15066	27131	1264
25628	-30630	23314	-11315	-5139	-10220
9260	4344	3879	-16411	-15382	2072
6184	-10193	-11238	31032	-29191	8441
29723	-14232	22789	2017	-10766	28690
-18398	-17394	-4572	-22063	-27682	28717
6206	6166	28444	-30684	25832	24586
5165	-10148	14862	-16914	19196	14357
-27616	1043	6176	21213	-12071	25643
13381	18464	12058	-26843	-27	13328
18488	-6062	13328	21235	4600	-2026
8239	-5099	5141	24280	16856	-32724
-10168	-9194	16667	29978	-1561	-10220
-14273	-6075	-21234	516	-4359	-11244
-24526	-30692	-13806	-20003	-13088	31785
20553	7183	32279	-21488	14056	-3048
-24510	-32723	-23540	6420	-20743	23572
29750	9257	-27891	9973	-11538	-4062
17473	-25585	17170	-9467	-22040	-4062
22595	11293	-29174	25870	24820	-14307
-24519	-28642	-13809	-19201	15344	1062
20542	31768	11789	-2304	-14867	6184
-7099	-8175	-19187	-25846	8685	4133
-8123	-23533	28165	3337	-16402	8230
-26559	-3058	15872	26369	-31510	8237
-11184	-24563	-4094	-19693	22253	17441
-4016	8224	7431	3080	6905	-6116
-4019	20732	265	5889	15094	31763
12362	-24323	-13057	21007	-17670	14344
8265	-7141	-29702	-17397	10240	-15359
66	23563	5381	-26633	-18948	19711
22597	-19202	-6909	-13309	-4866	13562
-4032	-3056	16386	-19195	26368	19706
1083	-18417	-6653	-6658	27134	16636
-1984	15367	19205	10502	6655	2301
-13248	-28659	516	6410	4354	-15107
-9153	3086	-26617	17669	8193	7422
-26558	-2040	-25089	25872	13055	-4865
-26558	30739	20740	-31475	9218	30974
-11200	-20467	-7163	-7167	-2816	9470
4159	28686	13571	-12797	-21255	4351
30788	-7155	25601	23552	-21256	-24321
-17344	29708	-30205	25089	4349	-20225
-14271	-28660	-11520	-10753	9468	-3841
-29632	-21490	-27643	14851	-32256	25854
-31679	13325	15103	10756	-28927	18686
-16320	-11252	-19713	20223	31746	29951
-26559	-7155	17154	5118	-11778	18687
26690	-10225	-9984	13303	-23810	16385
-23488	6156	-255	-7688	-16382	16639
