0	0	0	0	0	0
17368	308	-5736	-131	62	-87
15548	1056	-5740	-393	59	300
15496	1164	-5736	-592	-269	-73
16756	1444	-5700	-690	1567	-443
16272	780	-4508	476	4151	-1399
11916	1040	-3856	5698	-7	-1683
16464	8428	-6868	-4145	-7717	-3062
18436	-1004	-7288	-9056	3176	2573
13428	-3504	-3272	1018	559	-1145
17368	2692	-6172	2925	-125	-1932
15364	1656	-6104	177	504	-769
15368	804	-6084	-403	-565	-718
16196	892	-6112	87	-19	-821
15436	1536	-5552	-476	-215	-474
16092	996	-5996	-999	-373	-313
15952	656	-5628	-214	-206	-612
15512	1148	-5596	91	-513	-727
15752	1548	-5956	-346	-602	-487
16548	1104	-6136	-610	-699	-460
16944	1708	-6140	-459	-510	-951
16936	1708	-5496	-471	-757	-1972
17412	1656	-6828	-552	-1337	-3394
17772	1468	-6288	-867	-1323	-4355
17584	2412	-5228	-497	-1679	-5474
18104	3780	-6664	-930	-2176	-6203
18072	2448	-7848	-1588	-1610	-6417
18268	4236	-6240	-1289	-1651	-7695
18172	5196	-6316	-2851	-1920	-7905
17552	3980	-7368	-2669	-1846	-8753
17104	4900	-6724	-1886	-1853	-8901
17424	6432	-7596	-1598	-2567	-8894
17396	5996	-7912	-2034	-2909	-8834
16676	7024	-7076	-2042	-3245	-9083
16280	6152	-7992	-1316	-3509	-9259
15928	8676	-7956	-317	-3774	-9170
15872	9164	-6920	-2931	-4307	-7698
15084	7420	-9032	-2298	-3450	-7927
14092	10112	-9784	-1779	-2641	-7671
14120	9572	-7656	-4122	-2460	-5908
13408	7216	-8076	-3642	-1866	-5522
11264	8832	-9216	-2792	-1315	-4817
11604	8960	-8844	-3976	-9	-3148
11048	7308	-7068	-4266	1062	-1297
11136	6764	-9608	-625	2246	-890
10152	8764	-8028	178	2967	293
10032	7544	-5340	-476	2905	2120
9692	7284	-6468	2539	3998	2574
9692	8724	-6396	4547	4993	2318
10112	9516	-8136	1235	5269	4120
12336	8692	-6256	2570	5783	4417
11076	8132	-5688	4530	5781	3365
9012	10248	-6932	3046	5164	2932
8936	8116	-5372	2254	4884	3366
8332	6688	-2872	3070	3293	1663
8392	8676	-2540	1541	3154	430
6756	4268	-3584	403	2133	-812
9804	7964	856	210	824	-2160
8376	4464	-2016	-4040	-1423	-1018
9704	6776	-3964	-4905	-1854	-838
9660	4020	-2872	-3319	-2540	-2032
9732	7540	-3720	-4326	-2494	-1379
10596	6876	-6532	-4033	-3421	-1514
10812	6948	-5320	-4766	-2750	-1554
10320	5920	-5540	-1981	-3689	-2231
12036	9428	-5068	-432	-3652	-2184
9144	5876	-5460	380	-4259	-2330
11664	9768	-4944	1154	-4030	-1850
11024	7060	-9052	2128	-3360	-854
11056	7192	-4008	768	-4166	-335
11936	12004	-6108	109	-3281	883
11196	3388	-10380	740	-2582	2893
13536	10404	-6188	1115	-2633	1358
13900	12196	-8584	-2102	-1721	3764
11324	3148	-10572	576	-683	3115
13488	10048	-5124	528	-1700	2004
13820	9052	-7292	-433	-363	4732
10540	4656	-11256	4401	823	2910
14452	8752	-4736	2188	1049	2679
12472	9500	-8664	993	1242	3933
10760	6056	-11232	2714	1567	4475
14824	8468	-4928	2096	1881	4434
12440	8856	-7592	2076	1713	4796
12120	7020	-11064	439	1060	5397
15708	8356	-5804	-1232	2044	5900
13076	5488	-5284	-810	2173	5556
10288	6472	-10180	1397	1392	4288
17896	8380	-7824	440	2500	5305
16024	4872	-5908	1909	3845	4670
12912	6900	-9448	2089	1509	3553
17712	6728	-8932	490	2609	4644
17004	4460	-5988	1238	3732	3831
14876	5312	-8056	113	1306	4467
17388	5696	-7968	-2164	1324	4675
15740	4628	-6364	-2998	2597	5210
15832	3404	-6640	-2385	1629	5016
16972	2708	-6392	-2271	1778	4646
15912	3052	-6444	-1403	2441	5064
16088	2616	-6972	273	2412	4685
15992	2080	-5992	615	3662	3624
16004	2976	-5172	746	2694	4104
17184	316	-6228	1465	3272	5090
17032	912	-6344	3677	5043	5417
17320	3668	-6876	2648	4763	6278
17152	-316	-7044	3006	5301	6140
17752	1456	-5700	5903	3975	4334
18072	344	-5404	4450	2523	3757
17092	-788	-5360	5283	1424	1054
15360	2936	-5080	2508	-130	-269
16824	-420	-4156	-985	-1892	-1500
17456	-312	-4544	512	-1667	-3346
16288	1628	-4588	-834	-1655	-3966
17012	116	-3996	-959	-1847	-3496
16648	2196	-4276	-1596	-1175	-2541
16568	172	-4892	-2392	-1149	-1872
16152	1196	-4620	-1000	-410	-2507
16228	1944	-4344	-1828	-1065	-2181
16608	3164	-5680	-3460	-1463	-1408
16860	980	-5844	-2603	-956	-1919
16796	-292	-4704	-2601	-325	-2884
15840	2152	-5160	-1274	-1176	-3565
16188	2628	-5984	-1995	-1447	-2778
16668	1760	-6380	-2289	-1386	-3336
17368	1812	-5440	-1414	-1599	-4531
17856	1908	-5072	-1244	-2167	-5342
17360	2744	-6556	-155	-3225	-6362
17704	372	-5796	-832	-2750	-6754
18128	4364	-5884	603	-4125	-8623
18228	5644	-7868	283	-4182	-8583
18040	4048	-7628	1273	-3437	-8742
18680	4544	-4052	2306	-4119	-8716
16840	6552	-8000	2408	-6020	-9178
16596	5816	-10772	1401	-5068	-8961
16392	7660	-6444	931	-3054	-6981
14380	6024	-7436	512	-4369	-6378
14340	9304	-11456	-736	-4663	-6058
14868	7328	-9012	-2978	-2527	-4476
13236	6284	-7104	-594	-2884	-4767
12952	8524	-10888	-1727	-3081	-4091
12148	8432	-10076	-2539	-2197	-3791
11880	6688	-7356	-2443	-627	-3084
11320	8644	-10164	-1246	-1048	-3764
11864	9680	-9932	-2533	-704	-2909
12420	7496	-8760	-3257	77	-1866
11872	7804	-7976	-1417	544	-2182
10996	8624	-10188	-1201	922	-1811
11428	9356	-8708	-2243	1926	-302
10948	7264	-8940	32	3070	-265
10128	7232	-10080	1691	3670	436
11656	9956	-7672	1562	3580	1166
10616	7904	-9392	238	3225	2040
10464	6096	-9784	2113	3976	1743
8784	8516	-7032	1558	3551	2084
8196	6708	-4640	248	2993	2004
6424	6552	-3516	856	3081	1319
5660	7540	-1460	-989	1446	500
5624	5952	-3888	-1421	993	-1194
6600	6620	-2676	-1750	-1155	-2330
7836	7084	-3332	-6076	-2616	-1580
8108	4108	-3888	-4334	-3423	-2535
9436	7264	-6004	-2841	-3095	-2716
11204	8200	-7224	-3465	-3249	-2447
11180	7648	-6092	-5183	-2572	-1334
10080	5832	-5816	-962	-3162	-2360
9652	7748	-7812	225	-2818	-1474
9564	8480	-7720	1199	-4052	-751
11744	7780	-6160	123	-4147	1073
9536	7188	-7496	3307	-3423	242
11812	9972	-8800	2976	-3221	523
11064	8016	-7348	573	-2207	1975
9148	8236	-6448	1585	-2391	1782
11976	10092	-11380	2659	-814	884
10020	7664	-8864	635	629	1701
10796	9700	-7256	389	59	1540
12668	9236	-11220	1823	442	2017
9748	6808	-7572	1457	1318	1399
12696	12592	-7984	537	481	1505
12584	7524	-12692	1158	1777	2240
10528	7236	-7136	1897	2051	1294
13308	11456	-7720	-636	1004	2206
11432	5972	-13116	985	1364	2533
13124	9656	-7036	1367	1505	1537
14320	9952	-7124	-3051	2036	3693
11304	5600	-12140	-651	1965	2891
13348	8664	-8104	10	1839	2407
13096	7820	-5632	-3446	2110	4668
11784	5816	-10440	-1715	1255	4532
15196	7244	-9472	-853	1906	4175
15500	8372	-5588	-2598	3456	5393
12376	5580	-6260	-2902	1917	5894
13916	5684	-11740	-1541	1490	5176
16788	8892	-7040	-2210	3897	5441
13232	5596	-4388	-4462	3898	6892
13652	5128	-9360	-3615	1102	7329
16336	6440	-8152	-2791	2819	6946
15032	5972	-6400	-4073	4014	8124
15464	4764	-6328	-4005	2275	8119
16404	4032	-7448	-4400	2887	8131
16244	4588	-7488	-2714	4426	8477
16804	4200	-6628	-1737	4902	9170
17076	2376	-5692	-1755	4484	8252
17196	1760	-4808	-907	3003	6696
17020	1652	-6076	666	2997	6321
17444	2692	-5552	1496	2819	6314
18148	1232	-6428	673	2714	6653
17616	1232	-6816	891	3505	5216
16204	1520	-4932	5	2755	3912
15464	596	-4252	410	541	1040
16220	1104	-4228	154	-1367	-1214
16248	864	-4064	-1075	-2408	-2225
16860	1144	-4932	-1005	-2722	-2494
17692	464	-4288	-424	-1607	-2668
16144	1412	-3684	377	-676	-2548
15936	1440	-5160	705	-1161	-1560
16576	1936	-5400	921	-70	-1249
16148	1612	-4100	388	672	-995
16384	1948	-4692	130	137	-688
16324	2000	-4728	-336	345	-402
15384	1880	-4768	-971	130	-657
16424	992	-5080	-947	-52	-498
16448	1228	-5132	-172	431	-474
16024	1788	-5108	289	242	-614
16236	700	-5152	570	111	-1000
16432	1612	-5144	1412	156	-1318
16024	2676	-5348	1556	-615	-2249
17100	1520	-5296	822	-1712	-3176
17488	1584	-5272	2110	-1555	-4832
16584	2224	-5808	3142	-2617	-6860
17300	4128	-6756	2166	-4155	-8165
18772	2888	-6016	908	-3740	-8336
17908	2368	-6040	2368	-3584	-9434
18732	3728	-6120	1779	-3835	-8973
17968	4980	-6516	750	-4044	-9369
17292	5636	-7632	620	-4813	-9672
17424	5300	-6652	792	-3520	-8977
15640	6272	-6324	1839	-3244	-8544
15204	6920	-9868	1888	-4046	-8369
15392	8284	-9612	1149	-2941	-7950
15132	7924	-7108	-302	-2359	-6800
14388	6764	-8572	963	-2664	-7632
13564	9076	-9884	804	-2023	-7809
13796	11040	-10240	-1197	-2002	-7219
13820	8924	-10168	-2969	-394	-6413
12524	7936	-8556	-1968	-1014	-6621
11700	9724	-9304	-1410	-882	-5700
11532	7384	-10236	-3059	-1066	-3515
11692	9136	-7696	-1662	-1372	-3009
11204	8268	-8476	-1620	-1548	-1749
10840	9896	-9752	-931	-1111	-1224
10768	10000	-8060	-2674	-447	-221
10320	7880	-8044	-3287	427	197
9920	8756	-8680	-1308	949	-139
9888	10244	-9284	-1501	1342	1077
9852	7760	-7636	-2540	2925	1382
7968	7636	-7436	1862	2689	341
8468	8928	-6776	2536	2233	957
8780	8276	-4404	842	2268	610
6792	6780	-3272	1358	3222	-977
7332	9332	-4328	2295	4196	-2908
8172	5896	-3808	-3384	2734	-2430
7912	6968	-456	-5728	1578	-1075
7740	5776	-3992	-3124	668	-1681
8220	7392	-4172	-6582	-472	-172
10640	6564	-4348	-4406	-955	264
9440	8560	-4476	-1371	-574	-579
7364	7268	-6956	-1827	-1386	-897
8824	8724	-6536	-1089	-1802	-1639
8724	6652	-5656	1591	-1756	-2874
9776	8344	-6656	2716	-2286	-3065
7688	8556	-8576	2691	-3398	-1762
8920	8336	-5452	3863	-3366	-2109
10428	10888	-8124	3546	-3633	-1384
9972	8336	-9352	2491	-4174	247
9996	10172	-6044	2729	-3965	680
11800	10620	-8236	2553	-3402	1368
9840	9324	-9648	1713	-2866	2479
10216	9912	-6040	651	-2658	2644
11788	10144	-10332	2805	-963	2002
9684	9220	-9284	2184	-76	2429
12040	10356	-6924	407	142	2403
11060	8520	-11064	2876	983	2259
9120	9516	-9260	4268	2046	1035
12436	10052	-5364	468	1550	2874
10048	9040	-13812	3189	1637	1417
9856	7868	-7984	1436	2690	2218
13572	9944	-6508	-598	1817	3996
11648	7800	-11888	108	1601	4659
11420	6192	-9244	1674	2318	3588
14696	11592	-7024	-435	2223	4673
12896	7804	-10436	-2140	1710	5995
12788	7316	-10736	505	1246	4250
15596	10268	-6188	-1500	2318	5614
12076	6048	-8004	-3106	1587	6676
12960	6908	-11380	-2126	1565	5722
15088	9436	-7520	-2706	4170	5754
12332	6024	-5332	-4405	4238	6544
14752	5528	-10748	-2817	1433	5796
17368	6672	-9108	-1034	4929	4247
14156	5840	-5672	-1802	5820	3959
13436	4692	-7884	-1157	3198	4684
16020	4544	-7876	83	3596	4623
15692	5280	-7152	805	5944	5165
14696	5492	-7032	11	5135	6204
16200	5276	-7524	-910	3835	6719
17760	4236	-5072	-1375	4981	7006
16016	3804	-5568	-1373	4217	6448
16152	4748	-7980	-2340	2502	6577
17292	4144	-5468	-5415	3224	6808
16536	1680	-3748	-5571	2545	5674
16404	1756	-5532	-2869	1492	4710
17200	3884	-6036	-3761	1731	5125
16892	1580	-4716	-5456	2673	4878
16528	228	-4128	-2425	2096	2947
15792	1300	-5740	149	1008	843
16428	1696	-4388	153	104	-1207
16252	1776	-3240	336	-876	-1777
16760	956	-5052	1332	-1663	-1822
17060	2020	-5160	2283	-112	-2008
16192	2496	-5524	2059	519	-1573
16056	2020	-4512	3113	532	-2033
15572	2812	-4296	2447	-230	-2241
15920	3104	-5284	865	-1256	-2167
16496	2468	-5248	860	-1267	-2275
16300	2288	-4160	584	-634	-1736
15860	3080	-5600	-150	-1047	-831
15680	2560	-6140	205	-1085	-1152
16536	1628	-3984	-140	-817	-1486
16612	1824	-4460	406	-898	-1530
15924	2968	-6408	1657	-1989	-2491
15820	4044	-6548	881	-3046	-3630
17796	2304	-3896	-479	-2542	-3516
17636	2520	-4096	1648	-3728	-4679
16964	3528	-8136	1627	-4805	-5859
17496	5072	-6932	259	-3406	-5674
18148	3596	-4160	-895	-2535	-4869
17460	2976	-6940	968	-3723	-6263
17304	5784	-9572	2486	-3491	-7685
17532	7836	-7552	1719	-2310	-8189
17772	4316	-4152	156	-2214	-7083
16036	5240	-8440	2777	-4086	-9168
15416	8980	-12140	3825	-3332	-9445
15484	9664	-8232	-44	-2822	-7362
15092	4704	-6028	-130	-2314	-6584
13960	7608	-11580	3782	-3650	-8080
13696	11476	-10316	27	-3429	-6497
13532	7316	-7164	-2499	-2933	-5375
12776	7324	-11076	538	-3036	-5987
11256	9796	-10552	-1212	-3063	-4688
11140	9356	-7480	-3011	-2891	-3724
11140	7580	-10656	-1662	-2827	-3042
10968	9124	-8636	-641	-2225	-1888
10488	8532	-8960	-1035	-2226	-1497
10856	8148	-9968	-819	-1119	-566
10644	8012	-8520	-834	-322	457
11316	8516	-8528	-109	367	441
10520	8160	-9508	-705	1442	1233
10384	7844	-9572	-1616	2444	1693
10920	8328	-8896	-945	2539	1660
10472	6988	-10136	-297	3513	2116
9744	7352	-9892	1162	4475	1608
9320	8464	-6320	1630	4413	1500
9064	6496	-7660	2533	5770	456
7736	7792	-3780	2824	6288	-1400
7632	7988	-2324	351	5686	-2349
7200	5352	-4636	-2356	4834	-3343
6144	6544	-2696	-7101	2396	-2457
8840	5040	-2280	-4763	966	-1991
8112	6332	-3868	-7370	-1438	625
8976	7376	-2268	-5041	-2093	184
8200	6012	-6624	-3315	-1766	-537
9312	7988	-6508	-1901	-2867	-1968
10792	8728	-4580	-3087	-3216	-1737
10532	5024	-9104	2932	-2201	-3656
8596	10188	-8500	4461	-2329	-4443
11568	9328	-7016	-265	-3530	-1256
10936	6888	-7732	3726	-3882	-2202
10144	10016	-8676	2955	-3345	-1170
10416	10312	-9260	898	-3517	81
11048	7360	-6140	1571	-2719	159
10968	11156	-9156	1758	-2992	-228
10124	8508	-10056	-631	-2404	1612
8408	8520	-7168	1258	-1486	342
11288	10240	-9796	1358	-2046	49
10836	9572	-13472	546	-816	1054
10088	10188	-5648	564	-762	832
13180	10476	-8504	323	-789	544
7792	5760	-11388	1125	241	575
10484	11648	-7196	1009	301	-153
11828	8416	-8220	-567	950	2043
8944	5504	-9944	1970	808	1331
10632	10720	-6136	528	-114	1715
12704	10344	-11648	-49	1400	2958
10804	6104	-9612	-42	3099	3064
10128	10356	-4504	-121	2736	2922
11912	9184	-10892	-1184	895	5050
11948	5236	-10552	150	2095	3811
11872	10984	-5616	21	2892	4569
13000	8108	-10588	404	727	5749
13580	6208	-11020	824	2253	4342
13128	9924	-5612	-344	2682	4825
13972	9148	-10640	432	289	4845
15476	6288	-11444	-1137	2206	4303
12852	8172	-4896	-1468	3004	4211
12768	7324	-9244	-1522	672	5144
15016	5996	-11224	-1202	1501	4675
14068	7460	-5832	-2096	3229	4101
12884	6084	-6168	-2808	1496	4878
15120	5736	-13328	-362	992	3198
16968	6680	-7300	125	3746	2010
13356	4968	-5276	-1531	2724	2714
12804	3680	-9456	98	1529	3268
15620	7344	-9408	1845	856	3389
16056	5352	-5448	-964	2767	3649
14740	4132	-5884	-1399	1127	3218
14500	4308	-8488	-790	1364	2853
14844	4308	-7240	-928	3455	3482
14192	4208	-6272	-1219	4269	4339
15448	4140	-7084	-1103	2894	5250
16564	3188	-5916	-533	3427	4961
15896	2260	-5740	162	3572	5504
16508	3356	-4848	-195	2858	6523
17332	3940	-6236	-2108	2736	8325
17364	2920	-7388	-2960	4079	8831
16588	1472	-5808	-2351	4544	6521
15676	2696	-4956	-882	2781	4619
16464	1964	-5328	-1275	391	2563
17120	656	-5448	-1384	-167	761
16044	2600	-4796	-1500	-453	-856
16148	1232	-5804	-929	-1594	-1336
17028	2116	-5600	164	-805	-2243
16388	2084	-3736	-402	103	-2292
15616	2548	-5368	-78	-1121	-1993
16660	2304	-6660	538	-297	-1875
15796	1952	-5408	1338	645	-2662
15468	2904	-4700	837	265	-2267
16348	3056	-6284	310	-1273	-1888
16344	2328	-7036	810	-931	-3242
16136	3244	-5624	797	-1133	-3988
16684	2792	-4920	249	-2063	-4038
16192	2944	-7088	875	-3495	-5811
17032	3248	-6900	-165	-3727	-6127
17836	3112	-5512	-33	-3255	-6667
16632	3716	-7124	722	-3882	-7008
16808	4808	-8080	669	-4105	-6935
18264	5024	-5840	-611	-3274	-6847
17092	5252	-6516	-519	-3872	-7065
16152	5936	-9244	-539	-4964	-7406
17304	7208	-7876	-1306	-4152	-7532
16960	6652	-6644	-2353	-3990	-6666
15708	6908	-9828	-897	-4062	-7862
14504	9848	-10424	-856	-3001	-7802
15288	9208	-7224	-2787	-2334	-6723
14580	7192	-7976	-769	-2530	-7286
13520	9708	-10952	1254	-1908	-8402
13684	10080	-8892	-1071	-1809	-7612
12300	7696	-7464	-1612	-1082	-6133
10516	8604	-8776	-1099	-1548	-5208
9936	9624	-10692	-2598	-706	-3654
11252	8280	-8960	-3190	21	-2266
10592	8336	-7948	-3135	456	-1159
10340	7040	-9308	-2900	836	-175
10784	8536	-7832	-2848	1170	793
10684	8696	-8184	-3281	1836	1969
11320	6932	-10432	-1603	2936	2447
11708	8352	-9268	-260	2907	2741
11764	9788	-6168	-1323	3697	4782
11288	7820	-7412	1591	4066	3799
8968	8328	-9584	2627	5571	2643
11136	14872	-4928	2133	5999	1308
9808	7024	-6964	-2597	6523	867
10960	9716	-5304	1192	7976	-1628
6120	7652	-7068	-2379	7198	-1052
7372	7648	-448	-1786	4893	-1163
5976	5780	-1232	-4723	2482	402
5688	4108	-4148	-1686	161	-2079
7568	10532	-216	-3971	-1903	-1681
7452	3700	-1576	-5108	-3550	-2270
8000	4752	-3228	-553	-4292	-4486
8160	9296	-5896	-3086	-5139	-3031
11068	4568	-5596	-1599	-6346	-3009
12480	7404	-4300	1928	-5104	-2801
9776	6492	-7540	1937	-5650	-1716
10552	7152	-7360	4388	-5084	-1759
11808	8832	-7208	4757	-4448	-868
11648	7052	-7696	3834	-4184	624
9064	7320	-5144	4236	-3936	452
10356	10448	-7748	3589	-3548	1708
10700	7716	-10408	3434	-1887	2268
11576	9072	-6096	2515	-1066	1814
11444	11188	-7696	709	-1032	2052
9548	8092	-11488	1262	-812	2787
10272	9276	-8804	2142	-1079	2206
12828	10972	-9736	759	-1105	2924
10764	8728	-9256	1343	-29	2931
11312	9820	-8532	2784	-2066	2819
13808	9704	-10932	1411	-402	3414
11032	8336	-9812	2107	126	2800
13488	9444	-8268	1788	153	2909
11604	7836	-11880	1698	638	2948
12008	7628	-9348	1106	988	2952
13956	9528	-7892	388	1612	3611
11456	6712	-10976	147	1406	3700
12768	7164	-10156	227	946	3158
14108	9304	-7788	-1297	1916	4138
11580	6488	-9380	-2312	1049	4267
13296	7000	-10636	-1786	138	3689
14988	7880	-8628	-2043	2867	3642
11740	6008	-7768	-2582	2873	3313
13220	6228	-10036	-1829	1163	3353
15812	7252	-9856	-1621	2673	3059
13276	6356	-7244	-1484	4169	3479
13664	5624	-9480	-378	1392	3373
16304	6408	-8800	-270	1756	2512
14004	5776	-6752	-1571	2916	3069
11996	4804	-8068	-1252	1743	3867
13984	5796	-9456	-1189	1115	4511
16144	5236	-6460	-2714	3709	5353
13160	4784	-6068	-3200	3538	5719
13528	5244	-8268	-3350	2653	6582
16316	5052	-8460	-3601	4340	7135
16068	2772	-6348	-3050	6319	6633
15732	3604	-6628	-885	5138	5416
17152	3536	-6388	-433	4322	5410
17348	2828	-6888	782	3852	4981
17300	1756	-5644	1510	3557	4336
16892	1848	-6552	2421	2342	3213
17392	1432	-7604	3083	2591	2590
16584	3320	-5024	2520	3043	1716
16008	772	-4052	815	1317	705
16108	212	-4852	3279	-1123	-2341
15460	3784	-3900	1779	-1157	-2753
15720	2728	-4604	-1391	-3158	-2126
18212	384	-5292	-991	-2277	-2566
16412	2220	-5188	497	-181	-2519
15528	2120	-4408	-995	-403	-593
16792	1828	-6152	-797	-259	443
16860	2404	-6416	315	672	564
15864	2020	-4852	-755	922	126
15776	1908	-4720	-970	-522	-735
17308	2360	-6432	-735	-1832	-1419
16684	3132	-7148	-542	-2306	-3211
17168	2596	-5152	-1313	-2969	-4212
18024	1852	-5676	-595	-3364	-5587
16448	2700	-8880	1092	-4197	-6426
17632	4968	-9000	384	-3999	-7191
19520	5828	-5268	-1494	-2487	-6803
18220	4152	-5968	-339	-3755	-6857
17292	6292	-10012	1232	-4912	-7778
18512	7812	-9024	-23	-4482	-7462
17552	5884	-6540	-271	-4155	-6911
15040	6168	-10172	757	-4905	-7489
15808	9156	-11328	-146	-4554	-7076
15168	7616	-7376	-1985	-2727	-6077
13456	5880	-8948	-833	-3283	-6124
12820	7812	-11560	984	-2157	-6554
12340	9568	-10240	-1366	-1712	-5167
11952	7036	-7532	-1542	-1595	-3852
11352	4860	-9720	1372	-1693	-3425
9728	7860	-10168	2217	-1734	-2227
10748	8136	-8108	48	-716	-546
9828	5512	-9256	1429	-458	-804
10936	10036	-10088	916	-273	-705
10716	8072	-9188	-1927	397	-57
11020	7088	-7720	-1220	1596	-497
11128	7184	-10348	-1714	3079	-458
11496	8640	-11300	-1676	3301	-382
12056	9172	-9368	-3037	4180	-317
11460	7368	-10488	-2686	4953	-420
11660	8900	-8116	-417	6408	-1255
9992	7208	-6500	-1053	6673	-865
8952	7008	-5532	-321	6799	-954
7656	6992	-4560	-1428	6105	-660
6716	5864	-1612	-457	5261	-1773
5836	5852	-948	-1964	3310	-1470
5628	5372	-2204	-3573	1232	-2550
5512	3664	-2584	-3568	-544	-3293
8372	7584	-1220	-2290	-1576	-3977
6476	2648	-4940	-3306	-3140	-3521
9416	9236	-4520	-2437	-2670	-4036
9888	5288	-6548	-2587	-3081	-3287
11212	6804	-5452	1234	-3024	-4141
9236	8544	-8084	596	-3032	-3408
9588	4548	-9140	2672	-2992	-2095
12932	8212	-4300	6609	-1569	-1120
11552	9760	-10496	5342	-1217	-293
8592	7464	-8168	3942	-691	226
13292	12172	-7596	3081	-95	1758
10800	7544	-9424	1912	394	1850
9176	9664	-6060	2220	161	789
13432	13028	-7740	1533	588	1863
10472	6316	-10524	1560	1314	1689
10076	11316	-6044	3284	824	170
14128	13960	-7972	565	344	3366
11368	4084	-11488	451	568	3717
12436	11048	-5980	3798	97	1724
15200	11472	-10744	564	-1767	4082
12268	7568	-10752	-323	319	3854
11096	9960	-6312	-448	-804	4213
14288	10212	-9596	-731	-1143	4576
12480	6376	-10656	-1132	-262	4184
12860	9968	-7152	-782	-1291	3585
14316	8120	-8120	-3916	-645	4320
10872	5448	-9788	-2230	-35	3951
12520	9828	-6416	-2129	366	3541
14832	6892	-8568	-4045	1089	4580
13048	4688	-8140	-1692	1371	3385
12408	7596	-7336	236	1921	2951
13976	7536	-7956	-1550	1269	4294
13360	5164	-9436	-1106	1802	4809
14904	7292	-8164	675	1604	3789
15600	7996	-8524	-1721	1155	4806
13628	4624	-9056	-3100	1279	4886
14932	7160	-8716	-1996	346	4088
15676	5492	-7716	-3933	1879	4642
14244	4116	-7748	-3426	2005	4736
14032	5596	-8316	-2378	1523	4596
15204	5100	-7292	-2879	2232	4705
15372	3648	-8116	-1806	2495	4535
15336	3904	-6936	306	2645	3245
15312	4336	-6776	906	2402	2397
15172	3612	-5972	951	1982	2595
16064	4316	-6880	1383	1086	3099
17232	4396	-7332	516	1966	3860
16392	2800	-5172	-522	3603	4277
15736	3264	-4804	-977	2882	5051
16700	4312	-6220	-2542	3416	7007
17520	3168	-5372	-3640	5804	8207
16120	1604	-5728	-4087	5737	7238
16216	1260	-6272	-2199	3314	5246
16572	2968	-4980	-2355	2193	3452
15340	680	-5052	-2565	-219	871
16424	844	-4936	-368	-2004	-1126
16448	3336	-4952	-1072	-1733	-1480
16692	1284	-5448	-366	-1645	-2092
17004	1388	-5380	1815	-287	-2682
15924	2572	-4928	2570	665	-1798
15404	2764	-5900	2405	293	-1497
16224	3348	-5560	1985	880	-1879
15948	2600	-3556	1668	488	-2149
15596	2692	-5904	-729	-1085	-1915
16036	2200	-6404	640	-1336	-2460
16328	3064	-5736	174	-1103	-2626
15876	3056	-5084	-1238	-1577	-2217
16240	2392	-5924	-918	-2332	-2297
16164	3492	-6872	-254	-2853	-3372
17240	2796	-6308	-1091	-2325	-3279
17176	2204	-5432	569	-1836	-4442
17088	3248	-7044	1876	-2763	-5414
17284	4408	-6124	866	-3026	-5716
18316	5944	-5896	-38	-4335	-6459
19100	2608	-6968	-922	-3962	-5930
17620	3956	-8796	2232	-4465	-8757
17828	9028	-9008	1206	-4563	-8682
17900	6092	-7108	-3044	-3640	-5726
16532	4288	-9392	-228	-5049	-7413
16644	9688	-11372	1135	-5282	-8563
16960	9612	-9648	-2095	-3255	-6323
15368	5080	-7268	-178	-3328	-6822
13200	8536	-9452	1232	-4222	-7181
11812	10844	-11100	-856	-3671	-6490
13236	7660	-8296	-1806	-1143	-5225
10496	6164	-8364	1016	-1042	-6184
9672	9692	-10488	-201	-1126	-5417
10224	8892	-10140	-2528	-291	-4035
10252	5976	-7844	-1287	764	-3037
9464	6772	-9424	-314	589	-2668
10508	8648	-8676	-1991	420	-506
11268	7172	-8008	-1900	1065	220
10188	6584	-8992	-735	1922	-165
10392	9268	-8548	-1340	2728	800
10056	8308	-8444	-958	2859	1349
9552	8548	-10268	766	3608	951
10036	9148	-8676	1600	4387	499
10668	7872	-8124	1394	3996	600
9496	7368	-8820	2842	4532	378
8224	5796	-6864	4184	5724	-1003
7104	7732	-3056	5036	4333	-1614
6756	9596	-2292	-418	1601	-799
6228	6164	-3088	-3050	161	-909
6188	5408	-2144	-2550	-619	-2538
6012	6380	-5220	-3946	-1229	-3527
7648	4428	-3820	-2290	-1668	-3795
8764	8600	-4648	-2717	-2697	-3334
8500	6248	-6552	-2843	-2727	-2966
8628	6980	-7408	1690	-2217	-3794
9756	7956	-5048	-33	-3237	-1256
9152	8476	-6144	-1113	-4343	-507
8236	7800	-11644	903	-3073	33
12164	10472	-6104	1810	-3279	963
10020	10404	-7604	-1223	-3825	1406
9548	10572	-9712	-68	-3821	640
11228	10812	-7756	-28	-3262	1166
10944	12152	-7656	-2609	-3322	1893
12560	10004	-10064	-2579	-2829	2120
11020	9276	-8464	281	-1200	654
8768	10640	-6736	-1407	-789	1395
10308	8780	-12100	898	-123	1795
9624	8576	-8068	2714	482	1153
10116	8656	-7064	-340	-424	2475
10944	9916	-12868	3052	-80	1843
9864	7844	-9100	2222	1130	2637
11476	9440	-6052	-709	296	3097
11052	9088	-13388	-54	-117	3845
11852	7360	-10856	666	1898	3037
13460	9772	-5488	-1907	1264	4083
12140	8628	-12512	-529	318	3929
12820	7796	-10000	-421	2019	3737
12636	8596	-5408	-2152	2411	4460
12228	8432	-11044	-983	342	4775
15028	8084	-12624	-805	2265	4493
13904	7512	-4868	-1183	3996	4311
12268	7412	-7268	-1565	1282	4970
13932	7668	-12244	-1265	387	4855
15316	6972	-6300	-932	3390	4850
12236	5824	-5752	-2782	2174	6015
12992	6428	-12576	-765	284	4918
16300	6664	-9236	-341	3144	4738
13764	6172	-4852	-736	4160	4325
12972	5716	-8320	-964	1349	5152
15516	5704	-10112	-771	2521	6063
16148	5948	-6424	-325	4839	5498
14080	5580	-5068	-1566	3462	5543
14852	4292	-8388	-1696	2135	5930
16184	4652	-7060	-156	4659	5822
14988	5148	-6132	-253	4841	6069
16036	3592	-6760	-197	3542	6575
17108	2776	-6508	411	4545	6417
17004	4396	-5632	418	4721	6632
16536	1988	-7336	735	4348	6607
17308	1184	-6728	3474	4211	3676
17012	3444	-4492	2313	3029	1422
16272	752	-4276	2158	-261	-844
16824	2212	-5028	2629	-1598	-2611
16268	3336	-6060	-28	-1759	-2854
16936	1888	-5016	-356	-1770	-2689
16504	2356	-3956	-286	-769	-2037
15164	3644	-5500	-934	-1346	-1516
16244	2560	-5988	-1611	-1387	-1349
16140	1800	-4596	-1125	-619	-1575
15268	3416	-4864	-422	-648	-1445
16120	3208	-6472	-1373	-1326	-1077
16532	2556	-5796	-1007	-604	-1699
15592	3544	-5812	54	-909	-2250
16716	4280	-6544	1107	-2456	-3094
18540	2248	-6584	-548	-2034	-3355
17876	1660	-4380	46	-1656	-4506
17184	3916	-7092	1595	-3854	-6428
18168	4428	-8292	192	-4419	-7682
18772	3496	-5844	-198	-3305	-7735
17640	4384	-5800	1596	-3953	-7902
16804	6800	-9396	974	-4949	-8426
16392	8392	-9040	-464	-4467	-7542
17212	7600	-8472	-920	-3686	-7315
15764	6132	-9440	322	-3057	-7714
14936	9140	-8436	-649	-3401	-7906
14832	8328	-10628	-2059	-2487	-7282
13764	8056	-9892	-790	-2485	-7034
13628	9444	-8936	-89	-1941	-7309
12676	8852	-10172	-733	-2397	-6517
12224	8852	-10060	-271	-1593	-6059
12428	8204	-7048	-1151	-1549	-4511
11772	7904	-9416	-413	-1394	-3606
11308	7968	-9948	-1129	-283	-2124
10608	7276	-9688	715	1545	-1277
9752	8016	-8804	862	1729	92
9784	8060	-8048	-328	2442	1304
9488	7744	-9560	-581	3090	1465
9708	7908	-9340	-661	3979	1585
9980	7776	-7940	-2035	4409	2242
9196	6808	-8904	-2054	4503	1933
9464	7212	-8064	124	5412	1007
7808	6332	-7888	835	5499	772
8684	7244	-4884	365	3826	941
9100	4772	-2356	2739	3636	645
6876	4564	-3876	4263	2100	805
7436	9456	-1192	1095	259	2348
8044	5012	-1128	-1117	-832	2798
6968	4268	-4460	588	-1074	825
6864	9296	-4544	-541	-2104	-921
8528	5780	-5852	-2729	-2218	-1575
10508	6724	-5328	-2158	-1955	-2312
9020	6736	-7276	-4469	-2902	-2157
10564	6832	-7088	-2201	-3010	-3076
9464	7248	-9780	149	-2670	-3603
9856	7316	-6724	543	-3709	-3439
10832	9368	-7908	1496	-3088	-3668
8476	5540	-10532	1371	-2768	-3256
12084	10700	-8508	3913	-3077	-3770
12852	11020	-10808	421	-2811	-1792
9416	5348	-8548	-343	-1518	-2790
13224	13472	-8312	537	-1122	-2934
11648	8888	-11464	-3343	-642	1192
10736	6636	-6800	-3789	230	849
12160	10716	-7404	-1979	-2226	1134
10744	8428	-11456	-1200	-585	1942
8988	9384	-6212	-562	1242	1770
12876	11972	-6680	-1261	251	2190
11712	8068	-11212	-143	2183	2353
10640	8648	-7640	622	3656	1535
12256	10612	-5224	-914	2753	2318
9876	8092	-10240	636	1737	2904
12188	8648	-8120	1183	1834	2876
14516	10148	-7428	572	2524	4673
11640	8084	-10236	443	2070	4816
12852	9496	-8960	1064	1181	3437
16280	9912	-7416	-111	2056	4839
12528	7268	-9724	-650	1949	5257
12852	8340	-8000	-304	941	4465
16404	10036	-7916	-2154	1082	5438
14092	6364	-8292	-3233	2660	6100
12252	6668	-7692	-1915	2057	5130
15036	9608	-6976	-3165	788	5270
16060	6024	-8244	-4627	1896	5942
14608	3628	-7588	-348	3025	4064
13460	5460	-7212	2499	3516	3400
13776	6056	-6040	2491	2729	4345
16032	6228	-8724	2747	1826	4944
16768	4736	-7936	2528	4150	4230
14708	4800	-5912	1695	4289	2647
14668	4748	-5752	689	2785	3698
15608	3864	-7624	278	2826	5206
16532	4588	-6944	-183	3509	6537
16712	4668	-5168	-2378	4450	8873
16972	3192	-6572	-2926	3515	9641
18124	2096	-7280	-1782	4494	9481
17916	3040	-3560	-448	4677	6921
15328	3044	-4480	-1214	1701	5095
15584	2268	-5868	-2294	-457	2370
16160	1900	-4788	-2290	-1078	-1166
16620	1772	-3688	-1721	-2000	-2741
16032	2908	-4812	-1612	-2443	-2806
16208	2164	-5064	-1680	-2018	-2448
15992	3024	-5552	-645	-1216	-3011
15868	2156	-5112	-479	-370	-2035
15352	3064	-5036	97	199	-1772
15860	3184	-4668	-631	-538	-1355
17044	2256	-6484	-696	-410	-2091
16136	3204	-6020	788	-215	-3638
16556	4948	-5724	-54	-1493	-4852
18488	3380	-5768	-730	-2053	-5695
19076	1068	-4108	-644	-1453	-6163
17776	4192	-5412	958	-3048	-7595
17100	6596	-8956	70	-4111	-8542
18804	5144	-6984	-1189	-3809	-7874
19600	3992	-4280	149	-3132	-7714
17744	5628	-6968	801	-4171	-7701
16212	6688	-9836	383	-3720	-6594
16480	8772	-8656	-649	-3476	-6093
16524	7432	-6288	-2477	-2811	-5148
14944	6104	-8036	-2123	-2710	-5599
14232	8252	-8776	647	-2740	-6576
14560	11476	-9068	-1486	-2425	-5545
13180	8312	-8856	-3025	-2091	-5224
12696	8176	-10312	36	-1537	-6537
12760	10156	-8636	-1020	-1270	-5521
11804	7908	-8748	-2456	-1594	-4356
10848	7308	-10356	-299	-1744	-4175
10884	9624	-8272	-512	-1634	-2664
9388	8040	-6964	-2069	-1398	-1771
9956	7528	-8520	844	-685	-1997
10916	9076	-9128	678	248	-1584
11280	8680	-7684	-787	961	-806
11144	6812	-8148	354	1849	-480
11072	9416	-8416	1266	2283	342
11756	9956	-6084	-1586	2374	1221
11544	9032	-8088	-1733	3246	920
9972	9088	-9740	-971	4382	1168
7856	8872	-6788	-1786	4417	1789
6928	4964	-3948	-2655	3791	1874
6512	7344	-3728	-612	3296	395
6256	5420	-4336	-503	1654	222
8004	9248	-872	258	949	-1113
6916	6656	-2100	-2582	238	-857
5840	5428	-4092	-1160	-347	-2360
7204	7940	-3548	-1449	-1796	-3104
7320	6564	-3712	-2058	-2888	-2994
8424	6952	-4976	-1907	-3402	-2781
8144	7992	-7188	-1052	-3960	-3140
9300	8040	-6168	-933	-3901	-2803
9408	9720	-6740	-491	-3882	-2673
9688	7612	-8632	-1542	-3792	-1896
9472	9604	-6728	935	-3031	-2300
10532	11080	-8092	586	-2620	-1538
10664	8896	-10252	83	-2715	-413
8368	9780	-4608	217	-1183	-1102
11096	11292	-8852	790	-1809	258
11172	10344	-10752	210	-69	1126
10560	10872	-4340	-776	360	1180
13088	12912	-9260	1572	202	1301
10416	8000	-12612	1115	1818	2180
11112	9916	-6168	2077	1046	1749
11680	12144	-6448	2892	-340	2091
10668	7692	-10508	2572	150	2676
11352	10332	-8652	3593	1351	2002
11464	12736	-6704	2862	1324	2579
11128	9340	-7304	140	201	4583
10636	7524	-9388	1569	-32	3938
13444	13872	-9004	2387	145	3528
12600	11420	-6472	-3632	164	6046
11740	4580	-9348	-4145	56	6308
14532	12076	-9292	-803	23	4707
13932	9344	-6328	-4128	763	5939
12692	5696	-7404	-5054	-727	6165
15384	7932	-10324	-1514	168	3673
14984	9808	-8324	-1142	2352	3718
11920	6340	-5336	-3536	2376	4843
12976	6084	-6916	-894	1221	4389
15572	9000	-11012	1115	781	4248
15688	7024	-8028	-471	3468	4137
13692	5896	-5912	-479	2754	4367
14024	4860	-7044	23	2467	5264
13860	4536	-8648	847	3135	5979
14856	6904	-7432	842	3926	6373
15144	5556	-5600	-1359	4148	7384
15072	3668	-6604	-797	3015	6245
15980	4724	-7172	895	3075	6309
15740	5532	-5712	697	3185	6347
16188	5184	-5900	506	2425	6575
16352	4720	-4956	-554	3255	7066
15756	3580	-5720	-2019	2300	6736
17516	4420	-8440	-1761	1523	6410
17820	2728	-6564	-2882	4002	6408
15336	3828	-4300	-3568	3294	4222
14780	2352	-5444	-3643	-193	2465
16756	1276	-5820	-2214	-1332	-425
16512	2788	-4944	-1846	-1054	-1790
16060	1792	-5908	-1335	-2405	-2325
15968	2320	-6156	-421	-1831	-2649
15072	3108	-5548	6	-1455	-3003
16600	3312	-5844	389	-1448	-2451
16172	2696	-5512	561	-237	-1886
15316	4364	-5692	-724	-286	-1285
16080	2604	-5996	-1406	-26	-672
16244	3208	-5984	-134	118	-1067
16496	3876	-5816	-148	-299	-1357
15976	3476	-5740	-297	-715	-2318
16992	2552	-5012	-153	-1159	-3219
17580	2716	-6080	1725	-1884	-5732
17292	5076	-7108	1801	-2247	-6908
18740	3608	-5144	-733	-2330	-6097
19052	3376	-5396	537	-2789	-8238
17596	4416	-8164	1220	-2934	-8745
17440	8072	-8604	1153	-3541	-9470
18468	6948	-6204	-1282	-2801	-7491
16912	5948	-6612	-1100	-3021	-7135
16144	8292	-10912	140	-3555	-7592
16160	9820	-9284	-1486	-2595	-6935
15364	8488	-6148	-2903	-2397	-5575
14744	7224	-10076	-220	-2690	-6461
14140	10796	-9744	-190	-1877	-5984
12844	9996	-7688	-2777	-1341	-4861
11380	6780	-9928	-757	-577	-5240
12568	10508	-7152	1197	293	-4793
11980	9336	-9332	-540	1301	-4151
11460	7780	-11116	-1145	2274	-2720
11592	8180	-7448	-793	2827	-945
10356	7940	-5600	-1139	2569	-118
10556	8240	-8524	-1550	3203	1074
10032	8356	-9920	-1608	3719	2876
10636	9360	-7296	-532	4544	3140
11280	9880	-8860	-591	4698	3339
11268	10400	-8840	-442	5712	2923
10168	10316	-5732	272	7102	1379
7628	8304	-6912	-1096	7003	476
6692	7428	-6592	1262	7021	-2610
7236	9040	-320	-1731	5406	-1774
6460	1768	-208	-1603	2867	-3995
4960	7200	-1980	-528	1420	-4796
5516	2492	-988	-3169	-2306	-4854
8544	6516	1276	-2551	-3202	-5033
7080	1628	-3760	-3155	-4355	-3923
8076	7864	-4140	-1501	-4617	-4800
10212	7436	-2096	-6034	-5179	-1185
10956	3968	-5408	-1906	-4685	-2509
9216	8604	-6664	-126	-3413	-2192
10348	9944	-6416	521	-4574	-805
10344	7580	-6128	3867	-3806	-2237
9004	9900	-7956	7666	-3653	-2906
10012	13384	-8160	4784	-4768	-1497
9064	11104	-5292	2533	-4691	-1105
11552	11876	-9312	3918	-3555	-1396
10792	12516	-8580	526	-1821	-664
10284	10440	-4508	-2870	-2009	145
12780	10920	-9440	-256	-1734	389
9932	8688	-10640	79	-1	359
10208	12064	-4736	-1652	-1524	1846
11376	10788	-10272	599	-1670	2138
10040	9288	-9364	2091	210	2025
11632	12724	-4980	2645	-931	1886
10244	9396	-10340	833	-1671	3160
12076	9664	-8584	1771	-1643	3990
13924	12352	-7928	1076	-965	4591
10656	9520	-9396	579	-837	4532
12716	10800	-8328	-13	-1184	4570
13960	10600	-8340	-1516	-503	5521
12136	7564	-9032	-2081	93	6199
12996	9800	-7764	-694	-685	4741
14020	9220	-8760	-3261	-149	6267
12684	7316	-8808	-3473	701	5760
13364	10112	-7860	-3621	1263	5906
12960	8544	-8088	-5535	2678	6318
12928	6092	-7584	-4498	2651	5918
14384	8676	-7368	-640	1922	4739
14752	6636	-8196	-248	1690	5176
14972	5412	-7384	592	1659	4712
14572	6148	-7028	1314	2254	4917
14400	8060	-6432	1661	1697	4714
15612	6372	-8700	-177	2109	5526
16112	5924	-7460	130	3474	4308
14876	6408	-6136	73	3763	4919
14632	4088	-6348	-930	2327	5830
16436	4704	-7016	1247	2089	4725
16180	4660	-7508	2734	4692	4921
14524	4516	-6444	3018	5033	5426
15936	4480	-6192	2755	3886	6435
16940	2748	-6548	3168	5128	7281
16268	3468	-5144	3868	5499	6773
16160	4372	-6332	2766	3529	6473
16688	2904	-5932	1178	3577	5019
15864	3600	-4760	524	2142	2051
16276	2364	-4964	-1412	-172	699
16216	2092	-5000	-759	-1025	-1315
15432	3400	-4620	-1889	-1828	-2280
16436	2180	-5684	-2182	-2738	-2548
17060	2432	-5924	-1530	-1486	-2496
15708	3148	-5104	-1936	-615	-1763
15796	2764	-5836	-1924	-1119	-970
16276	2240	-6124	-830	-332	-1365
15276	3880	-4780	-1395	116	-1745
15616	2336	-4952	-2387	-1324	-1438
16772	1900	-6368	-930	-1536	-2041
16380	3560	-5132	-363	-1341	-3037
16608	2236	-4860	-1918	-1672	-2526
17008	1404	-5636	-1027	-1717	-2828
17160	2900	-6648	735	-1375	-3371
16880	5000	-6120	-13	-1293	-3804
17656	3040	-5164	-1210	-1804	-3886
18584	3212	-6340	353	-2268	-5599
17604	5252	-7180	508	-2625	-6205
17856	5344	-6652	-389	-3158	-6714
18756	5548	-6784	-712	-2796	-6329
17540	6344	-7200	-366	-2595	-7042
17980	7260	-7780	-591	-2061	-7579
17060	6800	-7816	-557	-1015	-7633
15716	8236	-8460	777	-1636	-7584
16396	7972	-9168	1002	-1381	-7686
15384	8804	-9440	2258	-209	-7644
14092	9088	-9324	2227	-1140	-7249
13588	9456	-9128	2043	-1255	-6946
12672	9448	-10164	1653	-1037	-6221
11564	8320	-8892	1042	-986	-5404
12008	9548	-8300	-521	-1189	-3827
11004	7820	-10516	-587	-1068	-2485
12928	8296	-8848	1776	-995	-925
11220	7848	-7352	-1076	-748	1269
9444	8060	-7628	-121	13	2277
8388	7484	-9972	1029	1227	3855
10912	8536	-7308	2475	2695	3677
12092	10896	-8320	1879	3660	2796
12076	6808	-9004	-568	5068	3410
10236	8052	-6672	306	6654	2303
9964	6896	-5152	-1115	6473	3049
10236	6268	-7856	-83	7815	2134
7376	6548	-6800	-35	7595	1311
6664	5508	-1344	-2245	5101	648
8332	6268	-892	-389	4279	-1015
6088	2868	-2500	-449	2846	-2800
7580	10256	532	-2474	357	-3998
7104	2660	-2812	-5265	-1594	-3873
9356	7488	-1928	-2535	-1975	-5315
8176	4176	-5464	-3658	-2921	-5096
12852	8416	-2444	-2975	-4368	-3759
14892	9428	-4576	-4323	-3775	-1788
11048	3860	-5932	-2034	-2916	-2028
11108	11100	-5748	-528	-2138	-1185
10148	6104	-5320	-2987	-3203	372
9632	6416	-6372	1694	-3087	-2991
9540	10736	-9372	1420	-2175	-2614
9332	7252	-7916	1189	-2766	-3842
9828	9824	-5116	2307	-2402	-6031
9288	8248	-11712	1819	-1930	-5861
7816	8764	-8052	3800	-2179	-6490
9920	12024	-6568	2052	-3117	-5742
11336	9196	-12708	1570	-3014	-3911
11204	9844	-8380	3910	-2593	-4568
13552	12980	-6472	756	-3333	-1124
9528	8916	-11832	2106	-2749	-704
11332	12732	-7316	3357	-2573	-16
11852	12264	-6748	-613	-1483	2864
7796	8580	-9672	1250	-1342	1984
12176	11660	-8980	2030	-1865	2544
12992	11424	-6452	305	-419	3598
7620	7112	-8904	-464	-364	3993
12948	10916	-9332	1126	-860	4153
13940	10132	-6416	1028	2523	5165
10744	8564	-8256	-376	1092	5679
14100	12140	-10916	-1294	720	4552
14020	9820	-6944	-3324	3617	6101
10540	6816	-9664	-1995	3105	6143
13848	10312	-10332	-499	2235	4896
15404	9348	-7300	-1989	4710	5798
12092	5776	-6844	-1897	3460	6197
12452	7036	-10840	1175	1029	4824
16520	9024	-8172	278	2958	5335
13716	6104	-5468	-830	3725	5676
12212	5272	-7604	-774	2055	5963
14864	8708	-9060	-735	2191	5687
15796	7680	-7532	-2176	4475	6495
14296	5464	-6028	-1486	4797	6227
14712	6084	-6640	-1661	3184	5961
15752	6752	-7572	-2033	2863	6635
15192	6836	-6548	-2319	3271	7019
15720	7060	-6180	-4475	2354	7570
16784	3148	-6056	-5624	2077	7220
16772	2920	-6804	-3074	2754	5266
17504	5456	-6716	-2010	3113	4203
17404	2980	-4428	-3020	3482	4308
15824	2732	-3732	-1193	1759	2397
15860	2772	-5796	736	451	1114
16556	3124	-6000	3069	991	-825
15840	4136	-5200	3083	959	-2178
15668	3828	-4944	775	-286	-2525
16136	2072	-5316	1640	-49	-2602
14840	4484	-4920	3132	-263	-3429
15224	4644	-4968	1432	-715	-2618
15608	2756	-4992	1927	-175	-2316
15008	4720	-5636	2535	-26	-2142
15176	4428	-5972	452	-464	-1522
15136	2920	-6028	368	-284	-1647
15344	3884	-6304	1910	-405	-2600
16180	3864	-7192	2057	-1467	-3787
16796	3004	-5956	2262	-1943	-4354
17096	2948	-4840	2890	-1959	-4487
16580	4632	-5592	1652	-2516	-3933
16644	4756	-7928	1065	-3384	-3571
17184	4384	-7360	2711	-3358	-4054
17588	5116	-5164	2439	-3224	-4490
16876	5528	-5760	2176	-4936	-4908
16720	6260	-8972	1461	-5861	-5577
17104	9468	-8644	1030	-5863	-5791
17120	8172	-6964	-2435	-5470	-4302
15808	6860	-8480	-2266	-6423	-4868
16384	8904	-10284	-1239	-5989	-5322
15836	10868	-9472	-2838	-4400	-6050
15080	7652	-10508	-3431	-4205	-5706
14360	9044	-9168	-1182	-4008	-6602
12888	9200	-9176	-1568	-2931	-6409
12128	9316	-10856	-622	-1981	-6669
11020	9512	-8956	-665	-622	-5732
10664	8848	-8452	-964	-482	-4952
10604	9092	-9556	-1295	228	-4168
10156	8852	-9840	-756	578	-3547
10712	7912	-8436	-1504	1410	-1641
10716	9704	-9564	-1833	1949	-492
11100	8076	-10296	-2774	3149	1556
10908	7592	-8712	-1656	4231	2574
9960	8376	-9436	-1085	5301	3790
11060	8992	-10984	-327	6036	4484
10684	7112	-11116	-500	7385	6127
10392	7260	-7308	1208	8546	4489
9200	9168	-7736	2399	9277	4973
7744	6548	-7600	3897	8750	3070
8176	9516	-4680	1811	7912	2141
6696	6332	-3868	2612	6225	476
7212	7620	-3376	2912	4923	-1218
6128	6032	-1748	721	3489	-3363
6592	6408	592	2159	1798	-4901
5920	6760	-3936	-2690	-1823	-3893
5548	6656	-1900	-4208	-4138	-4876
8008	3520	-3056	-3163	-5593	-5041
9880	8660	-3880	-1676	-5965	-5106
9120	6844	-7240	-6104	-6315	-4133
10920	6576	-6276	-3858	-6793	-4273
11804	8748	-4144	-3738	-5873	-3234
9312	5588	-8336	-1034	-4711	-3434
10368	8444	-8212	2129	-4154	-3408
10388	7760	-3764	-326	-3796	-1975
11328	10868	-8108	961	-3921	-1534
8224	7152	-12164	3389	-2211	-905
11900	11080	-4708	3748	-3044	-1205
11364	13992	-8428	524	-2170	952
7908	6168	-12552	1471	-1375	1050
12952	12544	-6656	2825	-1357	172
10156	13392	-10312	544	-1493	3167
8632	6792	-11252	1518	-2199	1950
13636	13020	-7520	461	-1738	1948
11352	11484	-12140	1156	-1168	2586
11016	8504	-11208	-187	-692	2226
11036	10532	-5852	-126	-529	1874
10900	10676	-9148	966	-1544	2416
10468	7800	-12808	585	-204	2012
11212	10248	-5396	-1717	671	2934
11992	9236	-8988	-915	-485	3172
11128	8280	-12356	-422	-338	3811
11792	10452	-6160	-1823	-190	3681
11948	8216	-5664	-5209	-299	4651
11024	7992	-13092	-941	-92	3797
13332	9472	-7496	-1021	2105	4580
11960	8124	-3752	-3210	3048	5602
11428	5748	-10176	-1814	1199	5637
14212	8896	-10836	1787	1751	4121
14484	10356	-6992	-912	4288	5338
12572	7136	-9244	-1723	2304	6048
15496	6800	-11224	2356	2369	3887
15568	8424	-8120	3052	4813	2640
12852	6960	-6296	425	3182	4404
13080	5052	-9604	285	1755	5662
15100	7332	-8452	1710	3105	5457
13704	6876	-6540	-766	5004	6745
13784	6064	-6616	-1810	2786	6912
16036	4944	-7380	-1764	2966	6606
16068	5728	-6836	-1847	4341	6158
15668	4004	-6916	-1062	3808	6514
17436	4220	-8140	526	3627	6574
18088	3908	-5744	18	5586	6618
16056	4440	-5428	-255	4875	6359
16008	4748	-7660	-1776	2970	5409
15800	860	-6768	-792	2707	2967
15624	3980	-3648	1051	533	4
15504	4496	-5564	-2642	-2205	-523
16216	508	-6648	-1657	-2443	-2442
16496	4008	-4736	-311	-1156	-3139
15228	3180	-5200	-1257	-1909	-2505
16368	980	-6656	873	-1866	-2793
15764	4500	-5196	1368	-257	-2732
14572	3940	-4620	-718	-671	-1392
16208	2252	-6760	136	-565	-787
15328	3912	-6420	1004	1190	-902
14660	4328	-4708	-853	-276	-1289
16348	2672	-5352	-1203	-1779	-1610
17140	2592	-6832	812	-1965	-2684
16924	5228	-7312	1461	-2388	-3928
17476	4592	-5232	-658	-2770	-3692
17832	1936	-4500	-1317	-3250	-4065
17804	4828	-8532	936	-4263	-7373
17452	7256	-9536	-171	-4232	-7074
20244	4876	-3836	-1815	-3765	-6792
19296	6080	-5384	-826	-5494	-8145
17600	8296	-11956	-879	-5985	-9462
17780	9392	-11716	-1351	-3729	-9112
18412	8776	-6664	-1244	-2162	-9172
14944	6252	-8400	-152	-2208	-9238
14376	9376	-11420	647	-1402	-9134
12956	10780	-10060	-687	-263	-7578
12832	9448	-9844	-2145	132	-5552
11408	6680	-10640	-1831	812	-4791
10728	10160	-10584	-1880	928	-4064
11288	11048	-9956	-2778	844	-1624
10496	6840	-9764	-3429	1850	486
9836	7888	-10040	-1253	2347	424
10664	9456	-8968	-1404	2751	3195
11332	8368	-8772	-2067	2343	4939
9644	7968	-8916	-311	3274	5253
10164	10608	-10896	557	4217	5568
12540	9600	-7708	-529	4868	6557
10952	8016	-7924	-1023	5551	5388
7652	6984	-13740	665	7791	3952
9260	8132	-3000	2703	7826	3826
7128	6188	-4064	1001	5856	2330
6272	6656	-2388	1219	5183	150
3924	5196	-2116	2537	3930	-3142
5688	5292	1264	284	1823	-4491
7624	5072	2072	168	-119	-6237
5392	4496	-4368	-3383	-2295	-5400
11328	8432	424	-3445	-4386	-4898
9248	4352	-5580	-6248	-3956	-2453
11356	7964	-5056	-1093	-4795	-3503
11704	10444	-4420	-4468	-4396	-2659
10776	4968	-8344	-3143	-4343	-2810
11676	7624	-7136	672	-2964	-5078
10932	9424	-6712	166	-3907	-4678
10000	8864	-7428	487	-4525	-4324
10156	8004	-8540	2404	-3898	-5299
10340	9400	-7272	1181	-3497	-4809
10028	10132	-6484	767	-4497	-2946
9060	7748	-7664	2341	-4673	-3905
8952	10200	-8212	607	-4023	-2848
9548	11760	-8824	653	-3982	-571
10736	8096	-6728	1005	-4025	-812
9732	12560	-7184	2210	-3643	-1135
9524	11016	-11412	1879	-2657	702
10488	9600	-4684	1388	-1368	-211
10280	11568	-6884	-6	-2338	2290
9932	9104	-13380	1193	-352	3004
10836	10496	-5980	2232	412	1651
11692	11472	-6792	-460	-38	3388
10392	8276	-12872	1225	632	3802
11080	10828	-8704	3015	1325	2227
12832	11464	-7380	1403	1077	3832
9884	7628	-11464	1061	1052	4916
11100	9948	-9536	2457	1230	3360
13352	8332	-8780	618	2288	5124
12044	9784	-9896	176	2250	3969
11228	9720	-7060	-1717	2122	4949
12800	8728	-7448	-360	1933	5149
13168	9096	-8416	-780	2165	5558
12168	8684	-8768	-1266	2319	5628
13460	8340	-8032	-908	2143	5130
13776	9152	-7592	-1187	1980	4810
12884	7996	-8480	-3159	2232	5260
12768	7980	-7732	-2992	2292	5155
14152	7848	-7496	-2844	2204	5823
12964	6576	-9764	-2709	2579	5927
14348	6508	-8624	-1950	3161	5994
15364	6236	-7148	-358	3793	5577
13896	4964	-7824	-200	3048	5584
14408	4680	-8296	-268	2481	5355
16608	6732	-7732	64	2806	5315
15712	5568	-7660	-893	3808	5961
14884	4032	-7432	-1855	2854	6175
15828	4124	-5416	-1447	1956	5109
16608	4168	-6716	-1053	1722	5617
17376	2128	-7884	354	3458	6405
18120	4264	-4452	103	5159	6499
16260	5140	-5428	-1375	3873	6949
16284	2612	-8016	-500	3526	5949
16120	2080	-6640	1592	3841	2579
15640	2988	-4052	1250	1446	-760
16364	3328	-4672	630	-1438	-2408
15392	3764	-5068	-1433	-2093	-2641
15760	2348	-6392	-1374	-3289	-3241
16496	2796	-5544	-686	-1941	-3511
15188	4204	-4328	-1398	-1547	-2421
14696	3388	-6924	-2266	-2183	-1622
16360	2140	-6296	-1882	-1121	-1451
16144	2836	-4824	-792	409	-1735
15512	2984	-5392	-374	-411	-1165
15692	3016	-6048	361	-1393	-2051
17444	4112	-5788	552	-2206	-2771
17152	2476	-5936	1176	-2476	-4154
17176	2664	-6276	1835	-3698	-6152
18356	4860	-6656	1976	-4175	-5797
19064	5844	-6468	168	-3475	-5418
18160	2800	-6820	-1182	-3222	-5643
18528	4084	-8688	1099	-3528	-7277
19216	8288	-8244	686	-3459	-7643
17836	7260	-7608	-3093	-3532	-5867
17080	4792	-9216	-1712	-3692	-7490
16488	8356	-10188	555	-2874	-7937
15716	8532	-8552	-869	-2214	-7012
13916	7244	-8524	-1000	-1710	-6653
13024	7912	-11164	787	-1033	-6214
12348	8888	-9792	475	-427	-5206
12276	8672	-8324	69	-451	-4714
12148	8912	-11384	546	-84	-4177
11440	9564	-9600	-898	89	-2897
11160	9616	-7952	-1119	-325	-2215
10604	6476	-11248	-274	49	-663
10404	10116	-8968	-42	917	-692
10484	8912	-7344	-1541	1680	99
10832	8216	-10128	-1050	2429	937
11168	7968	-9748	-824	3782	1899
10480	7804	-8648	215	5059	1706
10940	8076	-8116	1001	4483	2233
10548	9464	-6872	1115	5392	2013
9628	7556	-5884	-494	5649	2621
9520	7232	-5040	676	6526	1680
7344	6716	-2936	-89	5789	2021
6268	6532	-1236	-1364	4338	1474
4960	3984	-2120	-2882	1713	1249
6812	7168	460	-2782	38	-201
5132	3540	-2420	-2584	-1291	-1320
7116	5868	-2624	-3251	-2505	-2943
6728	3900	-4596	-3877	-3516	-3190
8692	6916	-4524	-1919	-3434	-5124
8444	5476	-6456	-1546	-3873	-5752
10408	7276	-8096	-830	-4459	-5856
9168	8048	-5096	-870	-4329	-5843
9680	8052	-9224	1428	-5028	-5780
9536	7768	-10308	2693	-4981	-4863
9600	10720	-3696	364	-5424	-3650
11384	10876	-7532	709	-4971	-3042
8456	7268	-12900	1694	-4119	-1246
11088	11436	-2384	-2148	-3678	-383
11756	10852	-7800	-1769	-3641	-290
7936	7896	-14148	-116	-2426	1058
12592	11216	-4756	-1500	-2324	1207
11456	11228	-7700	549	-1291	877
9116	9576	-12988	933	-889	2763
13976	10208	-7520	1692	522	2456
12040	10836	-8412	3316	1749	2695
10708	10028	-11828	4716	798	2149
16320	11728	-8548	1692	1454	3368
12360	8244	-8860	1267	1594	4123
12076	10068	-10832	2953	571	3469
15068	11468	-9836	-538	1771	4739
12584	8436	-7136	-2164	2391	4972
13156	9808	-8368	-741	169	4005
14744	8060	-9964	-2056	2519	3830
12376	6888	-7256	-1957	3589	3676
10520	7612	-7636	-227	2729	3543
13836	9408	-9844	-17	985	4839
15340	6968	-7928	-1397	3238	5420
12528	5072	-7108	200	3701	5071
12188	7060	-8712	1365	2351	4548
13680	7572	-8720	-207	3358	7008
13996	4944	-8060	-63	4430	8146
14116	4116	-7400	993	4370	7687
14932	7608	-8172	401	3932	7844
15752	5132	-7408	-1882	5195	10164
15800	4544	-5712	-294	3740	8114
16868	5208	-8756	-750	2998	7001
16644	2760	-8012	-485	4427	5736
16676	5092	-5740	639	3739	3347
17480	3588	-4280	-1174	2872	4428
17348	1240	-6736	1095	2203	3990
17652	6408	-6900	1019	2824	3855
16544	2660	-6628	-2159	3514	4621
16040	296	-5968	2367	1974	1725
15428	5444	-4676	1153	868	163
14504	3076	-5068	-4700	-2114	-336
16844	-216	-6320	-2283	-3632	-1868
16724	2860	-4884	-815	-1257	-2388
14836	2980	-4176	-2735	-1442	-869
16128	1152	-7040	-1744	-1468	-225
15968	3032	-5580	-232	560	-437
14744	3216	-4760	-1907	-491	-281
16620	1440	-5620	-774	-952	-582
16392	3032	-5856	629	-552	-1620
15480	4464	-6284	-109	-1526	-2564
16148	3492	-6484	-178	-2778	-3944
18368	3420	-5840	574	-2925	-5343
18372	2024	-5324	1073	-2073	-5509
17024	4344	-7840	2792	-3553	-8344
18576	6352	-9124	2741	-4750	-9611
21184	3128	-5308	848	-2954	-8946
18688	2892	-5008	3101	-3932	-9740
16824	7200	-10752	2835	-5851	-9873
18400	8956	-10552	-572	-4290	-7950
17816	6492	-6812	-1076	-3234	-6902
14608	5236	-9976	113	-3764	-6998
15200	10484	-11952	-203	-4187	-6369
14588	8908	-8224	-2883	-3028	-3900
11972	5772	-10160	-892	-3353	-3737
10496	8692	-12072	-194	-3197	-3879
10748	10632	-11044	-1718	-2524	-2237
9804	7280	-9356	-2511	-2643	-1399
9468	6188	-10348	-334	-2408	-1710
9680	10400	-10852	161	-2197	-1697
10388	7776	-8632	-2974	-1866	-532
11292	7180	-7376	-2498	-523	-1138
11920	10176	-7328	-3243	1414	-2040
12704	7624	-11648	-5505	3560	-803
13240	5504	-10980	-5751	4844	1473
11432	7908	-8528	-2809	6396	1442
9164	6748	-9452	-1704	7038	3697
10388	8636	-7548	830	6365	4326
11352	9228	-6336	141	6742	4880
10196	7848	-8312	1378	7044	4136
8976	7400	-7236	2138	7840	3420
8624	7104	-3176	2174	6307	3387
7824	6244	-1908	95	4718	2777
5444	3804	-2984	-1464	2883	3299
6684	7784	876	843	602	346
5708	2824	-1640	-3578	-1444	1686
7792	5540	-2048	-1424	-3021	-2080
5776	3520	-4744	-3599	-3590	-1489
8448	6240	-3596	243	-5036	-4355
9676	7312	-6208	-2028	-4869	-3653
10224	2620	-6448	-216	-5182	-5320
9688	8652	-6296	2417	-3948	-6906
10408	6372	-8784	95	-5185	-4292
9540	6600	-7036	1949	-5215	-5354
8492	7888	-5392	2019	-5598	-4753
9304	7992	-13724	1659	-5067	-2901
10612	8860	-7860	-298	-4212	-1110
13312	11600	-6632	-1577	-4950	-316
12824	7652	-14376	-1187	-4314	2290
11948	10020	-6260	-401	-2349	1561
13648	11856	-7312	-2793	-3979	2422
11624	8724	-14764	49	-2291	2139
12684	10248	-6416	773	-55	2138
13108	10272	-7392	352	-384	1666
9456	9012	-13432	26	191	3239
11832	8988	-8492	-269	517	3829
14112	8200	-6704	951	2708	3165
11456	8636	-9724	326	1843	3652
13876	7668	-9572	-1288	2230	3541
13524	8820	-7660	-1206	3315	3882
11620	7348	-10228	-543	3334	3883
14028	7440	-9108	851	3758	3013
13408	8256	-6668	409	4145	3085
11908	7068	-7684	372	2599	3753
13340	6388	-12152	1658	1525	3330
16508	7776	-9296	2615	3234	3633
14880	7912	-6768	407	3702	4215
12444	6672	-8816	-494	1555	4199
16312	7688	-10356	298	-178	3198
18328	6332	-7320	154	3276	3260
14176	5376	-5308	-909	2948	2669
13264	5228	-8008	-1637	1548	2990
14864	5480	-8812	-660	2512	3729
14852	5408	-7148	198	4781	5035
13848	5440	-5436	-267	4466	4999
14420	5264	-7044	-511	3199	5526
15488	3628	-7624	412	4253	5786
15488	3888	-6620	397	4658	5175
17984	3532	-7796	-324	3855	7255
18876	2552	-9076	1443	6258	7657
16292	4340	-5120	107	7364	7652
14368	1680	-6268	-31	4221	6159
16376	3636	-4896	2307	2135	3652
16408	3512	-4504	-692	-146	1165
16696	812	-5372	-1369	-1574	-1325
15988	2932	-4016	-1291	-1752	-3239
16852	1192	-4636	-1715	-3234	-3631
18000	1384	-5832	619	-2475	-3954
15992	3752	-5156	558	-1049	-3493
15356	2132	-5024	-487	-1116	-2088
16008	2860	-5836	938	-884	-2005
15772	2728	-5612	-194	-146	-1675
15440	1736	-4664	-760	82	-1932
14996	3172	-5252	-117	-901	-2582
14880	4108	-6372	-1031	-1939	-2661
16356	3820	-5772	-2383	-2940	-2819
17424	1644	-6032	-1749	-2115	-2625
15892	1980	-6212	-238	-1576	-2148
15764	4392	-5904	-695	-1798	-1454
18508	5208	-6568	-2087	-1880	-1208
17632	2132	-6392	-2740	-910	-2203
17224	3880	-6356	-281	-1199	-4782
18444	6872	-6836	969	-1561	-6872
18120	5736	-7000	-259	-1945	-6816
18436	6068	-7792	1088	-3391	-8451
18448	8976	-8180	1019	-3946	-8368
16560	8888	-8420	-1904	-5021	-7192
17780	7808	-10000	-1330	-5578	-7847
16616	8672	-8700	-1066	-4483	-7096
14516	9036	-8340	-1792	-5736	-7073
15268	9396	-11384	-2428	-4892	-6335
14024	9288	-8944	-3027	-4617	-5844
13580	8548	-6912	-4259	-3797	-6045
12136	9376	-10412	-5031	-2853	-5314
10984	8536	-10332	-3818	-1498	-4516
11848	8652	-6268	-3430	181	-3780
8756	7780	-9824	-3646	1081	-2735
10208	9292	-9156	-2082	1690	-1758
11064	8740	-5664	-1744	3293	-1067
10684	8664	-8864	-1602	4134	-192
11092	9256	-11152	319	5177	878
12368	8268	-7836	893	5665	2833
10016	4128	-10144	1348	4884	5845
11876	9952	-8960	4328	4668	7841
8892	9900	-6488	3333	6773	9956
7380	6800	-3900	3510	7599	8352
5840	9692	-2936	-389	7785	6270
6852	6080	-1140	-2853	6879	2852
4792	3704	-4852	-1775	6028	-649
4876	5252	-3648	-778	2796	-3896
5024	5964	-1916	-4107	-625	-3657
6544	1752	-1236	-469	-3309	-6464
7544	7428	-1620	925	-4803	-6835
7304	5148	-4212	-216	-5555	-7291
10660	8028	-4060	875	-4476	-8417
9956	7152	-5680	132	-4653	-7746
9932	9140	-5312	-1212	-5273	-7411
9352	8076	-8360	-401	-4271	-6786
7928	7912	-4928	1349	-4508	-6451
9708	12476	-5684	-606	-4964	-4600
10872	8104	-8696	-1048	-4365	-3403
8568	10052	-7508	1599	-3241	-3695
11360	14016	-7612	-994	-2701	-1199
9192	8040	-9708	-653	-1749	-740
8432	9840	-5588	-1293	-2194	234
13560	14520	-10332	1398	-854	1743
9936	8504	-10752	-1552	612	3934
10876	10484	-4756	-793	-116	3569
13288	14492	-7816	1586	39	4797
9448	5332	-11956	-734	887	6176
13028	11692	-6708	2483	284	5117
13428	13908	-8240	3137	-87	6823
10176	7128	-11012	1018	-83	7452
14588	11560	-6800	1796	75	5692
13252	12536	-9676	2647	-356	6145
12456	7680	-10864	866	353	5705
15164	10124	-6424	57	1296	5304
12468	9784	-7672	-818	469	4919
12776	7552	-10936	-1278	311	5414
14348	8032	-7464	-116	2688	4912
12380	8888	-6272	-602	3451	5292
12608	6288	-8520	-235	2107	6214
15652	7280	-8660	550	2988	5293
15336	7604	-7104	-134	4520	6082
13832	5304	-6940	-127	3811	7278
14924	5748	-7840	498	3331	7233
16912	6796	-7576	873	4102	7568
17032	5700	-6952	-281	5516	7650
16244	5044	-6620	-322	4293	7026
17928	4876	-6952	-977	3358	7062
17484	3228	-6948	-18	3491	5963
17472	3568	-5912	1043	3386	5770
16452	1704	-4764	-1291	3448	4843
16112	2088	-5736	-189	1038	2387
16012	3344	-5864	482	703	321
15988	2444	-4420	-1811	-113	-559
16792	1156	-5476	-1419	-1282	-1620
16264	2800	-5932	1202	-228	-2167
15372	3744	-4708	-161	-174	-1638
15920	2324	-6152	354	-701	-1911
15792	2560	-5448	1708	706	-1914
14664	4040	-4632	1431	467	-2255
15352	3600	-5492	864	-724	-2311
15980	2220	-5736	1296	-723	-2552
15868	4052	-5844	1611	-1113	-3473
16196	4720	-6180	230	-2428	-4012
17168	4620	-7172	34	-3027	-4894
18100	3208	-6088	-405	-2744	-4599
17872	4704	-5632	495	-2859	-4962
16972	5028	-6984	-699	-3361	-4864
17456	4460	-7492	-2052	-3782	-5270
18216	5028	-6248	382	-3152	-6387
17472	5916	-7300	919	-2989	-6899
16764	7332	-8600	-338	-3383	-7366
16556	6980	-8596	-1383	-2762	-6510
15832	7928	-8396	-44	-2395	-7033
15324	7828	-9152	-444	-2093	-6840
14676	9456	-9236	-427	-2474	-6839
14156	9504	-9616	-1720	-2064	-5946
12860	8868	-10344	-1531	-1819	-6067
13120	9884	-9716	-1594	-1612	-5443
11788	9312	-9412	-1447	-1632	-5670
11956	9512	-10260	-1931	-1810	-4789
11272	9460	-9064	-2835	-1890	-3603
10624	7704	-8504	-2892	-1234	-3311
10684	7336	-8792	-2345	-1222	-1276
13232	8188	-6520	-1084	-473	1472
11384	6904	-8184	-1094	272	3215
10116	10452	-9312	1448	1698	3534
10856	9816	-5724	-510	2959	5296
11512	8112	-6416	-874	4705	5234
11904	9924	-10836	-818	6061	4804
12180	11000	-8712	-2999	7145	4851
10832	8192	-8172	-3399	7686	3994
9408	8268	-9156	-1852	8295	3257
8888	7028	-5016	-2182	7818	2287
7844	4660	-4372	-2184	6170	1938
8400	7104	-3852	1667	5579	-64
5100	3676	-4156	-763	3971	322
6252	4644	1920	-399	916	-1398
7024	5528	-2800	-2034	-1012	-1288
6552	2840	-2712	670	-3241	-3241
8556	7728	-64	-3360	-3954	-2976
6856	4024	-5460	-5024	-4879	-3224
9568	6700	-5636	-2342	-5295	-4745
11148	7416	-4776	-3021	-4258	-5314
9828	6636	-7228	-2188	-4510	-4904
10012	6156	-6936	-24	-3955	-5532
10216	7956	-6716	4280	-4729	-6317
10412	10152	-7892	3313	-4329	-3891
8512	5680	-7508	4219	-4346	-3899
12248	11364	-8248	5438	-4341	-3457
10668	10612	-9684	3583	-3200	-1007
9408	9416	-5320	3113	-3125	-1437
12316	13120	-8956	2148	-3310	-908
10312	9180	-11860	380	-1108	337
10880	10788	-3836	573	-1013	421
12276	11740	-9740	99	-1848	1104
9924	8576	-11248	235	358	1351
12868	11456	-5820	740	475	1971
11708	9968	-8112	961	543	2546
10236	9344	-11512	2222	441	2148
12960	11928	-6788	1351	1270	3341
12168	8148	-8208	-222	-74	5465
14340	10920	-10952	1624	-1601	4860
15996	11800	-5596	-2028	-1039	7575
12876	7572	-6868	-4435	-1902	8766
13080	8900	-11468	-3011	-1955	7095
17336	11924	-9168	-4224	1596	8002
13532	7892	-6428	-6531	2566	7505
11988	6280	-8948	-5574	863	6347
14848	7828	-10072	-2453	1410	5743
14948	8616	-8692	-1254	4399	5053
13156	5660	-5848	-798	4622	3872
12820	4252	-6860	507	4228	3507
13596	5820	-7524	1651	4443	4046
14212	6632	-7968	1779	5329	5176
14320	4856	-6800	1805	6183	6149
15332	5640	-7136	2432	5634	5995
16404	6076	-8472	2433	5585	6688
16020	5236	-7452	2298	5797	6752
15860	6496	-6120	995	3602	5983
17020	5212	-6276	-892	2461	5500
17436	3928	-5780	-1338	2741	4827
16852	6336	-5020	-4725	2181	4215
16148	3048	-5716	-6837	957	3666
16444	2280	-5748	-4092	518	1867
16684	3836	-4028	-3009	671	631
16184	2144	-4092	-2195	-247	-688
16312	2044	-6072	-58	-1206	-1916
16232	3484	-5708	463	-691	-2960
15304	2420	-5104	448	-1340	-4028
16272	2192	-4756	2171	-1974	-4044
15632	3600	-5344	2614	-1864	-3673
15580	3660	-5164	740	-1807	-2980
15828	3100	-5920	1159	-1948	-3360
16752	2560	-5028	1743	-1221	-3262
17024	4072	-5360	1999	-708	-3422
17084	4972	-6336	2111	-1125	-3446
17012	3816	-5800	3194	-1242	-4453
17120	4616	-4536	3284	-2099	-5512
17656	5756	-5840	2457	-3076	-5894
17544	6364	-8792	1520	-3191	-6273
18672	5672	-7272	965	-2357	-7187
18272	5856	-5020	1203	-1781	-7683
17304	7460	-6844	1164	-2262	-8169
15396	8632	-11848	-27	-2580	-7218
17228	9232	-8324	330	-1661	-7550
16436	8228	-5328	154	-1843	-6793
13608	7436	-9136	1173	-3101	-7196
14288	11128	-10916	1663	-2704	-6727
14656	10396	-8804	-1647	-1424	-4993
13336	7744	-8560	-1949	-1819	-4321
12056	9148	-10864	-101	-1139	-4456
10932	9620	-11020	-2804	-405	-2663
11676	9716	-7856	-2318	-116	-2269
10368	8392	-10688	-2499	378	-1587
9900	9676	-8440	-2995	781	-1174
10988	9844	-7436	-3861	1837	-141
10200	8048	-7860	-4327	2901	1009
10120	8428	-9072	-2951	3980	979
11356	8908	-7896	-3063	4726	1645
11368	8232	-6320	-2926	5627	2359
9192	7824	-8352	-980	5726	1942
9348	9284	-7404	341	5840	2216
10592	9684	-4368	-38	6079	3060
8612	6648	-4512	1727	5785	1995
5784	7260	-4268	2368	4931	832
5460	8440	-820	1557	3360	-604
5980	6860	-1320	-443	149	-460
8044	6316	-72	-1575	-1646	-2506
6620	8180	-1276	-4669	-1821	-3119
6956	3288	-4096	-3580	-3723	-4632
10704	8056	-936	-4076	-3666	-4676
9244	6332	-3688	-7376	-3304	-3465
8868	4988	-6332	-3325	-3217	-4399
9992	7672	-3284	-1016	-2400	-4862
9264	8524	-3908	-148	-2577	-4971
9300	7912	-7828	514	-3117	-4039
8512	8856	-5420	2460	-2237	-3827
9568	11084	-5804	4029	-2212	-3154
8344	10108	-8692	3271	-2137	-2382
8816	10024	-6132	3817	-1042	-2795
10952	12568	-11724	5131	-396	-1801
12416	12224	-8484	3330	-685	-509
11220	10268	-1808	1098	-740	-225
10404	10648	-12448	4115	-1894	54
10540	12436	-9564	5231	-604	-409
10992	9468	-2816	2908	-619	119
10032	11572	-11172	4308	-2424	1363
11400	9580	-8452	2658	-2247	2458
10680	10552	-5468	2081	-2305	3579
10396	12260	-11360	1844	-3499	4294
11768	10384	-9892	441	-2136	4929
12084	10636	-6272	-181	-1258	4623
10976	10392	-11032	-321	-3107	5674
13232	10028	-11400	-361	-2100	5060
13396	9472	-7232	-1408	-995	4756
12488	9832	-9888	-483	-2106	4370
12680	8568	-11620	-818	-1637	4239
11988	8792	-6708	-2083	-933	4316
11416	7924	-6580	-2983	-1319	4892
11568	8284	-13472	-1303	-2111	5010
14024	8476	-8824	-2491	446	4933
12064	8516	-6376	-3787	1080	4934
12540	7260	-10360	-1637	-435	4211
14760	7144	-10288	-204	824	3784
13540	7600	-6984	-923	2266	3640
12532	6144	-6028	-2137	2014	5426
13512	6384	-9484	-2168	2442	6515
15080	5320	-8816	-521	6531	5879
14580	6504	-6608	1675	8519	5482
14276	6496	-6740	2126	7220	6393
15396	5508	-8140	5082	5999	7520
16356	6088	-7408	5972	6764	7838
16192	6732	-7748	3779	5562	8497
17616	4228	-9464	1783	5697	8834
17836	3524	-6412	918	6321	7564
15972	6212	-5704	227	4914	6165
14620	3696	-6068	-438	1977	3960
15360	2720	-5508	1274	-610	-553
16028	3604	-5096	-974	-2022	-1660
15708	2092	-6816	-2130	-2712	-3382
15376	2432	-7208	-1570	-2856	-4134
15672	3688	-5256	-2554	-2734	-3904
16248	3244	-5984	-3162	-2950	-2701
15752	2852	-6152	-2237	-2124	-1889
14504	4032	-5664	-3194	-1917	-1389
15228	3840	-5844	-5166	-2213	-532
16152	2348	-6476	-5004	-1511	-255
15656	2180	-6396	-2853	-602	-442
15612	3952	-5768	-1654	-129	-1145
16352	3444	-6356	-1657	-620	-853
16968	2760	-7112	1303	-690	-2174
16708	5136	-8412	3836	-1062	-4628
17256	4864	-6904	2206	-1321	-4639
17820	3560	-6860	2934	-1379	-6330
16836	5392	-8184	4008	-1818	-7672
16876	7356	-8224	1595	-1656	-6919
16604	7088	-7872	-181	-2252	-6605
17152	7576	-9268	177	-2378	-7008
16748	8576	-9180	-1202	-2219	-7280
15672	8444	-8648	-2507	-2812	-6794
16484	8600	-9536	-2000	-2907	-6973
15068	9136	-10000	-2027	-2840	-6811
14396	9024	-9064	-2571	-2019	-6187
11684	8620	-10056	-2317	-2641	-5444
11904	9432	-9780	-1919	-2300	-4128
11576	9736	-10376	-963	-2175	-3318
11588	9584	-10680	-1274	-1519	-3374
10504	9788	-9420	-1394	-1435	-3408
10172	9344	-9128	-1377	-1480	-3165
9468	8900	-8488	-2174	-488	-2263
8832	8156	-7504	-2449	426	-2119
9424	8184	-8168	-3061	1679	-1206
10264	6628	-9708	-3105	2113	777
9952	6992	-8228	-1121	2991	1316
10468	7360	-7800	-256	3382	3279
10752	7736	-7728	1109	4207	3985
10920	9820	-6456	2068	4365	4600
11932	10984	-7520	1215	6060	5161
11464	8200	-7848	1777	7385	4281
10404	10120	-6616	2372	8481	2990
8204	7424	-4800	1334	8314	3064
8312	8196	-4572	1406	6359	1948
5300	6188	-3148	-1142	4565	1673
5264	6716	-1692	813	2038	-286
4180	3868	-2048	-1457	-498	-957
5236	6256	-1828	-1516	-3648	-2820
5772	3840	-3976	-2675	-5116	-3298
8276	6588	-5068	-1227	-6013	-4419
9316	5652	-6332	-2134	-6580	-4922
9592	6844	-4852	-971	-6544	-5236
9812	7868	-7996	-898	-6945	-5153
11048	6688	-7532	-513	-7345	-3665
8964	7980	-4404	992	-6442	-3944
9676	9440	-10352	487	-6653	-2561
10532	7304	-9048	1194	-5390	-1842
10404	11616	-4160	545	-4896	-1615
10952	10112	-12972	-1241	-3699	-32
10192	7648	-9808	1282	-1344	-984
11452	12268	-3692	-458	-1423	-151
10764	10260	-12832	233	-1223	165
9256	8468	-12144	1605	1051	-170
13576	11668	-5588	1286	1329	1051
10556	10652	-10132	1609	567	1513
9496	8952	-10136	1135	519	2148
13060	10396	-7896	1029	2342	3096
9684	7700	-10092	1419	2498	3496
9440	10860	-11116	1446	1418	2992
14284	11244	-7528	-1266	1767	4956
10872	7044	-8084	-1669	1661	5822
9912	8432	-10692	-241	390	5406
15772	12572	-8508	-1323	891	6018
13380	6260	-7784	-4620	2509	7666
11884	6584	-10024	-84	2089	6037
14492	12212	-9000	198	2135	5932
15352	8404	-7168	-3606	3252	7585
13768	3208	-10448	-2190	2840	7529
16448	8136	-8392	1151	3365	6222
15588	9420	-7616	-1639	4005	6901
14804	3988	-7792	-2048	2905	7749
16604	6328	-8632	1311	2147	4707
16348	7396	-7888	-106	3540	4629
15480	4480	-5976	-633	3123	5304
15772	3924	-6580	450	2826	5180
15948	4748	-6980	-426	3805	6151
17372	4072	-6440	-1385	5040	7884
17816	4160	-7736	263	6486	8621
16772	4520	-7312	812	8295	8359
14700	3540	-6388	1057	6721	6498
14644	1028	-5448	1579	2450	2151
16136	3876	-5364	1445	-342	-2113
15168	1596	-3812	-2360	-2265	-3139
15900	1060	-4584	-213	-4468	-4731
16392	3228	-5096	3	-4333	-4893
16424	2700	-6124	-512	-3663	-4060
16328	2832	-5644	-167	-2761	-3475
16096	2568	-5768	-832	-2288	-2632
15724	3368	-6972	-334	-2076	-2243
16096	3948	-6728	-263	-2189	-2285
17756	2600	-4556	-1379	-1574	-2340
17716	2320	-4900	182	-2004	-3227
16812	4280	-7392	1513	-2917	-4586
17892	6636	-7792	352	-3849	-4894
19580	3544	-4336	-3248	-2335	-3542
17948	3212	-5156	-1419	-3456	-5199
17576	5652	-10704	-378	-3977	-6395
19052	7892	-8816	-1456	-2019	-6189
18448	5952	-5432	-3294	-483	-5659
15636	6700	-9088	-1184	-2078	-6953
16348	9740	-11744	405	-1923	-7438
16608	8948	-8432	-2001	-81	-5880
14188	6864	-7424	-25	-873	-6443
13472	9308	-12204	1559	-648	-6628
14060	12392	-10068	-197	149	-6480
12696	9320	-8952	-2960	774	-5022
11964	7576	-10060	-1016	1122	-5429
11128	10516	-10764	-914	1030	-4718
10524	9816	-8868	-3016	1416	-2757
10616	8936	-8620	-2340	473	-1787
11248	8876	-7824	-1867	1799	-1104
9948	10320	-9236	-2018	1718	269
11028	7952	-9284	-2599	2353	2198
11128	7196	-6164	-861	3443	2911
7740	7860	-7604	-278	2901	4101
8608	7764	-6020	620	3077	5044
9940	8136	-4432	1075	3323	4020
9508	7312	-7008	469	3874	3133
10812	9712	-4288	301	4742	2077
10580	7664	-6728	-646	4797	1428
11008	7164	-6928	997	5427	-900
8664	7824	-3224	-695	4868	-627
7436	4924	-3324	-135	3585	-1782
7724	6564	-1096	-311	2116	-2493
6632	3696	-404	-2133	-643	-2370
8296	8184	200	-1316	-2474	-2780
7980	2736	-3588	-1901	-3287	-3138
9636	8536	-1344	-552	-3998	-4070
9748	8108	-4976	-3478	-4356	-3006
11500	4864	-6572	-700	-3675	-4179
11744	10420	-5764	574	-2964	-5027
11144	7144	-7136	-2232	-3313	-2914
11460	4960	-4108	1812	-3487	-4334
7104	8956	-6324	3924	-3820	-4723
8500	8728	-8104	2982	-5136	-3158
12092	8648	-5388	2553	-5116	-2056
8016	7388	-6628	2926	-5211	-1395
9460	11984	-7956	3554	-5213	-1349
10688	9496	-8728	168	-3035	25
8028	8736	-4780	586	-1387	-1335
10000	14564	-7792	746	-2781	-579
10596	7060	-11172	-379	-351	630
8464	9016	-7036	1894	1349	-1583
11864	13788	-8800	1252	-678	530
12700	8636	-12372	508	517	2726
9760	7884	-6996	1434	728	2016
10904	13604	-8368	2434	-1113	2792
10228	7752	-11868	-783	-373	5551
10496	9804	-6248	-316	639	5488
11096	12088	-8728	553	11	6325
12908	8024	-11208	-1874	-530	8343
13072	9468	-6992	-2705	1169	8334
12928	10252	-9912	-1246	1710	8873
15956	8064	-8556	-2632	2509	9121
15628	8480	-5420	-2269	3557	7285
14352	5924	-9328	-976	3352	8500
16940	7020	-10132	480	4717	6713
17156	7848	-6312	-163	6522	6669
15948	5376	-7216	2291	5006	6996
16892	5224	-9176	2755	4860	6525
17204	6532	-6852	2127	5957	5991
15632	5368	-6564	1930	5544	6761
16652	4836	-6848	2084	4390	6282
17444	5396	-7472	703	4673	6280
17676	4500	-6056	-871	5060	6663
16924	3788	-6384	-943	3934	5780
16660	3800	-6592	-560	3450	4455
16056	2244	-5692	-142	2729	2708
15388	3288	-5808	1154	884	-22
15776	3128	-5352	-1065	-906	-1746
16372	1688	-5872	-996	-2144	-3127
16488	2424	-5016	-117	-2027	-3238
15588	4248	-5256	141	-1961	-2866
15532	3472	-6168	-435	-2002	-2543
16000	3120	-6500	-143	-981	-2248
15800	3696	-5200	174	43	-1639
15212	3328	-4928	-1125	111	-765
15296	2904	-6504	38	-507	-986
15436	3896	-6248	714	-66	-1340
14980	3828	-5408	-268	-400	-1086
15968	3356	-5600	-296	-442	-523
15688	3292	-6236	711	157	-569
14804	4056	-5948	27	198	-547
15172	3740	-5488	-412	31	-324
15488	3428	-5716	-104	134	-236
15344	4032	-5724	123	168	-77
14780	4228	-5992	-478	-14	69
15200	3708	-5924	-1311	-355	127
15992	2968	-6200	-662	-262	13
15752	3984	-5968	-5	14	128
15308	4324	-6100	-862	41	700
14976	3808	-5824	-781	-5	596
14872	3924	-5772	-473	-129	219
15132	3820	-6180	-540	-250	168
15264	4304	-5888	-507	-305	276
15196	3844	-5468	-623	-179	309
15136	3720	-6052	-154	-395	21
15880	3964	-6356	105	16	257
15428	3536	-5664	13	346	161
15416	3856	-6444	176	158	48
15264	3480	-5916	224	321	42
15668	4048	-5452	183	309	-91
15476	3608	-5652	-54	518	169
15392	3580	-6028	324	440	141
15244	3920	-5736	368	517	169
15192	4128	-5960	-180	520	115
15512	3624	-6204	-584	497	169
15688	3908	-5584	-705	986	108
15124	3844	-5148	-719	804	116
15120	3316	-6040	-423	511	-59
15368	3708	-6316	303	738	-304
15448	3948	-5180	-412	911	-165
15068	3592	-5808	-488	648	176
15272	3664	-6244	-54	832	206
15152	3572	-5948	100	1021	6
15368	4168	-5264	-126	953	215
15304	3620	-5588	-252	705	361
15520	3360	-6276	118	819	-89
15532	3448	-5720	243	757	-406
15052	4120	-5356	927	480	-710
15192	4000	-5016	545	267	-641
14972	4524	-5960	76	105	-912
15752	3852	-5656	-292	371	-564
15556	3556	-5252	-218	-209	-338
15560	2700	-5116	1981	1493	-1246
16792	4884	-6852	2907	2898	1124
14812	4176	-5608	825	5708	766
14944	4108	-5000	892	5621	-306
12448	2848	-2972	1518	-3607	1148
17000	3628	-5200	2724	-5638	306
15780	3376	-5788	2881	-6047	438
15600	3536	-6432	1952	-2869	-1350
17048	4416	-6856	351	-891	-690
15372	3808	-5252	-1560	-73	-1300
14800	2756	-4940	-460	-838	-726
17700	5608	-7588	-1360	6030	-3768
11420	3772	-3348	-2842	1013	-2222
19344	-1540	-8260	346	-291	623
17388	6080	-7996	-3124	6691	-3774
