0	0	0	0	0	0
-14820	-1732	9120	-645	-230	281
-13896	-3412	6344	-331	1546	717
-13648	-3400	6340	-1090	3213	1364
-14448	-3288	6048	-1870	4582	1465
-15788	-2696	5872	-3649	5614	-1016
-20364	-1120	5088	-6668	5065	-405
-15372	-7036	3976	-888	-225	-2428
-13060	-8504	4900	2725	-6296	-1515
-10856	-2620	4084	3145	1846	1247
-15036	-2996	4892	-513	1337	-1622
-15116	-4904	4876	434	-646	-241
-13720	-4556	4392	1909	334	-512
-14368	-4164	4460	1436	829	-1043
-14348	-4308	4216	1504	353	-1288
-14140	-4248	4124	1264	557	-1683
-14376	-4504	4472	1336	912	-1718
-14512	-4312	4388	1351	990	-1447
-14528	-4124	4540	809	1367	-1209
-14508	-4476	4464	1014	1549	-1008
-14736	-4352	4288	1443	1929	-878
-14520	-4272	4416	1790	1885	-819
-14368	-3948	4424	2574	2125	-690
-14860	-3496	4300	2320	2188	-465
-15152	-3832	4516	1505	1267	-241
-14520	-4476	4536	1824	1062	-321
-14532	-4124	4360	2636	1986	-248
-15104	-3524	4708	2197	1565	-342
-14924	-3644	4756	819	770	-484
-14888	-4200	4708	748	790	-649
-14644	-3668	4728	552	432	-709
-14792	-3500	4788	-201	-46	-571
-14796	-3192	5512	-868	-740	-325
-14744	-3440	5368	-2705	-1239	-289
-14836	-4396	5908	-2332	-1746	-262
-14500	-3860	6408	-1034	-1391	-567
-15256	-3484	6644	-1912	-1949	-664
-15188	-4460	6496	-2380	-3556	-832
-14220	-5260	6872	-1002	-3732	-1237
-14092	-4644	7340	1051	-3223	-1590
-14832	-3980	7376	524	-3904	-1640
-14752	-5216	7476	133	-5344	-1532
-14152	-5196	7848	1521	-5284	-1364
-14156	-4528	8244	1442	-5660	-1386
-13888	-4900	8844	1278	-6467	-1464
-13580	-4812	8688	1552	-6475	-1293
-14308	-5000	8880	1396	-6763	-871
-14232	-4936	9348	1261	-8024	-560
-13496	-5196	10208	1248	-8430	-764
-13168	-5156	10696	1978	-8130	-1113
-13860	-4936	10512	2417	-8112	-1114
-13916	-4736	11656	2432	-9437	-950
-12928	-4872	11888	2034	-10191	-796
-12464	-5220	12256	2562	-10148	-735
-12372	-4920	13208	3371	-10169	-706
-12736	-4416	13112	2975	-10491	-232
-12116	-5004	13484	1968	-12016	-172
-10652	-5204	13724	2708	-11901	-478
-11020	-4820	13912	2781	-11288	-314
-11020	-4812	13936	2263	-12385	-362
-9844	-4740	14028	1483	-12790	-764
-9452	-5180	14288	1454	-12770	-1095
-8612	-5240	14340	1426	-12932	-1846
-7924	-5016	15252	2376	-12466	-2216
-7496	-4836	14896	2298	-12522	-2557
-6284	-4880	15096	2697	-13260	-2927
-5524	-4664	15268	3287	-12540	-2715
-4844	-4036	15664	3233	-12566	-2685
-3816	-4120	15424	2787	-12209	-2578
-3032	-4196	16416	3337	-11918	-2830
-2720	-3620	15468	3567	-10776	-2859
-2564	-2996	15940	3140	-11530	-2453
-484	-3300	16564	2373	-12141	-2702
100	-3192	16148	3615	-10211	-2426
80	-2052	15860	4071	-10070	-2169
1016	-1464	16048	2703	-10524	-1290
1724	-2000	16100	2476	-9992	-1145
1956	-1084	15260	2858	-8867	-728
1908	-1484	15500	1206	-9468	-444
3428	-1360	15564	1422	-9382	-627
3612	-1416	15464	1097	-8198	-792
4092	-872	15372	1044	-8483	-641
4776	-1284	15508	920	-8378	-545
5140	-812	15568	1402	-7822	-633
6056	-1064	15576	1004	-7939	-956
6312	-1092	15308	2340	-6945	-1099
6756	-116	14784	1528	-7328	-623
7740	-1020	14984	1891	-6898	-663
7444	168	14488	2662	-6341	-497
8264	-184	14060	1187	-6407	-304
8996	-1028	14724	3403	-5321	-865
7576	888	13884	3587	-4965	-562
8488	360	13584	714	-6408	-403
9096	-424	14004	2344	-5412	-1049
8328	1304	12892	1609	-5531	-1341
9480	280	13324	75	-5984	-1376
9680	696	12416	1426	-5161	-1920
9888	1572	11976	-296	-5444	-1447
10584	892	12240	102	-4863	-1590
10520	1528	11240	728	-4221	-1692
10620	1844	10976	-293	-3852	-1220
11380	1664	10796	-425	-3254	-882
11596	1136	10940	148	-2353	-1012
10984	1988	10632	681	-1990	-844
11044	1812	10304	-739	-2015	-468
11644	1168	10916	55	-1160	-684
10660	1924	10144	712	-515	-934
10924	2520	10256	-1516	-1276	-494
11880	1056	10408	-1457	-410	-520
11392	1740	9968	-517	854	-842
11088	1924	10100	-1387	705	-711
11600	1508	9928	-1130	1555	-790
11008	1732	9932	-752	2366	-565
11128	1572	10008	-787	3107	-587
10364	1496	10120	-151	3809	-572
10264	1512	10252	-164	4192	-788
10416	1396	10408	80	5264	-1033
9248	1916	10448	578	5712	-1139
9344	2188	10780	-941	5841	-967
8836	1244	10644	-999	6668	-799
8352	2008	11696	-985	7441	-697
8120	1604	12188	-2381	7461	-560
7740	1256	12812	-2061	8256	-914
7224	1544	12776	-2859	8704	-832
7012	436	14120	-2909	9052	-970
6248	1620	13608	-2707	9384	-679
5900	372	14524	-4888	8989	-325
5720	-272	15360	-2726	10163	-1138
3848	860	14764	-3037	10273	-773
4300	92	16540	-5180	9251	-742
4232	-412	16316	-3677	10354	-924
2836	344	15988	-4362	10267	-339
2632	-584	17172	-5923	9689	111
2508	-1132	17528	-4934	10346	368
2064	-884	17256	-5388	10687	429
1248	-2188	18360	-4928	10790	425
580	-1568	18240	-3259	10750	300
-544	-1844	18208	-4685	9967	490
-648	-2664	18876	-3424	9663	170
-1388	-1748	17348	-3715	9953	32
-1940	-2656	18552	-4769	9195	6
-2120	-3124	17988	-3414	9830	-138
-2968	-2216	17716	-4220	9453	233
-2772	-3472	17756	-5352	8996	74
-3704	-3716	17116	-3373	9895	34
-4956	-3188	16088	-4611	9666	244
-4508	-4300	17496	-5024	8734	-336
-4140	-4216	17608	-3156	10146	-854
-7316	-3664	14484	-3484	10614	446
-6324	-3548	16104	-6091	7415	4
-5480	-5440	16892	-5048	9351	-292
-7880	-4004	14432	-3493	10633	344
-7956	-4228	15336	-7138	8362	243
-8036	-6040	15264	-5566	9446	184
-8220	-4620	14728	-4065	9222	234
-8496	-5724	14612	-6153	8774	506
-9636	-6740	14356	-4224	9343	727
-8964	-5496	14124	-3512	8359	-375
-9184	-6496	13712	-3738	9075	-783
-10992	-6696	13372	-1703	9053	-410
-10128	-5380	13004	-2654	6886	-681
-9680	-7000	12728	-3421	7246	-846
-10696	-6932	12568	-659	8433	-724
-11232	-5472	11876	-1470	6893	-701
-11004	-6648	11348	-3478	5856	-620
-11056	-7176	11848	-1322	6406	-580
-11752	-5584	10240	-1361	6356	-213
-11892	-6160	10040	-3687	4274	10
-11004	-7232	10380	-2632	4801	63
-11824	-6044	10724	-523	5861	-2
-12704	-5516	9120	-2582	4752	287
-12608	-6996	9456	-3089	3085	319
-11900	-6748	9468	-1507	4010	254
-13056	-6416	9216	-1208	4112	435
-12876	-6324	8876	-1848	2530	337
-12144	-6808	8620	-1908	2625	-4
-12552	-6980	8360	-721	3135	-185
-12900	-6484	8068	-797	2518	-148
-12516	-6824	8308	-808	1881	-110
-12540	-6884	8196	-308	2253	-114
-12896	-6792	7920	-284	1757	-181
-12452	-7064	8120	-325	1168	-532
-12276	-6876	8188	567	1691	-847
-12912	-6320	7948	456	1275	-765
-12852	-6680	8196	-80	48	-669
-12424	-6988	8904	505	-255	-724
-12616	-6480	9380	1231	-636	-729
-12872	-6772	9280	855	-1473	-834
-12828	-6720	10088	1600	-2415	-1020
-12400	-6356	10592	1778	-2750	-1453
-12844	-6844	10640	2309	-3375	-1565
-12260	-6660	11328	3354	-4215	-1783
-12436	-6280	11320	3857	-4458	-1742
-12464	-6556	11600	4062	-5509	-1768
-12356	-6660	12104	5209	-6066	-1778
-12200	-6132	12264	6003	-6679	-1689
-12092	-6180	12664	5765	-7582	-1691
-11736	-6624	12820	6668	-7960	-1494
-11604	-5884	13140	7670	-8064	-1238
-11584	-5552	13524	7282	-8822	-506
-11260	-5532	13824	7037	-9549	430
-10548	-5820	14796	7285	-9965	895
-9908	-5036	14956	7908	-9645	1411
-10612	-4864	14680	7026	-10254	2345
-9480	-4848	15524	6608	-11496	2709
-9100	-4672	15884	6791	-10907	2916
-9184	-4228	16364	6503	-11454	3159
-8612	-4308	16364	6413	-11932	3255
-7784	-4052	16776	6492	-11502	3045
-7612	-3192	17116	7085	-11650	3111
-7228	-3172	16860	5874	-12541	3272
-5676	-2756	17064	6345	-12618	2810
-5352	-1956	16684	5919	-12000	3089
-5028	-1920	16576	4761	-12873	3443
-3988	-1768	16744	4785	-12671	3384
-3528	-1092	16156	3573	-12436	3363
-2552	-1404	15992	2437	-13095	3023
-1776	-1200	15876	2194	-12452	2733
-608	-1040	15684	2027	-11858	2026
-332	-636	15300	1727	-11315	1935
524	-660	15088	1429	-11476	1164
756	304	14612	1449	-10744	1445
2388	296	14252	-89	-11205	841
3332	-364	15164	1858	-9335	382
2964	1264	13144	1453	-7988	614
4284	1016	14680	90	-9079	439
5376	1044	14132	1640	-7275	290
4912	1656	13572	1035	-6204	582
6132	1420	15244	1601	-5996	227
5776	1624	13916	3078	-4464	110
5972	2296	14296	2623	-5048	282
6688	2148	14388	3272	-4509	480
6540	3192	13716	2651	-4515	1091
7284	2316	14388	1411	-4166	863
7184	2420	14764	2986	-3337	189
7216	3204	14144	1970	-3869	312
7812	2892	14696	1807	-4210	578
8240	2824	14680	1805	-4105	659
8380	2920	14084	2228	-4036	566
8404	2856	14180	2360	-3792	305
8560	3900	13636	1930	-4155	750
9456	3124	13804	1455	-4279	808
9708	3272	13592	2164	-2997	648
8188	3772	13200	2221	-3253	923
9044	3768	12524	125	-3957	1212
9740	2676	12584	836	-2690	866
9420	3972	13024	1315	-2423	222
9644	3828	11460	732	-3038	262
9976	3744	11968	222	-2497	698
10320	3388	11568	485	-1991	385
10584	3512	11144	898	-1521	156
9820	3728	10996	417	-1088	811
10764	3536	11484	-324	-1427	665
10576	2868	10436	136	-598	239
10176	3524	10652	-483	-207	294
10844	2908	10204	-1538	-91	286
11152	3076	10336	-1520	709	74
11056	2220	10464	-1212	1713	-437
10232	3120	10748	-488	2328	-452
10444	2324	10992	-1432	2067	-534
10196	2568	10536	-209	3241	-636
9480	3016	10824	-934	3503	-833
9456	2568	10436	-1313	4170	-1096
8580	2828	10264	-1933	4631	-1442
8348	2684	10480	-3430	4901	-1614
8532	2240	11220	-3554	5578	-1981
8340	2916	10924	-4014	6117	-2466
7196	1824	12644	-4270	6683	-2127
8168	2492	13348	-3949	6849	-2618
7088	2272	13252	-4393	7636	-2274
6588	1956	14332	-4096	7994	-2240
6384	1852	14996	-3469	8275	-2393
6052	1888	15132	-3739	8476	-2295
5332	1532	15496	-3076	8857	-2636
4924	1748	16072	-3172	9139	-2815
3212	1252	16276	-3025	9376	-2347
3060	2664	15352	-3886	8009	-2061
3208	1288	16844	-7080	8028	-1542
2432	-56	16440	-5071	8903	-1650
1520	1504	16684	-5480	9444	-1345
996	552	16480	-7615	8338	-1209
1036	-828	16588	-7354	9338	-1202
0	-980	17768	-5802	9912	-1327
-604	-132	16028	-6505	9774	-578
-1536	-1596	16488	-8056	9055	-239
-544	-2000	18740	-5997	9696	-875
-2204	-1324	16680	-6017	10727	-375
-3944	-2704	16984	-7214	9973	219
-2408	-2260	18408	-6080	9599	-249
-3976	-2624	17452	-6626	10665	487
-4744	-3656	17204	-6648	9724	470
-5408	-4180	17560	-4829	10633	-29
-5884	-2412	17028	-5254	10033	57
-5776	-4328	16820	-7368	8958	106
-6400	-4908	16884	-4310	10441	198
-7612	-3652	15592	-4922	10443	771
-7520	-4612	16332	-6683	8231	896
-7244	-5000	15800	-5200	9715	887
-8460	-4360	14924	-5648	9274	1042
-8452	-5656	15108	-6944	7867	1599
-8816	-5860	14868	-5523	8819	2075
-8324	-5220	14732	-6550	7728	1610
-8788	-7296	14124	-6350	8302	1737
-10504	-6868	13788	-3948	8966	2112
-10000	-6000	13312	-5647	6636	1101
-9232	-8156	14004	-4377	7307	104
-10356	-6764	13036	-1288	9564	67
-12008	-6176	11984	-3052	6816	529
-10032	-7248	12068	-3925	5008	-36
-10252	-7964	12100	-815	7701	-76
-12068	-6104	11184	-333	7591	12
-11380	-6416	11252	-2959	4246	-387
-9912	-7808	11324	-1291	5520	-877
-11480	-6972	10664	1099	7606	-808
-12840	-6372	10216	64	5210	-668
-11528	-7320	10812	-24	3750	-1340
-11736	-6880	10300	2096	5447	-1374
-13468	-5996	9752	1893	4266	-1159
-13048	-5604	9088	-45	1927	-999
-12096	-5892	9200	-1114	1617	-678
-12276	-6188	9032	-1537	2019	-571
-12304	-6132	8880	-1860	1780	-368
-12336	-6500	8296	-2445	1404	-353
-12012	-7140	8276	-1529	1306	-300
-12240	-6808	8356	-270	1627	-365
-12360	-6460	8312	-478	1060	-310
-12180	-7176	8196	99	585	-334
-12188	-6788	8500	997	1116	-265
-12704	-6248	8184	528	758	-130
-12460	-6580	8504	-7	-85	-78
-12112	-6880	8600	389	-51	-241
-12520	-6412	9120	583	-244	-230
-12604	-6348	9148	326	-1182	-191
-12432	-6660	9448	587	-1826	-244
-12200	-6276	9840	1213	-2061	-268
-12580	-6372	10304	1456	-2615	-187
-12176	-6112	10568	1691	-3271	-214
-12108	-6276	10760	2072	-3546	-257
-11980	-6152	11212	2824	-4008	-325
-12416	-6028	11356	3138	-4510	-50
-12320	-6044	11448	3491	-5545	264
-11872	-5744	11780	3864	-6072	483
-11944	-5968	12308	4245	-6322	552
-11712	-5712	12812	4806	-6764	433
-11668	-5488	13184	5087	-6504	404
-11904	-5444	13380	5399	-7265	647
-11360	-5296	13672	5938	-7891	941
-11256	-5112	14260	6032	-8258	1202
-10892	-5016	14368	6390	-8657	1428
-10484	-4460	14832	6381	-8813	1776
-10460	-4152	14772	5862	-9474	2279
-9708	-4272	15456	5622	-10067	2421
-9036	-4036	15948	6105	-9369	2432
-9492	-3704	15796	6430	-9717	2630
-8860	-3832	16568	6418	-10404	2701
-8544	-2924	16224	6922	-10347	2789
-7992	-2624	16500	6290	-11253	2822
-6772	-2280	16828	6433	-10995	2673
-6704	-1740	16640	6833	-10423	2880
-5944	-888	16360	5576	-11595	2965
-4064	-2040	17676	5967	-12173	2126
-5204	-2288	17612	9430	-8815	2344
-6220	1972	15084	7666	-11481	3462
-3884	20	15444	1408	-15106	3646
-1324	-176	15472	2731	-12658	3419
-1856	936	15772	1786	-11180	3193
-1216	776	15176	-1	-11125	2872
-220	1180	15056	-640	-11286	2601
1104	256	16108	-839	-11082	2069
1272	-12	15608	1158	-9346	1704
1256	908	15372	2003	-9398	1182
2228	1212	15272	1898	-9665	806
3348	1424	15448	2360	-9173	577
4072	1844	15252	3267	-8118	231
3640	2468	14672	3270	-7601	689
4772	2976	15000	2135	-7712	899
4892	2572	14688	2385	-6860	758
5088	3328	14108	1736	-6486	1024
5872	3628	14504	597	-7156	1395
6764	2632	14872	476	-6391	1396
6388	3056	14260	1641	-5574	1221
6364	3992	13160	-631	-6353	1974
8320	2252	15040	-573	-6646	1396
7204	2452	13908	2059	-4902	1263
7428	3816	14100	199	-6290	1133
8608	2440	13496	784	-6186	664
8704	3528	13840	1091	-5628	577
8820	3220	14128	1010	-5837	462
9372	3756	12600	169	-5859	396
10388	2924	13140	-796	-5408	301
9816	3452	12056	566	-4927	542
10592	4440	12020	-2356	-5983	1399
11524	1848	12052	-1507	-4778	1305
11060	3248	12000	-146	-3837	1251
11392	2620	11860	-1647	-4532	1168
11568	1852	11288	-66	-3516	1174
11436	2740	11564	228	-3316	842
11804	1808	11140	366	-3103	124
11368	3008	10736	1309	-2746	65
11764	2324	10544	-210	-2848	-161
11820	2320	10112	940	-1741	-385
11576	3632	10180	382	-1991	-529
11776	2584	9736	-571	-2109	-553
11924	2804	9596	-209	-1143	-678
11736	3556	9748	-367	-1044	-778
12176	2808	9676	-971	-779	-988
12276	3112	8784	34	177	-1088
11740	3608	9596	-165	586	-684
12496	3152	9760	-305	934	-1068
11828	2856	9396	968	2214	-1219
10896	4416	9796	1018	2013	-884
11740	3644	9620	-1236	1564	-482
12180	3616	9956	-163	2830	-573
11188	4156	9336	-1011	3196	-306
11236	3112	10176	-2098	3524	-142
11432	2500	9920	-998	4585	-858
10336	3232	9864	-783	5209	-893
10216	2932	10924	-1271	5005	-722
9932	3028	11012	-909	5139	-1014
9896	3188	11052	-1649	5602	-1250
9456	3284	12120	-1327	5763	-1425
9852	3592	11768	-2560	5891	-1361
9416	2516	12588	-2305	6815	-1288
8320	3512	12580	-1382	6671	-1282
8136	3440	12776	-3396	6482	-703
8368	2440	13728	-2581	6893	-1250
7520	2952	12812	-2714	7515	-1046
7176	3120	13852	-3703	7199	-714
6728	2316	14072	-3932	7576	-640
6800	2644	13676	-4583	8147	-674
5196	1328	15252	-4266	8675	-203
5448	1888	15112	-3822	8756	-757
4364	1312	14840	-4487	9037	-738
3696	828	16280	-3399	9048	-702
3288	1784	14804	-3555	9037	-375
2600	852	15728	-5783	9041	-245
2000	-52	15156	-4324	10346	-635
1080	1004	16428	-5230	10175	-457
1620	-748	16724	-6253	10455	-675
456	-840	16708	-3262	12129	-975
-648	88	17328	-3912	11699	-784
-1304	-1208	17220	-4599	11430	-559
-1712	-972	18160	-2970	11647	-889
-2532	-340	17336	-3871	11568	-710
-3520	-796	17592	-5149	10765	8
-2892	-948	17716	-6328	10548	-8
-3524	-1656	17892	-5896	10798	372
-4336	-1872	18412	-6431	10912	498
-4800	-2296	18228	-5858	10341	493
-5612	-2260	18224	-5513	10110	1095
-6780	-1760	16708	-6852	8954	1962
-5968	-3252	18092	-8952	7055	1842
-5152	-3564	18384	-6276	8783	1823
-8028	-2960	16284	-6876	8709	2620
-7088	-3848	16208	-9437	5958	2269
-6384	-6132	17140	-6465	7479	2142
-8672	-4120	15540	-4592	8564	2622
-8556	-5148	15224	-7176	5321	1736
-7480	-6568	15612	-4648	6676	1447
-9956	-4504	13960	-2889	8276	2404
-9716	-4344	13560	-7234	3822	1668
-7560	-7080	14528	-6224	5410	842
-10152	-5528	13760	-1700	8913	1447
-11088	-4096	12596	-5430	5017	1363
-8932	-7168	12752	-6868	3934	205
-9340	-7160	13092	-1393	7754	409
-11328	-5024	11852	-2049	6385	348
-10988	-6536	11640	-4293	3686	-210
-9824	-7560	11676	-1842	5593	-486
-10744	-5472	11856	378	6497	-852
-11744	-5896	10884	-1260	5077	-959
-11080	-6328	10732	-666	4702	-891
-11432	-5628	10692	-168	5255	-410
-11420	-5540	10588	-1183	4436	-383
-11372	-6396	9980	-805	4961	-360
-12192	-6056	10636	424	5188	-149
-12316	-5384	9920	-863	4320	-108
-12260	-6216	9876	-1293	3378	-156
-11672	-6480	9596	-313	4063	-515
-12464	-5972	9884	661	4243	-503
-12600	-5528	9308	-132	3159	-473
-12392	-6116	9144	-247	2614	-529
-12164	-6000	8904	423	2973	-335
-12432	-5892	8704	396	2960	-291
-12408	-5916	8396	-56	2272	-268
-12412	-6544	8232	14	2121	-368
-12368	-6416	8424	1242	2392	-511
-12688	-5900	8100	1116	2400	-486
-12932	-5852	7864	335	1468	-194
-12648	-6180	8120	-194	1034	-177
-12432	-6176	8200	469	1155	-183
-12644	-5664	8352	328	1137	-277
-12944	-5960	8008	-158	652	-291
-12716	-6056	8464	-97	108	-297
-12724	-5856	8816	240	-16	-192
-12788	-5520	8880	11	-423	-293
-12592	-5744	9336	348	-1380	-318
-12568	-5720	9380	540	-822	-510
-13436	-6128	9064	1577	-1581	-452
-12392	-4888	9808	1978	-2370	-331
-12768	-5540	9912	1720	-2631	-340
-12920	-5412	9840	2319	-2875	-134
-12908	-5252	10580	2327	-3506	-152
-12636	-5404	10896	2903	-3928	-170
-12548	-4684	10772	3139	-4149	213
-12716	-5012	11588	2769	-5119	276
-12084	-4896	11744	3697	-5376	419
-12440	-5004	12044	4173	-5459	522
-12292	-4732	12552	4703	-6107	437
-12372	-4628	12740	5488	-6331	671
-12388	-3960	13116	5361	-7068	1118
-11436	-4368	13352	5054	-7622	1210
-11348	-4392	14056	6466	-7205	1387
-11440	-3096	13956	6703	-7354	2032
-11828	-3304	13576	5188	-8654	2958
-10584	-3356	14312	4886	-9317	3244
-10280	-2756	14656	4946	-8700	3778
-10564	-2492	14600	3652	-9532	4059
-9600	-2872	14948	3037	-10298	4029
-8972	-2716	15584	3450	-10110	3989
-8844	-2460	15384	3403	-9875	4050
-8260	-2372	16140	3874	-10557	3530
-7684	-1888	16124	4500	-9928	3333
-8316	-1652	15384	4431	-10170	3357
-7140	-796	15908	3904	-10973	3035
-6384	-788	16040	3169	-10713	3086
-5708	-304	16124	2956	-11239	2907
-4764	-276	15916	1984	-10671	2844
-4684	-164	15964	1872	-10530	3120
-3568	116	16256	1130	-11048	2838
-3112	-152	16284	1318	-10772	2692
-2440	16	16152	1130	-10373	2191
-1444	376	16072	1035	-10326	1645
-1516	360	15320	1119	-9626	2049
-744	436	15220	-749	-9639	2086
-1632	-320	15124	-55	-8746	2598
1228	1620	14836	-2958	-10072	1134
2164	-740	13892	-3911	-8863	782
2652	136	15028	-913	-6910	205
2692	792	15240	-1548	-7454	-276
3236	-204	15148	-1229	-6854	-401
4296	868	16068	251	-6622	-763
4220	552	15820	645	-5720	-749
4504	884	16612	1521	-5723	-658
4248	1584	14952	928	-6003	99
5376	2312	16608	-534	-7684	539
6348	336	15116	-1178	-6497	345
6584	1520	16120	23	-5159	456
6072	1104	15436	-490	-5675	-141
6752	672	15832	-519	-5629	-212
7168	232	15844	1228	-4745	-940
6892	1664	15120	1718	-4880	-1032
8548	680	16540	1843	-4826	-1795
7256	1632	15364	5276	-3974	-1953
6732	3040	14796	3053	-5180	-1012
8436	3492	14484	2000	-5677	-650
9260	2228	15232	1486	-4566	-642
8296	3132	13816	3020	-3539	-35
9064	3956	14572	56	-4973	853
9488	1676	14532	940	-4224	1107
8524	2724	14036	2175	-3880	941
8840	3052	13656	97	-5087	1333
8688	2708	12800	-269	-5510	2060
9684	3328	11952	-4047	-6040	2740
11356	600	13260	-4941	-4832	1845
9760	892	10972	-1931	-3087	1234
10260	2300	11840	-4248	-4026	1033
10588	-240	10888	-2519	-3612	137
10356	284	11076	-159	-2271	-946
9972	2064	10676	533	-3052	-1489
11444	844	10428	-1139	-2693	-1925
10804	1736	9768	1988	-778	-2148
10156	3112	9548	-1142	-1404	-1611
11852	1636	9188	-2557	-458	-1408
11520	1272	9692	-451	1826	-1894
10112	2644	9532	-539	2257	-1509
10700	2188	9668	-2461	1962	-1030
11064	1400	9780	-849	3585	-1053
9888	2084	9740	-602	4823	-878
9412	1956	9548	-1122	5149	-791
9672	1460	10256	-1344	5766	-916
9640	1380	9976	-761	7501	-1334
7784	1360	10228	-513	8470	-1143
8248	1860	11496	-1655	8391	-1325
8164	308	12460	-419	9225	-1822
6652	1892	12500	450	10357	-1774
6416	2404	14232	-1360	9070	-1721
6864	1428	14380	-2129	9885	-1388
5572	1924	15156	-1480	10225	-1313
5472	1812	16300	-3248	9991	-1354
4548	1156	16224	-3213	10163	-883
3712	804	16392	-3870	10219	-1083
3760	1568	17072	-3936	9871	-1310
2860	472	17036	-4972	9346	-1106
2600	-180	18268	-3760	9757	-1485
2028	896	17188	-3728	9501	-1933
856	192	17252	-4677	9032	-1200
656	728	17820	-4477	8355	-578
1268	-116	16924	-6437	8664	-509
68	-1108	18772	-4622	9663	-720
-636	-32	17676	-4647	9095	-604
-668	-1084	18180	-5307	8508	-614
-1636	-1608	17864	-3989	9428	-396
-2512	-284	17752	-4282	8460	80
-1516	-1484	18448	-6049	7647	24
-2844	-2236	17752	-3945	9299	480
-4128	-880	17656	-4902	7990	1204
-3424	-2484	17524	-6817	6845	1245
-4420	-2772	16992	-5062	8180	1736
-5544	-2336	15904	-6965	6942	2254
-3756	-4316	17292	-8162	6253	1405
-5016	-4232	17260	-3454	8672	1251
-6744	-2752	15500	-5981	7122	1678
-5900	-5572	16228	-6645	5657	1334
-5416	-4300	16044	-2795	7915	1117
-7292	-3744	14932	-4700	7213	1107
-6636	-5764	15640	-4796	6663	576
-6292	-4616	16036	-1726	8546	177
-8576	-4008	13764	-3334	8611	989
-8244	-4648	13192	-5713	6523	1521
-7880	-6156	14800	-4725	7133	1626
-8900	-4716	13780	-3266	8684	2313
-10708	-4568	12140	-7259	6882	2927
-9340	-6840	12344	-9546	5818	2143
-9488	-7328	13732	-4883	8183	1855
-10792	-4796	12188	-4857	8427	1970
-11092	-6492	11776	-8624	5257	1352
-10080	-8800	11748	-5468	6517	675
-10564	-6812	12628	-476	8288	434
-11340	-5656	11656	-2022	7153	381
-11724	-7376	10784	-2192	5683	376
-10796	-7164	10676	536	6610	194
-11104	-5996	11760	2326	6891	-143
-12064	-5492	10204	1207	6773	-3
-12844	-6060	9412	473	5626	216
-12120	-5624	9596	54	4714	441
-11796	-5828	9288	-453	5247	510
-12656	-6200	9640	-328	5713	336
-12984	-5904	8676	-231	5446	240
-13140	-6092	8456	-506	4903	166
-13020	-6536	8512	-131	4335	-229
-12968	-6268	8616	823	4356	-427
-13292	-6120	7996	788	4390	-692
-13496	-6296	7928	702	3607	-634
-13276	-5868	7688	751	3145	-562
-13248	-5788	7552	418	2679	-474
-13060	-5636	7352	293	2420	-437
-13344	-5560	7264	-111	2153	-195
-13360	-5536	7676	-708	1139	26
-13208	-5456	8384	-1111	703	265
-13224	-5608	9012	-1601	-272	561
-12660	-5696	8724	-1933	-677	404
-12692	-6008	7688	-1370	-433	303
-13120	-6112	6992	-567	-74	258
-13528	-6188	6764	-144	-298	188
-13560	-6140	6852	117	-835	-34
-13704	-6436	6768	491	-1116	-200
-13384	-6096	6752	1048	-1382	-468
-13236	-5816	7488	1198	-1502	-644
-12932	-5732	7808	1187	-1715	-818
-12836	-5860	7968	1641	-1468	-906
-13188	-5884	8108	2592	-1594	-870
-13408	-5388	8824	2427	-2388	-697
-13036	-5608	8828	2127	-3266	-597
-13132	-5384	8860	1741	-3354	-433
-12972	-5476	9268	1690	-3974	-412
-12500	-5332	9544	1752	-4001	-475
-13080	-5436	9132	1575	-3834	-214
-13000	-5416	9456	1402	-4878	-25
-12264	-5292	10032	1394	-5116	173
-12468	-5540	10360	1726	-4947	458
-12708	-5740	10984	2562	-5245	156
-11848	-5200	11676	3711	-5639	-140
-12512	-5240	11652	4004	-5337	125
-12788	-4920	11592	3739	-6641	445
-11724	-4904	12680	4084	-7952	535
-11332	-4148	13296	4693	-6737	919
-12140	-4032	14240	4112	-7979	1116
-11240	-4128	15716	4289	-9296	1106
-11128	-3776	16200	4717	-8885	1405
-11508	-3380	16828	4438	-10487	1607
-10776	-3404	18204	4698	-12306	1632
-10500	-2564	17716	4779	-12526	2243
-10712	-2720	18076	3287	-14451	2669
-9008	-2644	18996	3337	-15523	2724
-9028	-2876	17440	2745	-15123	3301
-8124	-3268	18944	3130	-16625	3128
-7048	-3692	17724	4312	-14837	2994
-7720	-2980	17188	5059	-15336	3552
-6004	-3008	17028	3942	-16580	2956
-4824	-3404	16308	5289	-15173	2563
-4400	-1944	15952	5895	-14367	2823
-3236	-1804	15260	4144	-14517	2599
-2076	-1880	15272	4460	-14209	2639
-1864	-1176	14728	4510	-13372	2805
-880	-1056	14368	2783	-13619	2416
952	-1324	14492	3253	-12597	1247
648	136	13856	3631	-10976	1662
1924	-20	12928	784	-11868	1201
3668	-504	13820	1618	-10682	734
3612	304	13020	2535	-8859	489
4128	668	13492	717	-9370	315
5616	-360	13948	1899	-8315	-557
5004	1484	13428	3319	-7009	-417
6188	1260	13460	564	-8344	-780
7696	628	14136	2715	-6839	-1362
6012	2556	12236	3136	-5604	-851
7924	2784	13548	-717	-7612	-794
8656	904	13284	1354	-5584	-1115
7816	3172	12864	1796	-4674	-766
9216	2948	13144	-410	-5964	-759
8872	2284	12148	1060	-4673	-184
9152	3152	11880	-901	-4582	148
10088	1772	12152	-540	-3811	-154
9020	2820	11848	918	-2870	43
9828	2656	11864	-1334	-3565	-143
10460	1316	11936	667	-1957	-721
9080	2844	10960	1729	-974	-917
9796	3128	11184	-611	-2322	-979
9828	1844	10224	467	-991	-914
9904	3716	9892	-532	-665	-933
10304	2648	10300	-2172	-383	-828
9880	2572	9804	-1249	986	-745
9792	3212	10216	-2726	1255	-426
9724	2328	10236	-2722	2163	-344
9964	2464	10852	-2069	2772	-732
9268	2644	11320	-1905	3308	-655
9756	2584	11936	-2394	3259	-817
9280	1728	11860	-1447	4784	-740
8380	2800	12204	-907	4929	-901
8268	2584	12728	-2681	4760	-795
8184	1492	12776	-1929	5799	-1002
7292	2816	12644	-1751	6195	-700
7404	2568	12680	-4543	5573	-538
7540	900	13464	-4123	6345	-772
6688	1608	13400	-3347	7110	-659
5836	1412	13528	-4919	6923	-67
5920	476	13652	-5270	7242	-624
5928	256	13432	-5030	8371	-947
3708	-984	15092	-3999	9619	-766
4332	492	14664	-3486	9241	-1762
3952	-116	14756	-4566	9748	-1510
3372	-772	17068	-2943	10654	-1391
2936	296	16284	-2170	11267	-1538
1524	356	17148	-2940	10695	-843
824	100	17404	-3355	10527	-295
496	-20	17296	-4549	10348	73
-144	-908	17324	-5114	10220	-14
-1552	-988	17016	-5145	10777	688
-1328	-1388	18340	-6324	9631	185
-1720	-2368	16724	-5841	10658	266
-3500	-2420	17608	-5183	10578	599
-3512	-2392	16980	-5545	10413	103
-4556	-2408	16776	-5547	10452	455
-4872	-2624	16544	-6848	9850	991
-5072	-3512	16268	-7429	9966	1079
-5456	-3380	16492	-6583	10424	1237
-5752	-2996	16088	-7897	10264	1717
-6980	-4420	15780	-8628	10188	2428
-6752	-5092	15820	-7964	10133	2226
-6836	-4824	16572	-6865	10753	2741
-8308	-5060	15548	-7512	10440	3483
-7760	-6908	15568	-8057	9712	2887
-8764	-7300	15748	-3579	11783	2618
-10456	-4868	14756	-3235	11557	3301
-10816	-6424	14380	-6756	8501	2859
-9660	-7428	13912	-4562	9377	2251
-10664	-5672	14116	-3404	10193	2387
-11400	-5728	13488	-5638	8088	2243
-11176	-7116	12644	-6042	8031	2411
-11008	-6780	12916	-4241	7828	2075
-10836	-6284	12592	-4234	8166	2004
-12780	-7112	12156	-3265	8098	2010
-12712	-5928	10904	-2945	6498	1561
-12204	-6780	10828	-3971	5540	1045
-12196	-7368	11476	-1814	5952	-76
-12064	-5552	10800	103	6302	-646
-13236	-5792	9724	-1524	5016	-638
-12888	-6716	9288	-1256	3268	-597
-11924	-6620	8900	-78	4053	-667
-12488	-6060	9416	1275	4289	-756
-12632	-5560	8716	485	3766	-873
-12868	-6300	8264	-33	3005	-821
-12460	-6540	8356	1312	3128	-950
-12868	-6124	8144	2285	3346	-979
-12968	-5680	7768	2043	2828	-990
-12860	-6136	7592	1531	2277	-963
-12752	-6384	7336	2207	2361	-943
-13000	-5856	7336	2302	2548	-642
-13264	-5884	7124	1296	1786	-544
-12784	-6124	7152	1378	1558	-553
-12748	-6012	7176	1313	1822	-536
-13064	-5916	7296	1170	1447	-613
-13200	-6016	7664	1037	862	-453
-13280	-5728	7740	829	512	-405
-13352	-5824	7576	404	-75	-446
-13000	-5704	8164	392	-644	-652
-13172	-5812	8416	488	-766	-669
-13648	-5708	8684	903	-1271	-794
-13412	-5784	8912	928	-2080	-829
-13300	-5620	9224	1450	-2425	-796
-13476	-5604	8780	1335	-3017	-531
-13480	-5576	9208	1614	-3902	-398
-12980	-5220	9156	1581	-4274	-177
-13016	-5336	9328	966	-4684	-8
-13164	-5664	9112	895	-4959	139
-12780	-5504	9700	1018	-5252	354
-12336	-5460	10028	1174	-5606	458
-12184	-5956	10780	1830	-5564	381
-12356	-5916	11412	3503	-5557	170
-12356	-5624	11864	4585	-5667	-51
-12528	-5636	12312	5606	-6214	-125
-12244	-5440	12360	6397	-6818	-46
-12048	-4980	12744	7101	-7243	209
-11808	-4156	12692	7244	-7342	612
-11588	-3936	12664	5977	-8065	1163
-11004	-4188	13456	5215	-8487	1634
-10588	-3836	13360	4865	-7961	2061
-10732	-3964	13432	4196	-8523	2355
-10016	-3848	14416	4023	-8958	2543
-9880	-3540	14568	4398	-8682	2672
-9924	-3140	14200	3525	-9410	2752
-8672	-3404	15712	3633	-10366	2370
-8376	-2588	15404	4706	-8794	2424
-9188	-2104	14868	3179	-9797	2809
-7276	-2896	16396	2811	-11186	2230
-7068	-2156	15820	4426	-8651	2403
-7928	-1292	15960	3003	-10358	2380
-5880	-1788	16732	2208	-11187	1910
-5580	-876	16228	2858	-9924	2029
-5672	-848	16824	1439	-11097	1746
-4296	-824	16704	1587	-10674	1557
-4588	-180	16164	1381	-10624	1831
-2772	-472	16888	-3	-11857	1257
-1968	-908	16784	1729	-10150	1343
-2444	-184	15896	2053	-9885	1470
-1536	-140	16556	1284	-10887	1422
-136	-520	16016	2089	-9746	967
328	-144	17300	3585	-9206	380
-140	260	16204	3938	-8263	538
-392	988	15464	2572	-9492	976
2284	880	15928	1043	-10167	356
2572	340	16076	2508	-8091	136
1464	1672	14568	1439	-8050	559
3776	1456	15628	-741	-9700	84
4468	492	15272	702	-7862	122
4224	1252	15236	1358	-7227	117
5188	1524	15476	485	-7599	-183
5032	1284	15020	1081	-6619	99
5776	1884	14716	535	-6759	86
6392	1476	15292	941	-5980	-295
6560	2072	14820	1908	-5515	-606
6828	2344	14992	1527	-5752	-355
6828	2312	13948	1781	-5465	-82
7280	2932	14572	1189	-5616	293
7856	2592	13960	716	-5357	364
7752	2512	13144	710	-5067	586
7860	2976	13172	-592	-5110	1023
8584	2068	12880	-1230	-5110	674
9264	1732	12624	-670	-4023	458
8336	2188	11744	-210	-3397	384
8928	2624	12232	-1855	-4235	477
9776	1044	11740	-1888	-3319	94
9376	1588	10640	-384	-1886	-261
9328	2460	10876	-1703	-2129	-1
9920	1132	10508	-1655	-1156	-424
9468	2064	10192	-375	348	-623
9864	1872	10052	-1993	414	-503
10136	1220	10376	-638	2151	-714
9356	1712	10552	-126	3357	-898
8684	2048	10916	-373	3428	-823
8968	1936	10620	-1229	3679	-580
8744	1672	11300	-897	4820	-538
8380	2404	11224	-1520	5308	-434
7764	1564	11136	-3351	5714	156
7572	1032	12280	-3382	6588	1
7064	940	12352	-3479	7392	-486
6084	1044	13000	-4126	7539	112
6784	520	13092	-5349	7816	-95
5704	-524	14272	-3638	9421	-749
4784	72	14312	-2580	9712	-1184
4428	96	14660	-3794	9528	-984
4136	-620	15496	-3598	10094	-1025
3504	-564	15992	-2214	10639	-1604
2456	104	14320	-3426	11140	-1113
1104	-828	16636	-3819	10316	-971
2772	-904	16208	-4417	11172	-1716
-224	-2160	16460	-3026	12641	-1625
-1220	-696	16644	-2715	11628	-1756
-840	-964	17000	-5595	11098	-1473
-1908	-2200	17192	-4693	11780	-1202
-1984	-1240	17432	-4449	12173	-1231
-3648	-2148	17440	-5607	12473	-848
-3884	-2372	17552	-5202	12430	-1123
-4580	-2492	16376	-5809	12544	-687
-4624	-3040	19252	-5652	11618	-836
-5052	-3432	17072	-4852	12918	-981
-7228	-3316	16540	-4592	12391	-124
-7004	-3384	18424	-5159	10395	-530
-6816	-3096	16780	-5186	11585	-204
-9416	-3768	16416	-5916	10906	836
-7628	-3728	18436	-6200	8688	-293
-7852	-4092	16384	-5388	10998	-71
-10652	-4028	14884	-5909	9808	667
-9432	-4772	15428	-7957	7559	203
-9148	-5332	15372	-5495	8947	572
-10376	-4016	14408	-6136	8691	960
-11004	-5712	12804	-9477	7590	1478
-9984	-6744	14460	-7747	6665	1206
-9436	-6024	13572	-6451	8749	964
-11792	-6700	12048	-6255	8778	1114
-12028	-7212	11716	-6517	6306	1217
-10444	-7224	11788	-5311	5645	842
-10544	-7200	10932	-4222	7261	936
-12440	-7760	10892	-3605	7126	948
-12076	-6940	11336	-2287	5800	303
-11436	-6872	10276	-2434	5962	-90
-11912	-7512	10184	-1391	5674	-164
-11988	-6924	9580	-276	5486	-152
-12488	-6796	9288	-214	5184	-106
-12448	-6836	9180	-333	4333	-152
-12220	-7056	9056	-97	4648	-419
-12840	-7192	8776	896	4738	-809
-12788	-6540	9124	1531	3978	-1187
-12536	-5764	8924	728	3237	-1082
-12916	-6176	8656	-174	1869	-539
-12244	-6420	8832	-271	1137	-360
-12112	-6176	9816	339	1377	-124
-12748	-5876	9392	-432	693	29
-13064	-6444	9732	-839	-941	148
-12384	-6348	10188	-326	-1449	107
-12644	-6180	10164	49	-1619	-62
-12696	-6100	10664	63	-2952	-261
-12296	-6456	10620	493	-3872	-313
-12668	-6676	10892	1589	-4202	-167
-12856	-6104	10632	1962	-5378	-29
-12820	-6208	10936	1674	-6463	88
-12524	-6468	11200	2161	-6825	-41
-12448	-6092	10860	2430	-7132	-58
-12360	-6152	11076	2105	-7607	13
-11836	-6356	11524	2759	-7937	201
-11784	-6508	11916	3392	-7681	325
-11952	-6492	12172	4311	-7909	476
-11628	-6520	12732	4888	-8356	553
-11116	-6012	13200	5796	-8517	632
-11364	-6368	13880	6323	-8704	692
-10608	-5628	14376	7314	-8955	673
-11072	-5484	13556	6591	-8957	937
-10364	-5832	15064	6601	-10387	1002
-9012	-4472	15616	7585	-9530	967
-10132	-4452	14872	6124	-9521	1219
-9024	-4412	16312	5909	-11458	951
-8176	-3788	15644	6192	-10080	1338
-8684	-3224	15528	4933	-11608	1603
-5908	-3212	16884	4244	-12069	1001
-6360	-2992	15412	5422	-10417	1607
-6580	-2936	16180	3971	-11737	1871
-5040	-2436	16060	3710	-11781	1955
-4988	-2864	16192	2600	-11501	1988
-3988	-2544	16672	3315	-11317	1263
-3568	-1868	16236	3457	-11026	856
-2388	-2060	17408	3997	-11670	62
-2112	-1456	16432	5432	-9784	537
-2416	-372	15544	4323	-10547	988
-884	20	15336	2949	-11250	1191
56	104	16044	2936	-10257	1209
572	760	14996	2202	-9267	1392
1008	132	15556	862	-9325	1479
2012	60	16240	2233	-8600	1271
2312	232	15808	2525	-7932	668
2112	212	15684	3635	-7362	326
2668	1428	15044	3676	-7517	57
3448	1140	15892	3042	-7855	-265
3828	1656	15208	4181	-6617	-383
3144	2988	14336	2345	-6930	405
5400	2992	14804	-500	-8597	600
6500	1460	14936	317	-6545	654
5540	2748	14648	1232	-5502	765
6500	2532	14684	-304	-6678	628
7148	1532	15116	702	-5785	951
7044	2112	14960	2134	-4952	461
7452	2900	14800	1820	-5449	249
7632	2248	13912	1987	-5170	277
7488	3012	13256	1346	-4890	657
7680	2452	11612	831	-4424	567
8716	2564	12100	-684	-4748	426
8544	2384	11388	-42	-3764	515
8920	2408	11000	-1873	-3422	379
9864	2440	11364	-786	-2636	-92
8568	1996	10540	-433	-1049	392
9436	2872	10772	-1652	-1284	-120
9276	1576	10436	-837	-146	-700
8804	2376	10212	-156	900	-1014
8452	3108	9632	-1700	694	-638
9712	2468	9728	-3352	1421	-452
10064	1464	11632	-2029	3776	-426
8792	2456	10812	-1557	4885	-347
7448	2028	10472	-3824	4414	683
8168	964	11460	-3811	4925	508
8080	1116	11660	-2751	6425	-342
6540	1328	11580	-3397	7056	-390
6400	1176	12704	-4051	6663	-413
7088	856	11852	-4460	7813	-671
5776	176	13300	-3570	8975	-776
5176	872	13888	-2910	9245	-836
4680	352	13976	-4381	9674	-236
4780	-412	15220	-2941	10092	-868
2864	220	13960	-2637	11860	46
1896	120	16840	-3337	10410	196
4060	-420	15708	-4649	11069	-528
380	-1400	16752	-2616	12730	189
312	-160	17372	-3116	11708	-106
640	-1116	17316	-4709	11748	-800
-1352	-2016	17260	-2975	12195	-722
-1944	-880	17784	-3832	11628	-450
-1996	-1760	17684	-5069	11283	-557
-2964	-2104	17760	-5423	11740	-168
-3964	-2608	17120	-6157	11748	-222
-4068	-2644	18092	-5443	11008	-542
-3908	-2848	17872	-6341	11772	-723
-6212	-3696	16984	-5208	11791	-45
-6036	-2992	17476	-5439	10738	-255
-6376	-3436	17108	-6319	10979	68
-7076	-3856	17008	-6337	10437	440
-7048	-4380	16812	-6273	10967	316
-8440	-4176	16244	-5856	11474	789
-8516	-4456	16344	-6971	9276	700
-7432	-6028	15816	-6318	10538	252
-10028	-5388	15236	-3241	12009	708
-10756	-4456	14412	-5615	8823	560
-8944	-6492	15376	-6089	8077	-340
-9616	-6284	14636	-2312	11424	-177
-12268	-4752	13008	-2964	10201	495
-11024	-5552	13648	-6283	6217	58
-9676	-7112	13556	-4221	8594	-181
-11876	-5156	12732	-1489	9580	233
-12660	-4864	12164	-5519	6018	591
-11096	-7056	12584	-5716	5175	4
-11520	-6452	11980	-1997	7796	138
-13472	-4988	10852	-3087	6283	270
-12144	-5892	10976	-5395	2818	-257
-10332	-6944	10688	-3407	4377	-176
-11860	-6288	11060	-812	5659	138
-12980	-5248	9560	-2247	4181	271
-12456	-6272	9540	-3959	1776	674
-11088	-7284	9168	-2960	2419	230
-11768	-7196	9396	-593	3934	52
-12444	-6564	9256	-95	3576	-346
-12516	-6876	8560	-700	2696	-576
-12264	-7928	8560	691	2492	-970
-12084	-7224	8424	2814	3178	-1115
-12548	-6504	8216	2553	2701	-1175
-12464	-6728	8032	2484	1667	-1294
-12236	-6284	8392	2416	1736	-1430
-12920	-5928	8840	2382	1177	-1320
-12864	-5492	8368	837	478	-1045
-13152	-6204	9112	-208	-616	-892
-12328	-5872	9632	194	-1336	-1241
-12416	-5768	9804	160	-974	-1310
-13364	-5560	10368	101	-2139	-1036
-12776	-5520	10356	-250	-3560	-746
-12704	-6028	10696	107	-4227	-508
-12588	-5872	11108	768	-4924	-464
-12832	-5772	11728	1299	-5629	-392
-12600	-5724	11528	1287	-6529	-386
-12128	-6036	11828	1692	-7146	-317
-11920	-6008	12484	2797	-7372	-200
-11760	-5972	12832	3547	-7465	264
-11876	-5928	13244	4526	-8180	848
-11560	-6092	13716	5420	-8526	1231
-11536	-5816	13704	6374	-8748	1821
-11368	-5896	14780	6869	-9331	1891
-11160	-5516	14980	7752	-9131	2288
-11644	-5212	14380	7565	-9670	2709
-10816	-5128	15368	7566	-11018	2688
-9648	-4496	15884	7895	-10287	2861
-10832	-4384	15508	8110	-10162	3151
-10220	-4048	15704	6806	-12044	3050
-8992	-3944	16156	6976	-11924	2967
-8500	-3208	16364	6438	-12190	2819
-7796	-3588	16972	5858	-7680	-2392
16056	5915	-12273	3116	-6700	-2024
16756	3960	-13959	2936	-5128	-2268
16944	4061	-13229	2581	-4972	-1716
16400	3744	-12631	2612	-3760	-2356
17168	3155	-13211	1946	-3696	-2140
16416	5276	-11181	1794	-4268	-292
15180	3900	-12710	1955	-1056	-1192
15468	1509	-14212	1059	-164	-1236
15304	3644	-10904	1045	-1284	452
15036	2845	-10828	1299	-88	548
13640	-137	-11671	1285	1784	56
15824	-387	-11845	928	2872	-380
14852	1096	-9219	3	1824	920
14552	857	-8282	374	3988	72
15880	532	-9547	-742	3508	964
13744	3307	-7229	32	3940	1664
15340	1326	-8411	-30	5596	692
14788	2541	-7395	-957	4808	1944
14992	3885	-6254	-844	5160	2736
14352	2249	-6795	-422	6704	2996
15168	2774	-6755	-591	6512	3084
14312	2288	-5826	-158	6828	3472
15216	2653	-6453	188	7004	2928
13912	1797	-5263	148	7248	3784
13752	1985	-5549	596	8156	2844
14132	1584	-5417	483	7256	3616
13372	2503	-4664	1560	7724	3636
12528	131	-5935	1315	8380	3080
11568	-718	-5399	1677	8632	2664
11536	-815	-4927	1067	8368	2968
10232	-1895	-4436	1349	9168	2324
9128	-3551	9620	1824	8768	-3187
-2679	836	9320	1436	9284	-2444
-1217	211	9784	1500	8216	-2564
197	-143	9312	1324	9508	1836
9492	-396	3094	-1541	8592	1864
8828	168	4426	-1397	7904	2624
9904	-775	4505	-868	9216	1708
10164	-1801	5131	-1499	8084	2268
10984	-756	7059	-1271	7596	2888
12592	-2755	6668	-1051	7308	1644
12420	-2935	7486	-598	6696	2456
13944	-2374	7651	-528	6344	2036
14360	-3818	7475	-929	6456	1640
14284	-4067	8015	-1071	5812	1100
14852	-3764	9071	-729	4576	2024
14468	-3770	9133	-220	4848	776
15388	-5735	8533	-376	4624	-260
15944	-3080	9625	-357	3600	1116
16404	-3083	9784	-225	2588	100
16136	-3739	9376	-360	2292	648
16392	-3257	9525	148	2196	252
17068	-4898	9168	-216	1448	-524
17036	-4000	10046	7	1036	-216
17088	-4731	10008	-138	-332	-1204
16648	-4923	10105	663	-276	-856
17920	-4903	9623	-3	-1400	-2788
16576	-4971	10561	-596	-1652	-1576
17404	-2500	10766	-967	-3084	-1604
16024	-4805	10227	-769	-4052	-2464
16404	-4671	9731	-364	-2508	-1336
16952	-5033	9357	-491	-4268	-2516
15708	-6903	11041	88	-5388	-3208
16868	-5844	10647	303	-4856	-2176
16436	-6887	10617	833	-5488	-3904
16436	-7945	10536	866	-6016	-4924
16744	-5247	11862	593	-7856	-3636
14760	-4726	12565	1176	-8100	-4712
-5888	-5388	16452	-3373	12616	-280
-9216	-4152	14300	-899	15023	192
-11072	-3840	14800	-3302	11856	710
-9916	-4780	16304	-2863	11072	309
-10424	-3244	14128	-2398	12042	1030
-12336	-4332	14024	-6358	8957	2027
-9972	-5180	14852	-5954	8656	1118
-11676	-4704	14100	-4088	10794	1591
-13120	-4584	12208	-6947	8184	1937
-12476	-6444	12688	-7612	6568	1962
-11112	-5588	12852	-5238	7341	1227
-12620	-6140	11508	-5605	8280	693
-13100	-6376	11480	-4275	6399	-99
-11964	-5976	10948	-3693	5516	-304
-12420	-6420	10236	-2779	5745	-144
-12900	-6332	9848	-1732	5333	-131
-12404	-5724	10196	-1420	4425	-309
-12032	-5996	9560	-1627	4502	-568
-13016	-6600	9212	-64	5001	-539
-13468	-5428	8844	403	4386	-364
-13384	-5332	8288	-1166	3127	-362
-12496	-6168	8340	-1162	2692	-673
-12472	-6148	8184	-133	3890	-722
-13220	-5404	8264	-54	3553	-418
-13344	-5596	7956	-1492	2044	-152
-13044	-6096	8428	-1555	1272	30
-12756	-5816	8796	-869	1508	-43
-13300	-5896	9044	-961	1029	-167
-13264	-6088	9108	-559	103	-384
-13132	-6016	9348	198	-442	-587
-13060	-6008	9856	989	-1286	-847
-13148	-5932	9604	1570	-1530	-1023
-13548	-5684	9568	1878	-2642	-1115
-13180	-5436	9704	1628	-3887	-1204
-13200	-5740	9832	1789	-4282	-988
-13772	-5472	9872	1925	-4913	-717
-13336	-5272	10012	1265	-6116	-689
-13020	-5624	10320	1185	-6291	-677
-13012	-5556	10572	1697	-6660	-812
-12940	-5920	10596	1987	-6866	-874
-12672	-5896	11200	3259	-7212	-673
-12220	-5512	12360	4009	-7797	-560
-12180	-5944	12420	4856	-7682	-283
-12540	-5752	12532	6328	-8121	116
-11988	-4872	13436	6859	-9063	691
-11880	-4716	13152	6439	-9017	1472
-11736	-4968	14400	6706	-9657	1568
-10932	-4220	14880	7428	-9072	1568
-11724	-4280	14692	7355	-9378	1885
-10552	-4136	15804	8405	-10725	1757
-10640	-2988	14776	9501	-9727	2377
-11284	-3136	15200	7642	-11183	2588
-9792	-2060	15144	7317	-11757	3204
-9084	-1420	15640	5171	-11917	3434
-7916	-1540	15808	3519	-11907	3498
-7864	-1776	15628	3259	-11765	4079
-7388	-2620	16468	2339	-12748	3705
-6716	-2744	16576	3792	-12654	2808
-5668	-2456	16876	4088	-12947	1423
-4516	-2336	17436	6129	-12526	652
-4328	-504	16060	6770	-12141	1038
-3296	-220	15776	3776	-13182	971
-1640	-424	16972	4934	-12669	413
-1540	1324	15700	4335	-11606	1271
-752	1456	16232	1922	-12942	1499
172	840	15300	1545	-12047	2059
808	1580	14928	834	-11629	2746
1844	1096	15280	-704	-11719	2639
2952	432	15260	190	-10467	2313
3164	1080	14240	340	-9096	2086
3756	632	15452	717	-9433	1506
4560	804	14928	1701	-8094	1415
3788	680	13948	1617	-7643	928
5040	1908	14084	1004	-8184	381
5544	1644	13856	-178	-8092	429
6540	1300	14844	373	-7271	-159
6100	2412	12876	105	-6859	-223
6488	1884	13248	-2561	-7410	558
8560	1504	13768	-1736	-6573	-616
7964	2064	12492	-715	-5459	-339
8592	1692	13748	-1438	-5429	-419
8108	1720	12292	-120	-4346	-351
8712	2372	13492	-776	-4253	-268
8188	1208	8780	2872	13336	-635
-2973	-777	9748	1676	12020	-1363
-2733	-1033	9224	2400	11544	-431
-1426	-930	8428	1884	11112	-1676
-1854	-666	9084	2208	10544	-1558
-1430	-456	9128	2120	10584	-2590
-1073	-372	9696	1896	10312	-3320
-278	-293	9612	1460	9628	-3142
1640	-175	8724	1480	10412	-2848
2871	-12	8924	1272	10240	-2930
3455	63	8584	716	10284	-2565
4697	104	7308	968	10508	-1740
5247	-48	7280	1244	11116	-2511
5135	200	7416	652	7576	144
12896	-2974	6134	943	6736	236
13472	-2862	6961	615	7160	412
13884	-4261	6990	487	6980	-888
14620	-3469	8208	106	5812	60
14776	-2277	8875	-55	5012	-464
15488	-3409	8875	68	5120	-1028
16320	-2297	8991	-447	3784	-456
14960	-2174	9514	-437	3008	-668
15884	-3492	9207	-333	3408	-1360
16328	-3009	9777	-595	2344	-476
15532	-3663	10222	-379	1100	-2024
15796	-5859	10410	-225	1256	-2780
17396	-2896	11067	-827	448	-1484
15920	-3614	12103	-1038	-1836	-2976
16676	-4093	11576	-987	-980	-2764
17280	-2607	11237	-1630	-1564	-2152
16988	-2415	12039	-1722	-3412	-2140
17252	-2909	11902	-1132	-2340	-1904
17700	-3894	11291	-1792	-3200	-2440
18148	-3797	11859	-1582	-4536	-1944
17048	-3835	11808	-402	-4652	-2240
17036	-6369	10140	55	-4336	-4720
17732	-6033	10992	35	-5880	-3672
17436	-3284	12368	156	-7204	-3400
16040	-5826	10721	584	-6212	-5404
16536	-5597	10377	-218	-7352	-4396
16924	-1915	12426	113	-10160	-3072
14548	-4771	11062	1017	-8400	-4620
14984	-8460	7761	380	-7556	-6192
15160	-5912	10709	255	-10240	-4144
14072	-4054	12072	529	-11812	-4532
12544	-7859	9649	1275	-10336	-6472
13236	-8782	7692	853	-8576	-6108
13928	-5957	10138	271	-11288	-5968
12428	-4822	11860	803	-13072	-5876
11624	-5729	9408	1581	-11572	-6276
12104	-7387	7490	1212	-10424	-7436
12828	-4769	8541	675	-11736	-6852
12232	-2173	10347	614	-13432	-6456
11296	-2408	8471	410	-12720	-7064
11272	-2422	6268	-68	-12196	-7164
10820	-866	6676	-342	-12708	-7048
10944	72	6333	-773	-12836	-6148
10360	-38	5349	-919	-12964	-6588
9800	-796	3574	-749	-12012	-6288
10084	-299	2828	-805	-13096	-5708
8776	-538	2759	403	-13180	-5260
8576	-3324	-183	1355	-11248	-6592
8752	-4188	-64	979	-11804	-7048
9288	-1578	2088	1038	-13116	-6716
9276	-1131	1120	657	-12288	-8004
10048	189	-563	-373	-11316	-7824
10556	3985	440	-1324	-12132	-5776
9024	4920	1261	-1405	-12804	-4720
8888	2031	-230	-927	-12412	-6272
9652	1339	-1520	-953	-11864	-6024
10416	3096	-549	-957	-13280	-5572
10828	3466	-1515	-897	-13052	-5320
10716	2868	-3285	-867	-12788	-6056
11156	3231	-4462	-676	-12204	-5512
11352	3937	-4755	-721	-12776	-5236
11796	3777	-5049	-495	-12964	-5264
11772	3210	-6145	-106	-12792	-5464
11564	2842	-7003	180	-12624	-5616
12244	3114	-7664	336	-12528	-5468
12664	3493	-8105	269	-12648	-5296
12976	3114	-8773	162	-12192	-5416
13256	3438	-9574	126	-11872	-5248
13224	3771	-9808	452	-11616	-5128
13672	3879	-10636	631	-10556	-5304
14460	4225	-10864	578	-10420	-5104
14468	4691	-10362	749	-9872	-4968
14748	4914	-11136	814	-8964	-5016
15404	5316	-10798	868	-9684	-4388
15832	6424	-10752	1307	-8392	-4144
16196	5039	-11989	1257	-7936	-4228
16268	6131	-11150	1522	-8176	-3596
16684	5827	-11959	1754	-6592	-3492
17384	5107	-12547	1277	-6880	-3568
16528	5206	-11672	1595	-6160	-2856
17104	5029	-12790	1399	-4996	-2528
16292	4198	-12495	1576	-4484	-2608
17132	3831	-12659	1396	-3032	-2192
16748	4068	-12184	1065	-3276	-2152
15660	3981	-11179	1532	-2580	-1648
16392	3743	-12503	1432	-628	-2156
16648	3826	-11909	677	-1168	-1524
15724	5301	-10375	673	-488	-316
15884	3976	-11770	498	1292	-324
15392	3065	-11455	388	620	100
14432	2483	-10284	1305	2744	1296
14984	47	-11709	893	4252	-836
15256	-306	-9880	598	3684	-88
14848	2535	-7874	641	3704	844
15172	972	-9136	663	5192	-440
15312	1747	-8767	127	5184	780
15000	3807	-7331	-67	5676	1552
15080	2394	-7782	-441	5964	1420
14996	2687	-7640	-390	6940	2048
15788	2606	-7678	-277	6520	2140
14380	2657	-6876	-70	6676	3724
13528	1070	-8200	317	8232	1804
13184	-1209	-7871	773	9044	1432
13356	1494	-5834	223	8268	2684
12296	1589	-5341	773	9908	1920
12984	749	-5523	349	8868	1828
11812	3880	-3762	743	8764	3468
11796	1657	-4275	1188	10172	1848
11488	1262	-3977	930	9352	2880
10340	1747	-2974	1428	7892	3036
9888	-1110	-3827	2294	10084	1700
9076	-3775	-3675	1749	8620	636
9012	-866	-1039	1071	8796	3532
8544	-3281	-1848	641	10972	840
8100	-5070	-1446	35	11688	452
9736	-510	3097	-584	9252	2028
9288	211	4020	-755	10372	1536
10584	-1131	3324	-414	11332	1052
11232	2046	5127	-1073	8424	2152
11040	2411	5879	229	10028	2248
11472	-1551	5225	275	8176	2396
12440	45	6151	492	8452	3276
12284	-3840	5824	1104	8648	668
12292	-4838	6910	1424	7232	476
13816	-1838	8300	646	6508	1352
12620	-3730	8059	305	6432	-192
14164	-3702	8422	-52	5492	124
14552	-1778	9303	-471	5656	868
14588	-2946	9158	-1015	5024	-260
14836	-2865	10123	-1158	3356	764
14900	-1383	10119	-801	3928	920
16100	-4451	9426	-705	3840	-540
16044	-3737	10817	-778	1892	116
15932	-3046	11230	-894	1540	192
16224	-4897	10738	-724	1108	-1432
17176	-4858	10958	-500	588	-700
17212	-3724	11208	-785	-80	-1492
17412	-4687	11150	-1027	-1360	-1628
17668	-2977	11976	-1008	-2644	-412
17144	-3940	10659	-258	-300	-1936
18116	-6909	9814	-1352	-2868	-3420
17976	-2736	13276	-883	-4904	-532
16988	-4054	11326	-735	-3024	-3420
17276	-7490	9850	-1762	-3460	-3964
18156	-2070	12919	-1391	-5956	-992
16784	-3768	11628	-818	-4780	-3408
16568	-7601	9100	-1111	-6184	-4448
17092	-2997	12071	-553	-7820	-624
16592	-4785	10947	114	-7312	-3804
15332	-10401	8153	224	-7072	-5848
16744	-6515	10950	506	-8456	-3160
16808	-5083	11717	463	-9992	-4356
14892	-7623	9346	882	-8880	-5476
15220	-6669	8344	943	-8776	-5008
15652	-4434	9339	572	-10108	-5024
14444	-5344	9943	912	-11136	-5696
14492	-5424	8188	1114	-9080	-5120
14056	-5934	7338	665	-10112	-6520
13244	-5229	8787	839	-11736	-6548
12964	-4167	8428	893	-10800	-5568
13036	-4579	6472	229	-10664	-7032
12260	-4944	6853	18	-11532	-7276
12076	-2402	7346	-208	-12056	-6148
11728	-1843	6540	-300	-11644	-6004
10824	-3233	5043	-256	-11004	-7212
10812	-2708	4856	-613	-11280	-6704
10888	-234	5916	-1007	-12396	-6036
10272	-532	5366	-1052	-12332	-6260
10220	-1070	3577	-1138	-11740	-6560
10036	-640	3397	-1076	-12040	-6732
9896	146	3678	-1104	-12316	-6572
9560	382	3482	-1087	-12120	-6776
9436	605	3065	-1284	-12308	-6640
8916	1425	3178	-1351	-12620	-6020
8816	1444	2565	-1262	-12180	-6208
8500	1133	1741	-1139	-11728	-6460
8732	1519	2084	-1065	-12032	-6228
8520	1776	2437	-949	-12240	-5944
8528	1579	2103	-901	-12472	-5984
8984	1267	1570	-541	-12672	-5640
9056	936	912	-95	-12752	-5260
9748	303	-353	125	-12800	-5492
10212	-418	-1504	177	-12448	-5704
11020	-346	-2360	-147	-12512	-5420
11440	57	-2661	98	-13020	-5452
11536	-223	-4089	407	-12532	-5696
11400	47	-5359	339	-12736	-5724
11988	757	-5838	387	-12588	-5560
12240	988	-6849	369	-12420	-5900
12204	1134	-7464	452	-12176	-6020
12556	1704	-8100	564	-12240	-6288
12496	2359	-8388	851	-12124	-5956
12892	3244	-8904	1044	-11488	-5752
13516	3751	-9539	1254	-11340	-5972
13592	4425	-9430	1515	-11320	-5808
13348	4572	-9791	1878	-10640	-5456
14480	5305	-10390	2147	-10288	-5476
14920	5777	-10198	2284	-10028	-5192
14960	6122	-10327	2124	-10104	-5012
15600	6504	-10643	2223	-9624	-4260
15780	6288	-10785	2550	-9360	-4280
15776	5465	-11707	2820	-8452	-4292
16540	5754	-11961	2720	-7848	-3268
16368	5371	-11633	2965	-7852	-3828
16616	4548	-12432	2932	-6580	-3712
16864	5269	-12445	2415	-6392	-3184
16476	5431	-11846	2062	-5460	-3120
17104	5304	-12480	1570	-4048	-2928
17184	6191	-11511	828	-4468	-2032
16436	6680	-11094	948	-3468	-1820
16620	6191	-11422	592	-2928	-580
16184	6390	-11173	719	-2072	-420
15956	4669	-11567	813	-1540	-548
15732	4742	-11069	829	-1108	312
15932	4005	-11059	883	188	488
16188	2805	-11250	518	900	396
15844	3131	-10323	433	828	784
14388	2547	-10126	639	1964	1308
15924	2405	-10925	93	2976	928
14768	2598	-9402	-273	3328	2320
14660	3165	-9248	-318	4288	1968
15084	2718	-9101	-247	4604	2316
15452	3900	-7984	-404	4416	3016
14484	3808	-7828	-476	5240	2852
14252	3179	-8101	-318	5952	3724
14856	4005	-7632	-663	6408	4560
12548	2417	-8145	379	7524	4240
13704	1314	-8014	1455	7360	3652
12616	838	-6561	1493	7852	3784
12996	514	-6425	1377	7756	3152
12016	1102	-5950	1446	8104	3812
12812	1022	-5497	1741	8900	3236
11460	959	-5425	862	9536	3080
11200	930	-4457	636	8144	3652
10504	1562	-3619	1268	8624	3984
9688	-1047	-4370	1176	9924	2816
9048	-2301	-3799	386	9024	2556
8620	-1251	-953	833	9120	3900
8512	-2452	-1212	227	9824	2132
8188	-3882	162	-112	9708	2424
9204	-1101	2549	-781	8856	3264
8372	-2273	3023	-525	10184	2228
9556	-2712	3777	-1037	9464	2072
10020	-17	6351	-1582	8056	3252
10124	-709	6596	-1134	7336	3124
10868	-2366	6417	-334	7524	2864
11968	-3125	6593	-303	7560	3008
11652	-4111	7249	-533	6220	2268
12744	-5729	8082	128	6444	1560
12864	-5846	8280	-670	5976	1576
13260	-5665	9622	-1021	4936	684
14356	-4970	4880	1196	14012	-4139
9988	-1281	3788	792	15660	-4643
10246	-1166	3376	996	14948	-3908
10311	-910	2996	1144	2704	456
16600	-5179	11109	-409	2280	208
17372	-4658	11903	-31	1000	-464
17488	-3957	12933	-327	-156	-36
18080	-3501	12030	-1053	-728	-628
17628	-4139	11932	-597	-1648	-436
17808	-3169	11605	-469	-2500	-684
16616	-5153	11237	-321	-2972	-1564
17772	-5699	11151	-266	-4108	-1988
17012	-6170	11541	197	-4456	-1880
16660	-6805	11034	13	-4368	-3188
17368	-7709	11256	-304	-5704	-4144
17344	-5287	12268	-635	-6404	-2212
16364	-5654	11484	-1017	-5848	-4056
17308	-7663	10554	-1368	-6472	-4536
17468	-3902	12236	-1141	-8012	-2204
15816	-4287	11794	-626	-8024	-3672
15932	-8231	10012	-524	-7720	-5380
17560	-5509	10777	-51	-8356	-3876
16364	-5187	12123	-681	-10820	-5172
15072	-6357	11078	-458	-9948	-5092
16248	-5235	8858	-1245	-9428	-5144
15356	-5116	10506	-1397	-11736	-5504
15208	-4079	9946	-1058	-10704	-4576
15104	-4787	7325	-1295	-9692	-5980
13924	-5278	7797	-1394	-10840	-6284
14016	-3419	8842	-1440	-11064	-5100
13476	-3146	7807	-1286	-11008	-6084
12676	-4839	6482	-695	-10760	-6920
12332	-3636	6227	-804	-11332	-6736
12696	-2179	6289	-910	-11428	-5936
12152	-2540	5171	-1083	-11340	-6808
11560	-2980	4113	-1252	-10988	-6968
11392	-1540	4555	-1414	-12036	-6716
10900	-949	4568	-1253	-11836	-6292
9980	-1674	3177	-1316	-11316	-7260
9512	-503	3346	-1447	-11732	-6596
9136	163	3178	-1269	-11500	-6576
9128	-516	2370	-1032	-11532	-7240
8764	-28	2425	-743	-11948	-6920
8872	871	2518	-487	-11716	-6288
8936	650	2094	-320	-11872	-6660
8884	262	1816	-222	-12140	-6756
8988	671	1764	-66	-12256	-6352
9224	572	1237	-103	-12244	-6268
9184	165	674	-154	-12564	-6564
9460	170	109	-61	-12268	-6132
10048	18	-12060	-6592	10200	-198
-1439	-3	-12168	-6664	10856	880
-1803	-250	-12268	-6196	11228	1360
-2708	-422	-12540	-6316	11796	1746
-3726	-449	-12668	-5992	11828	2236
-4780	-294	-12120	-5792	12020	2025
-5998	-300	-12048	-5816	12704	2724
-6268	-22	-12060	-5360	12692	2759
-6851	331	-12028	-5704	12540	2673
-7788	723	-11576	-5740	12840	3401
-8281	1046	-11400	-5556	13276	3891
-8340	1468	-11552	-5412	13328	4191
-8779	2065	-10816	-5664	14072	4503
-9341	2250	-10372	-5464	14880	5888
-8988	2146	-10532	-5324	15048	6685
-8702	2501	-10480	-5216	15556	7839
-9353	2889	-10160	-4760	15836	8004
-9820	3617	-9764	-4568	15820	8516
-10297	3916	-8968	-4040	16856	8649
-10128	3811	-9640	-3224	16592	8845
-9879	4439	-9508	-2716	15936	6707
-11290	5219	-7864	-3188	17268	6553
-11954	4761	-7848	-1960	16200	6369
-10526	5133	-8160	-1896	15852	4200
-12617	5237	-5072	-2040	16824	3529
-12818	4337	-5096	-1800	16544	5021
-10836	4629	-6116	-804	16092	4077
-12273	4880	-3448	-1444	16892	2676
-13301	3776	-3260	-1100	16664	4930
-10849	3490	-3648	-208	16100	2693
-12281	3301	-1788	-764	16388	2533
-12585	2588	-1352	220	14704	1324
-11610	2401	-256	-308	15652	-135
-12364	1618	688	-284	15372	713
-10633	889	472	1136	14788	258
-10987	832	2160	-132	15432	-793
-10926	-44	2244	912	14976	1953
-9393	-88	3052	1992	14784	-376
-10140	-166	4596	436	15144	934
-8725	-967	4372	2304	14716	2888
-7497	-658	4932	2464	15516	1381
-8366	-253	5240	1376	14924	3202
-6987	-307	5448	3336	14856	3028
-6878	-570	6012	2280	14700	2672
-7102	-558	5676	3652	13912	4198
-6885	-157	6892	3760	13396	339
-8023	155	7692	2548	13264	1648
-6760	73	7604	3680	12536	1665
-5866	464	9104	3172	12848	660
-5754	239	8164	2780	12344	2819
-3965	561	8704	4020	11604	2110
-4292	404	8656	3260	12208	2711
-3741	773	8072	3860	10584	1645
-3618	1324	9476	3840	10908	-726
-3979	1026	9696	2432	9196	-511
-2192	1203	8672	3744	9884	-979
-1251	1869	10324	2592	9228	-2947
-1456	920	9372	2016	9500	-929
1133	1274	9056	3104	10132	-1634
801	548	10224	1768	9564	-1991
2184	149	9120	2172	10372	667
4098	-415	8660	3484	9756	-746
4215	-77	9124	2796	10048	-1347
4786	296	8524	2640	10596	-1646
6244	731	7904	2716	11000	-2182
6882	187	6992	2052	10832	-3188
7689	345	6892	1620	11704	-3149
8438	242	6688	1844	11824	-3599
8798	-28	5472	1000	13076	-3500
9561	159	5068	1428	13680	-3205
9748	96	5020	1192	14160	-4640
10123	-132	4288	44	15472	-3361
11169	-713	3064	1176	15172	-2805
11165	-703	2824	856	15972	-4606
10934	-755	2528	-304	17220	-3345
11679	-1429	828	668	16772	-2575
11770	-751	-20	548	16748	-4962
11213	-645	1264	-540	17624	-4808
10933	-2065	-848	-912	17876	-2871
12586	-1741	-2372	492	17116	-3505
11499	-1214	-1496	-828	17668	-6636
10489	-2234	-2076	-1956	18008	-3917
12065	-2305	-4096	-336	17912	-4439
11233	-1483	-3100	-1836	17948	-7060
10078	-2146	-3972	-2832	18256	-4138
11570	-2475	-5812	-1616	17332	-5205
11120	-2164	-5772	-2544	17800	-6558
9348	-2437	-4228	-3184	17200	-6499
10139	-2951	-6084	-3732	17108	-4949
11613	-2483	-7524	-2908	17300	-5000
10527	-2014	-6428	-3228	15948	-6924
9368	-2012	-7484	-4896	16396	-5329
10621	-1431	-8832	-3536	15792	-5127
10655	-563	-8292	-3836	15580	-7493
8076	-796	-7408	-6044	15204	-6497
9943	-1127	-10008	-5228	15192	-3297
11416	-1058	-10488	-3844	13996	-5155
9025	-725	-9724	-5852	14120	-6903
7868	-590	-9708	-5916	14676	-3767
9317	-638	-10868	-4576	13400	-3632
9618	-479	-11024	-5648	12932	-5011
8232	-612	-10436	-6376	13352	-3474
9054	-762	-11636	-5956	13636	-1616
9010	-671	-12296	-5180	11708	-2393
7768	-311	-12136	-6000	12112	-3382
5493	-584	-10896	-6832	12052	-2294
6024	-1492	-12004	-6492	12276	519
-12800	-5480	11656	111	5938	-2472
-12748	-6260	10924	-530	3945	-2252
-11708	-6212	10648	279	3338	-2174
-12172	-5664	9772	540	3544	-1937
-12412	-5652	9664	-128	2530	-1728
-11596	-6176	9688	-812	1897	-1762
-11496	-6296	9388	376	2798	-1510
-12424	-5824	9132	39	2508	-1027
-12176	-6068	9200	-1042	1058	-842
-11408	-6048	9624	-302	1036	-655
-12024	-5472	9732	-387	731	8
-12096	-5852	10132	-1112	-378	190
-11600	-5900	10904	-476	-389	289
-12248	-5652	11180	357	-1017	480
-12668	-5800	11592	205	-2526	916
-12408	-5704	11928	855	-3639	1143
-12580	-5608	12824	1268	-4216	1251
-12364	-5388	12732	1674	-5240	1026
-12308	-5392	12668	1857	-6045	1072
-12300	-5524	12724	2492	-6820	1336
-12152	-4996	12812	2726	-7400	1817
-12300	-5120	12288	2159	-8300	2190
-11608	-5320	12720	1988	-8959	2442
-11344	-5876	13016	2600	-8653	2736
-11504	-5340	12904	3169	-8857	3170
-11464	-5860	13324	3237	-9706	3204
-10788	-6040	13860	4407	-9641	3038
-10936	-5640	14472	5436	-9430	2924
-10208	-5372	14900	5794	-10200	2365
-9344	-5520	15908	7344	-9576	1728
-10236	-4360	16036	8976	-8821	2181
-10284	-3640	15652	7612	-10995	2596
-8648	-3532	15648	7128	-11160	2764
-8696	-2076	16024	6490	-10695	3199
-7776	-1740	16232	4174	-12464	3154
-6576	-2464	16584	3455	-11471	3135
-6708	-1484	16484	3932	-11241	3510
-6204	-2256	16672	2303	-12345	3468
-5524	-2508	16816	3521	-11723	3113
-5012	-1348	16164	2462	-12297	2858
-3848	-1196	15104	2177	-11440	2897
-2044	-268	16256	-252	-12845	1946
-568	-1772	15956	-152	-11512	1498
-876	-1012	16120	1472	-10126	1588
-564	-300	16112	98	-11092	1466
1672	-1364	17152	846	-11150	229
2052	-708	17124	4198	-9237	-88
836	152	15776	3230	-9255	404
2152	792	16280	3041	-10583	261
3440	552	15776	2492	-9211	-26
2728	1496	15552	3126	-8554	-236
3332	1496	15412	1540	-9028	-460
4828	2428	14596	936	-9258	-171
5068	1300	15000	646	-8551	564
6432	2020	15704	1598	-7966	-67
5476	1828	14132	1611	-7206	310
6384	2212	14176	798	-7638	609
7328	1480	13244	1051	-7012	543
7252	2640	12948	895	-6516	1378
7752	1540	12752	-635	-6719	976
8412	976	13036	502	-5395	615
7788	1908	13072	1408	-5279	58
8540	2444	12332	-562	-5679	495
9240	700	13036	556	-4464	-282
8584	2600	11648	2326	-4127	-777
8996	2572	10380	-529	-5226	-196
9888	1560	11116	-80	-3476	-209
10020	2532	9024	-340	-2690	-856
9064	2012	8512	-1710	-1925	301
10464	2168	9148	-3202	-1968	211
10932	852	8364	-2702	264	-94
9820	692	9304	-959	2742	-680
9500	1988	9124	-1079	3142	-1018
9192	1324	9516	-1527	3825	-663
9328	2048	10284	-448	4874	-690
8324	2252	10448	-1422	5382	-392
8408	1872	10496	-2168	8428	1108
11460	-2746	7257	-576	8036	1584
11340	-1978	8029	-966	6208	904
11492	-3220	8734	204	6156	652
12800	-3667	8452	-344	6784	640
12116	-4705	9220	-606	5036	-1072
13816	-3845	10617	-620	4352	92
13420	-3176	11330	-1124	4564	-156
14120	-4947	10726	-1423	2920	-1956
15344	-3165	12640	-1211	2576	452
15936	-2008	12042	-1833	2624	-352
15352	-5762	12026	-1636	628	-1460
16936	-3597	13700	-1239	-188	348
17156	-4547	12570	-914	588	-1324
17692	-7692	12805	-916	-1460	-2700
18356	-4275	14071	-1383	-2112	-588
17868	-4502	13157	-906	-2112	-2300
18560	-6653	12611	-611	-3704	-2936
19076	-4013	13109	-571	-4592	-1680
17252	-5471	12176	-702	-4300	-3612
18896	-6661	11100	-1080	-4868	-3692
18168	-3682	13112	-1229	-6908	-2308
16420	-5124	12117	-887	-5528	-3760
17776	-7899	9521	-1282	-5936	-5484
-8992	-2932	16600	-3799	12602	-391
-8676	-4060	16156	-8090	8532	-274
-6696	-6068	16372	-6454	10087	-544
-9000	-4852	16360	-3549	12336	-650
-10192	-4108	14964	-5886	9807	-651
-8876	-5612	14748	-6645	8568	-490
-9308	-6192	14036	-4755	10801	-227
-9988	-4848	15112	-3791	9768	-431
-10020	-5972	13628	-5554	9332	-295
-10716	-6992	13268	-3841	9731	83
-11180	-6028	13484	-2459	9205	-147
-11444	-5352	12920	-3438	7858	-257
-11152	-6312	12424	-4168	6704	-683
-10900	-6616	12744	-2565	7094	-984
-11868	-5792	12804	-1805	6859	-664
-12500	-5524	11904	-3199	5073	-197
-11976	-6252	10884	-4001	3630	273
-11432	-6368	10908	-3547	3806	626
-11976	-6368	10744	-3163	4253	693
-11996	-6316	10240	-3422	3728	511
-11656	-7240	10004	-3082	3633	-35
-11768	-7500	9880	-614	4087	-606
-12236	-6840	9852	1039	4002	-962
-12044	-6784	9064	1290	3123	-1387
-11744	-6820	8736	2167	2795	-1716
-11968	-6576	9116	2959	2901	-1803
-12396	-6120	9720	3103	2085	-1546
-12552	-5904	9668	2140	715	-1010
-12276	-6068	10048	1467	-412	-678
-11956	-5884	9600	884	-579	-682
-12652	-5740	9756	363	-1242	-391
-12728	-5728	10168	-693	-2404	-127
-12396	-6116	10096	-1085	-3429	230
-12304	-6152	10476	-1145	-3858	288
-12608	-6192	10880	-855	-4366	202
-12584	-5900	11160	-1111	-5363	191
-12584	-6468	11252	-1176	-6378	39
-11932	-6108	12024	-533	-6642	-47
-12264	-6368	12184	16	-7094	-49
-12168	-5628	13028	957	-8617	253
-12880	-5632	12788	792	-10160	1215
-12424	-5712	11732	24	-11590	2218
-10548	-5600	13552	-171	-12243	2269
-9848	-5524	13364	514	-10858	2394
-10344	-5628	13264	-160	-11448	2737
-8892	-6284	14552	474	-11875	2831
-9120	-6872	15340	2735	-10655	3221
-9064	-6596	15352	3865	-11287	3093
-8176	-6916	16556	5228	-11313	2295
-8632	-6816	16444	7610	-10116	2337
-8068	-5960	16952	8005	-11141	2291
-7760	-5792	16492	8741	-10923	2451
-7200	-4756	16984	8230	-11375	2432
-6420	-4228	-5916	-3828	17600	6694
-11114	2467	-5776	-3292	17376	6263
-11416	2773	-5260	-3260	17760	5082
-12055	3164	-4132	-3328	17084	5207
-11922	2851	-4464	-2968	16912	4990
-11400	3009	-3864	-2316	17396	4063
-11495	3583	-1832	-2588	16748	3420
-11315	2601	-1656	-2060	15356	3371
-10721	1742	-2112	-1996	16768	3899
-11592	1655	-216	-1160	15112	3109
-11291	1093	644	-652	14764	1629
-11824	820	1888	-1776	15992	2277
-11081	129	1632	-20	14472	2572
-9916	713	2828	-432	15316	335
-11220	-3	3648	-1560	14976	2388
-8882	-875	3236	680	14088	2090
-9276	-1012	4136	-752	14980	1732
-9173	-1947	4088	1376	13224	2247
-8698	-1427	5816	912	14648	-474
-9455	-2007	6376	356	13916	1799
-7213	-2499	6440	2112	13072	86
-7346	-2125	7188	772	14708	55
-7193	-2056	7428	2136	13280	1057
-6495	-2177	8532	1236	13976	-25
-6486	-2496	8268	2048	13168	2642
-5100	-2405	9040	2788	12884	583
-5243	-2006	8932	1544	12868	3035
-3399	-2138	7980	4120	12868	3255
-3660	-972	8648	2492	12404	989
-3698	-405	9108	3580	12800	2742
-2717	-921	9224	3920	11220	851
-3268	-734	9348	2520	11100	513
-2325	-228	7864	4164	10428	759
-2701	922	9716	3140	9696	-3922
-3590	1106	10348	1556	9184	-1757
-895	770	8804	3204	8980	-1501
691	782	9244	1976	8804	-4134
635	685	9280	1056	9736	-2240
2350	-47	9292	1764	9352	-2195
3717	-188	9140	816	10140	-1971
5153	-548	7864	1816	9636	-857
6206	-941	7784	1920	10104	-2942
6103	-743	7240	1028	10528	-2909
7806	-406	6924	1324	11144	-4236
7857	-713	7032	52	12064	-4728
9237	-1058	6020	264	12840	-3036
10281	-1612	4396	464	14028	-3602
10293	-1150	5052	488	14192	-3984
10097	-1938	4684	-36	15252	-3969
11106	-2341	2472	-352	16476	-2758
11247	-1972	2832	1076	15892	-3579
10875	-2803	2560	-280	16828	-5499
10870	-3011	1720	-596	17232	-3571
11398	-3020	452	-400	16984	-4524
12065	-3028	500	-108	18052	-4545
11380	-3407	-68	-784	17924	-5551
11724	-2801	-504	-1276	18156	-4709
11962	-2619	-1236	-1792	18576	-4343
11952	-3096	-2684	-1848	18204	-3817
11890	-3001	-2200	-1492	18736	-4379
10678	-3092	-3000	-2152	17460	-4556
11268	-2527	-4840	-1020	18064	-4853
10657	-2026	-3456	-1696	17472	-8284
9143	-2566	-4756	-3608	18204	-6747
10738	-1495	-5692	-2028	17536	-6554
9886	-999	-5112	-3032	16232	-9758
8541	-685	-6200	-5788	18208	-7186
9529	-444	-7372	-3640	16744	-5073
10593	-183	-8184	-4028	15776	-8405
7810	-153	-6680	-6232	17196	-7384
7692	-509	-7564	-5320	15808	-4275
10606	-557	-9080	-4476	15244	-5660
8535	-229	-7960	-6664	14664	-6457
7655	14	-8028	-6776	14844	-3309
9923	65	-9752	-5740	14248	-2878
9539	110	-9696	-6428	13632	-4209
7800	264	-9468	-6832	13332	-3005
8214	479	-10172	-5864	12864	-2844
8112	344	-10268	-5964	12660	-4063
6992	287	-10208	-6508	11952	-4373
7096	391	-10916	-7096	11692	-4355
7408	463	-11044	-6804	12476	-3515
6801	91	-11184	-6588	12004	-3084
6451	289	-11700	-6952	10912	-3193
5707	446	-11480	-7372	11092	-2177
5298	130	-11564	-6864	11124	-791
5671	-253	-11836	-6560	11188	-343
5143	-831	-12148	-6656	10780	70
4789	-1017	-12556	-6632	10328	302
3808	-638	-11776	-6208	10048	-168
2596	-595	-11452	-6632	10096	-203
2836	-505	-11808	-6620	9888	18
2508	-590	-11552	-6556	9604	-361
1883	-996	-11576	-7084	9960	634
1926	-1267	-12056	-6520	10572	1769
1308	-1143	-12028	-6300	11204	2687
-275	-1048	-11692	-5508	10232	2935
-447	-681	-12328	-5056	10740	1259
-1147	-363	-12236	-5264	11592	218
-2624	-330	-12500	-5232	11428	-314
-3256	435	-12544	-5444	11788	-1275
-5014	805	-11584	-5840	12600	-1047
-5726	888	-11848	-6224	12940	187
-5953	593	-11968	-5696	12492	884
-6622	692	-12076	-6148	12624	1248
-7692	743	-11668	-6084	13048	2016
-8074	991	-11556	-6112	13168	2285
-8844	1237	-10932	-6008	13452	2351
-9299	1322	-10836	-6072	13372	2874
-9175	1529	-10756	-5976	13548	2927
-9844	1810	-9800	-5908	14580	3049
-10530	2127	-9644	-6304	15196	4187
-10495	2373	-9252	-5776	15624	5366
-10569	2336	-9964	-5784	16052	6582
-10529	2803	-9228	-4764	15720	6800
-11162	3146	-8832	-4960	15932	6678
-11388	3256	-8160	-4664	15816	7255
-10819	3281	-8068	-4188	16228	7058
-10763	3481	-7552	-3892	16080	6375
-11149	3619	-6612	-3500	16592	6141
-11120	3654	-6532	-3100	16316	5766
-10646	4026	-6016	-2556	15852	4443
-11039	4076	-5512	-2208	15924	3185
-11830	4245	-3896	-2184	16460	2526
-11783	3370	-3996	-1816	14820	2216
-10434	3920	-2736	-1212	15440	108
-12005	3567	-1860	-3064	15856	499
-10573	3338	-968	-2288	16212	1836
-9890	2257	-984	-2440	16664	3077
-9347	1478	-272	-2048	15948	3074
-8866	942	88	-744	16100	3837
-9558	410	1524	-172	16052	1979
-9618	152	2120	-1036	16448	2662
-8397	-96	1748	1436	15660	3125
-8128	-38	2552	360	15868	-781
-9869	142	4296	-104	16428	1529
-8717	-382	3908	912	15772	1760
-7894	-740	4260	704	14796	711
-8411	-335	5344	488	16268	1917
-8618	-681	5048	1508	13752	1477
-8588	-524	4156	1028	14328	575
-8729	237	5412	1904	13408	-1044
-8868	-127	7212	1180	13656	-2684
-8742	-445	8660	-12	13548	-1385
-6224	-516	7528	1036	12940	308
-4398	-856	8540	984	13940	-452
-4891	-1282	8668	176	13784	2796
-3539	-1729	7728	2212	14248	3856
-3215	-1351	8284	2440	13988	2094
-4446	-1629	9096	2676	12956	2247
-3844	-738	8864	3340	12476	917
-3876	-396	8948	2608	10916	-1090
-4035	201	8364	1872	9816	-1449
-3518	905	8488	2436	8856	-2890
-3138	998	8932	1460	8500	-4179
-2072	961	9468	996	8984	-4060
-28	533	9416	792	9244	-3027
1978	-16	9668	648	10088	-2722
3432	-241	9368	208	11120	-618
4937	-719	8456	852	11380	474
5812	-887	8440	1216	11848	227
5943	-1118	8068	664	11872	248
7009	-1285	7100	816	12392	658
8026	-1233	6580	1356	12192	-605
7801	-1491	6108	840	12264	-2206
8099	-1475	5388	532	12772	-2267
8636	-1351	5440	1204	13092	-3910
8573	-1131	5504	24	13692	-5536
9428	-853	4428	-596	14744	-4034
10554	-786	3432	404	14988	-4177
10693	-782	2940	-564	16080	-5673
10477	-738	2776	-1168	17024	-4153
11264	-1124	1604	-572	16796	-3562
11340	-1140	812	-716	16684	-5415
11321	-703	744	-1560	18312	-4704
11185	-1397	-84	-1484	17384	-4566
11706	-1490	-1068	-1344	16728	-4521
11659	-1196	-1560	-1412	17484	-5304
11420	-1203	-2272	-2056	16616	-6087
11542	-880	-2292	-2440	17608	-6294
11664	-390	-3024	-2968	16836	-7005
12274	197	-4812	-4368	16440	-6495
12229	178	-4508	-3752	17408	-6152
12011	-291	-5004	-4704	17760	-6305
12579	-449	-6468	-5060	17040	-4848
12750	-701	-6748	-4260	17248	-4408
11967	-1049	-7212	-4636	16676	-4810
12185	-849	-8044	-4464	16928	-4077
11476	-506	-7668	-4264	16052	-5566
11025	-476	-9180	-5236	15868	-5283
11610	-36	-9544	-4560	15796	-5331
10499	753	-8788	-5064	15672	-6536
9788	737	-9540	-6032	15148	-4928
10840	543	-10984	-5252	15232	-3559
10722	859	-11104	-4948	14656	-4826
8221	1060	-10676	-5968	13592	-6209
7906	1069	-11564	-6760	13504	-4866
8355	321	-11160	-5668	14372	-3546
6848	-379	-10964	-6144	12976	-4016
6671	-820	-11496	-6828	11964	-2711
6306	-1120	-11540	-6744	12380	-1020
5539	-1367	-11196	-6432	11716	-427
4780	-1635	-11316	-6524	10844	-79
3969	-1588	-11076	-6892	10428	610
3758	-1748	-11332	-6696	10332	1799
4103	-1736	-11692	-6192	10104	1830
3826	-1597	-11972	-6356	9692	1198
3451	-1446	-11736	-6676	9244	1056
3133	-1341	-11600	-6580	9020	1480
3310	-1358	-11672	-5976	9300	1615
3219	-1249	-12072	-6216	9024	485
2666	-959	-12056	-6320	9192	614
2000	-664	-11976	-6008	9540	426
1912	-347	-12304	-5940	10080	-43
1173	-181	-12240	-5996	10156	-387
282	-77	-12444	-5920	10416	-309
-376	-83	-12608	-5292	10772	-162
-1444	188	-12356	-5296	11120	-1106
-2635	502	-12208	-5816	11352	-1080
-3639	729	-11704	-5488	11668	-464
-3752	731	-12544	-5548	11788	-155
-4422	947	-12252	-5528	11928	223
-5494	920	-12056	-5776	12072	817
-6008	1002	-12204	-5648	12228	1717
-6450	1310	-12032	-5056	12372	2035
-7204	1591	-12000	-5516	12332	2221
-7890	1808	-11496	-5364	13340	3243
-8294	2033	-11440	-5056	13728	3861
-8258	2400	-11800	-5196	13428	3968
-8919	2719	-11536	-4988	14264	4542
-9917	2643	-10664	-4372	14548	5085
-10096	2695	-10868	-4400	15172	5555
-10116	3081	-10752	-4172	15028	5878
-10751	3725	-10088	-3648	14996	5118
-11352	4448	-9416	-3996	16312	4772
-12134	4263	-8368	-3616	17164	6016
-11483	3852	-9220	-3196	16664	6467
-10755	4534	-9028	-2732	16596	5048
-12413	4820	-7536	-2788	17012	3976
-12835	4692	-6768	-2952	16404	3864
-12401	4565	-6144	-2984	16672	4046
-12426	3904	-5584	-2220	16624	4284
-11971	3517	-4764	-1996	16460	3235
-12490	3118	-2492	-2272	17552	3930
-12284	1792	-3588	-2004	16104	5774
-9772	2216	-4096	-576	15996	4923
-11711	2586	-1364	-244	16688	2850
-12318	1786	-1848	-940	15824	3644
-10892	2145	-408	892	15484	2177
-11726	1969	532	-24	15060	296
-11505	2276	1204	-364	15672	640
-10956	1799	2364	-60	15920	387
-10669	745	1448	60	14612	1211
-9749	661	3252	1164	15596	-498
-11149	315	4304	-280	16016	168
-10001	266	4376	796	14800	2126
-9216	-385	4048	1816	14852	389
-10487	40	6204	892	14480	-1182
-10368	-500	6316	888	13816	-56
-8771	-563	6104	1664	14420	-405
-8642	-818	6600	1428	12420	-2374
-8611	2	8532	1384	13572	-2265
-8130	-738	7536	1236	12392	-1463
-7211	-336	9096	1444	13568	-1809
-7204	-685	9100	968	12756	-626
-6014	-911	9172	2336	12040	-432
-5959	-717	10376	1172	12136	-1237
-5541	-608	9720	1208	11684	1130
-4203	-629	9488	1872	10632	-244
-3880	-232	9568	1924	10208	-302
-3566	-54	9756	1560	9572	-1759
-2864	-104	9556	1252	9184	-992
-1563	43	10068	1964	9032	-1792
-894	-262	10372	1196	8600	-1554
536	-472	9584	1532	9168	-944
2147	-281	9544	1792	9004	-1335
2724	-54	9852	1084	9648	-1029
4004	-25	9644	996	9820	-223
5561	-220	8564	1092	9776	118
6652	-1	8352	1436	9820	-1029
6998	334	8680	516	10608	-1678
8121	241	7404	-208	11780	-263
9625	-184	6484	688	11932	-762
9653	-619	6204	240	5992	108
13916	-1314	10733	-834	5904	980
13304	-2628	11365	-490	4020	-220
14816	-3277	12028	-141	3812	196
15064	-2867	11692	-1025	3548	-448
15340	-3973	12423	-711	2452	-788
15964	-3263	12851	-1012	1692	-504
16308	-3899	12839	-1004	436	-1500
16516	-3696	13460	-260	-920	-788
17324	-3380	13114	379	-1444	-952
17068	-5716	12429	79	-1160	-996
18392	-5211	12484	-1050	-2612	-1496
17752	-6556	12468	-447	-3332	-2832
18556	-6293	12423	-103	-3772	-2272
18528	-5169	12060	-247	-4512	-2632
17328	-6563	11216	-381	-4072	-4012
18068	-6080	11725	-430	-5472	-3544
18408	-4351	12424	128	-6888	-3008
16644	-6193	11265	386	-6312	-4676
16380	-7850	10307	101	-6628	-5404
17476	-5491	11609	391	-7676	-4228
16684	-5542	11535	609	-8400	-5484
15480	-7496	10380	713	-8144	-6432
15732	-5761	10092	498	-8588	-5420
-9724	-5268	14928	-5270	10475	565
-10296	-6276	14516	-5557	9226	268
-9588	-6332	14732	-4443	9484	-184
-10088	-5772	14488	-3214	9421	-51
-10664	-6048	13580	-3689	9127	-78
-11008	-6524	13352	-2633	8434	-345
-11120	-5748	13672	-1463	7970	-451
-11392	-5404	12692	-1865	7151	-504
-11212	-5828	12092	-2052	6532	-942
-11184	-6712	11488	-887	7149	-1389
-11452	-6356	11428	237	7885	-1797
-12172	-6260	11892	1626	7219	-2286
-12484	-6144	10620	1818	6443	-2540
-12848	-6172	9948	2457	4892	-2465
-12172	-5500	9464	2666	4360	-2506
-12052	-5204	9636	2507	4257	-2159
-12236	-5148	9480	1617	3810	-2005
-12052	-5424	8948	837	3261	-1740
-11996	-5672	8840	838	3401	-1412
-12216	-5780	8988	1120	3361	-1133
-12652	-5884	8968	921	2840	-783
-12820	-5992	8988	963	1974	-623
-12952	-5776	9212	877	1091	-668
-12760	-5244	9200	751	240	-463
-12852	-5008	9500	-246	-824	-247
-12540	-5208	9624	-1122	-1449	-24
-12388	-5364	10140	-1274	-1679	194
-12448	-5276	10356	-1522	-2306	272
-12384	-5296	10620	-1538	-3014	371
-12588	-5676	10996	-1058	-3835	580
-12732	-5592	11396	-658	-4762	770
-12760	-5604	11596	-98	-5663	652
-12472	-5400	11572	126	-6288	738
-12284	-5548	10984	229	-6721	1179
-11424	-5604	11912	1119	-7237	1086
-10820	-5696	12080	2300	-6255	1467
-11932	-5624	11528	3002	-5846	2219
-12212	-5724	12132	3019	-7299	2478
-11572	-5604	12596	3398	-7537	2832
-11804	-5180	13064	3871	-7900	3036
-11496	-5164	14072	3220	-8672	2823
-10920	-4892	14520	4034	-8914	2567
-11088	-4612	14400	3768	-9119	2597
-10968	-5116	15548	4291	-10207	2420
-10296	-4176	14900	4827	-9981	2514
-10740	-4624	15152	4100	-10578	2486
-8680	-4696	15492	4869	-10510	1749
-9428	-5292	16568	7409	-8057	1721
-9732	-3320	15252	8731	-9448	1391
-7956	-3308	14904	6377	-10634	759
-7668	-2704	15428	8168	-9805	1205
-6688	-908	14420	5338	-10202	1880
-5624	-1888	16696	4150	-11589	1637
-4736	-1660	15964	4877	-9013	1903
-6252	-1000	15652	3929	-9561	2443
-4384	-1164	17812	3230	-11215	1687
-4568	-1424	14552	3455	-8954	2324
-3596	-480	15124	1187	-10305	2203
-2148	-1792	15860	1624	-9085	1212
-1500	132	14588	1449	-8565	1242
-1260	-1332	16320	82	-9076	417
-1704	-124	14472	1448	-7999	1059
-600	304	17308	-1289	-10520	466
1076	-592	17192	418	-9925	-992
572	88	17940	1744	-9767	-1181
1376	264	19328	3357	-9834	-2114
536	2576	14640	2952	-9680	-745
3216	1676	17584	-491	-12202	-1278
3188	268	15296	2320	-9237	-1515
3576	2772	15336	1405	-9686	-889
4160	1656	15896	-546	-9702	-649
5208	2308	14684	213	-9631	-337
6444	1556	16416	-218	-9392	-641
5384	1564	14928	2380	-7878	-75
6692	3032	14664	886	-8462	-7
7360	1700	14796	1669	-7625	279
7308	2472	12488	2186	-6067	568
8916	1700	16132	2117	-5635	-412
5680	2168	10496	4130	-4787	728
7968	3560	13548	-721	-6863	937
8276	1116	11748	898	-4776	272
7968	3244	11940	581	-4271	470
9096	2500	11280	-1128	-4500	-291
8436	2920	10280	-294	-4038	735
9292	1724	10676	-1858	-3520	1039
8828	1572	9256	171	-1133	558
7424	2556	8724	-1455	-1399	800
10440	1500	8424	-3252	-1240	494
9784	760	8388	-607	2039	-150
8228	2364	7408	-1533	3045	265
8980	864	8852	-3160	4015	136
8640	1568	9224	-2071	6278	49
7464	1252	10492	-3473	6214	607
7880	744	10368	-3688	7607	732
7216	832	12032	-3315	8148	-92
6980	168	11988	-3146	8858	-302
6148	388	13116	-2670	9677	-295
6212	392	14332	-2722	10142	-1082
5856	176	14272	-2636	10972	-1013
4224	-188	15440	-1831	11022	-707
3776	396	15480	-2698	10988	-652
3164	-296	15680	-3380	11199	-954
2788	-124	15836	-4235	11521	-1274
1592	-692	16128	-4342	11644	-905
736	-860	16616	-4835	11950	-859
24	-508	16952	-4831	11852	-950
748	-792	16476	-6558	11412	-1218
-1012	-2480	17996	-4970	12698	-380
-1904	-952	17512	-4140	12384	-336
-1688	-1432	17604	-6545	11362	-365
-2992	-3656	18308	-5089	12180	-362
-4036	-2052	18012	-3624	12315	-263
-4616	-2452	17336	-6281	11210	-101
-3848	-3800	17996	-5398	11258	-491
-5128	-3448	18120	-4170	12582	-752
-6980	-3712	17100	-4070	12255	-379
-6172	-2928	18064	-4959	10372	-125
-6148	-4092	17156	-5426	10954	-106
-8544	-4096	17184	-4287	11444	536
-8452	-3108	16432	-5986	9104	636
-9720	-4612	15292	-5860	9111	686
-9124	-5112	14492	-7679	7563	819
-8968	-6348	13944	-6700	8296	905
-10088	-5984	14316	-4427	8942	1394
-10752	-5012	12972	-5531	7416	1517
-10096	-6616	12312	-7248	6550	798
-9884	-7292	13440	-3632	8035	191
-11132	-5412	12260	-2288	8936	693
-12048	-5856	11648	-4209	7067	600
-11208	-7296	11544	-3271	6255	-209
-11276	-6748	11660	-425	7714	-712
-12160	-5412	11720	268	7149	-1026
-12352	-5664	10784	-1304	5605	-1316
-12040	-6456	10432	-862	5161	-1321
-11836	-6068	10172	-69	5670	-1387
-12228	-5940	10344	150	5133	-1402
-11856	-5848	9952	-41	4473	-1516
-12320	-6216	9380	28	4294	-1528
-12436	-6148	9396	317	3602	-1590
-12716	-6172	9232	199	2922	-1559
-12872	-6092	8832	199	2370	-1251
-12476	-6256	8848	-436	1630	-988
-12044	-6424	8692	-561	1364	-841
-12136	-6680	8692	-37	1623	-678
-12276	-6592	9212	-13	1141	-440
-12288	-6396	9956	-402	260	-191
-12096	-6364	9468	-1064	-464	-65
-12100	-6444	9116	-1403	-955	-10
-12388	-6452	9912	-1338	-1501	-40
-12628	-6508	10436	-1396	-2319	158
-12840	-6388	10904	-1601	-3501	409
-12376	-6620	11100	-1865	-4593	309
-12124	-6896	11836	-563	-5257	-5
-12608	-6648	12356	639	-5649	-152
-12348	-6112	11976	795	-6899	-321
-12388	-6792	12212	1195	-7729	-313
-12124	-6492	12660	2235	-8611	-390
-11764	-5980	12920	2065	-9266	-486
-11940	-5904	12716	988	-9874	92
-11820	-6544	13024	203	-11080	673
-10692	-6808	14024	1940	-11673	1151
-11188	-6156	14052	2912	-11458	1854
-10476	-5932	14528	2211	-13336	2069
-8828	-7192	15524	2838	-12638	1978
-9860	-6864	15364	5075	-10938	2259
-10048	-6760	16428	4717	-13058	2195
-8820	-7644	16312	5698	-12724	2090
-9216	-6564	15596	6801	-12539	2061
-8176	-6348	16252	5778	-13673	1649
-7692	-5544	16528	5879	-13502	1821
-7496	-4536	15028	2473	-14491	2406
-5604	-6188	17104	1917	-16163	1436
-4556	-5080	15608	3599	-13179	1379
-5448	-4056	15552	1441	-14469	1155
-2900	-4992	16280	573	-15283	355
-1776	-4768	15432	1956	-13181	90
-2280	-4096	15412	2270	-12822	-119
-764	-4308	15800	1943	-13226	-544
120	-4236	4153	-21750	24529	13565
-31743	17649	-15045	-31735	-22317	17659
-2042	18673	7227	-504	5331	-12038
12296	-26384	27964	1038	2728	-2372
14952	4894	-9197	-3210	2972	-1700
15204	3511	-9542	-2825	3988	-2444
15284	4192	-8830	-2862	4712	-500
15548	4932	-8729	-3101	4220	-532
14868	2988	-9276	-2333	6144	520
15428	2839	-10762	-1951	5152	972
11948	518	-10270	9	8320	-316
15656	-1485	-10832	-701	8400	-532
13120	-144	-7628	-728	7320	-112
13932	-642	-7903	-474	8736	-580
13032	-1350	-7791	-453	8796	-864
13648	117	-7373	-546	9264	-648
12744	139	-6538	-735	9232	200
11456	291	-6825	-541	10208	-180
11732	-423	-5962	-208	8980	192
10664	218	-5219	780	11116	180
10232	-1847	-5497	702	10592	-784
7768	-405	-4002	28	8280	-204
9472	-104	-2693	410	11224	844
9024	-3094	-3080	-668	11020	-2100
9356	-2141	-768	-1264	10660	-152
8876	1762	10392	860	9132	-690
1416	-1311	11584	-220	9656	-233
2529	-1257	10468	-12	9364	1174
4062	-1060	9816	316	10412	547
4574	7	10272	396	10164	-132
4721	145	10248	-204	10496	-346
6166	469	9476	-328	10868	800
7505	-62	8512	-4	11324	-297
7894	70	8248	-1140	11588	-187
8254	-514	7760	-468	12292	542
9295	-1078	7148	-324	11564	-514
9531	-1130	6800	-216	12348	-1524
9946	-839	5892	-748	12668	-2084
10912	-568	5572	-828	13596	-2552
11778	-660	5252	-1260	13480	-2778
12735	-983	3592	-1368	14548	-1803
13571	-778	2712	-1048	15524	-2581
13870	-321	1940	-1788	16188	-2886
14045	-600	664	-2036	17024	-1527
14606	-925	-500	-812	16932	-1539
14066	-1086	-1196	-904	17120	-3924
13303	-846	-572	-1708	18772	-3931
13159	-1992	-1952	-784	17728	-3267
13895	-2020	-3600	-1336	17000	-5758
12599	-760	-1800	-2484	19064	-6534
11936	-1307	-3104	-2680	17704	-5492
13749	-837	-5984	-2956	17796	-6581
11802	752	-3280	-3212	19280	-6934
10230	158	-5256	-4204	16948	-6123
11305	958	-6020	-3336	16532	-7084
9731	1942	-3288	-4912	18680	-8663
9501	1285	-5340	-6272	17972	-4097
13204	643	-8980	-4548	15492	-2564
13384	1165	-8520	-4756	16808	-5609
10105	-366	-7024	-6652	17028	-4210
10879	-1400	-9132	-5412	16056	-932
12427	-1217	-10404	-3620	14772	-3502
9703	-585	-8924	-5520	15056	-6617
8403	-940	-9052	-6328	15624	-3752
9856	-805	-10212	-4564	14408	-3828
9219	-38	-9380	-7496	14156	-5228
7333	-701	-10520	-6556	14336	-995
8445	-952	-11516	-5360	12324	-2509
7105	-888	-11176	-6556	12156	-3813
4723	-875	-10196	-7744	11992	-2002
5661	-1215	-10820	-6456	12220	1087
6545	-1657	-11684	-5668	10932	-192
5568	-2019	-11820	-6796	10592	-460
4216	-2215	-11096	-6468	10616	1114
4755	-2257	-12096	-5832	10268	1165
4868	-1844	-12356	-5668	10124	-135
3500	-1571	-11684	-5968	9832	-835
2828	-1256	-11916	-5832	9476	-986
2982	-713	-12092	-5824	9236	-1940
2385	-368	-11556	-6312	9780	-2575
1789	-265	-11532	-6820	9756	-2214
2110	-199	-11776	-6564	9264	-2001
1855	-72	-11752	-6812	9248	-2294
1039	217	-11368	-7496	9952	-950
561	103	-11152	-6456	10216	3
1036	-48	-11728	-6504	10092	-314
-1018	143	-11632	-6656	10832	-76
-1441	198	-11856	-6392	11236	566
-2170	339	-12196	-5904	10888	-323
-2887	625	-12144	-6560	10852	-793
-4105	786	-11672	-6648	11084	-444
-4277	760	-11940	-6288	11544	-127
-4460	845	-12212	-6236	10608	-854
-5366	943	-11684	-6512	10860	-1043
-6228	736	-11684	-6840	10900	-452
-6055	713	-11520	-6268	10596	-181
-6512	835	-11428	-6696	11140	-498
-6783	978	-10948	-6900	11848	434
-6902	787	-10912	-6808	12248	1777
-6562	611	-10904	-6460	12652	2477
-7221	703	-10020	-6320	14140	4647
-7592	823	-10440	-5748	14068	4968
-7884	1291	-10180	-5712	14144	4406
-9059	1653	-9580	-5272	-9868	-5132
14532	3864	-9578	2346	-9104	-4868
15436	3120	-10972	2452	-7916	-5092
15916	2389	-10508	2549	-8008	-5572
16280	3120	-10536	2204	-7364	-5240
17128	3516	-11047	1778	-7240	-5624
17008	4829	-10505	1504	-6912	-4636
16816	5338	-11004	1269	-5984	-5000
17544	5653	-11546	913	-6520	-4328
16472	7255	-9949	1366	-6904	-1856
15780	4886	-12843	2116	-3036	-3276
16928	1543	-14230	1512	-2772	-3884
15988	4149	-9569	1668	-4600	-1764
15384	2510	-10808	2047	-1780	-3208
16348	44	-12670	1471	-616	-3996
16684	3168	-9863	812	-1796	-2628
15152	4056	-9152	518	-264	-2640
16968	3189	-11012	-80	828	-2392
15764	5036	-9157	-315	52	-768
15228	4489	-9459	146	1880	-660
15560	2039	-10125	-227	1212	-668
14348	647	-8544	923	2752	-52
15784	-2656	-10291	695	3172	-2164
15340	-3215	-9165	755	4228	-1896
16024	-2167	-9178	-624	4428	-1416
15780	-977	-9110	-709	5428	-2408
16392	84	-8572	-1737	5024	-384
15744	2045	-8347	-1768	6960	-932
15472	1505	-8568	-2225	6384	-564
14112	3863	-6596	-2045	6640	1664
13920	3070	-7474	-1616	7792	-284
14060	1989	-6471	-1504	7084	1260
12460	3259	7132	1192	13488	1486
-5456	-640	7692	1236	12288	272
-5256	-384	8892	1204	12792	-1063
-5538	-483	8300	484	12324	-857
-4199	261	8340	668	12456	-1252
-4454	18	8672	804	10980	-1986
-4517	436	9968	316	11580	-2182
-4021	-2	9572	132	10548	-1614
-2434	-26	9780	-176	10716	-2443
-1979	-103	9844	-480	9744	-563
-548	-429	9724	804	9060	-1237
525	34	10216	-504	9928	-871
2312	-70	8864	-80	10864	955
3956	-586	8572	264	10820	-199
3875	-589	8716	60	11528	697
4651	-1046	7996	764	12136	576
5075	-1071	8412	828	12144	-320
5267	-955	8280	900	12524	-150
6031	-730	7732	1300	12044	-464
6410	-36	7000	1164	12180	-1989
7109	802	6988	188	12720	-2057
7644	661	5892	64	12516	-1810
9046	1043	5072	16	12720	-3066
8964	967	5004	-1048	13164	-3070
10195	866	4068	-1196	14876	-1925
10903	393	2464	-1148	14992	-2677
11057	239	1936	-2288	15956	-2605
11208	-375	1244	-2048	16368	-474
10862	-1699	1564	-1824	16876	-1004
11545	-2148	388	-1900	17132	490
12283	-1894	-412	-780	17496	-975
12054	-1653	-260	-1444	18836	-2461
11335	-2385	-1792	-2032	18628	-1091
12335	-2476	-3300	-384	17672	-1468
11498	-2465	-3776	-516	17412	-4510
10200	-2019	-2972	-1784	18836	-5136
10035	-2208	-4432	-1140	16732	-4757
10945	-955	-4504	-1068	17136	-8861
9499	-8	-2944	-4096	19268	-7437
10483	-437	-5200	-3064	17500	-5124
12998	-329	-8132	-3392	16772	-6350
10515	623	-6104	-4584	18284	-6864
8441	-387	-5564	-4780	17284	-3663
10981	-1138	-8788	-3944	15940	-2779
10617	-1120	-8632	-3128	15476	-5465
8169	-293	-7960	-4428	15104	-6808
7528	613	-7508	-4732	15272	-6332
8643	354	-8632	-4476	14412	-5901
9946	558	-9864	-4900	12992	-7400
9488	1363	-9700	-6164	13408	-7281
8338	1753	-10116	-6248	13064	-4358
10663	1322	-11572	-6748	13096	-2758
10091	964	-11964	-5948	12024	-2488
9569	738	-11996	-6700	12132	-2414
8382	41	-11340	-6136	12392	-1142
8782	-724	-12144	-5816	12484	-478
8560	-1027	-12592	-5844	11436	-1567
7181	-895	-11972	-6264	11100	-1446
5901	-1075	-11328	-6352	-12216	-6160
11256	1644	7026	-1599	-12772	-5860
10808	2348	6224	-1875	-12960	-5808
10224	2360	5041	-2021	-13052	-5272
-13452	-4972	9188	1852	3103	-1898
-13040	-5204	9044	870	1830	-1718
-12920	-5228	9160	775	1854	-950
-13444	-4880	10344	219	1031	-137
-12584	-4500	11412	-1703	-504	189
-11460	-5120	10644	-2689	-1122	81
-10856	-5480	8316	-1167	104	60
-11788	-5248	7300	-1015	1101	-9
-12652	-5488	7752	-1258	511	-165
-12176	-6048	8236	-1206	103	-217
-12472	-6196	8572	-479	11	145
-12884	-6024	9656	-362	-526	326
-12740	-6332	10656	402	-1411	355
-12784	-5940	10756	1633	-1787	361
-13548	-5436	11140	1675	-3083	352
-12624	-5096	11228	1227	-5635	243
-12772	-5056	11636	197	-12436	-5320
11936	285	-7528	687	-12240	-5148
12336	355	-7508	940	-12936	-5544
12372	-653	-8489	1140	-12276	-5960
12672	-701	-9451	1260	-11864	-5876
12964	-177	-9858	1517	-11744	-5484
12980	86	-10388	1509	-11508	-5748
13408	-218	-11283	1412	-10388	-5888
14160	522	-11662	1232	-10744	-5968
14436	1647	-11184	1488	-9888	-5740
14808	2242	-11911	1423	-9476	-6632
15732	4051	-11448	1336	-9676	-5636
15768	6400	-10824	1415	-9804	-5228
16012	6227	-11648	1424	-8364	-5256
15972	6339	-12004	1137	-8832	-5116
15896	7244	-11143	1501	-7996	-3904
15748	5887	-12308	1343	-7176	-4068
14876	5066	-12080	1644	-7116	-3352
15316	3540	-12780	1983	-5420	-3804
16084	1723	-13124	1672	-4152	-3320
15800	2118	-12023	1223	-4768	-3696
16284	1901	-11952	1512	-2752	-3072
16692	2522	-12600	735	-2784	-4252
16112	3408	-10541	737	-2500	-2588
16292	4630	-11033	104	-1300	-2536
15960	3521	-11342	46	76	-2276
16432	3893	-10583	-220	-760	-2180
15472	4464	-164	-104	15048	3082
-10546	-6	1768	-952	15328	1445
-10869	107	2392	-980	15192	2247
-8583	85	2432	-540	15348	2014
-8614	-84	3628	-168	15552	1957
-9147	60	4452	-1072	16140	3557
-7488	21	4036	252	15132	4690
-6767	-562	4600	460	15688	3833
-7513	-91	5072	836	15172	4387
-6666	196	4936	1380	15208	2728
-7362	-14	6408	1076	14144	2396
-6918	-84	5524	1788	13800	1740
-6301	843	7272	1204	14004	-83
-7563	319	7576	64	14284	1221
-5535	15	6772	1076	14220	1971
-5555	-358	8012	1504	13108	1024
-6575	-380	8868	1104	13172	1750
-5485	-63	7920	2056	11996	1376
-5235	-59	7880	1284	11780	-824
-5651	164	9244	2000	10816	-1941
-5384	-624	10064	744	10496	-1783
-3863	-1334	8444	1404	10548	-261
-2163	-1157	10400	1628	10904	-1862
-2575	-1500	10092	760	10564	1383
-266	-2221	8820	2516	10580	1056
516	-1927	10520	2376	10672	-21
2128	-1186	8932	2596	10748	34
3052	-820	9152	2992	11272	-1016
2900	-240	9408	2588	11208	-1690
3957	375	8436	2600	11308	-1897
4481	860	8424	2180	11880	-2929
4760	1171	7872	872	12116	-2946
5681	1198	7076	1384	12088	-3167
6251	1010	6864	616	12244	-4006
6462	859	6500	124	12556	-3607
7132	348	6156	284	13072	-3557
7810	-85	5176	-164	13708	-3514
8454	-11	4812	448	13504	-3947
8762	-137	4204	-400	15008	-4681
9149	-398	4476	44	14708	-4476
9477	-762	2972	-800	14912	-5223
10555	-272	2924	-488	16808	-3787
10584	-814	2200	-840	15184	-5262
10976	-743	992	-1128	16240	-4090
11575	-608	-84	-748	16624	-4995
11026	-112	144	-1452	15600	-6681
10683	-13	-656	-3248	17124	-5391
-2132	-1704	16436	-4018	12969	-34
-2404	-2444	17112	-6369	11370	-296
-2380	-3700	17392	-4561	12717	-35
-3644	-1924	17364	-4188	13024	111
-4184	-3392	17428	-6163	12348	196
-4664	-4036	18380	-3787	13226	183
-6160	-2412	17192	-4677	13102	953
-6312	-3656	17476	-7038	10830	1284
-5008	-5008	17880	-5532	11546	1108
-7024	-4180	16972	-4886	12765	1725
-8464	-4732	15800	-6781	10990	2549
-6740	-6428	16956	-7096	10156	2056
-7232	-6592	16488	-3534	12829	1635
-10144	-5132	14928	-2580	12629	2139
-10640	-5000	13748	-5063	9422	2562
-8980	-6640	14568	-5695	8980	1663
-9168	-6128	14584	-2397	11736	1400
-11596	-4752	13640	-3255	10848	1707
-11480	-5708	13072	-5553	7590	1405
-10576	-6520	12868	-4193	8809	940
-11620	-5820	13180	-2212	8949	764
-11824	-5468	13060	-3069	7718	723
-11584	-6032	12512	-2380	7222	625
-11672	-5932	11564	-1563	7433	518
-12204	-5860	11152	-988	6938	726
-12264	-5820	11052	-262	6427	455
-12064	-5404	11060	761	6912	210
-12852	-5536	10204	1651	7143	-73
-13432	-5292	9848	2521	6272	7
-13608	-4788	8856	2494	5059	459
-13108	-4584	8608	1964	4041	297
-12580	-4732	8360	2171	4061	486
-12976	-4780	7936	2593	4464	611
-13548	-4732	7824	2423	4362	986
-13948	-4812	7528	2646	4219	1212
-14108	-4348	7208	2969	3869	1245
-14320	-4152	7208	2749	3406	1022
-14376	-4408	6844	2861	2848	658
-14196	-3452	7292	2945	2510	731
-14448	-2540	8372	1706	1605	686
-14100	-2152	8832	-1418	184	725
-13824	-2672	8132	-4980	-742	874
-13704	-4184	7648	-4656	-1552	693
-13448	-4912	6932	-2594	-461	573
-18272	1836	7596	-14691	-8597	8902
5592	-6024	-4621	-2025	-10352	-7104
5140	2958	2145	-700	-15492	-3456
5888	2578	2448	182	-14828	-3320
5836	851	-2194	-8	-11340	-3748
6032	-3607	-486	-2289	-13344	-7852
6080	-3952	8539	810	-11560	-6380
7052	12366	1877	-2184	-16152	-96
4136	8129	2909	-3165	-17028	-7080
6040	3090	2909	-3165	-17028	-7080
