0	0	0	0	0	0
-16048	-4964	4384	-1232	505	-1068
-14788	-5440	3368	-558	233	-1394
-13840	-5236	3168	-610	1264	-1358
-15780	-4732	3344	-1411	1351	-1241
-16696	-5404	3796	-1873	-627	-1371
-16500	-3196	3132	-1135	-1443	1108
-13876	-2484	1148	-2076	3380	10960
-12256	-8160	3964	9142	2938	733
-16584	512	2052	2035	2849	3528
-15848	-5228	2392	-1933	-2352	-99
-14004	-5604	2808	2814	-16	1107
-14908	-3348	2596	1760	782	745
-15196	-4100	2512	828	-89	688
-14732	-3716	2228	696	312	760
-15308	-3536	2472	463	597	708
-15372	-2968	2672	158	171	995
-15160	-2636	2220	-406	607	1421
-15636	-2688	2340	766	1184	2036
-15144	-1680	2624	1086	906	2714
-14628	-1720	2756	1263	1210	3644
-14916	-1320	2336	1305	1508	4447
-15360	-824	2996	1713	1334	5283
-15580	-152	2404	475	1312	6086
-16116	180	2384	-555	677	7406
-15888	396	2448	-1326	554	8371
-16220	1260	2060	-2003	965	9381
-16940	1180	2608	-2235	1211	10084
-17264	2084	2500	-1312	1401	11552
-17432	2192	2424	-799	2002	12649
-17644	3428	1984	-192	1707	13678
-16956	3340	2420	819	2029	14347
-16976	4476	2224	2110	2145	15345
-16864	4964	1808	1963	2305	15719
-16608	5580	1412	1746	1950	16087
-15532	5524	1344	1791	1883	16342
-15552	7268	968	872	1999	16762
-14396	7620	740	-786	1371	16812
-13808	7856	972	-814	2251	17202
-14244	8740	1012	-1512	2092	16724
-13068	8480	664	-852	1879	15914
-12932	9696	1112	1711	2569	15791
-12180	10528	764	1975	2133	15107
-11552	10260	1192	2817	2616	14007
-11620	12112	348	3272	2184	13087
-9384	12336	292	1979	1337	11996
-8356	11744	656	2939	2588	11925
-8816	13544	144	3079	1584	11224
-7236	12852	20	3090	1204	10329
-6928	13296	-500	2568	2002	10061
-6808	14676	-672	2163	1105	10011
-5304	14352	-460	1932	758	10659
-4704	14532	-976	2630	1397	10391
-4592	14580	-1016	3128	2122	10583
-4880	16112	-1940	3694	2140	11076
-4252	14548	-2060	2627	925	11354
-2784	14656	-1032	5318	1577	9769
-2800	15296	-2688	4220	1807	8681
-2124	12600	-1796	2567	-510	7539
-416	13612	-2936	4608	21	4719
-872	12620	-3276	1935	392	2877
-484	11404	-3556	1817	-1269	1237
-144	12556	-3924	1547	32	169
-632	11236	-2572	-1248	-1742	-987
792	12144	-2864	325	-1221	-3127
-1088	12064	-3948	470	341	-4352
-828	11048	-3312	383	-2604	-5581
-904	11844	-3852	2625	402	-6954
-2892	12204	-2504	798	-845	-7638
-2240	13128	-3132	2213	-2666	-10290
-2912	13680	-4292	401	-1523	-9848
-5364	12980	-2472	-777	-1576	-10376
-5680	13188	-2472	-930	-3987	-12467
-5000	13748	-3204	-3504	-4095	-12565
-7668	11704	-2908	-2413	-2115	-12657
-8984	13044	-1636	-2460	-5310	-14500
-8384	12524	-2012	-3862	-6295	-15339
-9436	12068	-2168	-2930	-5260	-16044
-11772	11448	-1484	-3541	-4868	-16494
-12672	11512	-2184	-3960	-6348	-17382
-12676	11560	-2200	-4279	-5967	-17347
-13408	9596	-84	-3960	-5198	-17699
-14992	9916	-1576	-2237	-4844	-18058
-15192	9852	-1244	-2299	-5702	-17457
-14228	8816	-1256	-2347	-4566	-17119
-16104	8412	-948	-2344	-3070	-16398
-16228	8068	-652	-3367	-4022	-15797
-15668	6992	-104	-3546	-3135	-14961
-17108	5628	552	-3013	-1658	-14230
-18320	4900	868	-2160	-1741	-14084
-17572	3928	916	-2099	-2074	-13980
-17136	3052	1060	-1872	-1174	-13255
-17184	1640	1696	-1626	-1150	-12773
-17328	1780	1428	-1336	-1038	-12576
-17136	580	2104	-1806	-1807	-12556
-16396	380	1852	-1340	-2068	-11950
-16508	76	1988	-1957	-2022	-11256
-16528	176	1776	-1925	-2505	-10350
-16216	-848	2148	-1883	-2938	-9479
-15128	-1336	2072	-1135	-2945	-8481
-15092	-1820	2124	-615	-2018	-7487
-15548	-2336	2136	799	-1773	-6509
-14952	-1768	1760	1000	-2108	-5763
-14736	-2416	2064	1376	-1620	-4553
-14804	-1628	1688	1099	-1377	-3135
-14816	-2476	2156	389	-1438	-1986
-14708	-1964	1532	44	-798	-509
-15044	-2052	1764	-990	-529	1007
-14872	-1932	1960	-1619	14	2462
-15088	-2628	2088	-1443	542	3851
-15368	-2012	1964	-1075	902	5380
-15456	-2516	2124	-836	872	6399
-15524	-1780	2448	-142	1348	7526
-15428	-964	1836	-384	1575	8537
-15888	-156	1856	-1012	2074	9898
-16124	200	1924	-1630	2250	11044
-16372	1220	1920	-2646	2484	12087
-16732	1604	1876	-3201	2214	13380
-16832	1516	1980	-3196	2238	14386
-16908	2392	2072	-2344	2336	15187
-17296	3260	2192	-2459	2256	15949
-17184	4028	1428	-1378	1653	16929
-16416	5228	1476	-1637	1457	17814
-17464	5368	1228	-1169	2220	18612
-17340	5864	1976	-1249	1779	18566
-16980	6612	936	-209	1857	18941
-15980	7704	1360	-848	1764	18754
-15136	7296	1380	-739	2313	18309
-15156	8892	800	44	2509	17874
-14020	9216	1000	-331	1795	17306
-12332	9608	1004	341	1793	16684
-11504	10924	1304	1126	1829	16634
-11068	11044	1292	1207	2991	15666
-10852	11608	1068	2173	2439	14945
-9296	12228	604	2354	1452	14367
-8992	12052	1404	2872	1802	13424
-8116	12432	1156	2794	976	11798
-6676	13668	-52	3094	532	10593
-5344	13252	76	2716	1643	10911
-5832	14028	-640	2563	2048	11188
-5296	13816	-104	1795	600	10197
-4208	14840	-1012	2403	630	9265
-4024	14092	-1184	1069	1391	9744
-3584	14408	-1064	2245	499	8725
-2744	14980	-2012	2522	241	7951
-2044	14664	-2024	3245	675	7562
-1580	14716	-2320	3483	1569	7521
-1480	13840	-2560	4795	989	6128
-604	14636	-3428	4235	1052	4834
-824	13180	-3176	3866	699	2995
148	12948	-2960	3114	-322	1268
-52	12796	-3780	1895	241	-70
-364	11808	-2932	1914	130	-1387
-232	12340	-2488	822	-1345	-3149
-120	10948	-3224	1002	-2081	-5260
-612	11108	-2796	849	-1346	-6966
-2092	11800	-2000	111	-2053	-8546
-2112	12124	-2408	20	-3150	-9952
-2908	12656	-3412	-760	-1850	-10622
-4408	13180	-3016	-2284	-3444	-11216
-4740	12172	-2560	-2749	-3829	-12827
-5580	13056	-2784	-2794	-3586	-14352
-7088	11856	-2296	-2282	-3219	-14811
-8684	12276	-2872	-1297	-3947	-16360
-9376	12128	-1624	-1308	-4919	-16616
-10336	12356	-1592	-1486	-5293	-17358
-11508	11840	-1796	-2059	-5568	-18030
-12900	11536	-800	-2770	-5853	-18543
-13760	10540	-652	-2234	-6000	-18992
-14256	9968	-804	-2171	-5623	-19083
-15616	9056	-536	-1770	-5485	-19012
-16460	8260	-728	-1096	-5916	-19528
-16172	8636	-1196	-1172	-5959	-18991
-16360	7680	156	-1530	-5442	-18380
-16756	7080	-184	-1336	-4798	-18159
-17340	5952	848	-1915	-4699	-17282
-16984	5496	1056	-407	-4270	-16411
-17012	5276	752	-622	-3479	-15433
-17748	3640	1576	-1178	-3348	-14146
-18360	2568	2020	-618	-2966	-13458
-17828	1588	2392	-1129	-3622	-12890
-16768	808	2224	-1063	-3318	-12227
-17324	-128	2816	-932	-2720	-11419
-17012	144	2392	-1139	-3353	-11079
-15964	-896	2272	-1664	-3387	-10510
-15364	-1116	2164	-1957	-2698	-9355
-15492	-1176	2360	-2670	-2563	-8065
-15136	-1380	2488	-2708	-2743	-6872
-14780	-1672	2616	-3222	-2296	-5705
-14664	-2276	2560	-2388	-1935	-4293
-14768	-2924	2572	-1603	-1519	-3016
-14232	-2248	2976	-627	-1317	-1896
-14084	-2516	2636	-309	-479	-816
-14420	-2252	2504	409	199	828
-14856	-1480	2392	-339	462	2692
-15356	-1764	2864	-916	542	4178
-15372	-2476	2712	-593	567	5580
-15100	-1848	2772	-855	1314	6885
-15564	-1680	2544	-1157	2027	7808
-15708	-1076	2448	-912	2217	8948
-15640	-1200	2528	-771	2669	10164
-16136	-80	2240	-849	3111	11199
-16548	264	1876	-1452	2649	12304
-16672	544	1752	-951	3017	13217
-16868	1776	2356	-919	2998	13892
-16560	2448	1352	-924	3265	14678
-16732	2884	1632	-1020	3920	15488
-17136	3524	1412	-302	4140	16005
-17372	4000	1724	-390	4232	16432
-17220	5460	968	-147	4157	16791
-16744	5452	1288	-568	4074	16816
-16476	5716	1552	306	3850	16745
-16232	6820	1128	122	3661	16194
-15520	7544	840	-12	3103	15905
-14364	8444	844	-204	2587	15425
-13760	8592	856	-210	3041	14948
-13320	9272	616	-563	2776	14267
-12388	9432	548	99	2476	13612
-11484	10588	228	302	2062	12920
-10404	10368	512	552	2087	12350
-10340	10884	292	1201	2091	11721
-9772	11996	-320	1105	1433	10753
-8416	13152	-756	1320	1098	10663
-7456	13836	-1128	173	1716	11440
-7608	12900	-508	-114	3072	11815
-8232	12972	316	1153	3029	10831
-8084	13268	-904	2117	1650	9225
-6420	12824	-656	2550	940	8086
-5752	13656	-1320	4047	1106	6820
-4704	15080	-1280	1659	324	7078
-4912	14028	-1720	1700	1749	7352
-5072	14116	-2136	19	553	6546
-3720	15324	-1804	180	-107	5605
-3632	15596	-3612	1546	1536	5636
-4028	14732	-2096	818	1291	6787
-2848	15648	-2952	3642	630	5973
-2752	15792	-3840	3862	2873	6367
-2488	15252	-3424	3191	1041	6538
-1652	16128	-3708	4204	2208	6811
-2052	15136	-3568	2831	1783	6012
-628	14452	-3228	3569	1222	5290
-1140	13448	-3928	3018	1740	4471
32	12612	-3360	2669	-1046	2109
216	11252	-3584	4487	975	-403
-672	12080	-2856	369	-659	-1293
144	10824	-3068	1935	-3027	-4230
620	10868	-4068	1229	-1789	-5227
-964	11324	-2608	590	-1245	-5827
-2284	11496	-3008	-339	-3287	-7568
-1720	12696	-4324	-1738	-4478	-9245
-3024	10892	-3024	-2445	-3071	-10005
-4060	13236	-2980	-2665	-4525	-11904
-5420	10900	-2616	-2026	-4357	-12763
-6288	12868	-3384	-1748	-5858	-15134
-7408	11324	-2508	-1301	-5459	-16042
-9344	13292	-3300	-1807	-6254	-17440
-9916	11856	-3028	-3180	-7137	-17345
-10728	12616	-3316	-3777	-6462	-17661
-11872	11772	-3204	-4814	-6476	-18021
-12376	10956	-1312	-4520	-6278	-18166
-14340	10368	-1276	-3174	-5580	-18986
-15388	9724	-1812	-2505	-5770	-18675
-15260	9296	-652	-1994	-6106	-18976
-15620	9088	-720	-2335	-5157	-19147
-16088	7592	-76	-1714	-5004	-18308
-15844	8028	-352	-1656	-4867	-17911
-16908	6036	316	-2406	-3732	-17337
-17548	4616	916	-1355	-4150	-16994
-17476	4860	652	-741	-4089	-16616
-17604	4500	676	-1392	-4177	-15626
-16676	3252	1264	-1766	-4341	-14815
-16572	2288	1924	-1750	-3163	-14090
-17220	1244	2512	-1355	-3108	-13178
-17296	1492	2028	-1749	-3164	-12541
-17152	364	2368	-2504	-3309	-11811
-16424	-512	2280	-2045	-3218	-10796
-16272	-328	2260	-3025	-2987	-9631
-15992	-664	2400	-3582	-3048	-8408
-15336	-1536	2248	-3462	-2643	-7434
-15556	-1840	2384	-2786	-2038	-5943
-15332	-2416	2692	-2953	-2488	-4506
-14712	-3188	2956	-1630	-2136	-3362
-14856	-2392	2324	-177	-1378	-2180
-14744	-1876	2264	-656	-1425	-874
-14052	-3008	2612	-219	-563	515
-14620	-1996	2364	323	893	2054
-15552	-2120	2292	-619	1191	3450
-15332	-2160	1964	-179	1607	5032
-15296	-1040	1820	-909	2682	6618
-15700	-716	1940	-1163	3218	8454
-16060	-288	1452	-1432	3774	10241
-16424	412	1312	-1381	3995	11918
-16128	868	1628	-1334	4155	13320
-16528	1004	1716	-19	4610	14940
-16908	2336	1228	209	4216	16081
-17244	2260	1588	858	4444	17189
-17796	3788	896	729	4551	18316
-17540	5072	44	170	4617	19646
-17696	5868	84	-1272	5781	20519
-18704	6016	336	-1554	6143	20930
-18380	6988	-520	-1715	5518	21197
-17536	6768	-136	-1001	5600	21255
-16580	7536	-340	84	6098	20593
-16468	8076	-132	670	5909	19732
-14728	8836	-76	1565	4560	18805
-13184	10780	-1828	1398	4718	18647
-11956	11084	-836	603	4880	17765
-11292	11408	-1100	850	4586	16865
-10280	12504	-1152	601	3341	16222
-8812	12624	-1224	957	3659	15997
-7824	12196	-264	1346	3940	15598
-8292	12664	-1688	1953	3541	14332
-6588	11960	-744	2205	1916	12306
-5104	12864	-1420	3565	2184	11464
-4544	12940	-2360	1575	1960	10693
-3200	12048	-2048	402	176	10316
-2480	13848	-3528	822	1099	9426
-2808	13964	-4460	-702	1412	8788
-1612	13336	-2476	-2071	-208	8881
-860	14452	-3976	1486	1549	8187
-2384	13832	-4860	-453	1834	7195
-484	11944	-1708	2068	-1537	5269
872	14292	-4324	4583	1044	2675
-316	13036	-2964	525	-281	2346
924	11728	-3664	3518	-1490	-485
516	12332	-4148	1519	513	-1946
144	11500	-2580	-583	-2480	-2938
716	11004	-3744	1888	-1759	-5466
-1232	11424	-3628	339	-896	-5792
-1236	11856	-3248	-104	-3839	-7798
-808	11624	-4344	1152	-2373	-9295
-3200	12816	-4640	-727	-1806	-9976
-3496	12164	-2868	-2479	-5217	-11254
-3988	10728	-2704	-1017	-3559	-12820
-6780	12216	-4024	-598	-3171	-15345
-8232	11580	-1980	-1815	-6243	-16862
-8616	12344	-3228	-992	-7246	-18170
-8968	11664	-2584	-2752	-7302	-18553
-11412	12240	-2188	-2510	-6367	-18913
-12704	12276	-2580	-4103	-8286	-19888
-12728	11416	-2708	-4018	-7362	-19432
-14576	10740	-2108	-4009	-6188	-19070
-15148	9880	-1736	-3513	-6934	-19584
-15204	9992	-1428	-2929	-6540	-19059
-15668	8620	-604	-2645	-5271	-19206
-16560	7924	-516	-1563	-4764	-18733
-17216	7236	-576	-1693	-4639	-18043
-17584	6036	168	-2056	-4101	-17778
-18208	4896	572	-1602	-4207	-17334
-17828	4032	1292	-1142	-4433	-17127
-17288	3704	736	-1075	-4278	-16591
-16660	3292	852	-1317	-3695	-15260
-16660	2556	1320	-1845	-3189	-14364
-16628	1440	1840	-1343	-3117	-13644
-17060	1280	1568	-1517	-2781	-12539
-17280	-516	1952	-2132	-3409	-11641
-16484	-992	2088	-1376	-3551	-10293
-15780	-460	2356	-1314	-3502	-8909
-15500	-568	1964	-1996	-2800	-7831
-15732	-1536	2404	-1912	-2541	-6493
-14920	-1028	2208	-1382	-2386	-4548
-14608	-1528	2188	-1829	-1430	-3071
-14988	-840	1684	-1093	-1029	-787
-14732	-676	1736	-1702	-451	1083
-15312	-748	1580	-1301	673	3302
-16056	-324	1576	-1369	1263	5548
-15484	-468	1268	-1403	1607	7597
-15040	8	1240	-970	2815	9493
-16180	132	1076	-485	4177	11308
-16596	296	1500	-15	4191	12704
-16660	656	1384	439	4984	13835
-17484	1432	1184	355	5316	15133
-17492	1532	1092	253	4828	15918
-17724	2728	872	-150	4989	16712
-18132	3220	448	-852	4490	17574
-17164	3636	400	-1371	4365	17827
-17388	4712	320	-1448	5109	17897
-17016	5804	-284	-1849	4616	17982
-16672	6528	40	-1584	5490	18276
-17004	7324	-296	-1646	4766	18577
-15872	7252	-284	-1162	4384	18159
-15244	8112	-28	245	4271	17683
-14040	8900	-444	427	4646	16692
-13540	9296	-188	690	4355	16336
-12336	9936	-580	655	3496	15353
-11092	10256	-640	524	3319	14655
-10288	11428	-696	746	2800	13820
-8684	12020	-764	194	2411	13589
-8476	12516	-1336	304	3163	14077
-8452	13004	-1156	139	2875	13772
-7848	14308	-1640	525	2472	13424
-7364	13308	-1004	607	3088	13193
-7152	13108	-1628	1134	2306	12189
-5268	14380	-1644	850	-475	10570
-3264	14676	-2444	1401	685	11112
-3996	14904	-2636	-539	3427	12838
-4536	14780	-3228	209	1274	11091
-3020	14056	-4428	750	1250	9770
-1756	13972	-3776	-891	-298	8640
0	11252	-2304	2167	-808	6632
-532	13400	-4976	3794	2918	3977
-1204	12936	-2636	-1191	-964	3390
1168	10296	-2900	1332	-1569	1218
236	11424	-3944	1708	2144	20
72	11372	-2360	-374	-2063	-3331
960	9584	-2288	1700	-1140	-5444
-936	12368	-4168	2177	43	-7397
-1632	10616	-2192	1019	-3128	-8655
-1420	12156	-3620	1105	-2178	-10769
-4264	12224	-2400	-62	-1760	-12031
-4828	13320	-2552	-2322	-6043	-14295
-4128	12168	-2624	-2159	-4776	-15225
-6408	12984	-3100	-2003	-3099	-15411
-7772	11744	-1460	-3057	-4944	-15262
-9172	12224	-1592	-1386	-5389	-17683
-10780	11648	-2344	-1373	-5628	-19002
-11608	11912	-1884	-2393	-7203	-19008
-12120	11372	-2272	-2990	-6207	-19875
-13148	10996	-1668	-3501	-6008	-19630
-14832	11092	-1524	-3315	-5337	-19193
-16156	10128	-944	-3315	-6405	-19474
-16200	9476	-1108	-2761	-6383	-19065
-16756	8452	-16	-1797	-5589	-18385
-17232	7628	244	-1524	-4648	-18610
-18048	5928	544	-891	-4756	-18321
-16792	5304	768	162	-5668	-18260
-16520	4892	960	212	-4286	-17383
-16980	3760	1564	-241	-4168	-16975
-16912	2964	1388	535	-3901	-16870
-16640	3068	956	399	-4076	-15855
-16536	2836	1060	-355	-3876	-14029
-16496	1192	2680	-343	-3980	-12767
-16780	972	2232	-655	-3847	-11737
-16480	4	1996	-1632	-3901	-10847
-16348	-1536	2712	-1644	-3608	-9816
-15812	-1660	3156	-2125	-3281	-9035
-15632	-2096	3228	-2395	-2605	-8207
-15912	-2740	2764	-2123	-1965	-7376
-15968	-3016	3020	-2354	-2414	-6351
-15292	-3520	3140	-1760	-2440	-5104
-14752	-3576	3132	-1147	-2056	-3999
-14420	-3404	3248	-1061	-1908	-3232
-14340	-3576	3140	-1007	-1433	-2269
-14324	-2800	2732	-1049	-1134	-713
-14056	-2628	2312	-2336	-436	778
-14548	-2388	2488	-2637	475	2596
-14604	-2168	2732	-3369	710	4189
-14672	-2640	2700	-3346	1669	5732
-14916	-2376	2452	-2622	1967	7352
-15036	-2216	2588	-1704	2552	8707
-15312	-1604	2948	-533	2816	9783
-15304	-884	2604	145	3056	11020
-16004	0	1956	103	3335	12348
-16488	360	2380	276	3034	13842
-16808	872	1932	236	3332	14836
-17804	1440	2204	-470	3587	15521
-17828	1868	1856	-807	3053	16271
-17884	2888	1424	-1113	3407	17181
-18008	3424	1564	-1543	3643	17350
-17392	4144	1416	-1425	4067	17410
-17720	5000	728	-1060	4442	17752
-17112	5800	768	-960	3880	17941
-16264	6468	824	-483	3825	18154
-15868	7044	424	-389	4063	17677
-15368	8200	-116	-595	3656	17555
-13976	9316	-180	-909	3378	17562
-13096	9264	296	-462	4270	17559
-12792	9792	708	930	4333	16931
-12800	10632	540	1460	3880	16334
-11512	11276	576	2455	3138	15730
-10132	11464	296	2233	3395	14962
-10196	11560	88	2331	3782	13689
-8676	12216	716	2699	2191	12398
-7168	13980	-700	3546	2332	12449
-7088	15008	-1652	1467	2451	13420
-6280	14324	-860	537	2696	13917
-6672	15544	-1300	888	3144	13893
-6424	15840	-2412	-425	1843	13810
-4508	14796	-2360	-315	606	13441
-3368	15044	-2352	2911	2240	12808
-3688	14280	-3076	1782	3005	12558
-2332	12260	-2044	2602	322	10327
-540	13420	-3692	4388	436	6555
-344	11460	-3656	658	-60	4028
1036	10552	-3208	2083	-579	2602
372	11064	-3640	350	1018	906
304	9384	-940	-2351	-1660	-565
1052	10020	-2128	966	-135	-3474
-484	10788	-2304	-1005	-943	-5240
456	9956	-1388	-30	-3241	-7324
-388	11292	-1524	2613	566	-8483
-2916	12384	-1360	1661	-1557	-9622
-2060	13140	-2668	2264	-3991	-11631
-3824	12864	-2364	1243	-1099	-12322
-6752	12764	-2120	1242	-3924	-14244
-6160	12984	-1068	-586	-7211	-16221
-7592	11904	-1948	-412	-5139	-17557
-9964	12244	-2824	-1756	-7749	-19412
-9760	11648	-2548	-1965	-8024	-19146
-11368	12932	-2704	-3391	-7557	-19311
-12676	11220	-2816	-4413	-7008	-19511
-14088	10396	-1704	-3529	-6584	-20091
-15188	9732	-668	-3448	-7854	-21396
-15792	8156	-212	-2145	-7142	-21530
-17124	7780	200	-1125	-7048	-21965
-17364	7736	-348	-1009	-7461	-22233
-17504	7276	212	-984	-7209	-21329
-17256	6520	1228	-1123	-6872	-20997
-17500	5616	460	-175	-5654	-20000
-17620	5228	548	-1001	-4972	-18525
-17592	4020	2080	402	-4412	-17210
-18020	3664	1360	1408	-3168	-16126
-18232	2608	1744	1239	-3453	-14515
-17020	1064	2404	1721	-3550	-13250
-17252	240	2184	2133	-2141	-12523
-17880	544	2052	1066	-2746	-10961
-16484	-672	2608	-163	-3249	-9721
-16196	-936	2588	-881	-2595	-8286
-16024	-1708	2588	-2477	-3034	-7160
-15228	-1868	3256	-3873	-2970	-6210
-15128	-1872	2524	-3877	-2303	-4651
-14612	-2024	3308	-4565	-2577	-3594
-13848	-2312	3000	-3174	-1583	-2180
-14612	-1140	2492	-2657	-728	-56
-14636	-1164	2612	-2066	-572	2032
-15204	-992	2708	-599	345	4173
-14896	-476	2456	-17	449	6242
-15168	-816	2464	580	1861	8303
-15500	-48	2136	801	2167	10196
-15980	-108	1844	372	3433	12020
-16796	352	2068	271	3962	13394
-16436	244	2312	-325	4223	14236
-16792	876	1832	-741	4986	15263
-16816	1432	1580	-1086	4989	16105
-17792	2052	1436	-1190	5616	16799
-18068	3032	1252	-1146	4809	17408
-17320	3972	908	-1491	4948	17848
-17956	5124	704	-1629	5775	18400
-17920	5608	764	-1647	5384	18863
-16872	6644	320	-1661	5777	18580
-16668	7048	-140	-717	6055	18717
-16000	7252	376	-581	5761	18660
-15288	8164	172	442	5661	17973
-15168	9584	-436	246	5070	17466
-12436	10188	-320	189	4509	16821
-11128	10804	-632	504	5816	17467
-11840	11096	-264	92	5397	16850
-10884	11320	-284	1543	4955	16057
-9916	12480	-9440	13180	-1356	2393
4986	15098	-7840	14084	-1224	1716
3212	14689	-6512	15092	-1628	738
4133	15431	-7200	14396	-576	471
4231	15483	-7196	13752	-1168	584
2964	13814	-5224	13288	-1632	2728
1435	11638	-3408	13308	-2264	1566
880	11960	-2476	12172	-1616	1123
644	10402	-1788	12488	-3092	2576
1646	8292	-2156	12896	-4344	-740
1096	7568	-472	10400	-2500	315
-1377	5054	760	12076	-4956	2201
1094	2931	-1264	10224	-2988	460
358	790	1148	10692	-2096	2099
-2181	-2045	380	11676	-4944	2920
1416	-2701	-1244	11356	-1820	-958
-2040	-3775	844	11528	-1860	252
-2437	-6186	-2464	11752	-2728	310
498	-7761	-3744	13576	-1624	-1328
-5257	-10231	-1128	12456	-2992	-146
-5374	-11711	-3988	11432	-3704	-387
-1344	-11699	-6084	13252	-2184	-23
-4567	-12914	-6484	12264	-2432	-312
-5284	-14051	-8132	11784	-2216	-1125
-5788	-15581	-9460	11196	-1684	-920
-7313	-17984	-10320	12012	-2304	-1458
-7860	-19467	-10812	10580	-2772	-2949
-7805	-19493	-11832	11972	-2516	-4424
-8247	-19528	-13432	10832	-1920	-5834
-7130	-19693	-15136	10244	-1832	-5025
-6780	-20045	-15520	9468	-1344	-5076
-7668	-20053	-14552	8272	-88	-3696
-6444	-20251	-16260	8592	-860	-1917
-4938	-19914	-17148	8216	24	-1359
-5301	-18835	-17260	6740	1228	-503
-3984	-18487	-18428	6740	316	-191
-4199	-17802	-17388	5744	888	-834
-4400	-16827	-17436	4240	1508	-1120
-2909	-16230	-18548	3508	1764	-358
-2894	-15426	-18052	1996	2200	-354
-3510	-14636	-17456	1844	2180	520
-3790	-13576	-16788	700	2804	835
-3660	-12854	-16872	784	2168	858
-3365	-12055	-16744	16	2504	-38
-3612	-11003	-16200	-492	2620	-384
-3661	-9725	-15152	100	2088	-1455
-3666	-8296	-14464	188	2212	-2901
-2715	-6617	-14912	-1496	2480	-3277
-2111	-5280	-14848	-1316	2592	-2556
-2101	-3653	-14412	-2060	2716	-2531
-1329	-2411	-14744	-1836	2504	-1294
-324	-846	-14836	-1888	2676	-885
31	401	-14860	-1764	2860	-214
243	1867	-15100	-1480	2556	237
986	3653	-15572	-800	2072	-240
1545	5457	-15548	-1204	2448	-748
1756	6665	-15560	-1000	2396	-348
2446	7957	-16176	-764	2196	-857
2953	9367	-16060	-628	2120	-902
3166	10220	-16660	-88	1920	-443
3808	11008	-17536	56	1752	-486
3749	11970	-17404	328	2088	-306
3745	12365	-17004	1376	1500	-256
3953	12677	-16468	2140	1252	-478
3973	13112	-16152	3012	1056	-191
4116	13786	-16152	3984	932	-511
4620	14253	-16352	5308	452	-1517
4707	14954	-16600	5184	836	-1635
5116	15527	-17008	5940	488	-1272
4600	15832	-16632	6296	600	-773
4623	15853	-16192	7584	68	-54
4458	16275	-15192	7704	328	-247
4667	15935	-15264	7848	80	551
4812	15406	-15188	8760	-36	150
3824	14557	-12960	8392	-76	739
3903	13494	-12620	9252	-312	227
3805	12492	-11416	8852	300	618
2915	11483	-10884	8984	-632	1613
3160	9791	-10044	9260	-664	1402
2412	8357	-9020	10404	-1184	2376
2914	7933	-8540	11768	-1260	1567
2484	7691	-7948	12364	-1804	877
1701	8285	-8016	13444	-2428	545
2197	8453	-7968	14104	-2084	-503
2077	9349	-8132	15096	-2860	-1268
2574	10167	-7652	13980	-2216	-606
2304	10162	-7840	14828	-2756	1399
3785	10521	-6876	15432	-2892	1379
2372	10251	-4712	15412	-3388	3047
3536	11002	-7284	16680	-4040	1738
5081	11985	-5408	16080	-2788	-1288
1159	12045	-3732	15740	-3740	804
3701	11621	-5088	16208	-3740	-2046
2933	11920	-2380	13536	-2208	-1823
-728	10832	-324	13512	-3580	1764
2197	9113	-2212	12868	-3204	397
2469	8162	116	10516	-1792	-452
-1564	5776	1592	9668	-4580	3800
113	761	-16	7956	-1656	573
129	-1241	1144	8772	-2420	1497
-3073	-5378	792	7632	-2540	1571
-1173	-7323	-1112	9320	-2656	723
-1649	-8956	-1620	10212	-2936	280
-3153	-10698	-2952	10988	-2184	-1510
-3139	-11893	-3580	12440	-2064	-1074
-4753	-14339	-4932	12024	-2628	-735
-3718	-15439	-7976	12100	-2944	433
-3693	-17262	-9232	11536	-2620	297
-6333	-18845	-9788	11548	-2244	651
-6988	-20213	-11896	10260	-2072	593
-6764	-21076	-14080	9724	-3064	846
-7300	-22562	-13696	10444	-3240	-66
-9478	-23888	-14064	10764	-2636	-1546
-8144	-22804	-17268	8952	-2564	-3500
-7101	-22973	-18424	7812	-2536	-3238
-8624	-23297	-16872	7752	-1292	-3440
-8353	-23294	-17984	7248	-1212	-2892
-6744	-22761	-19508	5708	-928	-2566
-6449	-21629	-19092	5488	-296	-1284
-6397	-20481	-18408	4560	260	-874
-5040	-19550	-18812	3904	636	-445
-4381	-18083	-18188	3060	712	-251
-4210	-16935	-18112	2412	1076	-205
-3656	-15174	-17996	888	1704	469
-3287	-13304	-17756	240	2044	1182
-3419	-12154	-16668	-500	2116	866
-3885	-10699	-16180	-456	1872	1265
-3627	-8751	-15684	-960	2368	214
-3687	-7269	-15432	-1484	2496	-47
-3404	-5740	-15400	-964	2104	-1224
-3405	-4287	-15080	-1300	1848	-2113
-2891	-2299	-14576	-896	1944	-3378
-2316	-372	-14112	-1096	1752	-3842
-1342	1506	-14236	-1396	2200	-3897
-299	2974	-14352	-2432	2428	-2516
576	4431	-15016	-1848	2068	-1527
1270	5841	-15744	-2068	2264	-1362
1637	7058	-16036	-2100	2120	1
1904	8602	-16304	-1320	2084	-387
2418	9634	-16948	-1184	2144	-627
2647	10769	-16452	-456	1892	-482
2828	11780	-16408	752	1432	-1091
3146	12760	-16516	1000	1648	-1500
3691	13476	-16668	1728	1692	-1444
3813	14404	-16528	3036	920	-1205
4251	15239	-16588	3164	1320	-1591
4944	15794	-17132	3920	872	-672
4727	16505	-16908	5228	312	-1039
4709	16855	-17436	5856	-92	-1256
5071	17838	-16844	6936	-56	-1621
4399	18521	-15988	7304	-88	-1571
5568	18636	-16688	7728	168	-642
5936	18335	-15496	7736	200	447
5546	17747	-14364	8172	64	1504
5485	17060	-13720	9100	-168	1805
5373	16149	-13068	10316	-604	1731
4609	15508	-11012	11620	-440	1231
3795	15119	-10204	12292	-492	110
4567	15946	-10992	12528	-372	57
3834	15185	-9816	12784	-896	990
2997	14550	-8504	14528	-1628	110
3008	15056	-7744	13736	-308	71
3934	15495	-8708	14480	-1756	938
3686	14875	-6688	14852	-1836	-423
1050	13951	-5164	14104	-1712	220
2295	13191	-4876	15408	-2084	-1086
1339	13007	-3956	13352	-2512	-744
1320	12645	-2720	12676	-2264	205
833	10886	-1808	12944	-3780	1077
1072	9572	-1288	12236	-2880	-469
237	8007	64	11444	-2192	2064
-360	6064	76	12676	-4260	969
1088	3698	432	10232	-2272	-20
-1424	1474	1748	11144	-3432	1882
562	-395	-696	10484	-1716	-597
1822	-313	568	10464	-1412	941
-2854	-2865	1968	11016	-2268	1064
-710	-4656	-616	11352	-1436	549
560	-6303	-2216	12612	-1500	1243
-1687	-8846	-1672	14488	-2368	-2233
-4209	-9156	-1776	12948	-2220	-203
-2821	-10142	-4060	15636	-2576	-932
-1971	-10846	-5460	13692	-2540	-508
-5227	-12750	-4392	12512	-2904	654
-4859	-13770	-7184	12728	-2644	2191
-3155	-14715	-9372	11780	-2316	757
-6238	-16530	-9788	11652	-1892	669
-7764	-18188	-11164	12376	-2788	-1152
-8489	-20071	-10848	11276	-1872	-1903
-8425	-19987	-13104	10248	-2116	-4027
-7135	-19432	-15104	9084	-972	-3945
-9382	-21236	-14056	9348	-1292	-2982
-10169	-22467	-14268	7968	-380	-3529
-8067	-22413	-16040	8224	-1072	-1825
-7729	-21890	-15952	7816	-244	-1846
-7502	-20595	-16192	6532	900	-1911
-5905	-21115	-18612	5080	1060	-200
-4526	-20883	-19252	4280	1220	650
-5656	-20023	-17908	3972	1708	-66
-5191	-19555	-18252	2928	2328	214
-4400	-18442	-18384	2160	2224	277
-4192	-17787	-18220	1136	2532	607
-3969	-16939	-17960	692	2544	211
-3790	-15825	-17984	384	2680	-223
-3900	-14220	-17252	492	2732	-1097
-4227	-12033	-16252	-28	2416	-2222
-3908	-9958	-15804	372	2792	-3313
-3648	-7753	-15060	-960	3264	-3649
-3251	-5637	-14760	-1532	3460	-3026
-1921	-3766	-14828	-1696	3156	-2182
-1289	-1844	-14268	-1348	3152	-1524
-730	74	-14452	-1856	3128	-714
236	2077	-14908	-1716	2972	131
786	4190	-15316	-1520	2240	-342
1247	6017	-15044	-1360	2436	-377
1722	7793	-14796	-848	2072	-309
2821	9310	-15364	-948	1608	-1073
3850	10574	-15912	-740	1920	-1326
4551	11803	-16488	-408	2416	-919
5151	12973	-17272	320	1536	-1344
5710	13915	-17668	456	1600	-1390
5496	14690	-18048	1236	1972	-1094
6047	15659	-17780	2432	1640	-1502
5755	15929	-17292	4080	72	-1590
6248	16875	-17560	4640	272	-3026
6623	17750	-17740	4816	832	-2543
6330	18617	-16896	5052	140	-2379
6358	18381	-17624	5528	588	-932
6416	18566	-16904	6128	680	-356
5883	17609	-15740	6428	260	137
5525	16923	-15032	7192	72	352
5322	15975	-14116	7884	-100	301
4918	14612	-12812	8700	-472	605
3840	13879	-12148	9632	-840	-269
3696	13377	-11576	9836	-1076	-402
3521	12343	-9980	11060	-972	176
2520	12103	-8888	12148	-1836	-23
3356	12785	-9004	11900	-1192	-45
4517	13077	-8512	13540	-2852	2587
4607	12964	-7588	14176	-1984	3150
6586	14913	-9128	15244	-2948	2831
6552	15507	-9164	13940	-3352	1930
4706	14787	-7764	15124	-3112	852
3045	13021	-5980	15224	-4616	-1477
866	10835	-3376	12652	-2328	-2086
860	10276	-3764	15024	-3752	-1298
3419	10724	-4500	13796	-3112	-4493
520	10740	-1980	11956	-2112	-275
-667	8829	-1576	14556	-4884	1502
2769	7596	-1776	11608	-3140	707
87	6575	388	11924	-3280	5240
235	4718	-608	14388	-4568	1252
2637	3333	-152	9684	-1312	2103
-1245	1622	1112	14100	-5520	1977
1312	146	-956	11548	-2160	-1729
18	-525	776	10684	-2484	2108
-2049	-3088	40	13772	-4268	-250
1068	-3631	-1292	11112	-1488	-180
-2286	-4485	-472	12720	-3660	1652
-1692	-6777	-2276	12704	-2644	-525
-1499	-7764	-2100	12848	-2672	843
-3495	-9254	-3440	14180	-4588	-1504
-2376	-10005	-4616	12868	-2380	-3049
-5219	-10760	-3788	12584	-2460	-2577
-4736	-12051	-6588	12792	-3480	-1630
-3390	-14338	-7688	11860	-2076	-2217
-6355	-15259	-7972	12356	-3044	120
-5947	-16623	-9024	11588	-3848	-1302
-5602	-16736	-10796	11284	-2620	-1229
-5615	-17185	-12432	12104	-3120	-2288
-7021	-18323	-12212	11920	-1728	-2909
-8020	-18211	-13368	9996	-1344	-3611
-5929	-18680	-15028	9856	-1048	-2014
-7349	-19629	-13720	10520	-1316	-687
-7751	-18548	-14976	9252	-576	-2330
-5128	-18235	-16916	6916	252	-1404
-5390	-18279	-17464	7640	-728	332
-5899	-17724	-16904	6148	616	-1190
-5471	-18083	-16968	4268	1652	815
-4550	-18512	-18560	4444	508	1738
-4436	-17642	-17680	3708	1560	1157
-6088	-17042	-15896	2640	2020	1976
-5497	-16968	-17316	2672	1396	1747
-4515	-15853	-17244	1596	1440	1053
-5203	-14701	-16460	1076	1928	879
-4643	-13836	-16732	1040	1900	247
-4127	-12535	-16516	680	1956	-1245
-4099	-11212	-16000	-464	2584	-1654
-3864	-9762	-15720	-324	2264	-2083
-3286	-8034	-15624	-596	2208	-3289
-2805	-6316	-15192	-1504	2876	-2791
-2697	-4749	-14840	-1520	2976	-1727
-2067	-2685	-14804	-1372	2996	-1943
-1657	-915	-14656	-1912	2992	-1186
-1223	623	-15016	-1712	3012	-260
-62	2080	-15664	-1824	3008	-255
489	3437	-15124	-1560	2600	-41
1036	4997	-15256	-1276	2616	-137
2269	6551	-15852	-936	2564	-267
2792	7894	-15852	-896	2184	-430
3577	9155	-16508	-324	2324	-753
4335	10481	-16856	-264	2388	-757
4478	11460	-16324	764	1952	-974
4572	12478	-15976	1260	1268	-1575
5392	13511	-17516	2340	1276	-1751
5703	14735	-17680	3064	1268	-2364
5051	15505	-17036	2880	1084	-2041
5233	16495	-17144	3792	1204	-1611
5784	17080	-17708	5036	296	-1593
6314	17414	-17396	5660	12	-1874
5591	17719	-16140	5668	416	-925
5743	17944	-16092	6456	-128	-688
6332	17737	-16008	6716	80	-828
5986	17291	-15040	7388	12	-90
5486	16264	-14712	7656	36	38
5645	15649	-13512	8488	340	274
4069	14210	-12076	9568	-756	1014
4191	13226	-11096	11096	-1016	1030
4175	13421	-10068	12352	-1048	162
3715	14242	-9356	12284	-1332	206
5271	15028	-9288	13956	-1824	239
4946	15387	-9920	13760	-2168	121
5658	15884	-9688	13124	-1580	467
4515	15332	-8172	14500	-2788	1958
3905	14110	-7708	15484	-3804	888
4611	13985	-6452	14116	-2948	-679
3365	13993	-4912	13672	-2716	884
2614	12397	-4320	14360	-4208	817
3489	11015	-3764	13296	-3528	-447
1485	10394	-2040	12272	-2828	1183
1472	8375	-1332	13040	-4056	389
1186	6318	-924	11036	-3460	-291
694	5450	388	10912	-2768	1072
597	3523	-660	12340	-3572	1104
2570	2262	-964	10160	-1896	807
-1201	-217	1516	12616	-3564	1248
-360	-1362	-1464	10968	-1832	-781
856	-1671	-560	11244	-1300	335
-2456	-4079	-348	11664	-3108	389
-1038	-5859	-2096	11864	-2132	-1258
-3225	-7010	-1732	13160	-1604	-948
-2921	-8262	-4272	13508	-2096	-2146
-3115	-9613	-3300	14548	-2032	-4246
-6451	-10133	-3684	12232	-1452	-975
-3490	-10925	-6400	15048	-4032	-115
-4370	-12479	-5696	13184	-1796	-1862
-6151	-10938	-8588	13576	-2852	754
-2545	-11723	-10716	14880	-2132	-3172
-8546	-13842	-7860	11348	-1040	-579
-8392	-15792	-10568	12368	-2704	-186
-5923	-17097	-11312	10352	-1624	-1682
-8620	-17045	-12432	10396	-1652	-1935
-8399	-17880	-13264	9688	-976	-3078
-9753	-19121	-14520	10268	-1412	-4215
-9078	-18558	-14848	7980	-384	-5051
-8694	-19722	-14460	7384	-492	-2941
-7138	-20093	-15888	7404	544	-2366
-6014	-19928	-16480	5712	1372	-1739
-5840	-20229	-17640	5212	1904	-22
-5108	-20082	-18560	5764	1348	163
-5189	-19820	-17272	4772	2136	-570
-5739	-19251	-17280	4376	2144	-1078
-4246	-18428	-18652	3032	3008	-1211
-3758	-17137	-18008	2208	3628	-923
-4184	-16138	-18524	1468	3224	-709
-3684	-15128	-18304	624	3364	-980
-4221	-13825	-16168	628	3788	-1012
-3803	-12560	-15820	-60	3304	-1134
-2146	-11587	-16220	-112	2932	-2171
-2158	-9710	-15260	140	2844	-2986
-2443	-7129	-14136	-1316	3564	-2807
-1352	-5191	-14676	-940	3280	-2260
-255	-3547	-14868	-984	3120	-2225
-670	-1244	-13552	-1308	3308	-1418
105	799	-14296	-816	3408	-702
1406	2982	-14784	-964	3220	-590
1553	5214	-15012	-704	2960	-484
2573	7118	-15716	-892	3264	-212
3287	8807	-15756	-820	3076	462
3742	10477	-16392	-464	2820	256
4794	11682	-16832	-552	2904	565
4795	12514	-17336	0	2676	661
5417	13262	-18200	812	2268	-288
5248	14130	-17764	1236	1852	-1216
5006	14685	-17988	2244	2076	-1625
5402	15214	-18200	3588	944	-1940
4916	16227	-17136	4796	-40	-2299
4941	16941	-17276	5032	1056	-1719
5448	17826	-16556	5864	60	-1469
5339	18445	-16044	5536	456	-762
5975	18447	-15376	6696	172	893
6585	18324	-16268	7932	-580	241
6629	18641	-14812	7308	-276	418
6089	18273	-14296	8864	-476	624
6577	17556	-13440	8424	-416	632
6412	16427	-13276	9152	-428	1392
6272	15554	-11428	10108	-56	2018
4708	13826	-10100	11488	-1212	2481
4857	13562	-9520	12588	-1512	1158
4645	13874	-8588	14048	-1728	794
4452	13951	-8100	14788	-2772	-193
5435	14720	-8552	12860	-1648	-546
6020	15747	-8908	13844	-928	890
4340	14437	-6620	13916	-2816	2907
2387	11387	-4596	12656	-2088	3495
3661	11066	-4900	13904	-3776	2440
3317	10381	-3144	13460	-3176	1508
1772	9673	-2972	14168	-5196	1386
4320	9147	-3080	13312	-3728	-2222
1623	9302	-760	11904	-3044	2147
2101	7548	-2156	14352	-5548	545
2750	5117	-172	9580	-2384	1028
-1742	3463	1812	11184	-4140	5523
2543	1391	-1888	12612	-3216	1047
1158	823	1252	10928	-3124	806
-3659	-2384	328	11088	-4432	1845
2376	-2576	-2840	12008	-2188	-2580
-2675	-3558	1452	10844	-2612	-341
-4704	-6748	-1372	12608	-3892	402
1	-6992	-3984	12516	-2304	-2077
-4809	-7636	-1768	11828	-2040	-2536
-4888	-9383	-4072	13996	-5096	-1095
-4115	-11910	-5008	11932	-2472	-2466
-6693	-12197	-5272	14000	-4292	-1431
-5789	-13475	-8404	12148	-3620	-1771
-4960	-13737	-8296	14632	-2956	-4244
-8168	-14115	-8588	11500	-1968	-2588
-5875	-14778	-11576	14552	-4412	-4695
-6707	-16190	-10620	11040	-1736	-4667
-7807	-16082	-12604	11708	-1980	-3560
-6521	-17765	-13600	9664	-1348	-3098
-6988	-18541	-14908	9268	-1192	-2856
-6565	-18951	-15156	8032	-104	-1956
-7819	-21057	-15524	9324	-1536	-761
-6647	-19864	-16148	8240	212	-3881
-7193	-19423	-16008	5584	1148	-985
-6278	-20170	-17296	7704	-384	498
-6289	-19115	-15040	5984	1044	-662
-6109	-18789	-16704	4328	1936	815
-3557	-18124	-19508	3864	1600	1497
-4598	-17100	-17448	2624	2336	1704
-5286	-16792	-17068	2684	2304	1969
-4136	-15611	-17192	2216	1700	1514
-4701	-14377	-16024	1492	1928	359
-4008	-13850	-17360	1928	1340	270
-3594	-11566	-16572	2412	1492	-2111
-4541	-9535	-15332	1568	1752	-3110
-3260	-7596	-16116	1252	1912	-3226
-2053	-5101	-15432	1032	2448	-3046
-1725	-2742	-15192	148	2624	-1705
-449	-610	-15344	92	2872	20
554	1392	-15624	212	2616	958
1137	3414	-15388	136	2460	1277
1658	5348	-15772	180	2136	1168
2585	6938	-16088	484	2084	707
2742	8439	-15560	756	1964	-131
2998	9830	-16096	756	1248	-654
4221	11021	-16488	1716	968	-1506
4574	11900	-16412	2004	1076	-1935
5092	13171	-16204	2504	956	-1622
5887	14043	-17316	3484	868	-1450
6800	14829	-18096	3584	1124	-1587
6862	15400	-17560	4052	824	-757
6918	15947	-17632	5524	240	-900
6783	16509	-16848	6532	-180	-1150
6569	16962	-16924	7512	-612	-1382
6838	17708	-16152	8116	-528	-2154
6246	18241	-15616	7580	4	-1272
6782	18016	-15812	7764	-280	117
7060	16652	-15280	7352	-364	1476
6510	15479	-13292	8324	-440	2133
5414	13985	-11644	8840	-944	2282
4859	12558	-10260	10152	-1504	1832
4354	11564	-8892	10764	-2020	889
4624	11359	-8664	10644	-1384	285
4781	11119	-9592	11512	-2256	586
4296	10453	-9048	11836	-1928	-366
3010	10124	-7728	13064	-2676	314
2724	9148	-7000	13248	-2956	451
3645	9099	-7136	13644	-3576	1763
4045	9822	-6348	14944	-3608	2509
3797	10370	-6404	15940	-4432	2761
4622	11323	-6496	16240	-4856	2281
4972	11782	-6260	15712	-4300	1593
4801	11883	-5316	14648	-4776	2675
4050	10963	-3988	13980	-3660	1350
2232	9669	-1956	12944	-2784	3055
1184	7775	-1688	13516	-6468	2182
1738	5320	-1728	10432	-5084	806
788	4413	-368	11496	-5080	-160
1317	4007	-1056	11340	-6468	-2383
-721	1705	112	8488	-2456	-1809
-1326	-330	-32	10980	-4280	-319
429	-1611	-1332	9512	-2800	-2562
-2309	-2737	632	9136	-3308	-639
-3437	-5974	-1328	11188	-4748	1202
-503	-8128	-3660	11344	-2808	-1516
-2787	-7622	-2532	12484	-3348	-1892
-5663	-9886	-3188	12840	-3732	-861
-2962	-10094	-6132	13936	-2992	-1028
-3395	-10651	-6460	13324	-3324	-174
-6725	-12635	-6824	14024	-3376	144
-5487	-12805	-9180	13168	-3932	517
-6151	-13889	-9240	12604	-4408	284
-7869	-14875	-9928	12584	-4144	-1230
-7741	-15064	-11580	11156	-4760	-2165
-7342	-15849	-12380	11148	-4036	-3357
-8534	-16393	-12276	10856	-3084	-4744
-8630	-16191	-13780	9344	-2936	-4391
-7207	-16905	-14836	8580	-1944	-3276
-7895	-17815	-14688	8244	-1600	-1989
-7446	-17962	-16200	7108	-904	-1019
-6271	-18445	-15808	7204	160	227
-7640	-18980	-15720	6364	592	463
-6233	-18783	-17036	6020	424	670
-7087	-18671	-15888	5252	664	890
-6599	-18428	-17632	4396	1124	520
-5908	-17527	-18108	3484	948	466
-6709	-16514	-17240	3152	-17984	2628
1512	1150	-5286	-15145	-18140	2560
1264	772	-5490	-13309	-17484	2256
1636	241	-5670	-11389	-16980	1860
1280	131	-4940	-9778	-16564	1600
1380	-831	-4233	-7911	-15912	928
1540	-1704	-3725	-5700	-15524	32
2364	-1820	-2662	-3810	-15616	-684
2840	-1552	-1640	-2328	-15044	-424
2216	-1330	-1279	-977	-14704	-468
2160	-1751	-406	454	-14804	-828
2632	-1411	281	2095	-14448	-1136
2308	-1154	851	3233	-14912	-1352
2688	-643	1536	4312	-14992	-1224
2324	-151	1760	5033	-14592	-584
2644	-462	2224	5952	-14748	-488
2312	-386	3173	6665	-15588	-72
2112	-970	3726	7196	-16396	-56
2208	-1048	3864	8191	-16552	516
1948	-1681	4044	8821	-17060	792
1764	-1615	3960	9405	-16668	1212
2000	-1911	3826	9907	-16440	1976
1544	-1268	4132	10631	-16440	2676
1328	-1474	4439	10912	-16320	2912
1348	-1605	4653	11205	-16132	3568
644	-1780	5067	11577	-16508	4044
612	-1880	5595	11930	-16148	4668
264	-1549	5184	12402	-15988	5552
52	-1353	5464	12905	-15764	6388
-1036	-1384	5780	13111	-15964	7052
-916	-2006	6243	13545	-15440	6976
-408	-1816	5887	13403	-14412	7388
-672	-1058	6276	13302	-14772	7668
-140	63	6587	13145	-14664	7688
-204	1037	5831	12339	-13636	7512
-296	1841	5257	11071	-13244	8396
-768	1885	4328	9880	-11976	8492
-1096	1451	3736	8544	-10792	10328
-1640	344	2678	8259	-9288	11672
-3088	-1135	2558	8903	-9672	11904
-2724	-2328	3612	10127	-10704	12320
-2816	-2779	3554	10588	-10976	11904
-2472	-1612	3775	10083	-10220	11888
-2120	954	3491	8862	-9728	12104
-3004	2947	3225	7270	-6852	15772
-4232	3030	2337	8277	-6132	16904
-4932	1143	6223	12456	-8816	15832
-3896	-1137	6517	14613	-9328	15468
-3592	-28	4581	13569	-6992	14648
-3540	1229	4239	11817	-5608	13612
-3348	2697	3884	11574	-4996	12544
-4860	3336	3682	10060	-3780	12840
-4548	3552	2720	8603	-2148	12924
-4624	1081	2051	8010	-1868	11720
-4752	674	2739	6885	-1624	10656
-3980	17	1263	4779	-608	10460
-3300	-124	-255	2334	-872	9256
-3636	1860	659	-338	-1392	9956
-3020	-108	-600	-1642	-1024	9628
-3616	817	-1817	-4261	-988	10596
-3500	-831	-2108	-5603	-1808	10820
-3024	-1509	-3017	-6912	-3152	11932
-4128	-1321	-3276	-8922	-4156	11356
-2580	-2632	-3762	-9109	-4748	12572
-3044	-1633	-5430	-11062	-6164	12236
-3684	-93	-5672	-13221	-7440	11988
-2912	400	-6156	-14086	-9312	12584
-4404	747	-6562	-15297	-9372	12164
-3784	-1072	-9500	-16475	-9636	12168
-4216	-1247	-7513	-16072	-13552	11880
-3544	-3695	-8497	-16354	-3431	-11009
-17512	-12672	11604	-3832	-3906	-7677
-16808	-14564	-15340	8808	-2076	-1699
-7771	-17551	-14948	8632	-1440	-1314
-8138	-18049	-15584	7980	-1452	-719
-6681	-17268	-15676	7500	12	-1061
-7366	-17247	-15384	6068	440	-372
-6027	-17588	-17448	5636	-68	-169
-6340	-16974	-16632	5172	728	93
-6994	-16196	-16620	4576	1108	-158
-6179	-15763	-17364	3540	1220	528
-5620	-15103	-17948	3056	1776	991
-5413	-14401	-16412	2660	1592	1527
-5556	-13656	-16416	2772	1652	1899
-4275	-12462	-17308	2660	1144	1112
-4641	-10386	-16112	1928	2152	415
-4734	-8700	-16492	1428	1836	66
-3446	-7150	-16464	772	1868	-664
-3176	-5806	-15700	560	2168	-1132
-2582	-3930	-15360	196	2096	-1564
-1451	-2354	-15636	36	2124	-1764
-790	-867	-15308	-132	1932	-1619
-301	428	-15360	-132	1792	-1284
287	2087	-14788	-32	2236	-1097
1048	3657	-14996	164	2104	-734
2274	4624	-15616	704	2256	-304
2432	6129	-16044	1440	1672	-832
2499	8206	-15568	1456	2000	-1249
2807	9647	-16012	2032	2024	-1271
4043	10468	-16700	1800	1468	-1499
5070	11541	-16740	2560	1316	-857
5416	12514	-17696	3344	1540	-845
6266	13219	-18492	4228	760	-965
5523	14452	-17224	5136	304	-1479
5621	16300	-17012	6436	-48	-2158
5685	17727	-17108	6808	348	-2532
5704	18418	-17044	6984	176	-2353
6124	19024	-16144	6932	924	-1441
7010	18855	-16052	6940	432	588
7463	18067	-15224	6956	744	2024
7579	17148	-15320	7952	-96	2781
7108	16124	-13556	8588	-800	2474
6224	14810	-11880	9568	-1564	1392
5516	13867	-10520	10104	-1500	-121
4987	13155	-9232	10192	-1632	731
5483	12366	-9560	10716	-1900	1026
5407	12226	-7888	11516	-1632	2876
4545	11489	-8456	12620	-2644	4384
6702	12346	-9432	13276	-3052	3696
5031	11650	-7932	13452	-3668	5249
5309	9906	-7516	14280	-4584	3397
5126	9641	-6508	12332	-3884	1845
3896	9655	-5212	13336	-4412	2059
4015	8436	-3780	15188	-5756	-484
3349	8759	-3592	13972	-5244	51
5608	9982	-5240	15116	-5616	-234
6496	10596	-4240	14036	-4128	-2197
2356	9698	-1416	12184	-3332	2920
2342	6731	-2028	13428	-5840	2725
2467	4769	-940	10248	-4372	1871
-636	3506	536	11560	-5256	2325
1980	2266	-1736	11320	-4908	-1193
-78	1348	780	9436	-3952	-750
-2207	-1266	-876	11244	-4468	-920
397	-2243	-2120	10804	-3476	-2983
-4276	-4218	244	10516	-3416	-1665
-3158	-6773	-2892	12892	-4564	-2331
-3043	-7687	-2084	11792	-2980	-4305
-6281	-8098	-3040	12488	-4056	-1468
-2822	-10078	-6512	13976	-5424	-2069
-5301	-12080	-4664	11704	-2528	-2232
-7315	-12114	-6996	11516	-4160	1427
-4538	-14370	-9344	11580	-3240	632
-7870	-15391	-9356	11668	-2976	-120
-9127	-16532	-10996	10928	-2776	-1061
-9102	-18735	-11880	11980	-3500	-2809
-10539	-18425	-12940	11580	-3520	-5133
-9973	-17831	-11800	11240	-3180	-5644
-10095	-17944	-13116	10808	-2752	-5068
-7218	-16753	-15228	9888	-1360	-4328
-7714	-16845	-14392	9456	-1104	-1742
-7177	-17103	-16516	8912	-304	-1182
-5550	-16189	-18848	6768	760	-805
-6473	-16416	-18928	6456	748	-177
-8537	-17349	-16528	5816	1112	-1381
-8623	-17502	-15808	4756	1388	-2304
-7486	-17556	-16660	3456	2620	-2074
-7253	-16777	-15996	2808	3036	-1275
-6966	-16527	-17100	2496	2468	-522
-5323	-16147	-17844	1892	2828	-760
-6069	-15693	-16756	1756	2884	-1169
-5958	-15013	-17160	1388	2532	-2167
-5242	-13176	-15896	1160	2768	-4026
-5475	-11741	-15076	364	3116	-3511
-4335	-10024	-15576	208	2996	-3139
-3094	-8072	-15440	-504	3456	-2526
-2683	-5885	-15200	-64	3392	-1334
-1810	-3727	-14996	-388	2952	-1064
-771	-2032	-15104	-296	2912	-613
215	429	-14932	-228	3292	-512
1055	2897	-15148	188	2640	-603
2185	4987	-15452	104	2816	-643
3078	7172	-15760	168	3044	-115
3936	9419	-15760	572	3052	5
4638	11048	-16280	500	2824	460
5349	12357	-17064	936	2480	247
5971	13837	-17352	1616	2184	-118
6133	15043	-17480	2444	1672	-405
6720	15876	-17876	2180	1692	-1318
7423	16503	-18408	2168	2296	-354
7203	16726	-17196	3400	1576	130
7360	16595	-17484	5424	-36	212
7800	17240	-17176	6676	-40	-471
7269	18408	-15980	6976	-460	-1026
7756	18960	-16368	6980	20	-1155
8367	18519	-16528	6528	-4	324
8580	17578	-15640	7448	-384	981
8024	15985	-14892	7856	-44	1778
6882	15241	-13900	8596	-960	2000
5861	14215	-11744	9184	-924	1504
5149	12418	-10392	10304	-1584	1627
5313	11717	-10132	10636	-1332	728
5114	11386	-9388	12212	-2620	393
4045	11284	-7548	12624	-2152	-824
4449	12494	-8404	12736	-1808	-455
6318	13073	-9936	12348	-2712	1197
5677	11783	-7436	13276	-2328	1636
3582	10644	-6020	14108	-2940	2525
4630	10921	-6968	14404	-4092	202
4804	10925	-5844	14020	-3576	-360
2862	10163	-4776	14628	-4340	-619
4092	10492	-5208	15060	-5524	-1731
3336	10665	-3576	13744	-4824	580
2187	9333	-3328	14676	-5808	1055
4554	9341	-3172	13196	-4460	-896
40	7536	864	11924	-3344	3234
-310	5449	-920	13392	-7660	3612
3663	3339	-1524	9512	-2928	-660
-800	2955	1712	11180	-4076	841
-494	846	-1044	9956	-5620	1566
1279	-971	-920	9296	-3332	-796
-2510	-3184	336	9748	-3812	1714
-1384	-5604	-2028	12124	-4016	-25
-941	-5895	-1976	11144	-3260	-1248
-4375	-7411	-1432	11196	-3740	-659
-3556	-9545	-3788	12640	-2828	123
-3282	-10485	-5128	12552	-1556	-1037
-6266	-11535	-5380	12492	-2920	269
-6649	-13610	-7308	12684	-3740	96
-5870	-14112	-9452	11364	-3004	-845
-8584	-15363	-9544	12080	-3476	-1718
-10264	-17254	-10692	12308	-3600	-3742
-9896	-17364	-11372	12676	-5620	-5692
-9543	-17492	-12008	13600	-5896	-8788
-8690	-15552	-13156	13276	-5076	-11436
-7240	-13885	-13052	11424	-2796	-9673
-5633	-15328	-14392	11512	-2612	-5717
-3889	-15819	-15584	8964	-180	-2631
-3133	-14972	-15232	7256	2700	1807
-3588	-16725	-16436	7240	1620	4872
-3512	-17703	-16388	8024	532	4913
-4943	-16358	-15072	7020	2144	3193
-5393	-15823	-16596	6412	1340	2011
-5189	-15804	-17128	5144	1316	1469
-7109	-15030	-15292	5180	1412	738
-6992	-14332	-16412	4024	1416	197
-6176	-13397	-16108	3140	1716	711
-6773	-12580	-16004	2104	1544	1272
-5533	-12218	-16724	2060	1832	1301
-5395	-11514	-16656	1552	1712	1566
-5477	-10069	-16484	988	2140	1186
-5069	-8850	-16432	1344	2408	479
-4794	-7905	-15216	932	1980	-459
-4000	-7138	-15416	1076	1964	-1609
-2002	-5549	-15504	744	2448	-2284
-1718	-3964	-14788	684	2160	-2000
-528	-2272	-15400	848	2156	-1437
324	-388	-15356	528	2180	-698
856	1536	-15344	1456	1672	-435
1740	3448	-15380	1432	2132	-338
2589	5347	-15548	1796	1680	-445
3733	7273	-16744	2596	1496	-1120
4780	9595	-16364	2448	1576	-1294
4983	11284	-17080	3272	1940	-1216
6319	12934	-17728	3680	1228	-1160
6861	14298	-17316	4188	896	-1307
7311	15750	-17044	4600	576	-1650
7810	16641	-17732	5432	620	-1206
8142	17778	-17468	6140	-92	-1987
8229	18939	-17416	5816	148	-1988
8514	19361	-17812	6324	144	-1316
8707	19148	-17224	6700	36	-364
8469	18231	-15456	8708	-1192	741
7473	16983	-13692	9444	-1324	-193
6292	16303	-12032	9956	-1620	175
6384	15682	-11196	10456	-1168	-405
6814	15066	-10972	9912	-1000	22
6384	14320	-9756	10660	-1904	924
5480	13021	-8220	12308	-3136	674
5291	12469	-7668	14812	-2928	-2523
6187	14814	-9228	13692	-1492	-5291
6091	15713	-8412	12616	-2260	-3529
3534	12579	-6692	12824	-2584	-1322
2768	10832	-5352	12848	-2720	-856
2171	10017	-3884	13980	-2952	-148
1888	9844	-4192	13456	-3692	1295
4116	9029	-4672	15024	-3504	-696
2087	8786	-2148	13636	-2480	-524
-546	7690	-836	13200	-4028	2736
2497	5759	-2564	12736	-4280	808
3100	5544	-1148	10556	-1460	608
-689	3581	-8	11448	-4688	3820
1549	667	-1448	11724	-2528	-876
168	-95	96	10000	-1948	571
-1704	-2053	-1124	11524	-3040	1095
1599	-4190	-2528	11980	-1832	-1475
-2707	-5195	-520	11308	-2212	105
-3008	-6703	-2552	13368	-2076	356
641	-6995	-4764	13972	-2464	-969
-3832	-8186	-3596	11952	-2040	-543
-5222	-10025	-4576	12468	-2004	1087
-4526	-12530	-6796	11176	-2740	2187
-5238	-14453	-8532	10816	-2844	1846
-7029	-15957	-9104	11548	-2520	420
-9714	-17289	-9776	10824	-3600	-1094
-8582	-17861	-11436	10528	-2452	-1344
-8710	-18979	-14020	10620	-2272	-1033
-8186	-18912	-16620	9720	-1532	39
-10246	-21065	-13696	9688	-1408	2596
-12097	-22526	-16200	9472	-1784	1086
-8357	-21079	-17688	6428	-776	685
-10638	-22132	-15988	7016	-1564	1085
-10647	-21881	-18056	6768	-1752	-1183
-9303	-20822	-18316	5100	-248	-1862
-16908	4448	-128	-1229	-9048	-20272
-18888	3908	-68	-1030	-7194	-19153
-17948	3188	792	-642	-7487	-18665
-16536	2724	1352	-12	-5383	-17848
-18532	2076	1176	542	-3719	-15920
-18324	1748	1872	705	-4255	-13829
-17152	1504	1740	521	-3404	-12421
-17168	536	2464	578	-2850	-10449
-16916	464	2292	170	-2682	-8158
-16328	-260	2708	-524	-2712	-6027
-15384	-956	3068	-435	-2316	-4173
-15080	-1488	3096	-565	-1419	-2527
-14928	-1976	3368	-324	-1413	-1313
-14556	-2848	3524	-25	-879	-419
-14856	-2656	3460	122	-393	513
-14480	-2408	2804	-782	-457	1497
-14036	-2500	2736	-1296	300	2609
-14316	-1948	2640	-2236	1179	3379
-14596	-1920	2504	-2652	1644	4452
-14764	-1576	2128	-2974	2325	5607
-14968	-1260	1984	-3010	2965	6903
-15280	-1140	2372	-2594	3767	8149
-16040	-1056	1968	-1781	4421	9040
-16196	-496	1640	-1322	4806	9651
-16452	-628	1964	-338	5491	10559
-17732	564	1488	-1077	6306	11788
-17528	1864	1068	-1320	6158	12476
-17112	2488	604	-2400	6452	13048
-17768	3128	-60	-2048	7007	13877
-17412	4432	-44	-2582	6358	14594
-16856	4840	-1068	-2630	6929	15294
-18060	5984	-1088	-2959	6856	16422
-16236	5860	-768	-2290	6695	16773
-15736	6464	-768	-896	7945	16943
-16416	6960	-1032	-353	7576	16832
-15160	7412	-944	476	6984	16440
-14992	8492	-1772	522	6915	16183
-14352	8692	-1884	-504	6211	15440
-12964	9488	-2296	-722	5615	14797
-11564	9828	-2152	-875	5179	14366
-11184	9708	-1872	-98	5425	13717
-10872	10360	-2260	910	4881	12134
-9148	12260	-2644	1526	3732	12000
-8416	13252	-2744	219	4704	13578
-8420	13132	-2296	-608	4343	13247
-7812	13912	-3640	1626	4858	11993
-8608	14084	-3312	505	5479	12719
-6804	13336	-3024	-773	2139	11763
-4592	13112	-3952	1675	3074	10293
-5496	13812	-3588	902	4415	10319
-4684	13584	-4012	-762	1772	10830
-2768	13688	-4948	-534	2249	9649
-3032	14100	-4472	155	4391	8967
-3148	13756	-3712	-1233	1952	9176
-476	10528	-4212	2833	128	6008
-32	11872	-5468	4933	4766	5415
-2388	12772	-4200	1896	1941	4043
1260	10472	-3184	1993	-2071	775
568	11328	-5440	2170	2950	6
-1432	11372	-4136	-853	-1994	-1553
1844	9708	-3568	-584	-2441	-3261
-1032	10972	-3888	327	1702	-3993
-3300	11416	-3100	-1	-3736	-6652
232	11340	-4240	334	-5987	-9279
-2112	12136	-4812	1270	-1712	-9556
-4624	13908	-2848	-2354	-4785	-8970
-4496	13228	-3312	-3052	-6311	-10277
-5452	11716	-4368	-1801	-6686	-13552
-6992	11148	-3448	-276	-6418	-14149
-9520	11532	-3088	-415	-7945	-15492
-9360	12384	-2896	-1871	-13072	-17571
-8436	12132	-3872	-2116	-9587	-16032
-12984	11920	-5404	-5883	-9980	-15602
-10152	10164	-2980	-4825	-12737	-17898
-12336	11340	-3232	-3423	-6884	-17126
-15592	9324	-1828	-3119	-8851	-17457
-14280	10316	-1688	-265	-9922	-17965
-15400	9388	-1448	-1272	-7399	-18178
-17420	7224	-1044	-1060	-7644	-18121
-16444	7780	-1000	-1107	-8753	-18150
-15724	6412	232	-2293	-6990	-18619
-17912	5376	328	-953	-6630	-18173
-17228	5260	440	-671	-7200	-17566
-17140	5384	440	-831	-6134	-16390
-17708	4748	772	-962	-5797	-15265
-17324	4588	860	-1793	-5078	-13844
-17284	3856	1440	-1469	-4335	-11956
-16980	3152	1752	-1455	-3794	-10563
-16568	2972	1888	-1125	-2826	-9097
-16880	1928	2160	-1261	-2059	-7336
-16664	1108	2868	-850	-2220	-5906
-15736	204	3016	-616	-1587	-4764
-16012	-508	2776	-365	-1109	-3628
-15740	-640	2940	-218	-1567	-2854
-14952	-612	2944	-63	-1382	-1924
-14648	-508	2492	-230	-1061	-831
-14732	-844	1892	-771	-276	33
-15256	-448	2032	-1005	-139	818
-15152	-904	2360	-1467	161	1844
-15096	-244	2280	-1234	1125	3170
-15528	284	1996	-1343	1763	4039
-15316	476	2060	-1104	2644	4799
-15312	1156	1652	-411	3262	6411
-15528	1740	1692	-922	4066	7871
-16060	1324	1952	-427	4406	8866
-16544	2140	1436	-396	4741	10142
-16620	2216	1644	-483	4754	11351
-16436	2576	1248	-396	5188	11824
-17244	3404	920	-527	5581	12522
-17016	4088	348	-1362	5677	13198
-17064	5060	412	-1601	6229	14127
-17288	5864	-176	-2012	6291	15022
-16896	5072	544	-1516	6768	15206
-16456	5812	168	44	6454	14994
-16104	5952	-344	607	6614	14534
-15780	7104	-1136	920	6131	14357
-14344	7880	-1052	222	6174	14153
-13924	8444	-1168	-310	6135	13953
-13660	8800	-1516	-705	5554	13613
-12684	8864	-1504	-121	5434	13076
-11756	10060	-1536	401	5324	12347
-11536	10444	-2052	682	5275	12510
-11132	10924	-2288	700	5044	12216
-9616	11068	-2136	1212	4478	10998
-9260	12048	-2820	1779	5503	10870
-9412	12952	-2620	1133	4868	11206
-8276	12988	-3108	1039	4516	11283
-7792	14264	-3652	429	4364	10876
-7224	14396	-3428	375	4779	11497
-7780	14280	-3936	-49	5911	12414
-7256	13684	-4176	420	4275	11439
-4752	14528	-5264	1959	2868	9707
-4020	13652	-5668	1926	5491	10804
-4748	13872	-3864	177	4728	11334
-3016	13184	-4756	130	2008	9264
-1960	11860	-5540	1425	3459	7046
-2440	11804	-4108	-610	2590	6586
-380	10808	-3072	693	-633	3793
76	9712	-4696	3323	1817	735
-1680	11812	-3400	-742	868	312
-200	11068	-4368	-154	-2958	-3096
-432	11320	-4464	-1367	40	-3616
-2368	12460	-3580	-3505	-2166	-3866
-1012	11396	-3520	-2539	-4288	-6236
-1652	11628	-3872	-317	-2225	-6980
-3364	12732	-3368	-279	-3280	-7564
-3700	12660	-3884	1120	-4902	-9743
-3312	13544	-4264	1386	-4701	-9848
-5428	12756	-4144	406	-3555	-9007
-7616	12532	-4616	1952	-5623	-11748
-6936	12536	-3544	630	-7588	-12463
-8452	11324	-4284	288	-6947	-13271
-8984	11352	-4544	888	-9933	-15849
-9576	11464	-4076	382	-7271	-14132
-13132	10324	-3840	-2603	-8299	-14941
-12708	10440	-4692	-2068	-10807	-17061
-11832	10816	-4212	-3209	-9329	-16429
-14328	9048	-3056	-4335	-8287	-16479
-14580	8800	-2840	-2431	-9578	-17064
-13824	8952	-2404	-2049	-8384	-17303
-15764	7188	-1364	-1423	-6732	-17137
-17072	6928	-884	-704	-7237	-17344
-16436	6560	-528	24	-7411	-17597
-16332	6244	-360	72	-6234	-17081
-17272	5788	316	-521	-5764	-16294
-16820	4900	1088	-73	-6094	-15416
-17020	4508	552	-94	-4773	-14932
-18244	3812	732	-318	-4678	-13882
-18008	2988	1296	-301	-4955	-12529
-17220	2056	2124	-376	-4882	-11745
-17260	1528	1828	147	-4268	-10234
-16804	1404	1616	-983	-4242	-9292
-15832	-380	2644	-853	-4185	-8725
-15668	428	2216	-1153	-3043	-7711
-15844	52	2084	-2537	-3160	-6366
-14840	136	1516	-2618	-3120	-4913
-14792	-208	2012	-2662	-2822	-3047
-14432	-408	2184	-2030	-2403	-1429
-14316	-80	1724	-1248	-1150	-10
-15168	-160	2112	-807	-261	1481
-14548	-284	1896	-67	428	3283
-15528	-140	2184	144	2504	4547
-17116	320	1796	836	2829	6331
-15976	1132	1164	-220	2929	8320
-15708	1504	812	-909	4676	9959
-16744	1368	1368	-1282	5072	11067
-16196	2112	396	-1286	5409	12417
-17176	2616	216	-2111	6540	13736
-17468	2768	584	-2000	6533	15003
-16952	3660	156	-1590	7401	15908
-17504	4876	-720	-2351	8485	16884
-17672	4876	-968	-2071	8968	17722
-17572	5720	-840	-1368	9559	17943
-17920	5740	-676	-1130	9766	18411
-17384	6836	-1168	-623	9492	18183
-17060	7112	-1400	-466	9605	17519
-15772	7048	-596	-260	-15228	7552
-784	284	7997	15447	-14028	7988
-1044	1213	6316	13489	-12272	9448
-1872	1066	5717	12870	-10332	10672
-3088	-413	4788	12846	-9372	10488
-2316	-1389	5415	12892	-9788	10132
-2924	-806	5776	11519	-10368	10180
-3208	135	5029	10718	-7136	11800
-3324	813	3171	10118	-5056	13004
-3100	1485	5540	11845	-9092	13560
-4552	1505	7799	12911	-8580	13964
-3100	-393	2559	11952	-5580	15020
-4964	250	3917	10808	-6460	15184
-4840	-1108	5470	11812	-5812	14564
-4380	-147	4108	12029	-4760	14280
-4336	1572	3429	11313	-3616	15084
-5284	2112	2872	10359	-2724	14044
-5076	2719	3462	10120	-3148	14272
-6344	523	3273	9491	-1284	12904
-5572	573	956	7873	-276	12220
-7380	1129	2932	6951	-1036	11264
-5180	413	1969	6324	1420	10712
-4608	3758	359	2879	1216	13232
-7320	2212	2524	2047	260	10604
-4228	-1333	-100	1493	2108	11076
-5344	1874	1517	-772	-844	12156
-5644	-1511	785	-757	2748	9440
-3228	712	-3080	-2775	1284	13688
-6400	2502	2121	-4226	-2112	13376
-4604	-987	-2323	-4089	896	12728
-4980	-24	-2549	-5332	-1164	14236
-5304	-899	-2349	-5327	64	13364
-5332	-1776	-5258	-6292	-1588	13284
-4984	872	-1657	-7272	-4064	13536
-5760	-1147	-5836	-8614	-1596	12508
-6672	-1797	-7586	-9441	-3348	11728
-4564	-1484	-2997	-9092	-6524	11248
-4048	-1007	-6047	-11115	-5736	11608
-4440	-1046	-8956	-13726	-6456	10840
-3776	403	-7250	-15004	-9584	9552
-5264	-1001	-8340	-16830	-10328	9512
-3736	-1955	-11409	-18194	-11040	8920
-2880	-2322	-10969	-19487	-11748	7884
-2312	-1856	-12437	-21324	-12876	9412
-3488	-1206	-11983	-21563	-14636	8824
-2104	-2562	-11892	-20899	-16316	7604
-1640	-3225	-11793	-21647	-17248	8092
-2816	-1922	-12096	-22356	-16824	8380
-2532	-1858	-10685	-21414	-18984	6692
-976	-2252	-8653	-20774	-21012	5424
-852	285	-8663	-20052	-19720	6632
-1288	1143	-8839	-18969	-19104	5784
-404	422	-7720	-17400	-18820	4456
-20	-40	-6654	-15778	-18468	3948
436	170	-5911	-13761	-16600	4108
8	-80	-5496	-12309	-17068	2820
596	-486	-3524	-10111	-17408	2152
1020	-818	-3609	-7669	-15716	1552
1428	-876	-2671	-5736	-16536	1372
1576	-635	-982	-4065	-17072	364
1996	-438	-1081	-2493	-15452	-44
2520	-560	-946	-1755	-15612	-660
2692	-382	70	-577	-15792	-1080
3056	-618	111	155	-15940	-2620
4024	-59	215	351	-17004	-2512
4104	368	136	542	-16416	-2372
3664	-338	-1294	390	-15520	-3004
3812	-97	-1228	292	-15820	-2628
4112	23	-1126	292	-14752	-2564
3656	-1145	-2372	-188	-13284	-2400
2956	-1183	-1750	-584	-14996	-3336
3528	-117	-600	-433	-14716	-2140
3680	-1026	-2428	-1026	-13596	-2868
3388	-1530	-2256	-1114	-14492	-1632
2524	-1275	-940	-686	-14624	-2008
2872	-2175	-2050	-952	-13896	-2864
3536	-1270	-1484	-627	-14828	-2448
4036	-737	-226	-697	-14948	-1964
3500	-1145	-1115	-1150	-14376	-2696
3236	-557	-833	-934	-14784	-2144
3556	-286	193	-209	-15152	-2788
4520	-740	-563	313	-14428	-2732
4084	-683	-130	231	-15568	-3096
4392	-345	629	68	-15572	-2976
4664	-71	-423	-295	-14104	-2896
4500	-257	-523	-564	-14100	-2896
4192	57	418	-313	-14344	-2476
4172	357	467	121	-14076	-2432
4368	271	359	196	-14052	-2224
4256	387	819	514	-14384	-2004
4008	-280	1198	680	-14744	-2200
4156	-267	1042	1015	-15148	-2064
4036	-492	1312	1353	-15356	-2080
4124	-873	696	1628	-14404	-2332
3752	-1158	937	1348	-14472	-2228
3868	-619	1485	1289	-14232	-2164
3864	-389	1304	1212	-14568	-2608
3648	247	1802	1440	-15088	-2020
3704	364	1260	1563	-15384	-2432
3528	352	1365	1783	-16280	-1476
3396	132	524	2086	-14360	-1680
3400	-765	-295	1442	-14932	-1748
3212	-167	1959	1657	-17116	-1268
3384	-1058	694	1840	-15120	-2176
3876	-1288	-208	1291	-15860	-1228
3104	-820	1530	1266	-16168	-1364
3268	-1634	-329	709	-14748	-1512
2844	-1409	44	830	-15192	-1284
3700	-1383	201	615	-16504	-3788
1848	-8097	-1630	1796	-14308	-48
2936	185	-6639	3297	-13508	620
3468	-6359	-1302	-3206	-19116	-5028
6048	-5396	-5509	-3056	-17732	-4216
5104	9	-11725	1369	-14260	-2504
5608	-1148	-6975	1071	-15428	-2968
5900	-679	-6059	1101	-11864	-1084
5248	-1603	-4638	-580	-13580	-2668
6040	-795	-3810	-710	-14600	-1688
6204	405	-1641	-101	-15096	-1060
7116	-280	-2655	-694	-13524	-604
6864	-997	-3034	-1986	-13684	-1692
6312	-2819	-1991	-3067	-14268	-2016
6700	-1579	-1466	-2997	-13288	-1376
6072	-1342	450	-1945	-14068	-1708
7500	-420	128	-2660	-14584	-1272
6356	-62	891	-321	-14584	-1272
