0	0	0	0	0	0
-15252	-288	1392	-519	-2159	616
-14688	112	344	-1654	-60	480
-15824	-2136	1200	-210	-1955	488
-14496	-308	1040	-1432	-714	-693
-16464	-1060	1624	-3857	-1538	-2101
-16728	-1664	1428	-6834	-4535	-2903
-9496	-2908	-748	737	3896	315
-12340	-6804	3536	10681	22089	3112
-22796	800	260	11949	8414	-90
-17084	3476	-1120	-2715	-4724	-815
-14148	-3592	-896	-3466	-2355	-413
-14880	-2400	-560	3037	2355	243
-16932	248	-336	2375	1440	-151
-15984	-796	-460	-28	-811	-280
-15396	-1308	-784	655	707	-206
-16412	-792	-732	576	781	-80
-16152	-872	-548	-45	-5	61
-16080	-1032	-616	-357	490	233
-16728	-584	-896	-1125	443	416
-16552	-860	-1040	-2090	-435	288
-16300	-1340	-824	-1315	288	97
-16784	-1200	-516	-644	396	46
-16336	-992	-444	-1148	-26	21
-16360	-1308	-552	-1089	156	4
-16116	-1180	-488	-785	46	208
-16232	-1348	-232	-717	214	212
-16596	-1228	0	-446	213	339
-16832	-1052	-152	-714	-39	442
-17136	-1072	-480	-563	-47	560
-17284	-1504	16	-348	-409	528
-17400	-1128	200	258	-312	418
-17844	-980	-184	-319	-589	267
-17748	-1096	-440	-768	-1182	201
-17536	-1252	-416	-776	-1172	211
-17184	-1088	-20	-635	-1420	120
-16920	-712	-124	-1251	-1332	-11
-17124	-1228	-476	-1949	-1825	-91
-16528	-1780	-364	-1306	-2100	-266
-15948	-1012	-220	-336	-1437	-279
-16276	-216	-180	-1768	-1669	-228
-15988	-1440	-148	-3519	-2798	-310
-14952	-1880	-12	-1567	-1946	-383
-15512	-796	696	-749	-1037	-361
-15548	-172	368	-3279	-2376	-121
-15008	-2204	344	-3513	-2955	-294
-14516	-1552	712	-137	-1188	-356
-15260	232	964	-2245	-2040	-233
-13952	-888	1096	-5530	-4086	-358
-13108	-1848	924	-3800	-2906	-365
-13884	-692	1500	-2707	-1849	-358
-13880	-212	980	-5804	-3557	-199
-13428	-2600	1240	-5129	-3777	-389
-13444	-2060	2280	-1069	-1352	-585
-15020	-280	2112	-1893	-1259	-449
-14672	-1400	1692	-4700	-3729	-432
-13400	-3112	2040	-2080	-2598	-622
-14164	-1464	2320	713	-483	-569
-15156	-612	2124	-1469	-1887	-585
-14220	-1744	2596	-1874	-2471	-463
-14092	-1128	2912	-1099	-1296	-220
-14836	-1112	3052	-2655	-2094	-265
-14276	-2044	2628	-2139	-2380	-385
-14412	-1256	2968	-1228	-901	-265
-15056	-1120	3712	-3090	-2222	-175
-14056	-2256	3720	-2534	-3031	-517
-13628	-1560	3324	-747	-1797	-790
-14216	-572	3924	-1682	-2075	-536
-14040	-1856	4592	-2665	-3846	-394
-13296	-2048	4972	-843	-2282	-428
-14560	-1188	4776	-646	-1403	-175
-15104	-2384	3864	-2658	-2870	-34
-13868	-3600	3716	-128	-1825	-120
-14160	-2296	3884	2312	551	-190
-14864	-1744	3764	995	-505	-254
-13828	-2676	3776	1380	-362	-560
-14284	-1948	3760	3158	1238	-542
-15232	-1288	3548	1274	739	-322
-14968	-2644	3320	479	-118	-170
-14256	-1812	3760	1681	1861	-126
-15404	-1220	3872	-370	1256	52
-14512	-2388	3732	-1245	456	10
-14152	-2216	3700	689	2585	-143
-15096	-1348	4136	-152	2384	76
-14224	-2012	3868	-1265	1452	159
-13688	-2308	3944	-22	2723	80
-14564	-1420	3744	-146	2962	294
-14284	-1680	3604	-1095	2132	580
-13836	-1816	3936	-1003	2867	765
-14416	-1640	3436	-1616	2575	827
-13432	-2240	3192	-1199	2035	572
-13100	-1504	3044	112	3454	258
-14112	-1612	2512	-1236	2564	146
-13208	-3428	2756	656	2023	-142
-13016	-2032	2748	4627	4600	-492
-14480	-712	2136	2986	3886	-370
-13888	-2284	1556	1568	2153	-104
-13552	-2480	2472	4613	4294	146
-14480	-88	2256	3520	4040	390
-14940	-1952	444	490	2167	105
-13636	-2840	1372	3509	3278	168
-14388	-296	1808	3935	4018	15
-14600	-428	1076	510	1779	-414
-13992	-2124	372	1386	2759	-288
-15168	-840	1092	2272	3310	97
-15004	-768	364	21	1238	321
-13892	-1460	256	322	1920	683
-15524	-720	112	631	2912	915
-15832	-1200	-96	-949	1188	932
-14996	-2484	-840	1359	1948	920
-16616	-868	-592	3515	4161	743
-17580	-256	-644	276	1773	592
-15828	-2152	-972	-93	875	446
-16116	-1452	-1476	2521	3837	422
-18208	-1160	-1440	1026	2332	506
-16120	-2136	-996	1644	1162	380
-15516	-1312	-1400	3529	3033	-44
-16892	-216	-1908	1977	2729	-141
-16804	-1812	-1944	680	983	-82
-15760	-1884	-1172	3274	2258	-124
-16588	-56	-1500	2340	2873	42
-17016	-816	-1748	-772	1132	330
-16176	-2768	-1712	305	1015	402
-15844	-1064	-1676	3371	3363	456
-18064	552	-1724	-512	2764	685
-16464	-1188	-2032	-3643	-631	719
-15788	-1968	-1204	-1196	1943	399
-17372	20	-656	-1955	1571	260
-16888	-156	-916	-6153	-1077	95
-16000	-2592	-1352	-4863	-755	-50
-16128	-2572	-1456	-170	881	-252
-16268	-1252	-1748	1232	912	-404
-16284	-1792	-1908	1235	197	-386
-16188	-1680	-2352	3340	905	-288
-16828	-888	-1992	3627	1268	-259
-16692	-720	-1756	2505	131	-209
-16588	-936	-2016	2022	355	-223
-16812	-380	-2228	1457	421	-183
-17308	-380	-2468	-493	-119	-38
-16948	-844	-2056	-1617	-944	195
-16792	-1164	-2468	-1611	-138	114
-17504	-964	-2508	-1217	-244	139
-17320	-1048	-2196	-1293	-521	130
-17544	-1096	-1956	-599	-200	65
-17908	-1000	-2168	-446	-432	107
-17692	-1188	-2304	-271	-972	64
-17476	-1192	-2116	215	-605	54
-17856	-796	-2032	191	-1109	52
-17468	-1124	-1768	12	-1340	-10
-17200	-812	-1776	48	-1258	34
-17260	-1016	-1872	-525	-1536	127
-16864	-1164	-1704	-949	-1706	332
-16744	-1328	-1440	-463	-1778	367
-16532	-640	-1472	-732	-1497	351
-16728	-988	-1684	-2228	-2176	582
-15784	-1408	-1164	-2258	-2652	590
-15700	-1068	-956	-1665	-1628	496
-16200	-868	-1232	-2923	-2273	522
-15820	-1764	-1116	-3036	-2696	293
-15352	-1840	-688	-1206	-1866	17
-15948	-868	-744	-1345	-1489	-179
-16104	-1272	-796	-2626	-2748	-167
-15232	-1884	-708	-2005	-2404	-237
-15016	-1068	-252	-1522	-2199	-327
-14940	-664	-316	-3461	-2563	-410
-14972	-1752	-280	-3629	-3155	-585
-14328	-1360	120	-2230	-2241	-871
-14884	-656	624	-3067	-2292	-772
-14692	-1300	640	-4028	-3272	-1050
-14152	-1508	916	-2583	-2631	-1129
-14872	-872	1212	-2592	-2381	-1013
-14820	-1696	1116	-3062	-3740	-1177
-13912	-1856	1532	-701	-2802	-1241
-14512	-780	2428	262	-2273	-1300
-14256	-640	2012	-1189	-3762	-1456
-13676	-1780	2088	-325	-3601	-1447
-13448	-872	2608	1490	-2581	-1169
-13964	-60	2416	-495	-3328	-838
-13588	-1268	2552	-1517	-4415	-780
-13324	-1280	2536	-91	-3162	-704
-14444	-596	3000	-365	-3021	-537
-14276	-924	2876	-1807	-3862	-439
-14068	-1092	2952	-2175	-3064	-363
-14468	-1368	3152	-2205	-2912	-99
-14124	-1252	3608	-2437	-3083	-66
-14004	-1784	3372	-1550	-2161	-108
-15016	-1508	3684	-541	-1189	277
-14860	-1400	4080	-1351	-2281	432
-13816	-2188	3808	-682	-2012	352
-13872	-1548	3728	558	-1268	100
-14428	-1392	3820	255	-1507	-33
-13972	-1752	3880	76	-1748	64
-14168	-1632	4008	-72	-871	301
-14552	-2036	4332	-504	-1159	335
-13928	-1800	4708	-278	-260	364
-14876	-1388	4804	-882	744	756
-14940	-2180	4688	-2229	-13	1022
-13928	-2392	5120	-1495	707	1125
-14544	-2008	4836	-1025	1726	1182
-14924	-1924	4684	-1658	987	1047
-14640	-2448	4756	-1033	871	954
-14516	-1796	4768	-452	1322	600
-14836	-1804	4508	-1280	843	376
-14596	-2520	4332	-939	399	125
-14356	-2280	4572	617	1407	-97
-14856	-1420	4680	-10	1267	-116
-14636	-2180	4368	-1217	323	-352
-14040	-2432	4424	166	1102	-649
-14364	-1620	4144	457	1523	-804
-14292	-1756	4180	-585	799	-944
-13756	-2384	4124	-130	1175	-1201
-13996	-2084	4112	993	1880	-1352
-13828	-1532	3880	361	1474	-1396
-13656	-2888	3864	905	1352	-1749
-13336	-2548	3736	3618	2682	-1922
-14104	-1100	3716	3392	2610	-1785
-14224	-1900	3248	1793	1332	-1967
-13468	-2644	3152	3650	2022	-1996
-13768	-1260	2996	4529	3351	-1694
-14836	-680	2544	2404	2723	-1070
-14584	-1208	2664	786	2272	-209
-14636	-1540	2432	428	2821	487
-15044	-972	2148	-706	2900	1167
-15048	-948	2000	-3008	2012	1570
-14808	-2088	1684	-3297	1945	1519
-15420	-1896	2072	-874	3024	1330
-15768	-844	2076	-2005	2290	1222
-15092	-2112	1624	-2424	974	911
-14416	-2380	1216	57	2336	633
-15480	-1324	1480	969	2539	787
-15300	-1788	1808	678	1030	805
-14196	-1668	1244	1445	1917	599
-15220	-1440	708	1893	2536	764
-15180	-1676	984	1494	1355	819
-14512	-1652	1068	2363	2283	821
-15976	-960	912	2368	2822	997
-15960	-1308	584	678	1331	947
-14952	-2176	404	1555	1908	890
-15272	-844	516	1708	2619	1033
-15428	-588	-116	-604	1535	927
-15104	-1820	184	-787	1460	663
-14808	-1556	-248	743	2140	385
-15468	-776	144	1020	2687	456
-15864	-324	-104	-653	2070	635
-15796	-1924	-264	-1821	619	429
-14720	-2368	-352	1338	1950	200
-16300	-804	-348	2536	3663	313
-17396	-320	-380	-111	1493	263
-15448	-2072	-256	135	884	170
-15764	-1624	-616	2990	3178	221
-17744	-136	-956	1715	2851	362
-16916	-1040	-500	-217	450	326
-15628	-1704	-896	1362	1929	135
-17152	-532	-832	1998	2939	382
-17348	-284	-1200	-478	899	278
-16036	-1512	-1528	-947	774	149
-16208	-1344	-1508	771	1977	22
-16836	-388	-1376	517	1642	-73
-16224	-740	-2108	-592	1261	-156
-16564	-1552	-1708	162	1610	48
-16484	-300	-1740	176	1752	27
-16772	-560	-1948	-1333	1051	-209
-16388	-1120	-1672	-907	958	-344
-16416	-516	-1820	-571	1510	-359
-16812	-652	-1872	-1387	986	-252
-16408	-664	-1036	-1111	890	160
-16992	-308	-136	-1893	600	309
-16608	128	-404	-3419	-403	269
-16804	-1172	-964	-3919	-643	202
-16248	-1740	-1608	-1486	-389	156
-16444	-1452	-1932	960	560	22
-16636	-1096	-1784	1691	-175	-16
-16404	-636	-2072	1903	-99	-20
-16708	-392	-1948	1287	-149	121
-17176	-524	-1632	625	-624	157
-16788	-352	-2108	343	-248	102
-17568	-268	-2672	-650	-487	66
-17412	-852	-2548	-1138	-1129	1
-17008	-784	-2120	-207	-501	-122
-17472	-188	-1976	-721	-341	-87
-17616	-532	-2324	-1829	-979	143
-16988	-780	-1588	-1224	-1002	222
-17008	-260	-1924	-1609	-336	209
-17448	-380	-1860	-2874	-1318	249
-16848	-820	-1676	-2864	-1319	186
-16904	-408	-1328	-2256	-832	272
-16920	-224	-1504	-3774	-1540	392
-16360	-1504	-1436	-3602	-1983	298
-16008	-1292	-1348	-1411	-728	216
-16732	-328	-1112	-1837	-899	233
-16168	-988	-980	-2923	-2213	-3
-15224	-1624	-1152	-1382	-1541	-347
-15476	-532	-1032	-534	-777	-475
-15812	-248	-992	-2365	-1830	-331
-15076	-1324	-932	-2590	-2042	-390
-14896	-1080	-636	-1558	-901	-297
-15288	-164	-636	-2511	-1293	-78
-15256	-1188	-536	-4005	-2057	-208
-14476	-1592	-300	-2580	-1313	-427
-14788	-416	-208	-1962	-663	-529
-15400	-752	-92	-3595	-1885	-719
-14356	-1496	328	-2418	-1713	-952
-15304	-876	560	-850	-550	-1009
-15396	4	216	-2881	-1891	-844
-14468	-1496	884	-3382	-2804	-706
-13936	-868	1104	-1580	-1437	-869
-14860	-320	1056	-2514	-1855	-806
-14348	-1048	1040	-3033	-3149	-828
-14068	-420	1728	-1951	-1998	-758
-14944	108	2976	-3459	-2974	-467
-14636	-908	2636	-4147	-3943	-495
-14800	-1196	2768	-2248	-2951	-642
-15012	-364	2272	-2541	-3554	-720
-14464	-1772	2112	-2697	-4758	-965
-13136	-1884	1864	253	-3141	-1120
-14300	-752	2332	1050	-2471	-764
-13900	-1184	2352	-155	-3994	-702
-13316	-1400	2364	1013	-2260	-749
-14884	-904	1816	382	-2202	-360
-14984	-2268	1872	195	-2810	-340
-14376	-1284	2140	1588	-1662	-332
-15444	-492	2512	-638	-1785	-258
-14888	-2368	2568	-1474	-3409	-784
-13856	-2000	2440	1662	-631	-1063
-15568	-456	3224	661	-522	-577
-14708	-1276	3008	-2361	-2461	-307
-13316	-2260	3676	-317	-1408	-217
-14068	-224	3944	258	283	198
-15404	144	4112	-3993	-1885	610
-14096	-2188	4064	-5298	-3094	237
-13900	-2924	3920	-1686	-623	-192
-15388	-1948	4248	-421	-204	-374
-14792	-2244	3892	-992	-1065	-414
-14424	-2884	4676	694	63	-204
-14568	-1516	4252	1250	715	148
-14756	-2064	3980	-370	-435	28
-13780	-1884	4052	699	479	-48
-14628	-1188	3952	50	846	-36
-14468	-2104	3644	-788	99	-196
-13960	-2232	3660	729	1773	-195
-15204	-1388	3796	411	2193	368
-14820	-2164	3528	-1392	897	467
-13508	-2708	3620	543	2331	388
-14292	-1220	3288	958	3569	484
-14212	-1484	3048	-713	1967	370
-13008	-1972	2832	-220	2863	149
-13552	-1432	2848	312	3671	193
-13736	-2184	2696	56	2696	33
-12712	-2000	2492	1641	3893	-307
-13352	-1296	2224	1823	4151	-320
-13424	-2328	1884	2371	3575	-376
-13224	-1600	1780	4243	4264	-516
-14232	-1476	812	3682	4273	-702
-13908	-2004	1188	5001	3444	-747
-13912	-164	1032	5112	4834	-917
-15884	-308	552	2165	3242	-609
-15528	-2656	504	2847	2271	-534
-15024	-1124	1140	5538	4440	-558
-16460	360	420	2433	3331	-234
-15648	-1512	608	-13	1058	-336
-14256	-1248	180	1642	2918	-203
-15492	-96	436	598	3063	272
-15504	-904	416	-1342	1166	590
-14384	-1480	328	-716	2270	776
-15224	-1412	-92	-595	2703	1055
-15112	-1292	40	-110	2324	1278
-16196	-604	-740	-201	3616	1463
-16832	-904	-304	-1888	1346	1799
-14880	-2472	-772	-1593	930	1353
-15148	-2316	-440	2625	3390	1074
-16652	-336	-164	2735	3344	1083
-16160	-808	-1084	32	1352	1030
-15896	-2804	-1348	2103	2436	1145
-16320	-660	-776	4275	3365	1204
-16748	56	-1100	174	1203	826
-14936	-1672	-1248	-676	190	665
-15896	-1352	-1244	1780	2565	678
-17156	772	-836	-33	1140	751
-15676	-800	-1012	-3239	-890	634
-14984	-1628	-448	-1040	938	462
-16672	-380	-688	-641	1275	518
-16460	-604	-1720	-1881	-393	390
-15760	-1324	-1736	-778	159	361
-16148	-1608	-2104	635	398	275
-16644	-924	-1956	1786	1094	246
-16728	-880	-2356	1366	79	56
-15900	-1176	-2776	2054	653	-221
-17148	-528	-3052	2678	1737	12
-17944	64	-2608	1037	1097	13
-17140	-708	-2704	-205	264	-55
-16512	-908	-2544	512	1079	-194
-17180	-92	-2792	568	1495	-292
-17596	244	-2716	-954	763	-180
-16820	-120	-1968	-1965	92	-127
-16348	-92	-1412	-1866	349	-110
-16492	136	-1452	-2178	228	-42
-16320	-576	-1808	-2250	-70	107
-16152	-648	-1820	-1108	126	240
-16332	-920	-2064	-635	132	227
-16288	-992	-1756	-6	-27	79
-16580	-904	-2064	411	207	92
-16924	-772	-1804	555	-247	56
-16980	-484	-2072	634	-157	-77
-17160	-492	-2548	552	-402	-166
-17240	-648	-2612	466	-343	-110
-17300	-612	-2280	501	-563	-75
-17052	-164	-2072	70	-291	-100
-17368	-448	-2368	-1014	-991	-100
-16716	-800	-2160	-899	-1064	-283
-16948	-644	-2128	-618	-673	-358
-17096	-608	-2192	-1048	-868	-388
-17008	-992	-2068	-1066	-1156	-430
-16760	-884	-2200	-693	-793	-391
-16920	-468	-2144	-1049	-870	-346
-17124	-632	-2344	-1593	-827	-108
-16800	-868	-1748	-1705	-1400	-178
-16428	-332	-1600	-1959	-984	-270
-16920	-1096	-2012	-2794	-1829	-432
-15364	-1352	-1852	-1077	-1605	-739
-15896	-344	-1604	-518	-377	-780
-16004	-244	-1904	-2566	-2002	-574
-15064	-1804	-1564	-2370	-2392	-669
-14580	-1000	-1276	-237	-824	-755
-15896	0	-1544	-1680	-830	-313
-15088	-908	-1336	-3304	-2683	-192
-14248	-1380	-636	-1839	-1069	-237
-15280	-240	-1044	-2306	-783	24
-15460	-1116	-732	-4150	-2360	45
-14196	-1564	-688	-2974	-1624	-108
-15200	-596	-164	-2167	-475	45
-15976	-1008	92	-3733	-2324	-89
-14464	-1776	596	-2065	-2196	-434
-14776	-700	140	-1013	-1197	-553
-15512	-672	-44	-2759	-2653	-490
-14528	-1232	900	-2470	-3107	-495
-14460	-708	916	-1905	-2224	-587
-14912	-1084	628	-2886	-3133	-696
-13988	-1572	1068	-1778	-2853	-812
-14404	-904	1680	-1080	-2427	-732
-14132	-948	976	-2296	-3511	-744
-13896	-1844	1292	-1312	-3122	-765
-13996	-908	1820	-293	-2618	-708
-14576	-528	1612	-2066	-3217	-684
-14460	-1728	2276	-1863	-4035	-722
-13884	-828	2524	-323	-2678	-855
-15080	-116	2848	-1977	-2894	-496
-14396	-1708	2544	-3614	-4495	-690
-13512	-1952	2648	-849	-2810	-946
-14772	-1080	2900	-318	-2693	-747
-14440	-1376	1832	-1071	-3191	-532
-15056	-2052	2812	-140	-2400	-239
-14616	-780	3212	-497	-2590	-244
-14408	-1560	3152	-1822	-2946	-426
-13844	-1804	2472	-522	-2049	-452
-14908	-1264	2672	-259	-944	-132
-14692	-1028	3124	-1749	-1996	196
-14056	-1884	3372	-1922	-1678	140
-14284	-1528	3812	-794	-618	65
-15072	-1260	3912	-1502	-959	-39
-14748	-1896	3660	-1536	-986	-67
-15048	-1896	4180	-838	-214	48
-14640	-1604	4296	-1327	-458	193
-13896	-2328	4596	-927	-226	7
-14244	-2216	4388	818	1228	77
-15288	-1556	3896	536	872	338
-14956	-2396	3720	44	41	298
-14368	-2040	4084	1170	991	146
-14916	-1412	3608	531	866	64
-14544	-2132	3260	-156	321	-161
-14352	-2272	3344	1498	1632	-206
-15092	-1128	3372	1104	2123	14
-14668	-1460	3452	-991	1168	258
-13752	-2392	3524	-668	1666	152
-13476	-1184	3160	55	3012	118
-14176	-1388	2672	-1677	2213	133
-12836	-2160	2876	-888	2494	207
-13116	-1572	2816	414	4025	273
-13536	-1540	2636	-516	3315	201
-12704	-2000	2768	85	3453	28
-12468	-1276	2252	1226	4716	79
-13860	-1760	1908	1060	4195	226
-13388	-1592	1896	2120	3964	179
-13752	-1016	1784	2639	4427	83
-14356	-972	1540	1612	3506	51
-14504	-1924	2108	2641	3016	-87
-14200	-412	1212	3297	3335	-391
-15612	-1040	444	1658	2762	-461
-15264	-1952	308	2734	1910	-248
-14616	-972	932	3604	2573	-468
-15136	-96	584	1997	2704	-212
-16396	-1736	-28	1252	1745	-96
-15288	-1672	32	2265	1622	-88
-15648	-576	324	2115	2401	103
-16404	-1008	-328	384	1108	75
-15620	-1600	-912	841	1500	156
-16504	-1008	224	1970	2452	371
-16556	-420	736	-231	1089	552
-15692	-1644	-604	-796	661	539
-15912	-2028	-416	1391	2336	665
-16688	-1136	-336	1168	1988	1003
-16084	-1636	-424	167	797	896
-15528	-1584	-704	1213	1905	855
-16644	-944	-968	741	1800	826
-16072	-1624	-1052	278	788	956
-15724	-1344	-952	1094	1876	874
-16796	-828	-836	265	2049	862
-16648	-1448	-924	-404	1115	855
-16108	-1736	-1128	969	1574	768
-16544	-628	-1352	718	2164	676
-16924	-860	-1592	-1182	371	471
-15888	-1656	-1776	-408	1031	403
-16464	-908	-1472	532	1828	337
-16856	-668	-796	-567	781	75
-16324	-1560	-1352	-272	718	-191
-16796	-916	-1348	1360	2009	-330
-17292	-372	-1480	19	714	-372
-16196	-1160	-2240	-733	344	-320
-16408	-1300	-2060	609	1579	-88
-17112	-444	-1752	205	1048	-10
-16636	-668	-2164	-778	718	-36
-16212	-940	-1696	-359	936	-88
-16744	-68	-1428	-693	1151	-145
-16652	-152	-1192	-2420	-155	-118
-15728	-1024	-1600	-2259	-58	-105
-15832	-1048	-1856	-797	651	-70
-15940	-636	-1980	-614	313	0
-15564	-1128	-2084	-794	73	107
-15432	-1388	-2136	261	354	156
-15940	-864	-1800	601	799	-21
-15852	-752	-2068	-52	-55	-62
-15264	-1028	-2124	-28	281	-104
-15780	-672	-2204	287	634	-37
-15936	-352	-2128	-837	-37	-20
-15244	-804	-2016	-1813	-421	23
-15344	-832	-1536	-1114	159	21
-15960	-628	-2024	-1280	18	106
-15920	-900	-2260	-1355	-218	58
-15676	-1008	-2104	-765	59	-3
-16088	-716	-1820	-287	254	-2
-16264	-696	-1964	-214	88	-66
-16284	-536	-2260	-268	78	-11
-16332	-428	-2180	-663	-174	100
-16548	-700	-2192	-1357	-279	21
-16656	-1076	-2108	-269	-114	-40
-17204	-332	-1872	-13	405	-159
-17568	-308	-2200	-1367	-570	-243
-16812	-1016	-2256	-1448	-821	-314
-16732	-860	-2072	-401	-275	-301
-16900	-436	-1444	-554	-697	-256
-16572	-588	-1888	-1112	-974	-231
-16424	-1168	-2200	-631	-1046	-205
-16248	-1068	-2056	630	-606	-189
-16584	-576	-1652	860	-374	-80
-16520	-580	-1524	-134	-738	46
-16392	-1468	-1568	61	-1200	164
-16192	-896	-1996	1061	-240	178
-16756	-220	-2056	-407	-828	371
-16404	-808	-2052	-1764	-1608	504
-16016	-1164	-1808	-1382	-1475	183
-15804	-928	-1700	-1026	-1003	-7
-16292	-432	-1808	-2238	-1299	105
-15888	-1320	-1628	-2969	-2331	-154
-15284	-1268	-1628	-1710	-1415	-413
-16164	-1156	-1836	-1483	-1402	-438
-15468	-1368	-1176	-1024	-1964	-476
-14844	-924	-1192	-607	-1238	-629
-15352	-1084	-1192	-946	-1638	-490
-14756	-1288	-640	-1159	-2012	-594
-14704	-884	-188	-858	-1454	-608
-15028	-432	-328	-2501	-1963	-396
-14884	-1240	-176	-3248	-2689	-384
-14304	-992	240	-2219	-1876	-172
-14760	-356	288	-2877	-1862	43
-14732	-1028	72	-3745	-2503	254
-14872	-1104	920	-2975	-2054	427
-15288	-860	792	-3455	-2753	210
-14632	-1104	888	-3469	-3120	-166
-14416	-1048	880	-3068	-2757	-486
-14844	-936	1680	-2621	-2936	-794
-14172	-1004	1612	-2592	-3706	-991
-13948	-1152	1416	-1743	-2820	-1152
-14396	-948	2000	-1432	-2876	-953
-13980	-544	1780	-1898	-3072	-589
-13640	-840	1888	-2216	-3233	-527
-13620	-1120	2288	-1826	-2684	-529
-14692	-1356	2600	-311	-2237	-522
-15300	-824	2724	-25	-1821	-474
-15776	-840	2360	-1494	-2535	-81
-14712	-1412	2784	-1566	-3363	-212
-14136	-1116	3224	-722	-2469	-699
-14804	-908	2784	-774	-2529	-855
-14528	-948	1968	-1050	-2707	-862
-14828	-1168	2680	-789	-1712	-547
-14356	-1056	3260	-1153	-2005	-136
-13868	-1840	3164	-944	-1654	15
-14504	-1456	3200	118	-377	114
-14948	-1132	3272	-527	-1024	325
-14372	-1680	3392	-883	-1037	276
-14568	-1664	3732	266	-46	221
-15408	-1080	4080	-169	104	375
-15116	-1496	3796	-1580	-831	437
-14408	-1992	3968	-992	-132	368
-14932	-1464	4280	-601	490	392
-14972	-1472	4072	-1625	-306	412
-14408	-2352	3808	-1068	39	341
-15028	-2036	3760	275	878	229
-15292	-1584	3632	-246	310	194
-14804	-2224	3552	55	239	-16
-14988	-2036	3740	1298	1199	-261
-15508	-1432	3888	1062	913	-297
-14908	-1440	3596	-14	481	-396
-14804	-1564	3428	500	861	-313
-15388	-1156	3544	218	970	-62
-15236	-1588	3296	-290	345	21
-14740	-1452	3372	-154	649	-123
-15240	-1452	3392	-78	850	-152
-15284	-1612	3360	-129	624	-168
-15376	-1616	3404	428	973	-124
-15496	-1120	3296	45	867	67
-15528	-1456	3236	-825	310	100
-15132	-1612	3296	-343	583	-108
-15332	-1252	3212	144	907	-189
-15352	-1096	3148	-486	426	-89
-15068	-1580	3240	-675	227	-97
-15132	-1480	3320	-42	439	-133
-15580	-1376	3080	-302	330	-132
-15164	-1316	3040	-356	-120	-161
-15240	-1628	3052	-168	227	-259
-15276	-1228	3216	4	85	-265
-15244	-1548	3008	-422	-130	-235
-14876	-1652	2984	-186	9	-216
-14828	-1256	3228	-157	484	-161
-14968	-1516	3076	-438	327	-38
-14528	-1700	3196	-221	478	0
-14396	-1492	2924	68	782	-26
-14136	-1068	2600	-467	696	108
-13784	-1692	2668	-1104	406	60
-13008	-1808	2880	-123	1149	-34
-13436	-1416	2728	25	1727	-18
-13140	-1276	2272	-895	1410	24
-12844	-2180	2724	-401	1297	-121
-12184	-1472	2356	1057	2485	-360
-13108	-1048	1956	512	3163	3
-12844	-1376	2108	-405	2238	511
-11684	-1612	1688	-354	2467	294
-12756	-1760	672	528	3893	-31
-14292	-1928	840	2757	3830	239
-14188	-580	1412	2708	3779	-19
-14716	-772	1592	1016	2603	-356
-14704	-2056	-44	1788	1947	-802
-15300	-1376	-684	4119	3576	-1049
-16104	424	828	3001	2570	-900
-15428	-296	1100	-379	518	-982
-14632	-1604	-668	-49	1292	-774
-15568	-1424	104	1633	2810	-459
-15892	12	732	283	2055	41
-16032	-1040	952	-1388	1337	410
-15760	-1412	-124	-1267	2298	729
-16352	-1628	556	-122	2164	1063
-15732	-1112	304	-562	2110	954
-16124	-1808	-328	-12	2453	1033
-16688	-1788	-192	887	2452	946
-16536	-1564	192	1649	2246	754
-16876	-1268	84	2110	2175	477
-16680	-1176	-576	1763	1276	52
-16348	-1380	-388	2557	1576	-185
-16528	-1280	-364	3273	1604	-191
-16788	-928	-588	3353	1996	396
-17432	-764	-512	1919	1757	802
-17708	-1320	-1264	857	686	1034
-16928	-1644	-1672	1210	1399	1009
-17648	-1056	-688	1583	1461	948
-17600	-516	-956	171	1005	657
-17708	-1544	-1572	-288	689	575
-17348	-1324	-1572	711	1086	571
-17552	-908	-1344	25	924	493
-17032	-1108	-1356	-765	325	516
-17268	-1200	-1084	-673	594	362
-17068	-1020	-940	-680	50	135
-17220	-804	-1152	-941	412	92
-17420	-1096	-1060	-1407	-276	215
-17024	-1464	-976	-1050	-200	111
-17388	-960	-1096	-582	162	172
-17876	-816	-1196	-1223	-618	216
-17212	-1312	-1072	-673	-463	95
-17520	-936	-1088	107	71	47
-17840	-576	-1240	-771	-522	-25
-17376	-1024	-1436	-1117	-899	-176
-17272	-976	-1132	-547	-514	-250
-17256	-528	-1292	-732	-750	-360
-17076	-464	-1208	-1322	-894	-362
-17000	-1336	-1496	-1514	-1234	-348
-16756	-1540	-928	705	-756	-388
-17384	-316	-1076	986	91	-509
-17248	-356	-1148	-934	-1549	-268
-16028	-952	-1420	-1233	-1240	-160
-16436	-724	-1204	-1246	-701	89
-16352	-640	-1344	-2461	-1897	87
-15520	-832	-1228	-2367	-1222	-233
-15604	-524	-808	-2316	-1083	-101
-15580	-756	-940	-3288	-1386	89
-15436	-1360	-928	-2468	-1281	168
-15284	-876	-784	-1818	-533	199
-15756	-828	-824	-2681	-1367	263
-14772	-1168	-388	-2278	-1662	20
-14868	-828	-296	-1378	-648	-207
-15544	-352	-200	-2145	-1440	-248
-15124	-956	-668	-3371	-1760	-279
-14660	-1156	-24	-2630	-1340	-158
-15044	-764	632	-2672	-1218	-143
-15180	-788	672	-2693	-1637	-249
-15064	-676	608	-2851	-1505	-249
-15112	-1100	556	-3306	-1985	-155
-14664	-1384	872	-2605	-2033	-223
-15192	-736	1316	-2392	-1583	-430
-15148	-1020	1464	-2962	-2912	-707
-14204	-972	1336	-2403	-2436	-807
-14564	-540	1488	-2778	-2564	-811
-13976	-860	1424	-3328	-3453	-872
-13784	-976	1508	-2786	-2661	-794
-14032	-1004	1908	-2721	-3214	-615
-13964	-1464	1972	-2009	-2759	-709
-14216	-848	2428	-1192	-2798	-542
-14428	-732	2572	-1689	-2844	-328
-14924	-1192	3116	-1600	-2917	-45
-14760	-1296	3884	-1620	-3473	-149
-14304	-1432	2880	-910	-3080	-524
-14844	-1528	2792	-491	-2918	-569
-14176	-1756	3000	-337	-4002	-713
-13768	-1568	2640	869	-2899	-952
-14772	-1152	2516	762	-2623	-772
-14336	-1204	2848	-661	-3365	-651
-13664	-1392	2984	-735	-2297	-240
-14504	-1656	3544	-806	-1580	2
-14636	-1696	3488	-1143	-1405	150
-14780	-1980	3632	-888	-1080	34
-14200	-1536	3888	-779	-856	-17
-14200	-1596	3660	-1205	-768	-57
-14184	-2244	4008	-670	-773	-314
-14212	-1616	3944	534	325	-452
-14824	-1180	4656	-166	193	-30
-14584	-1656	4724	-1526	-343	37
-14340	-2136	4680	-488	485	-34
-15428	-1468	4732	-303	1097	48
-15612	-1732	4296	-1658	-225	137
-14520	-2364	4232	-1010	-181	-54
-14676	-2104	4132	252	561	-352
-14684	-1584	3996	76	261	-387
-14560	-2088	3888	-47	146	-363
-14580	-1768	4276	743	873	-318
-14784	-1416	4216	273	886	-152
-14628	-1952	3980	-127	818	-69
-14752	-2016	4324	889	1805	8
-15052	-1452	4200	484	1580	189
-14396	-2120	3856	-220	1084	103
-14020	-2276	3804	1458	2172	-145
-14812	-1568	3880	1925	2448	-83
-14252	-1528	3716	588	1760	-161
-13884	-2272	3552	1312	2154	-162
-14592	-1636	3464	2088	3103	-145
-14560	-1312	3452	928	2236	-60
-13672	-1912	3212	621	2261	9
-13880	-1528	3228	1158	3218	20
-13892	-1068	2872	154	2506	107
-13508	-1776	2616	-95	2667	228
-13764	-1468	2364	635	3489	545
-14328	-1308	2348	-171	3052	641
-13672	-1692	2548	-155	2825	523
-14240	-1196	2196	542	3636	434
-14900	-764	1644	-1061	2493	371
-13908	-2060	1220	-1180	1732	20
-14072	-1652	1340	1477	3547	-237
-15668	-212	1800	1020	3098	-176
-15396	-976	1552	-1471	974	-274
-13632	-2244	1212	658	1510	-511
-14000	-1012	884	3016	3226	-506
-15224	-264	124	1402	2251	-213
-14884	-1792	176	1271	1638	13
-14296	-1252	236	3316	3228	290
-15852	-356	-136	2468	3340	805
-16232	-888	-508	-50	1341	767
-14816	-1860	-688	517	1289	496
-15168	-848	-428	2342	3154	263
-16760	-360	-768	397	2303	332
-15768	-1980	-424	-82	762	324
-14644	-1688	-432	2513	2829	41
-16764	-460	-1360	2665	3799	372
-17372	-1204	-876	633	1532	551
-15384	-1732	-928	1085	1729	421
-15612	-1456	-788	2527	2877	337
-17128	-752	-1432	2053	2747	274
-16956	-956	-1048	1010	1108	223
-15720	-1504	-1320	988	1483	-39
-16540	-1428	-1132	1989	2181	61
-17124	-732	-720	1403	1672	107
-16408	-788	-1012	-469	586	29
-15972	-2024	-1480	-145	645	-39
-16384	-1092	-1476	1290	1880	-67
-16968	-420	-936	78	925	104
-16048	-1168	-1076	-1146	205	139
-15856	-1776	-1408	111	869	233
-17024	-1056	-1552	902	1227	61
-16556	-1024	-1740	243	71	-1
-16272	-1568	-1480	1013	636	-52
-16612	-848	-1716	1243	609	-124
-16524	-976	-1980	462	-3	-145
-16312	-1152	-2212	666	314	-166
-16428	-752	-2248	388	418	-65
-16432	-948	-1932	-90	312	32
-16292	-1208	-2120	-21	514	122
-16628	-1272	-2276	-31	805	187
-16220	-1344	-2276	81	419	173
-16000	-1128	-2292	362	785	99
-16588	-848	-2476	-68	665	27
-16260	-1268	-2520	-574	104	-27
-16284	-1320	-2180	-104	820	76
-16944	-988	-2116	-548	731	141
-16740	-1320	-1812	-903	271	198
-16624	-1248	-2068	-562	589	98
-17388	-904	-2004	-903	655	157
-17560	-1020	-1684	-2074	-466	142
-16944	-1392	-1716	-1783	-476	-105
-17388	-1468	-1696	-637	-165	-361
-17300	-888	-2220	-517	-362	-364
-17512	-1372	-2456	-934	-704	-357
-16848	-1644	-2168	-35	-825	-258
-16548	-896	-1804	250	-179	-345
-16864	-520	-2144	-1043	-660	-174
-16712	-1316	-2060	-2016	-1058	-18
-16240	-1500	-1940	-1296	-885	-46
-16460	-768	-1628	-1642	-492	-54
-16656	-1220	-1712	-2522	-1552	42
-15872	-1600	-1752	-1481	-1088	-250
-16340	-964	-1700	-949	-643	-257
-16168	-976	-1624	-1796	-1697	-153
-15424	-1160	-1684	-1618	-1390	-70
-15356	-1056	-1208	-1671	-1765	-109
-14952	-1216	-1896	-1947	-1783	-373
-15412	-1240	-1240	-1158	-1242	-514
-15628	-240	-1252	-1977	-1692	-376
-15488	-936	-1056	-3598	-2388	-218
-14900	-1824	-1148	-2616	-1981	10
-15780	-1316	-512	-1296	-1139	2
-15676	-376	-580	-2830	-2300	8
-15148	-1552	-624	-3575	-2897	-86
-14728	-1632	-236	-1720	-2261	-362
-15288	-544	-452	-1789	-2027	-451
-15016	-792	-176	-3569	-3435	-306
-14360	-1668	84	-3014	-2870	-229
-15124	-976	492	-1984	-2187	-73
-15204	-380	280	-3893	-3264	4
-14036	-1368	152	-4854	-3865	-82
-13936	-1808	904	-2991	-2766	-309
-14408	-956	876	-2422	-2416	-253
-14516	-1120	1060	-3065	-3122	-327
-13716	-1844	1492	-2337	-3433	-638
-13720	-1156	1532	-973	-2193	-734
-14368	-1140	1652	-1443	-3151	-845
-13540	-1908	1488	-275	-2920	-965
-14612	-1244	2072	991	-1518	-769
-15472	-960	1856	-725	-3024	-664
-14400	-2052	2324	-575	-3479	-1019
-14500	-1388	2372	697	-2132	-1079
-15184	-780	2212	-531	-2785	-876
-14656	-1656	2756	-1045	-3036	-733
-13948	-1220	2836	-703	-2294	-423
-14356	-1024	2672	-2160	-2807	-263
-13892	-2296	2840	-1836	-3259	-608
-13888	-1700	2936	486	-1713	-804
-15544	-544	2764	-1000	-1673	-415
-15364	-1828	3548	-2793	-3768	-241
-13532	-2052	4472	-1340	-2362	-580
-14720	-936	4248	-995	-1162	-258
-15420	-1448	4076	-3366	-2617	211
-14096	-2752	4412	-2640	-2236	477
-14548	-2236	4868	-973	-523	739
-14896	-1824	4460	-2131	-1425	680
-13580	-2824	4632	-1725	-1594	353
-13708	-2372	4388	185	253	46
-14792	-1712	4252	-196	-140	75
-14692	-3096	4184	-463	-645	-98
-14440	-2892	4396	1881	1033	-274
-15436	-1780	4308	1659	1325	-91
-14820	-2420	4400	158	87	-183
-13916	-2624	4380	1637	1475	-387
-14708	-1648	4104	1897	1980	-356
-14744	-2076	3876	599	1200	-442
-13968	-2424	4152	1951	1916	-466
-14596	-1528	3968	2242	2735	-429
-14760	-1616	3920	885	1681	-339
-13968	-2328	3576	1052	1982	-379
-14176	-1724	3572	1856	2920	-314
-14156	-1128	3804	346	2240	-122
-13712	-2200	3116	-120	2345	-91
-13856	-1820	3180	841	3321	66
-13856	-1204	2800	-396	2876	193
-13040	-2140	2816	-887	2438	152
-12836	-1924	2596	810	3936	92
-13996	-1552	2112	355	3801	146
-13536	-2152	2060	852	3486	156
-13932	-1332	1892	1727	4394	185
-14352	-1344	1388	-43	2950	-175
-13432	-2252	1556	1312	2996	-638
-13976	-724	1432	2782	4475	-751
-15292	-860	536	-107	3017	-757
-14156	-2824	752	1042	2300	-732
-14360	-1744	828	4154	4758	-956
-16360	-272	116	2075	3910	-753
-15044	-1904	408	874	1737	-499
-13508	-2080	648	3211	3932	-249
-15796	-548	124	3261	5083	420
-16656	-888	-496	-372	2283	919
-14844	-2464	140	-15	2122	882
-15520	-1244	12	1981	4469	1096
-17248	-160	-1068	-953	2921	1671
-16244	-1488	-1424	-3345	1015	1825
-15336	-2364	-460	-1202	2059	1681
-16808	-276	120	55	3367	1753
-17192	8	-1080	-3762	342	1706
-15032	-2072	-768	-4009	485	1702
-16104	-2260	-940	-1083	2272	1774
-16568	-1316	-1912	-409	1585	1709
-16352	-1784	-1496	201	1743	1470
-16780	-1524	-888	947	1996	1436
-16424	-1124	-1556	610	1110	1263
-15748	-988	-992	1011	1403	1015
-16456	896	20	221	1306	1285
-16616	-960	-1456	-2997	-1522	1257
-15020	-1344	-868	-543	781	940
-17380	-616	-1440	-793	275	1079
-15768	-948	-2356	-2140	-1561	606
-15120	-1832	-2200	709	414	447
-16516	-600	-1816	2040	1079	301
-16676	-620	-2308	545	-211	125
-16288	-1692	-2284	1622	450	166
-17020	-340	-1756	2825	1220	16
-17328	544	-1576	1035	-29	-18
-16804	400	-1616	-721	-350	-26
-17420	-48	-1952	-1123	-412	-12
-17024	-248	-1684	-1644	-876	-371
-16308	-728	-1812	-1312	-653	-621
-16148	-428	-1840	-626	-478	-942
-15732	-344	-2560	-504	-506	-1171
-15960	-552	-1908	186	-7	-914
-16124	216	-1472	-18	-28	-562
-16412	228	-1012	-1168	-590	-506
-15604	4	-1044	-1728	-742	-288
-15844	176	-1200	-2150	-635	-21
-15944	-176	-1360	-2585	-868	21
-15548	-752	-1656	-2040	-694	-96
-15664	-1028	-1644	-769	-248	-56
-15708	-832	-1640	435	178	91
-15992	-736	-1536	515	51	145
-15496	-540	-1516	320	-176	68
-15720	-536	-1080	111	9	24
-16000	-104	-480	-822	-403	77
-16496	-392	-836	-2121	-544	207
-16644	-896	-804	-2127	-418	411
-16588	-924	-1044	-1627	-525	265
-15916	-848	-764	-886	-234	116
-16772	-352	-468	-359	116	246
-17168	-392	-608	-738	-724	114
-17156	-896	-700	-82	-453	-104
-17632	-432	-1000	21	-572	-157
-17220	-552	-1292	-758	-1058	-369
-17000	-1716	-1292	779	-691	-611
-16956	-768	-900	2694	563	-882
-17556	388	-752	1199	-417	-845
-16576	-656	-1596	-1000	-1462	-915
-16416	-1848	-1108	1413	-743	-943
-16732	104	-1092	2316	265	-988
-17120	728	-936	-841	-1309	-534
-16528	-960	-1316	-2957	-2076	-392
-15972	-1504	-784	-857	-1113	-503
-16592	4	-396	-934	-390	-378
-16580	-160	-500	-3672	-1955	-38
-15640	-1724	-688	-3461	-1894	-126
-15752	-1156	-900	-1504	-466	-127
-16064	-380	-524	-2506	-1370	-22
-15436	-1500	-4	-2777	-1746	-159
-15376	-1436	228	-766	-844	-385
-15584	-536	-156	-1086	-1184	-421
-15240	-1200	-400	-2422	-2226	-416
-14812	-1412	340	-1092	-1796	-576
-15396	-352	372	-884	-916	-667
-15632	-808	652	-2366	-2093	-339
-14656	-1148	1052	-2435	-1974	-230
-14836	-1320	1232	-2471	-1851	-258
-15024	-1064	1024	-2287	-1894	-280
-15236	-984	1148	-3019	-2522	-369
-14192	-1236	1416	-3187	-3011	-485
-14148	-1504	1792	-1872	-2398	-764
-14888	-1180	1972	-1238	-2308	-892
-14540	-1080	1900	-1843	-3133	-859
-13732	-1452	2460	-1845	-3572	-958
-13520	-1744	2680	-913	-3208	-1198
-14192	-1396	2184	492	-2400	-1155
-14756	-584	2248	-230	-2655	-715
-14640	-1076	2532	-2108	-3637	-236
-13728	-1720	2708	-1846	-3970	-429
-13624	-1432	3096	-418	-2822	-932
-14372	-684	2984	-823	-2672	-975
-13932	-1376	2848	-1963	-3175	-757
-13832	-1912	3328	-475	-2154	-555
-13820	-908	3400	-751	-2148	-203
-13996	-1528	2904	-1771	-2541	-80
-14240	-2372	2956	-327	-1540	54
-15028	-1304	3296	274	-1009	227
-15656	-1508	3184	-1473	-1832	3
-14232	-2304	3588	-1274	-2030	-555
-13824	-1884	3408	267	-174	-887
-14864	-1336	3608	56	-189	-546
-13932	-1788	3800	-1083	-718	-324
-14076	-2516	4028	294	405	-104
-14936	-1408	4364	492	734	72
-15020	-1920	4428	-690	-46	186
-15072	-2368	4656	-39	499	174
-15372	-1816	4936	-5	324	212
-15052	-1848	4676	-1015	-436	126
-14728	-2516	4504	-666	-484	-132
-14452	-2148	4612	423	-218	-441
-14592	-1640	4328	321	-140	-599
-14668	-2496	4156	74	-660	-724
-14016	-2676	4420	2225	262	-915
-14780	-1832	4056	2837	1171	-809
-14808	-1664	4048	1543	453	-505
-14576	-2660	4136	1758	982	-354
-14632	-1880	4104	2585	1682	-330
-14508	-1412	4028	996	1378	-279
-13988	-2208	3948	738	1297	-280
-14368	-1892	3824	1435	2209	-296
-14544	-1448	3568	196	1532	-240
-13760	-2124	3788	-200	1279	-333
-13676	-1796	3776	409	2184	-531
-14016	-1628	3400	-389	2120	-536
-13872	-2408	3152	-191	2174	-410
-13224	-1756	3064	763	3233	-356
-13448	-1136	2924	-175	3302	-80
-12720	-1908	2524	-939	2752	223
-12828	-1896	2004	683	4628	666
-14276	-1368	1972	919	4649	1071
-13952	-1136	2000	-429	3451	1094
-13564	-1456	1688	-744	3762	1009
-14252	-1432	1124	-49	3787	969
-14704	-1504	1156	586	3844	835
-14868	-912	1008	449	4004	742
-15408	-1288	1232	436	3363	826
-14892	-1004	1192	335	3125	572
-14644	-1080	536	164	2811	433
-14544	-1484	-432	611	2955	413
-15156	-1176	-192	1971	3748	499
-15300	-328	908	1897	3219	681
-14968	-716	452	-90	2519	816
-15632	-1716	-572	834	3075	1374
-16752	-856	-568	1748	3255	1562
-16356	-60	172	-381	2061	1628
-16200	-1444	-548	-1155	1429	1621
-16300	-1332	-420	838	2681	1161
-16580	-456	-296	899	2017	824
-16296	-888	-856	-438	1313	635
-15612	-1304	-452	618	1201	485
-16364	-932	-524	1772	2008	106
-16508	-448	-872	1049	974	142
-16284	-1344	-1260	810	834	498
-16136	-840	-824	1557	1292	572
-16752	-248	-544	591	724	579
-16240	-876	-1308	-741	-464	299
-15736	-1500	-1672	803	493	-11
-16752	-432	-988	1485	641	-19
-16412	80	-1476	-938	-769	-347
-15808	-1284	-1772	-925	-794	-291
-16500	-1420	-1832	586	575	-71
-16852	-580	-948	653	159	90
-15928	-796	-860	-326	-301	63
-15992	-1448	-1652	537	574	-45
-17024	-984	-1724	1476	847	-152
-16988	-668	-1836	840	28	-209
-16624	-916	-1480	656	184	-303
-16900	-1036	-1872	900	296	-568
-17176	-992	-1816	1582	515	-624
-16804	-540	-1456	854	198	-589
-16160	-652	-1780	-9	-126	-624
-16240	-936	-1988	241	509	-480
-16424	-448	-1640	7	426	-277
-15900	-588	-1808	-1441	-336	-338
-15608	-1268	-1516	-845	374	-360
-16488	-728	-1800	-230	852	-238
-16544	-644	-1592	-864	134	-94
-16156	-1232	-1572	-583	461	24
-16808	-1012	-1316	353	867	165
-17264	-496	-1524	-73	578	198
-17204	-660	-940	-1006	-83	280
-17152	-428	-556	-1606	-178	336
-17916	-612	-1036	-2245	-259	378
-17524	-1008	-1116	-2445	-890	517
-17148	-1484	-1468	-1627	-244	548
-17552	-1244	-1336	-466	-246	465
-17196	-1092	-1368	217	-456	253
-17296	-800	-1492	674	-281	88
-17668	-684	-1536	135	-846	-38
-17000	-656	-1776	-316	-1353	-238
-16972	-976	-1540	-196	-1048	-261
-17100	-256	-1064	-799	-1143	-98
-17140	-472	-1280	-2535	-1689	117
-16548	-944	-1008	-2877	-1728	280
-16676	-880	-1232	-2726	-1585	263
-16664	-616	-724	-3143	-1551	232
-16520	-848	-712	-3492	-2079	75
-16072	-1040	-816	-2936	-2104	-130
-16040	-1284	-856	-2212	-1759	-183
-15916	-888	-316	-1267	-1908	-188
-15432	-312	-408	-1968	-1969	-153
-15420	-1056	-664	-2566	-2598	-107
-15108	-1624	-156	-894	-2354	-525
-14880	-116	-460	-385	-1256	-682
-16052	-224	-8	-2872	-2255	-359
-14648	-1552	520	-3568	-3450	-456
-13988	-1544	740	-765	-1257	-807
-15100	44	916	-932	-1372	-679
-14864	-92	1008	-3886	-2772	-408
-14416	-1484	1264	-3207	-2676	-252
-14280	-1040	1660	-1971	-1656	-445
-14268	-420	1600	-3128	-2819	-455
-13504	-1364	1936	-3689	-3167	-632
-13704	-1360	2228	-1670	-2633	-782
-13464	-360	2024	-1548	-2923	-1016
-13316	-884	1404	-2877	-3272	-893
-13264	-1820	2196	-1613	-2985	-614
-13232	-716	2820	-652	-2166	-366
-13888	-1056	2312	-1955	-3210	-449
-13132	-2064	2412	-1159	-2866	-677
-13880	-1052	2944	768	-1574	-513
-15264	-604	2516	-1317	-2339	-431
-14896	-1984	2556	-1982	-2965	-413
-14512	-1912	3316	188	-1647	-510
-15440	-408	3224	-961	-1446	-309
-14712	-1188	3256	-3133	-3540	-458
-13096	-2080	3240	-1479	-2406	-869
-14056	-776	3032	-129	-853	-617
-14588	-728	3092	-2514	-2270	-438
-13324	-2092	3152	-2172	-2244	-399
-13836	-1744	3016	-312	77	-87
-15408	-1232	3268	-1091	-145	419
-14552	-1860	3476	-1612	-528	512
-14628	-2028	3736	-304	1270	391
-15268	-1380	3340	-453	983	470
-15104	-1848	3348	-727	961	199
-15292	-1808	3396	302	1499	11
-15548	-1568	3804	307	1573	33
-15228	-1376	4204	-302	996	112
-14664	-1352	4072	-973	970	-114
-14856	-1776	3780	-739	1008	-108
-15304	-1568	4368	-260	1220	123
-15428	-1304	4324	-934	609	340
-15096	-1716	3540	-1714	17	346
-15072	-2468	3324	-853	259	145
-14924	-1904	3684	527	1042	47
-15200	-1304	3260	-122	726	32
-14360	-2048	3180	-389	705	-74
-14392	-2040	3252	1156	1975	2
-15004	-1136	2988	1197	2152	306
-15232	-1424	2892	-277	1461	334
-14368	-2200	2716	488	1515	286
-14608	-1364	2872	1268	2309	86
-14956	-1008	2584	-187	1544	-32
-14088	-2036	2216	-71	1312	-168
-14240	-1516	2164	1300	2847	-322
-15104	-960	2140	341	2410	-113
-14312	-1584	1836	-748	1924	-51
-13764	-1804	1764	627	2976	22
-14096	-756	1396	398	3382	208
-13972	-1020	948	-1322	2552	213
-13140	-1992	928	14	3186	169
-13888	-984	580	1625	4665	212
-15104	-704	852	652	3662	446
-14260	-1620	412	779	3405	519
-14272	-1428	596	2060	3962	399
-14224	-460	304	1486	3665	230
-14556	-1048	132	999	2934	128
-14368	-1140	-128	1757	3502	174
-14756	-484	-96	1861	3404	275
-15292	-768	272	469	2849	414
-14544	-956	-112	199	2382	686
-14584	-1112	-84	523	3006	666
-14840	-404	228	421	2742	745
-15192	-1072	-72	-478	1734	851
-14504	-1360	-248	889	1906	690
-14940	-580	-396	1642	2281	731
-15584	-560	-720	502	1259	718
-14932	-1276	-1048	1045	798	797
-15272	-1164	-724	2255	1821	829
-15892	-824	-960	2201	1342	1020
-16104	-1080	-1144	2174	1073	1054
-16028	-532	-1224	1590	908	861
-16188	-964	-1492	755	288	514
-16300	-1444	-1576	1917	791	294
-16764	-388	-1764	2574	1224	385
-16752	-528	-1704	182	48	327
-16104	-1908	-2292	568	156	448
-17036	-1336	-1640	2822	1327	347
-17212	92	-1732	971	413	149
-16456	-848	-2168	-910	-803	-166
-15712	-1640	-1932	536	234	-475
-16392	-744	-1392	1933	736	-689
-16276	-116	-2016	545	248	-793
-16248	-1308	-2264	344	-23	-398
-16312	-1052	-2016	1662	794	-218
-16516	-208	-1996	935	514	-187
-16184	-812	-2292	32	87	-116
-16316	-920	-2660	884	1225	3
-17352	-240	-2308	289	1000	41
-16656	-584	-2060	-1267	168	42
-16280	-1080	-2356	-564	656	-28
-16612	-592	-2368	82	1108	-113
-16396	-396	-2112	-652	405	-16
-16100	-1084	-2440	-419	522	-99
-16152	-1004	-2324	816	1011	-98
-16140	-656	-2236	716	1103	129
-16336	-944	-2176	356	769	286
-15964	-1100	-2292	672	895	165
-16104	-1028	-2368	1285	1266	159
-16700	-640	-2636	763	1120	194
-16448	-836	-2244	-65	299	178
-16164	-1044	-2372	41	528	68
-16560	-644	-1912	-444	289	-15
-16468	-600	-1352	-1699	-460	-68
-16788	-760	-1568	-2074	-303	-72
-17068	-1060	-2076	-2340	-782	-105
-16556	-1420	-2120	-1373	-828	-130
-16772	-1516	-2404	102	-229	-150
-17036	-788	-2308	744	-332	-190
-17000	-868	-2260	513	-760	-233
-16832	-684	-2256	347	-786	-229
-16832	-588	-2032	-407	-1216	-217
-16520	-732	-2020	-771	-1102	-114
-17008	-480	-2064	-990	-798	126
-17084	-536	-1856	-1931	-1398	325
-16756	-856	-1788	-2418	-1342	411
-16772	-764	-1940	-2389	-1466	352
-16728	-712	-1916	-2449	-1470	210
-16656	-816	-1692	-2286	-1655	221
-16560	-888	-1736	-2125	-1644	87
-16292	-684	-1696	-1791	-1622	9
-16456	-808	-1828	-1915	-1640	105
-15924	-512	-1172	-1994	-2012	57
-15600	-1172	-1604	-2297	-2241	-272
-15084	-1292	-1720	-682	-1584	-582
-15500	-412	-1568	-331	-1049	-586
-15252	-168	-1324	-1751	-1888	-404
-14720	-1324	-1248	-2415	-2051	-526
-14240	-1556	-1136	-481	-1212	-571
-14644	-120	-772	-532	-632	-613
-14640	-220	-936	-2788	-1598	-401
-14376	-1892	-708	-2230	-1409	-283
-14756	-1080	-384	67	262	-255
-15500	-44	-208	-1742	-576	34
-15044	-1088	-128	-3672	-1520	15
-14544	-2072	-76	-1577	-792	-201
-15076	-424	48	-108	336	-459
-15824	-64	-316	-2733	-909	-247
-14648	-1560	388	-3239	-2224	-339
-14148	-1448	444	-790	-436	-607
-15964	-160	276	-1049	-502	-542
-15528	-592	204	-2799	-2461	-464
-14916	-936	488	-2351	-1654	-564
-15656	-616	396	-2924	-2109	-583
-14972	-1200	472	-2853	-2661	-608
-14932	-888	1356	-2227	-2165	-696
-14928	-644	988	-3051	-2874	-675
-14408	-1340	928	-2678	-3105	-745
-14764	-908	1148	-1616	-2275	-670
-14848	-388	1128	-2584	-2805	-419
-14376	-1916	1396	-2845	-3493	-432
-13992	-1540	1708	-120	-1695	-541
-15572	-448	2128	-348	-1591	-283
-15004	-1200	1920	-1759	-3527	-457
-14068	-1612	2128	-60	-1869	-579
-15500	-924	2188	471	-1531	-220
-14760	-776	2440	-1201	-3162	-296
-13996	-1380	2632	-436	-2003	-185
-14836	-948	2960	-41	-2170	80
-14124	-860	2804	-1827	-3008	-47
-14216	-1912	2512	-1507	-2724	27
-14160	-1476	3052	-925	-2435	24
-14148	-1548	3064	-1422	-2543	-22
-14420	-2352	2812	-613	-2022	-95
-14508	-1580	2972	270	-1073	18
-15136	-1464	3380	-1096	-981	329
-14792	-2372	3568	-1712	-1220	331
-14592	-2500	3832	3	90	209
-15168	-1360	3680	-444	-74	-44
-15036	-1780	3236	-1674	-520	-474
-14856	-2396	3384	-183	127	-568
-15332	-1512	3752	516	866	-656
-15212	-1208	3972	-461	-106	-492
-14624	-2052	3904	-533	-163	-641
-14748	-1416	4088	995	911	-492
-15700	-636	3776	-208	408	-229
-15324	-1656	3908	-1220	-634	-94
-14728	-1876	3824	-29	342	-84
-15496	-1360	3736	290	393	-104
-15180	-1380	3412	-648	-167	-88
-15024	-1940	3344	-292	-14	-73
-15124	-1776	3584	396	495	-91
-15144	-1564	3304	77	246	-107
-15052	-1716	3472	-79	284	-93
-15088	-1748	3320	-94	435	-37
-14832	-1808	3340	139	471	-89
-14892	-1600	3436	476	774	-84
-15208	-1532	3248	-271	750	35
-15208	-1972	3540	-183	270	7
-14868	-1824	3324	399	935	-286
-15120	-1356	3184	187	758	-294
-14996	-1724	3132	-629	474	-305
-14604	-1848	3284	-118	910	-168
-14932	-1528	3500	-237	1200	1
-14904	-1736	3340	-809	1004	207
-14724	-1732	2936	-480	1398	298
-15188	-1540	2732	-602	1588	360
-15160	-1924	3272	-681	1135	271
-14668	-1752	3076	11	1626	-25
-15300	-1528	2784	15	1844	-87
-14964	-1792	2720	-369	1254	-42
-14360	-1720	2540	376	1817	-87
-14836	-1360	2644	224	2282	77
-14844	-1588	2628	29	1707	255
-14640	-1728	2336	490	2350	209
-15048	-1364	2440	375	2238	228
-15008	-1764	2340	547	1863	161
-15148	-1280	2124	1228	2245	34
-15316	-928	1784	247	1550	28
-15040	-1496	1928	339	1413	160
-15116	-904	2112	625	1689	207
-14768	-544	1796	-973	929	235
-14192	-1768	840	-1358	901	243
-14632	-1452	1100	599	2365	450
-15288	-540	1948	-328	1670	662
-14692	-1276	1308	-2024	557	496
-14172	-2056	644	-454	1624	386
-15160	-1348	712	1236	2235	460
-15136	-720	764	290	1617	302
-15052	-1668	920	717	1539	288
-15000	-1380	424	1678	2077	267
-15268	-920	596	1485	1829	203
-14888	-1340	596	1273	1404	77
-14740	-972	888	2223	2074	29
-14960	-372	368	1194	1466	226
-14580	-1160	-88	88	1041	398
-14708	-1652	96	1219	1524	573
-14856	-564	384	1409	1408	327
-14440	-724	48	518	1134	124
-14780	-1308	-148	1385	1423	153
-14284	-808	-476	1596	1376	350
-14320	-1108	-232	1368	1317	157
-13884	-796	-956	1762	1274	-17
-14468	-696	-1096	1947	2037	-19
-15572	-440	-320	1692	1729	251
-15788	-784	-644	667	781	234
-15092	-1144	-1176	1074	1217	158
-16188	-800	-792	1402	1641	186
-16036	-8	-1152	-379	664	15
-15404	-1104	-648	-1151	3	-223
-14812	-1200	-636	346	1299	-284
-16284	-492	-1076	814	1869	-55
-16352	-1080	-852	-313	785	174
-15344	-1764	-624	934	1356	325
-16432	-916	-496	2524	2480	217
-17112	-516	-1208	940	1137	92
-16100	-1472	-1496	1462	956	31
-16296	-1128	-1284	2954	2233	117
-17480	-92	-928	1864	1905	189
-17380	-900	-1236	-314	441	273
-17012	-1372	-1352	695	1175	200
-17948	-524	-1572	585	1349	185
-17580	-576	-1648	-934	109	51
-17252	-1512	-1552	-473	542	4
-17416	-980	-1424	822	897	-187
-17156	-672	-1580	421	414	-210
-16824	-860	-1668	-258	411	79
-17092	-1248	-1988	-211	304	316
-16880	-1176	-1676	430	858	386
-17136	-792	-2004	-96	839	622
-16896	-1040	-1844	-468	473	617
-16760	-1116	-1692	87	891	424
-17360	-568	-2016	-108	931	367
-17508	-608	-2188	-1358	60	327
-16868	-1052	-1424	-1474	-77	395
-17368	-528	-700	-1844	57	375
-17568	-440	-952	-3209	-810	254
-17276	-1316	-1748	-2768	-842	188
-17340	-1412	-1924	-1230	-500	119
-17480	-1388	-2040	-285	-574	-128
-17344	-1188	-1964	526	-712	-425
-17096	-672	-1780	954	-936	-688
-17340	-336	-2104	393	-888	-753
-17512	-392	-2088	-503	-1345	-557
-16944	-696	-1604	-1262	-1530	-330
-16780	-464	-1452	-1799	-1178	-148
-16804	-536	-1784	-2697	-1487	-11
-16588	-668	-1320	-3087	-1693	-32
-16444	-632	-1732	-3345	-1439	-33
-16484	-1044	-1480	-3463	-2173	-201
-15208	-1028	-1504	-2580	-1990	-474
-15444	-868	-1108	-1865	-1377	-509
-15480	-708	-1056	-2100	-2147	-513
-14588	-1300	-1212	-1002	-1902	-588
-14524	-688	-684	188	-1030	-507
-14844	120	-484	-1546	-1660	-249
-14616	-880	-580	-3337	-2335	-128
-14208	-1460	-288	-1643	-1747	-100
-14628	-68	-4	-1405	-1043	-121
-15188	48	-40	-4132	-1797	263
-15124	-1676	408	-4624	-2517	445
-14372	-1380	1084	-2594	-1441	-4
-14704	-304	856	-3029	-1641	-217
-14808	-1240	928	-3892	-2591	-407
-14816	-1328	1088	-1952	-1583	-461
-15572	-380	1364	-2199	-2040	-436
-14476	-880	1288	-3857	-3496	-526
-13660	-1584	1488	-2568	-2839	-682
-14316	-744	1748	-1901	-2440	-666
-14428	-512	1412	-3223	-3268	-645
-14244	-1556	1524	-2951	-3217	-617
-14328	-1680	1980	-1553	-2677	-783
-14620	-816	2256	-1620	-2573	-896
-14456	-1228	2268	-2465	-3441	-979
-13616	-1724	2800	-1366	-3141	-1151
-13916	-1292	2904	-124	-2463	-1175
-14424	-1488	2400	-315	-3151	-1263
-14108	-1468	2368	258	-2529	-1137
-14508	-1044	3004	306	-2245	-683
-14788	-1088	3084	-1169	-2841	-455
-14216	-1840	3096	-1154	-2991	-585
-14648	-1616	3236	-90	-1740	-612
-15328	-928	3324	-1260	-2389	-499
-14644	-1876	3188	-2039	-2752	-633
-14200	-2176	3324	-767	-1439	-475
-14508	-1444	3468	-631	-1449	-117
-14308	-1944	3280	-1315	-1513	12
-14452	-2376	3488	-280	-693	10
-14796	-1784	3800	132	-40	161
-15160	-1792	3812	-1020	-498	134
-14248	-2472	4012	-399	-190	129
-14620	-1864	4224	348	709	189
-14760	-1432	3896	-926	195	242
-14452	-2384	4068	-1221	-186	231
-14256	-2296	4260	435	1028	9
-15132	-1644	4220	381	1135	41
-14704	-1800	3856	-976	323	28
-14044	-2700	4028	164	727	-107
-14704	-1972	3876	1511	1934	-272
-15336	-1512	3568	538	1436	-93
-14972	-2172	3760	-57	760	-56
-13952	-2092	3632	511	1694	-313
-13844	-1652	3272	315	1825	-400
-13804	-2272	3284	204	1950	-484
-13592	-2068	3192	1398	3072	-411
-14024	-1124	3040	811	3237	-63
-13744	-2136	2796	-686	2364	-62
-12816	-2476	2676	1356	3503	-142
-13756	-1200	2500	2089	4524	42
-14236	-1272	2012	176	3287	218
-13792	-2208	1824	825	3729	456
-14688	-1076	2320	1585	4330	504
-14880	-472	1408	-1437	2859	482
-14272	-2176	1032	-1450	2315	285
-13900	-1336	1652	790	3679	96
-14648	-40	1456	-933	2960	132
-14428	-1824	764	-1755	2010	178
-14416	-2108	1012	1595	3659	255
-14616	-512	1264	1575	3319	482
-14560	-1304	804	429	2420	466
-14516	-1880	292	2381	3347	412
-14836	-1408	424	3854	3498	364
-15256	-448	112	3126	3119	409
-15392	-948	56	2042	1732	271
-14308	-904	20	2179	1961	224
-15036	-644	24	1625	2382	549
-15572	-1456	-1004	890	1659	795
-15700	-1668	-432	2373	2423	722
-16064	-420	-60	2142	2631	884
-16340	-972	-796	322	1238	823
-15632	-1916	-892	1918	1817	790
-16640	-588	-656	3015	2871	1050
-16968	-368	-716	-94	504	1039
-15820	-2176	-1548	629	735	795
-16700	-1236	-1276	3034	2313	502
-16980	148	-1076	663	485	256
-15516	-1644	-1432	-314	-459	-42
-16144	-1492	-1476	2705	1822	-51
-17644	324	-1212	706	940	62
-16232	-1120	-1716	-2661	-1662	83
-15052	-2328	-1696	-233	286	215
-16812	-960	-1504	1483	1687	370
-17060	-568	-1332	-791	23	416
-15824	-2204	-1956	-1137	-223	376
-16028	-1756	-1612	1513	1737	357
-17372	-868	-1616	1049	1082	187
-16092	-1348	-1932	284	-32	-94
-16308	-1752	-2224	1840	1479	-101
-17368	-560	-1696	1709	1145	-154
-16728	-952	-1780	-212	-46	-327
-15812	-1596	-1772	519	665	-438
-16728	-736	-1788	1165	1305	-421
-16880	-172	-1912	-849	354	-323
-16096	-1040	-1788	-1841	-259	-116
-16240	-1020	-1528	-1486	520	-95
-16720	-492	-1248	-1995	-131	-72
-16264	-1084	-1540	-2588	-536	-144
-16316	-1544	-1356	-1174	150	-208
-16916	-1236	-1536	-13	275	-231
-16580	-1012	-1552	674	16	-190
-16852	-660	-1476	1047	402	6
-17600	-496	-1128	582	196	96
-17736	-804	-1676	-206	-308	211
-17716	-1048	-1760	-551	-361	176
-17900	-824	-1740	-541	-421	120
-17760	-808	-2016	-716	-527	1
-17756	-892	-1872	-497	-382	81
-17892	-600	-1624	-801	-766	57
-16956	-644	-1692	-1391	-1354	-58
-17100	-988	-1388	-1002	-774	33
-17396	-340	-1596	-1309	-939	160
-17012	-784	-1632	-2143	-1402	351
-16776	-828	-1312	-2033	-1133	400
-16720	-900	-1540	-2230	-1304	316
-16520	-944	-1536	-1639	-930	228
-16768	-528	-1580	-1713	-860	258
-16300	-876	-1324	-2668	-1601	216
-15784	-1544	-1176	-1810	-1255	43
-15892	-1016	-1284	-423	-598	-102
-16404	-588	-1564	-1186	-707	-31
-15940	-1184	-1040	-1514	-1541	52
-15424	-1088	-1044	-1071	-901	-214
-15680	-704	-1000	-1734	-1105	-192
-15532	-1060	-764	-2389	-1789	-388
-14664	-812	-408	-1970	-1595	-630
-14968	-784	-552	-2348	-1391	-555
-14644	-764	-188	-3053	-2026	-364
-14256	-1364	-428	-3006	-1868	-402
-14476	-1208	148	-1899	-1512	-349
-14780	-712	516	-1959	-1748	-363
-14756	-764	412	-2649	-2232	-465
-14648	-1140	464	-2693	-2304	-484
-14664	-1140	648	-2332	-2397	-527
-14520	-716	1244	-2288	-2468	-638
-14480	-604	1492	-2917	-2741	-681
-14584	-1088	1248	-2917	-2741	-567
-14588	-1048	1296	-2670	-2883	-538
-14408	-864	1684	-2900	-3302	-625
-13792	-1232	1632	-3084	-3770	-914
-13756	-1564	1628	-2174	-3322	-921
-14152	-1140	2044	-1155	-3118	-915
-14168	-812	1480	-2136	-3539	-1075
-14040	-1848	1800	-2042	-3335	-906
-13888	-1860	2480	-121	-2411	-745
-14200	-756	2468	-43	-1876	-753
-14500	-1440	2588	-1295	-2321	-555
-14220	-1580	3028	-335	-2167	-331
-14356	-596	2768	-1031	-1789	-277
-14800	-1488	2608	-2708	-2721	-215
-14008	-2000	3040	-1539	-2082	-156
-14424	-1184	3536	-1189	-1439	-180
-14360	-1728	3120	-2547	-2363	-297
-13876	-2732	3376	-1039	-1789	-438
-13876	-1936	3888	550	-658	-504
-14428	-1228	3816	-402	-583	-213
-14888	-2692	3576	-813	-807	64
-14420	-2440	3852	659	230	145
-15032	-1684	4052	299	533	148
-15156	-2364	3932	-958	-96	51
-14468	-2792	4032	891	253	-210
-14664	-2068	3908	2080	1146	-636
-14504	-1228	3792	783	329	-707
-14148	-2320	3656	116	-60	-822
-13788	-2488	3220	1958	1105	-875
-14424	-1696	3156	2136	1798	-672
-14332	-1672	3472	568	1341	-135
-13868	-2212	3392	-15	1725	133
-13800	-2028	3020	535	2528	283
-13796	-1712	3100	53	2679	265
-13584	-1992	2640	-249	3099	329
-13728	-1960	2888	166	3243	503
-13116	-1448	2224	-559	3178	386
-13704	-2748	2364	171	3357	258
-13104	-1716	2320	2392	3871	30
-13792	-604	2236	1833	3854	-57
-13912	-1824	764	-43	2624	-40
-13756	-3032	1168	3535	3669	5
-14464	-600	1668	4541	4400	-215
-15024	-228	788	871	2263	-561
-13928	-1928	524	1267	2586	-290
-14720	-768	1144	3026	3854	153
-15412	228	660	-488	2349	330
-14556	-2616	-68	-981	1276	438
-13816	-2076	784	2918	3697	197
-15352	-60	348	2342	3479	60
-15392	-1284	-380	432	2531	150
-15120	-2076	208	2554	3159	630
-15396	-884	708	2970	3441	684
-16004	-1212	-624	1842	2595	627
-15944	-2152	-228	3252	2769	744
-15932	-12	-224	3593	2992	760
-16604	44	-1576	-282	1652	506
-15400	-1832	-1492	-467	690	818
-14908	-932	-1068	1343	2840	1026
-16744	-128	-1396	-572	2684	1363
-16388	-1716	-2256	-2336	706	1390
-15352	-2544	-1252	530	2415	1200
-16580	240	-1128	1136	3448	1164
-17112	-208	-2240	-3437	501	749
-15248	-2300	-1808	-1571	744	710
-16352	-816	-1464	1284	3198	927
-17216	-260	-1964	-495	1318	962
-16488	-2116	-1916	78	1187	949
-16884	240	-1624	727	2944	1226
-18232	-128	-2360	-3227	41	1115
-16460	-1860	-2308	-2401	-38	663
-17152	-560	-1668	-507	1701	532
-17740	128	-2156	-2841	-586	13
-16532	-1592	-1924	-1941	-313	-444
-17024	-1272	-2188	892	830	-612
-17332	-208	-2492	258	151	-947
-16888	-1004	-2368	153	-431	-955
-16888	-800	-2044	2077	436	-1061
-17656	640	-1608	995	215	-988
-16668	56	-1860	-1532	-1670	-822
-15916	-652	-1840	-764	-592	-693
-16592	252	-2056	-595	108	-322
-17012	-40	-2028	-2357	-1064	73
-15908	-936	-1852	-2101	-939	211
-16836	-652	-2072	-591	417	218
-17640	-420	-2064	-849	-427	272
-16976	-1156	-1952	-2	-386	335
-17528	-328	-1372	677	256	343
-18004	-240	-1784	-738	-866	263
-17564	-1004	-2172	-836	-874	270
-17060	-920	-1556	-84	-841	213
-16820	-796	-1612	185	-698	-21
-17296	-932	-2144	477	-362	27
-17164	-736	-1888	571	-442	210
-16972	-564	-1604	213	-506	432
-16708	-440	-1628	-566	-783	581
-16600	-916	-2096	-1493	-1055	504
-15928	-908	-2052	-1069	-1006	421
-16320	-532	-2172	-1507	-606	478
-16168	-684	-1628	-2744	-1524	466
-15160	-1296	-1636	-2475	-1346	184
-15064	-848	-1592	-1311	-611	-26
-15492	-316	-1852	-2100	-761	58
-15404	-844	-1336	-2889	-1244	13
-14880	-1040	-1500	-2075	-998	-142
-14964	-804	-1156	-1785	-515	-202
-15016	-620	-1196	-2427	-1050	-284
-15388	-1400	-1072	-1657	-587	-460
-15668	-492	-944	-1026	-585	-757
-15680	-740	-828	-2204	-1353	-909
-15144	-1204	-560	-960	-879	-890
-15776	-592	-48	-114	-498	-933
-15300	172	-752	-2064	-1565	-876
-15172	-1640	-188	-2508	-2247	-1105
-14312	-1012	-548	-32	-1042	-1603
-15128	-40	-164	-345	-920	-1671
-14760	-236	-28	-2153	-2216	-1372
-14144	-1200	348	-1438	-1596	-1264
-14932	-424	480	-566	-701	-1099
-15636	-176	296	-2897	-1597	-670
-14716	-1004	764	-3181	-2163	-569
-14424	-916	1268	-2427	-1141	-608
-14564	-312	1216	-2553	-2109	-612
-14940	-656	868	-2776	-1700	-697
-15524	-892	1108	-2652	-2266	-645
-14968	-1164	1464	-2373	-2546	-570
-14672	-1180	1184	-1700	-2344	-582
-14972	-1752	876	-638	-2170	-570
-14952	-772	896	-51	-2074	-440
-14960	-280	996	-1937	-2672	-232
-14112	-1796	1132	-2046	-3356	-312
-13264	-932	1712	123	-1308	-428
-14952	328	1900	-1751	-1238	285
-14824	-1632	1920	-4123	-3860	288
-13128	-2428	1896	-455	-1456	-138
-15844	-784	1288	893	591	510
-16076	-940	1244	-2517	-3093	529
-13224	-2672	1756	-1287	-2332	88
-14368	-1364	1872	962	838	248
-15880	-704	2048	-1203	-1773	212
-13540	-1516	2408	-2316	-1395	40
-14620	-2040	2824	-1270	-209	300
-14660	-1728	2912	-956	-333	444
-14920	-1700	3692	-637	-210	585
-15028	-1936	3292	-1326	-701	756
-16112	-2324	3012	-410	-354	562
-16748	-1604	2932	-110	-1179	45
-15696	-1472	2388	-1379	-2158	-552
-14948	-2080	2664	-868	-1841	-962
-13984	-1352	3244	160	-1271	-1121
-14144	-796	2892	-772	-845	-852
-14156	-1780	2456	-1682	-1156	-409
-13832	-2056	2660	-91	265	24
-15084	-1100	2880	117	1069	461
-15448	-1456	2896	-1188	181	562
-14488	-2092	2872	-478	469	250
-14580	-1788	2644	630	1393	-152
-14684	-1308	2604	835	1038	-361
-14636	-1540	2776	605	1568	-231
-14744	-1328	2692	513	1740	303
-14556	-1960	2444	26	841	291
-13508	-1608	2620	1190	1668	-181
-14308	-796	2268	705	2189	-126
-14300	-1672	1860	-272	1130	-100
-13672	-2000	2000	1260	2204	-382
-13804	-1196	2040	1504	2312	-317
-13776	-1764	1596	978	2150	-413
-14388	-2248	1804	3271	3104	-421
-14356	-640	1788	3645	3105	-494
-13996	-1324	1336	2241	1716	-808
-12952	-1576	852	3678	3279	-701
-14804	-380	1456	4468	3741	-80
-14452	-68	1028	1273	1637	-59
-13588	-1856	112	1366	2183	-110
-14296	-868	440	2907	3377	76
-14736	208	696	781	1837	69
-14428	-1188	412	-226	1568	-16
-15164	-1336	216	1351	2691	391
-15416	-372	264	187	1648	506
-15212	-1268	96	-889	1073	428
-14596	-1376	68	481	1543	413
-15204	-1600	724	1478	2008	354
-14832	-1012	-204	2011	1998	578
-15956	-1808	-256	2231	2306	941
-15512	-1292	-292	2780	2136	823
-15332	-1332	-4	2713	2303	711
-15504	-1176	-356	2975	2650	763
-16176	-660	-332	2912	2585	674
-15752	-524	-604	1276	1563	532
-15552	-1776	-816	1816	1768	494
-16884	-480	-1300	3350	3557	756
-17732	-28	-832	715	1181	792
-15536	-1176	-1344	-718	371	769
-15600	-1676	-1460	1523	2234	869
-16992	-504	-768	2515	2321	711
-16312	-216	-1084	883	1183	534
-15748	-1408	-1948	1119	1352	609
-16376	-1168	-1556	3011	2395	836
-17004	396	-1264	1312	1881	962
-16908	-812	-2108	-913	572	1024
-16568	-1556	-2012	421	1557	835
-16928	-204	-1536	730	1584	558
-17036	-496	-2232	-961	580	201
-17052	-1512	-2548	695	1131	132
-17764	-260	-2780	1644	1965	365
-18216	116	-2356	-1034	617	471
-17000	-948	-2808	-2012	-214	361
-16956	-892	-2824	-381	1056	6
-17648	-60	-2760	-379	845	-252
-17004	-424	-2632	-1386	2	-466
-16316	-976	-2468	-172	587	-550
-16736	-340	-2548	715	982	-535
-16484	-12	-2520	168	230	-423
-16240	-472	-2548	3	401	-296
-16900	-732	-2568	764	577	-152
-17108	-352	-2444	1064	351	-125
-16892	-100	-2508	169	116	-348
-16840	-468	-2288	-9	133	-199
-17452	12	-2012	-284	170	-4
-17564	-164	-1792	-1380	-996	25
-17004	-728	-2388	-1694	-852	-112
-17748	-600	-2200	-849	-577	-154
-17788	-412	-2064	-1079	-1523	-436
-16592	-612	-2116	-850	-1667	-564
-17148	-460	-2624	-634	-1149	-467
-17096	-728	-2296	-925	-2222	-424
-16124	-1040	-1892	194	-1692	-455
-16708	-40	-1892	-36	-1188	-230
-17072	-80	-2108	-2044	-2458	-143
-15760	-1484	-2324	-1997	-2930	-265
-15368	-784	-1952	-11	-1063	-108
-16640	552	-1536	-2130	-1630	172
-15700	-564	-1776	-5104	-3532	-34
-14748	-1788	-1688	-3179	-2424	-282
-15440	-344	-1240	-1890	-1270	-427
-15648	-32	-1076	-4251	-2651	-258
-14644	-1704	-1348	-4088	-2805	-212
-14820	-1428	-1132	-1419	-931	-230
-15844	-332	-244	-1762	-1640	-151
-15132	-936	-40	-2503	-2538	-366
-15420	-1216	-176	-1469	-1579	-508
-15216	-728	-172	-765	-1917	-490
-15044	-500	680	-1520	-1686	-229
-14712	-328	552	-3104	-2546	-43
-14536	-1516	316	-2691	-2686	-70
-14324	-480	356	-1648	-1492	-129
-14888	-104	824	-3444	-2678	-13
-13812	-1292	404	-3785	-3066	-257
-14116	-1328	1252	-1509	-1690	-569
-14548	-328	1284	-1676	-1956	-427
-14668	-1292	1112	-2264	-2408	-388
-14472	-1416	1564	-449	-1793	-192
-14784	-704	2080	-484	-1789	-26
-14388	-748	1988	-1721	-2994	-222
-14152	-1500	1520	-1049	-2118	-409
-14832	-620	2152	-79	-1746	-199
-14760	-212	2460	-2207	-2466	1
-14688	-1852	2356	-2691	-2589	-43
-14864	-1860	2568	-656	-1537	22
-15308	-584	2760	-870	-1746	-147
-14872	-1008	2468	-2805	-2693	-405
-14216	-1832	2736	-1515	-2615	-538
-14268	-968	2756	-98	-1594	-786
-15088	-316	2648	-1971	-1969	-582
-14480	-1640	2668	-2671	-2914	-375
-14048	-1140	3000	-1492	-1184	-202
-14908	-328	3352	-3021	-1593	83
-13756	-1540	3144	-4253	-2951	-323
-13368	-2220	3016	-1324	-708	-553
-14436	-520	3344	-810	-329	-473
-14316	-1724	3176	-2452	-1798	-526
-13900	-2488	3176	125	-128	-474
-15244	-1168	3372	1295	963	-33
-15692	-1248	3924	-664	-469	184
-14408	-1748	3780	-345	-3	122
-15604	-1388	3600	301	817	133
-15300	-800	3504	-1220	-305	-17
-14748	-1732	3704	-1309	-349	-196
-14584	-1284	3856	-603	200	-285
-14908	-1196	3556	-966	-27	-184
-14680	-2092	3676	-553	-110	-101
-14348	-1664	3552	544	822	3
-15172	-1688	3684	405	933	248
-14640	-1992	3640	360	553	154
-14600	-2044	3656	1856	2025	150
-15200	-916	3576	1146	1731	354
-14740	-1824	3468	-209	844	217
-13808	-1984	3216	1495	1808	-51
-14744	-1088	3192	1386	2603	5
-14248	-1060	2972	-547	1169	147
-13324	-1952	2852	-95	1805	73
-13792	-1352	2464	681	3005	172
-14220	-1236	2412	-445	2144	358
-13524	-1500	2036	-252	2388	341
-13952	-1016	2072	-235	3101	365
-14100	-1504	1868	-739	1958	216
-13196	-1788	1580	768	2886	-258
-14264	-740	1752	1763	3796	-124
-14444	-1004	1224	346	2271	-115
-13916	-1972	1436	2270	3001	-255
-14776	-936	1248	3576	3842	-145
-14960	-560	1068	1884	2257	-245
-14372	-1300	712	2210	2437	-488
-14872	-484	524	2943	3038	-271
-14952	-288	648	1121	1784	-325
-14244	-1288	0	839	1760	-486
-15124	-876	124	2373	3272	-225
-15200	44	496	431	1561	-116
-13492	-1000	468	-797	1048	-242
-14084	-1524	-48	1276	2850	-48
-15168	-676	-628	1939	2573	166
-14796	-876	-64	1248	2129	242
-15324	-960	-860	1206	3044	652
-16320	-1204	-340	958	2512	938
-15716	-1132	-252	1373	2258	680
-16348	-988	-1228	1817	3150	754
-17300	-544	-1560	671	2288	857
-16360	-1236	-1000	-213	1029	525
-15744	-1168	-548	1198	2124	197
-16948	-492	-1484	1118	1956	142
-17120	-752	-1664	702	1201	210
-16328	-1008	-1104	492	1074	199
-16204	-1084	-892	509	1256	423
-16684	-1004	-1248	1059	1679	500
-17356	-724	-1200	954	1577	523
-16484	-796	-1648	-96	810	553
-16704	-1484	-2024	643	1686	782
-17132	-164	-196	1059	1582	1037
-17612	136	-384	-2712	-102	841
-16460	-1012	-1272	-4078	-1146	690
-16588	-1604	-1472	-1841	264	716
-16884	-504	-1332	-1055	16	646
-16668	-1412	-2476	-1347	-250	475
-16384	-1464	-2756	1000	499	438
-16972	-688	-2072	2163	791	127
-16696	44	-2580	1430	567	-68
-17108	-476	-2024	765	525	-60
-17116	-492	-2248	683	375	-133
-17104	-340	-2256	612	740	-137
-17408	-156	-2224	-87	325	42
-17164	-200	-2052	-915	-92	-17
-17152	-332	-1944	-1114	-84	-75
-16908	-264	-1540	-1070	-430	-94
-17140	-208	-1696	-1385	-229	-53
-17360	-376	-1428	-1618	-701	190
-17076	-640	-1580	-1420	-621	196
-17340	-868	-1324	-491	-622	157
-17324	-200	-1608	-377	-714	0
-17096	-536	-1896	-374	-1169	-33
-17016	-620	-1732	106	-804	-97
-17176	-480	-1516	458	-1188	-74
-16880	-88	-1576	-251	-926	-47
-17004	-572	-1808	-1339	-1587	44
-16400	-920	-2212	-936	-1413	15
-16652	-212	-1484	-325	-789	-14
-16700	216	-1632	-2526	-1597	73
-16248	-1128	-1708	-3051	-2053	9
-15960	-1540	-1244	-441	-922	-197
-16500	-80	-1440	-272	-560	-197
-16076	-148	-1080	-2530	-1926	-26
-15460	-1684	-1252	-2383	-2255	-287
-15276	-1204	-800	216	-507	-477
-16256	544	-1216	-1155	-863	-230
-15896	-624	-840	-4238	-2751	-204
-14320	-1948	-596	-2399	-2045	-423
-15048	-252	-224	-708	-289	-571
-16220	312	-148	-3986	-2334	-569
-14300	-1048	-384	-5240	-3355	-721
-14376	-1460	-20	-3262	-1437	-864
-15464	-892	932	-2284	-1923	-1004
-14328	-60	1064	-3076	-2156	-1231
-14652	-1036	972	-3951	-2315	-1201
-14056	-1632	1128	-2374	-2398	-1199
-14780	-668	1772	-892	-1136	-1058
-15076	88	1772	-2898	-2916	-1026
-13860	-1372	1728	-3346	-3440	-1144
-13980	-752	1360	-1254	-1803	-882
-15528	192	1928	-2864	-2532	-613
-14224	-972	1868	-4511	-4234	-544
-13700	-1880	2136	-2338	-2275	-746
-14612	-612	2580	-1507	-2186	-568
-13748	-380	2268	-3357	-3338	-707
-13604	-2096	2324	-2075	-2722	-500
-13880	-960	3188	-32	-1689	-187
-14704	-420	2520	-1714	-1983	233
-14720	-1928	2928	-2078	-2856	498
-14068	-1840	2820	278	-1238	128
-15748	-996	2616	649	-756	270
-15012	-1336	2816	-1142	-3011	223
-13464	-2228	3460	-37	-2510	-669
-13460	-720	2616	1263	-1180	-768
-14356	-872	2532	-1022	-2273	-724
-13300	-2464	2912	-70	-1813	-468
-14032	-1696	3096	2108	471	-69
-14888	-1172	3304	67	-310	325
-14052	-2356	3224	-13	-95	389
-14764	-1828	3332	1997	1954	437
-15464	-1032	3344	208	496	271
-14264	-2120	2872	-65	187	-95
-14800	-1628	2964	1562	1515	-180
-15084	-840	2892	226	809	-111
-14440	-1688	2944	-826	419	-10
-14368	-2116	2820	-50	1356	-10
-14616	-1348	3020	328	1797	42
-14948	-1188	2860	-873	1619	257
-14336	-1940	2728	-1126	1320	193
-14200	-2108	3004	503	2409	1
-14644	-984	2596	331	2670	108
-14840	-1632	2760	-785	1708	-38
-13664	-1796	2832	646	2470	-264
-14336	-1016	2300	1094	3017	-228
-14192	-1548	2008	242	2271	-258
-13928	-1932	2268	1804	3072	-113
-14072	-604	2096	1771	3331	-58
-14148	-1588	1704	402	1977	-225
-13684	-1744	1240	2641	3776	-157
-15608	-444	1472	2640	3629	494
-14856	-828	1560	-343	1421	185
-13928	-2032	1140	1310	2688	85
-15392	-360	1128	2177	3578	386
-15856	-508	1200	-930	1046	206
-13776	-1836	940	15	1182	-170
-14724	-1172	644	1758	3052	17
-15708	-160	840	-89	1255	261
-14164	-1544	936	-375	453	56
-14024	-1556	56	2254	2689	95
-16128	-456	188	2338	2695	408
-15248	-200	224	-437	455	538
-14128	-2016	-100	-160	909	385
-14772	-1580	-196	3471	2318	85
-15284	312	-208	3018	2354	172
-16048	-528	-1056	134	1240	628
-15296	-1640	-580	715	676	598
-15096	-1044	-344	2204	2093	70
-16244	-220	-1284	1180	1997	155
-16280	-900	-1060	-420	698	298
-14976	-1524	-592	930	1208	86
-15432	-672	-424	1709	2056	-101
-16216	-276	-1808	476	1762	205
-16456	-1304	-1376	331	925	299
-15496	-1220	-972	1202	1407	325
-16076	-560	-1008	913	1568	294
-16900	-1016	-1492	448	1403	325
-16472	-780	-1232	1050	1046	465
-16300	-740	-996	495	1342	399
-16344	-1064	-1480	871	1159	499
-17632	-712	-1432	1478	2283	569
-17516	420	-1668	-678	705	747
-16164	-1152	-1684	-2313	-163	670
-16180	-1348	-1928	-31	1729	673
-17644	44	-1864	-118	1687	726
-17024	-448	-2224	-2054	-28	548
-15996	-1724	-2432	-612	827	464
-16648	-796	-1800	1605	1955	307
-17204	12	-1932	-57	758	41
-16176	-1172	-2376	-282	355	8
-16648	-796	-2436	1053	1602	98
-17004	224	-1768	-194	728	67
-16656	-204	-1220	-1745	30	90
-16516	-340	-1008	-1848	83	157
-16580	-216	-1328	-1660	-72	166
-16800	-760	-2088	-1624	-264	54
-16460	-1144	-2184	-301	-298	-2
-16608	-864	-2040	1223	255	-117
-17100	-400	-2072	1462	21	-136
-17012	-272	-2060	783	-537	-156
-17068	-236	-2000	494	-373	-186
-17408	-248	-1820	-126	-461	-33
-17352	-308	-2068	-626	-633	69
-17628	-424	-2340	-933	-475	25
-17536	-472	-2028	-1261	-760	79
-17440	-448	-1868	-1667	-1018	-16
-16792	-340	-1904	-1662	-983	-156
-17156	-764	-1872	-1339	-1031	-221
-16776	-328	-2000	-869	-980	-285
-16604	-448	-2152	-1419	-1097	-286
-16188	-416	-1816	-1358	-969	-74
-16516	-408	-1664	-1626	-704	1
-15884	-512	-1548	-1630	-1022	-40
-15996	-236	-1720	-1804	-503	41
-16136	-512	-1800	-2542	-1080	61
-15548	-896	-1308	-1753	-820	-40
-15652	-280	-1396	-1709	-670	-56
-15824	-524	-1588	-3229	-1435	-104
-15048	-1668	-1260	-1942	-1539	-269
-15240	-636	-1092	2	-29	-537
-16136	152	-904	-1939	-1182	-396
-15076	-1164	-976	-2840	-2221	-517
-14832	-1184	-472	-740	-586	-693
-16048	184	-504	-1644	-781	-456
-15692	-428	-328	-4055	-2553	-367
-14780	-1752	-276	-3047	-1992	-540
-15176	-696	220	-1429	-997	-697
-15872	72	-148	-3482	-2498	-742
-14824	-1420	120	-3787	-3354	-990
-14512	-1172	436	-1345	-1757	-1084
-15352	220	472	-2318	-2320	-752
-14692	-812	284	-4500	-3806	-623
-13728	-1704	692	-2532	-2824	-696
-14652	-368	1028	-1324	-1992	-679
-15236	-588	932	-3103	-3411	-732
-14104	-1388	1116	-2635	-3261	-719
-14308	-764	1276	-1595	-2120	-489
-14676	-856	1572	-2531	-3176	-367
-13684	-1448	1932	-2136	-2987	-440
-14356	-1548	1936	-575	-1950	-399
-14820	-692	2024	-281	-2113	-421
-14420	-932	1832	-1244	-2676	-335
-14292	-1716	2056	-729	-2413	-495
-14332	-1088	2364	497	-2054	-758
-14368	-376	2236	-348	-2406	-769
-14508	-1380	2000	-1524	-2524	-633
-14516	-1768	2560	-159	-2043	-423
-14876	-548	2332	-979	-1637	-273
-14820	-1624	2528	-2996	-3058	-424
-13592	-2388	2488	-739	-2298	-953
-14508	-860	2520	391	-319	-1102
-15216	-888	2492	-1754	-2532	-732
-13996	-2500	2460	-1895	-1911	-901
-14656	-2356	3364	871	-162	-672
-14696	-904	3728	182	-313	-388
-14580	-1800	3296	-1799	-667	-240
-13812	-2780	3552	-169	-120	-307
-14444	-1452	3884	1550	1712	-155
-15600	-280	4160	-1069	471	42
-14652	-2028	4480	-2113	-978	-174
-14256	-2172	3916	371	1082	-381
-15568	-1376	3716	408	732	-52
-14588	-2432	3572	-451	-287	87
-14168	-2644	3604	1603	1186	48
-14820	-1508	3416	1542	1506	219
-15040	-2084	3268	315	683	162
-14540	-2356	3588	1421	1526	110
-15424	-1576	3476	1371	1804	221
-15224	-1872	3180	168	852	66
-14556	-2204	3388	980	1300	-172
-14672	-1132	2960	649	1632	-119
-14088	-1400	2892	-933	424	-130
-13564	-2428	2892	365	1388	-194
-14008	-1504	2976	1709	2151	-3
-14104	-984	2928	-94	1251	201
-13328	-2196	2564	-120	1158	118
-13828	-2120	2572	2349	2742	201
-14108	-564	2488	1401	1968	228
-13344	-1696	1656	-199	1227	-37
-13120	-2512	1512	2175	2569	-57
-14116	-1088	1588	3307	3338	-15
-14300	-784	1628	1062	1901	-86
-14120	-1908	800	1586	2414	-34
-15128	-1088	1256	3239	3322	52
-15184	-92	1524	1016	2046	103
-14528	-1564	976	47	1537	116
-14932	-1572	824	2144	2881	59
-16024	-464	1012	1455	2522	99
-15488	-1396	576	510	1119	45
-15180	-1268	168	1833	2600	-107
-16136	-640	580	1437	2320	180
-15376	-1456	448	585	1288	262
-15300	-1580	440	2204	2703	55
-15860	-292	52	1720	2344	239
-15576	-1032	-640	-291	1607	356
-15204	-2128	-592	1496	2131	486
-15516	-588	120	2717	3100	433
-16108	-148	-448	31	1977	464
-15432	-1656	-876	-378	1295	469
-15408	-1260	-604	1509	2792	553
-15912	-184	-68	346	2056	542
-15960	-792	-632	-1640	1520	506
-15680	-2224	-396	-311	1243	438
-15468	-1448	-324	2414	2952	297
-16292	-548	-104	1738	1987	342
-15720	-1216	-908	509	1024	354
-15496	-1612	-800	2116	1590	339
-16000	-480	-820	2172	2138	349
-16760	-380	-832	220	1265	525
-16456	-1240	-856	-870	621	588
-16704	-1564	-804	367	1381	546
-17120	-344	-1416	-70	1508	645
-17404	-884	-1064	-1519	476	778
-17044	-1004	-1228	-1387	275	634
-16904	-1020	-2156	-1415	368	421
-17072	-1228	-1512	-824	460	372
-17156	-1120	-1100	-146	396	222
-16852	-952	-1956	266	519	-113
-17240	-1060	-1868	679	660	-235
-16760	-776	-1760	759	310	-143
-16732	-792	-1676	766	598	-90
-16380	-604	-1956	502	231	-27
-16592	-844	-1988	195	539	9
-16416	-544	-2000	-114	339	20
-16652	-556	-1632	-504	270	-187
-16764	-564	-2048	-854	350	-213
-17160	-792	-1860	-855	47	-103
-17232	-644	-1868	-977	267	-5
-17640	-784	-1760	-1230	-78	116
-17392	-816	-1836	-1138	-60	145
-17852	-600	-1536	-945	-151	27
-17600	-380	-1776	-1575	-510	-133
-17296	-840	-1712	-1786	-948	-248
-16904	-1076	-1600	-979	-711	-207
-16812	-396	-1496	-653	-608	-189
-16528	-412	-1936	-1673	-1220	-176
-16060	-1140	-1892	-1039	-15616	-656
-1528	-65	-557	-251	-15932	-96
-1584	-1038	-891	-242	-15832	-568
-1628	-2161	-1092	-163	-15544	-776
-1560	-1884	-984	-46	-15808	-232
-1588	-2390	-411	108	-16064	-380
-1148	-4056	-1350	462	-15396	-1476
-868	-3581	-1397	187	-15428	-1092
-1008	-1259	-43	-92	-16216	-176
-1236	-2066	-600	-23	-15604	-1180
-1220	-3080	-1721	-54	-15316	-1704
-988	-847	-612	-180	-16028	-424
-872	-576	-285	-216	-16048	-640
-1152	-2832	-1670	-230	-15060	-1360
-544	-2358	-1450	-325	-15236	-504
-1032	-2311	-833	-533	-15664	-552
-1036	-3733	-1996	-645	-14692	-1636
-672	-3293	-1657	-860	-15312	-916
-204	-1888	-779	-883	-15764	-428
-184	-3275	-1492	-922	-15340	-1888
-116	-3292	-2229	-1011	-14832	-1592
528	-719	-893	-1220	-16068	-184
544	-1091	-943	-1128	-15960	-1032
408	-3495	-2523	-1055	-14580	-2192
816	-1367	-2150	-1108	-14956	-932
1156	432	-920	-1172	-15644	116
1208	-1612	-2130	-895	-14708	-1212
1212	-2851	-3415	-757	-13824	-1368
1464	-1370	-2716	-901	-14292	-256
1940	-1958	-2917	-923	-14348	-940
1520	-3419	-3707	-860	-14544	-1872
1744	-1957	-2771	-626	-15136	-824
1964	-1200	-2291	-310	-14912	-1612
2164	-2858	-3256	-226	-14060	-2352
1860	-904	-2302	-143	-15216	-1392
2192	743	-1276	-285	-14740	-768
2276	-464	-2998	-590	-14284	-1664
1668	-249	-14840	-1568	2204	831
-2385	-541	-14176	-988	2504	164
-2562	-578	-14884	-1624	2220	-659
-2650	-475	-13928	-1900	2528	379
-2616	-394	-14428	-1184	2636	696
-1124	-214	-15392	-848	2728	-1565
-2168	297	-13932	-2216	3136	-2127
-2933	250	-14332	-1996	2852	-531
-824	154	-15228	-796	2964	-1806
-2146	25	-13812	-1796	2684	-3243
-2493	-186	-14072	-2616	3080	-1159
-1112	-138	-14600	-2028	3500	-255
-689	-416	-14008	-1628	3616	-762
-814	-339	-14280	-2680	3712	-491
-306	-135	-14608	-2332	3892	1170
649	174	-14916	-1348	4192	398
306	298	-14780	-1840	4368	-984
-269	364	-14772	-2316	4304	-1156
-284	102	-14472	-2416	3884	-428
-178	-284	-14328	-2212	3824	146
335	-446	-14724	-2680	3592	707
316	-424	-14048	-2288	3648	1580
-14516	-1932	3600	1640	1197	-578
-14728	-2384	3360	1095	911	-468
-13944	-2368	3712	1861	1345	-578
-14316	-1528	3412	1502	2151	-538
-14360	-2108	3252	354	1414	-389
-13928	-2724	3368	1748	2505	-450
-14596	-1560	3308	2412	3172	-395
-14144	-1524	3124	183	1996	-557
-13476	-2668	2848	1496	2530	-543
-13888	-1360	2392	2462	3739	-495
-14132	-1296	2284	745	2431	-324
-13220	-1840	2396	1109	2512	-187
-13632	-952	1960	926	3018	-166
-13556	-596	1796	-876	2151	72
-13608	-1700	1572	-977	2332	348
-13968	-1048	1760	4	3018	703
-15364	-848	1600	-1793	2521	762
-14636	-1400	1388	-2403	1493	898
-14476	-1732	4612	-25607	-23543	-9213
15557	13563	9477	16126	2314	-32764
30916	4347	-31739	28924	17929	21508
27845	15608	-30716	30974	-2810	17411
12484	-23306	18178	11270	-1781	7170
-13118	15610	-31485	5900	-31733	22530
-7998	-12037	-25342	-29944	-14328	21505
13507	-19207	22784	30216	27143	-12287
-13118	19705	27393	-24563	19209	-21503
-31550	27900	12289	-9718	7943	-28671
2243	12539	-13058	-22267	18182	-25599
-25406	23803	1022	2310	1032	1
-21311	-26372	-769	-1790	19206	4097
23747	23804	19453	28925	-16280	-1436
-780	-632	2106	481	-16388	-908
-80	-671	1740	561	-16116	-952
-292	-1383	1485	428	-16148	-1556
-1060	-969	1654	478	-16212	-1196
-736	126	1728	425	-16036	-1256
-312	342	1608	243	-16036	-1236
-872	961	1915	190	-16728	-880
-1112	1271	1911	207	-16416	-804
-1276	585	1240	88	-16708	-1060
-1464	982	2108	337	-17120	-812
-1068	764	1628	349	-16460	-1304
-1236	340	1506	433	-16796	-1064
-1732	1047	2158	647	-17488	-624
-1636	261	1657	686	-16612	-1044
-1592	-454	950	483	-16320	-1220
-1544	160	1570	330	-17196	-492
-404	-257	1434	221	-16956	-256
-332	-2520	-102	130	-16872	-1180
-892	-3403	-449	272	-16768	-1288
-1136	-2421	15	486	-17036	-1756
-1340	-1385	-249	369	-16488	-1716
-1844	424	74	50	-16616	-1392
-2144	1799	572	-224	-16872	-940
-1624	2418	324	-423	-16740	-624
-1784	2046	228	-555	-16424	-600
-1572	1333	-249	-491	-16360	-604
-1792	841	-34	-311	-16600	-508
-1628	59	-353	-75	-16428	-540
-2080	-520	-158	128	-17040	-936
-1596	-715	-184	260	-17040	-784
-1520	-540	-182	135	-17480	-824
-1728	-588	-165	225	-17724	-908
-1628	-780	-731	162	-17396	-1056
-1512	-32	-647	-26	-17792	-776
-1928	179	-607	-130	-16644	-816
-1200	-541	-1248	-158	-16600	-724
-1468	-619	-941	-149	-16520	-936
-1576	-935	-1232	-107	-16224	-876
-1348	-614	-940	-93	-16212	-476
-1120	-1104	-1205	-99	-15984	-796
-1172	-1727	-1633	-122	-15508	-1336
-1580	-1024	-1402	-143	-15488	-632
-1112	-867	-1051	-57	-15136	-596
-15208	-1456	-896	-1618	-1608	-124
-15148	-944	-572	-741	-924	-253
-15896	-404	-604	-1753	-1477	-91
-15276	-1308	-728	-2908	-2480	-248
-14736	-1488	-324	-1049	-1410	-295
-404	-1603	-1183	-105	-15932	-532
-368	-4207	-3367	-310	-14440	-2172
-160	-2978	-2721	-764	-14392	-908
456	-752	-1336	-1003	-14860	-108
392	-2433	-2564	-1010	-14380	-1332
204	-3247	-2802	-998	-14508	-1356
320	-1273	-1762	-714	-14964	-216
424	-2310	-2108	-487	-14696	-1260
684	-4360	-3186	-302	-14028	-1696
1100	-2162	-1981	-304	-15380	-612
1296	-1564	-1327	-407	-15520	-880
1172	-3464	-2794	-462	-14288	-1716
1348	-2355	-2469	-591	-14792	-1340
1956	-1179	-1276	-495	-15008	-1080
2056	-1583	-2402	-271	-14172	-1556
2172	-1024	-2265	-471	-14428	-1172
2112	-198	-1737	-368	-14776	-1164
2224	-722	-2494	-300	-14128	-1436
2228	-566	-2387	-240	-14764	-1508
2280	-304	-1871	-135	-14744	-1524
2804	-653	-2489	-49	-14440	-1544
2944	-723	-2361	-478	-14896	-1648
3292	58	-2055	-652	-15012	-1268
2964	-149	-1831	-376	-15528	-2052
3552	-295	-2452	-233	-14424	-1732
4056	67	-2273	-199	-14544	-1404
3796	-284	-2335	-178	-14420	-1848
3300	-879	-2989	-408	-13696	-1688
3016	-336	-2366	-648	-14052	-1640
3612	-163	-2068	-481	-14324	-1644
3612	-682	-1916	-215	-14160	-1900
3560	-1279	-2220	-266	-14096	-2268
3492	-1048	-1584	-240	-14776	-2188
3328	-138	-514	43	-15496	-1616
3696	-658	-604	119	-14808	-2264
3220	-1678	-897	-74	-14356	-2356
3504	-466	81	-384	-14656	-1592
3828	-532	15	-783	-14320	-1756
3488	-769	90	-971	-14760	-2320
3684	-138	423	-894	-14704	-1892
4040	582	824	-678	-14688	-1480
4024	-24	796	-395	-14204	-2072
3880	-458	818	-291	-13808	-2252
3952	1072	-14928	-1324	4032	1060
2620	18	-14428	-1392	4088	-701
1681	164	-13976	-2744	3696	9
2230	98	-13928	-1832	-14224	-1240
3268	530	2874	8	-13928	-2244
3204	41	2511	105	-13696	-2132
3524	1205	3495	47	-14124	-1848
3024	980	3463	24	-13992	-2240
2944	1265	3543	56	-13908	-1520
2904	1744	4017	6	-13928	-1368
2476	834	3375	86	-14228	-2536
1904	1253	3681	106	-14652	-1872
1904	3238	4043	3	-14660	-788
2132	1837	3399	37	-14204	-1768
1592	303	2568	-34	-14340	-2544
1312	2455	3400	-3	-15088	-580
1416	2735	3953	252	-15752	-488
1128	-847	2025	400	-14380	-2412
984	-475	1428	252	-15348	-1708
1056	2349	3673	110	-15784	212
1412	196	1857	112	-14460	-2084
496	-1367	484	-22	-14504	-2428
0	2478	3060	15	-16448	-660
860	2822	2942	508	-16028	-1116
532	-91	549	348	-14628	-2424
172	1280	1037	22	-15372	-1096
-64	3067	2594	103	-16628	-588
-324	940	1381	429	-15696	-1676
-200	260	699	783	-15316	-1640
460	1323	1617	766	-15728	-392
-740	48	1305	903	-15744	-1352
-968	-1229	395	973	-14740	-1484
-652	-341	841	786	-15252	-1044
-824	-355	1131	692	-15340	-1252
-1184	-1109	944	828	-15616	-1540
-764	-405	933	860	-15280	-1264
-660	-130	855	585	-14960	-1284
-1596	442	1189	478	-16004	-1060
-1180	1136	1899	676	-15892	-588
-700	33	1033	749	-15472	-1968
-1360	516	947	741	-15848	-1056
-1664	2139	2216	585	-16600	-388
-1540	811	1308	503	-16256	-1348
-1624	470	1046	386	-16644	-1352
-1284	2091	2187	466	-17308	-312
-1568	914	1713	535	-16672	-972
-1692	-454	603	539	-16524	-1372
-1432	941	1943	596	-17664	-104
-1668	570	1752	605	-17116	-340
-1640	-1692	274	355	-16364	-1600
-1744	-1144	650	324	-16864	-820
-1564	565	1652	311	-17420	-388
-1452	-271	853	54	-16604	-956
-1960	-600	318	109	-16908	-868
-1840	305	1015	223	-17088	-380
-2052	-510	249	4	-16352	-804
-1748	-599	154	-183	-16696	-496
-2072	-325	688	-152	-16912	-232
-2132	-974	61	-126	-16728	-552
-1812	-1016	327	107	-16728	-468
-1560	-1348	171	227	-16324	-332
-1364	-1925	-154	251	-16592	-448
-1084	-1846	-173	289	-16924	-380
-1368	-1868	-240	156	-16996	-852
-1376	-1374	-648	57	-16844	-844
-1444	-205	-221	-69	-17156	-816
-1724	418	-475	-40	-16988	-924
-2096	875	-568	-74	-16976	-592
-1880	1434	-462	-136	-16924	-16
-1892	470	-737	-218	-16620	-456
-1840	-526	-1277	-314	-16060	-832
-2040	-205	-839	-422	-16384	52
-1712	-424	-372	-390	-16500	-176
-1936	-2361	-1321	-119	-15588	-784
-1936	-2238	-1056	123	-16020	-412
-1664	-1754	-405	231	-16232	-276
-1732	-2805	-1094	180	-15624	-936
-1536	-2266	-893	75	-16036	-388
-1464	-1638	-203	79	-16388	-284
-1528	-2822	-1237	4	-15392	-1156
-1616	-2380	-1360	-218	-15516	-588
-1116	-736	-288	-308	-16280	128
-1168	-2012	-1036	-247	-15532	-744
-1036	-2959	-1904	-215	-15176	-840
-772	-1513	-903	-178	-16036	92
-1020	-2223	-1035	-109	-15484	-384
-712	-3679	-2414	-225	-15004	-1128
-680	-2970	-1527	-326	-15968	-476
-460	-2193	-1096	-307	-16160	-692
-64	-2571	-2062	-275	-15368	-560
-320	-2682	-1891	-365	-15608	-816
-248	-2951	-2460	-472	-14676	-852
8	-2197	-2386	-648	-15244	-400
120	-1858	-1768	-599	-15408	-260
-28	-2945	-2700	-530	-14788	-1044
308	-3179	-2522	-505	-14808	-836
648	-2180	-2110	-376	-14992	-456
792	-2755	-2358	-417	-14352	-920
804	-3364	-3016	-459	-14524	-1212
948	-2037	-2282	-513	-15148	-612
972	-1810	-2246	-563	-15076	-1052
1224	-2367	-2955	-601	-14364	-1336
1644	-1434	-2603	-725	-14844	-1232
1672	-728	-2081	-803	-14984	-832
1720	-999	-2233	-867	-14908	-1424
2088	-1088	-2433	-846	-14156	-1352
2388	-132	-2119	-883	-14780	-1056
2456	-172	-1698	-750	-14624	-1168
2480	-1189	-2981	-913	-13768	-1424
2164	-749	-2513	-1007	-14516	-1132
2652	189	-1735	-890	-14748	-476
2832	-1190	-2482	-605	-14476	-1560
3068	-2137	-2981	-635	-14544	-1956
3324	-888	-2222	-733	-15124	-1088
3260	-928	-1886	-429	-15388	-1244
3452	-2325	-2607	-201	-14572	-2304
3772	-2165	-3140	-536	-14116	-1912
3872	-237	-1863	-901	-14800	-1044
3772	-427	-1808	-838	-15000	-1600
3856	-1721	-2576	-725	-13548	-1984
4048	-792	-13864	-1740	4188	579
-905	-905	-14448	-816	4200	-255
-1412	-446	-14448	-1688	3956	-1484
-1422	-21	-14440	-1936	4664	-530
-1118	148	-14396	-1304	4480	-927
-523	208	-15116	-1680	4312	-1916
-944	339	-14380	-2452	4216	-1677
-825	265	-14360	-2620	4500	-200
282	102	-14824	-1996	4548	30
492	278	-14504	-2172	4356	-641
-96	361	-14180	-2612	4288	-2
556	305	-14568	-2324	4532	921
857	283	-14812	-1968	4548	634
958	255	-14952	-2260	4788	439
842	203	-14632	-2416	4308	784
903	-64	-14608	-2220	4448	1581
1200	-333	-14692	-2272	4264	1918
916	-576	-13960	-1980	4164	2602
1142	-872	-14424	-1892	3924	2614
1501	-846	-14384	-2008	3904	2224
1022	-895	-13948	-1928	3700	2170
1364	-1056	-14016	-1684	3856	1933
1608	-1089	-13756	-1556	3548	633
1412	-1079	-13492	-2080	3636	783
1757	-995	-13816	-1448	3312	666
2562	-764	-14184	-1552	3212	-382
2359	-344	-13968	-1856	3112	-823
2445	-52	-13760	-1656	2568	-978
3078	211	-13796	-1368	2716	-1134
3143	521	-14288	-1276	2164	-1685
3684	913	-14724	-1956	1804	-1159
3585	1100	-14528	-1704	2200	-220
3959	996	-14772	-1228	1944	-29
3644	740	-15088	-1380	1900	338
3446	713	-14760	-988	1628	1078
2887	769	-14748	-1272	1296	793
2716	664	-14508	-1412	1616	1653
2384	496	-14788	-864	1728	1949
2570	247	-14504	-832	1564	1517
1992	61	-14368	-1784	752	2317
2850	368	-15436	-956	1328	3932
3969	966	-16008	-324	1564	1443
2437	1334	-14680	-1660	808	216
1516	1206	-14752	-2232	404	2949
3594	1156	-15920	-532	996	3819
3285	1196	-15924	-20	256	769
2114	863	-15396	-2188	-172	1364
1374	695	-15092	-1276	-192	3735
3020	419	-16128	32	-40	2498
2297	465	-16092	-824	-932	238
1319	412	-15792	-1952	-412	1888
1785	480	-16476	-240	-396	2488
3007	604	-17048	-156	-432	-144
1379	691	-15624	-1528	-276	85
820	530	-15516	-976	-704	1974
2244	315	-16540	108	-1116	996
1462	347	-16028	-940	-1384	-306
385	285	-16128	-1116	-880	1493
1758	413	-16728	4	-1012	1206
1301	548	-16428	-680	-1628	-277
822	464	-16504	-1008	-1688	741
1414	579	-16512	28	-1708	311
1481	511	-16692	-272	-1492	-1176
481	382	-15832	-1160	-1960	-443
859	264	-16700	-340	-2384	625
1783	281	-17316	-92	-1856	-581
640	139	-16172	-832	-1788	-639
423	15	-16504	-828	-1832	647
1426	50	-16852	-172	-1784	561
1243	63	-16380	-576	-1720	13
776	82	-16236	-804	-1560	661
994	104	-16480	-360	-1796	904
1173	58	-16600	-148	-1944	98
607	87	-16540	-640	-1692	-256
396	79	-16456	-524	-1804	-72
704	67	-16916	-360	-1804	-227
595	156	-16940	-464	-1988	-811
334	241	-17048	-584	-1884	-769
188	103	-17136	-400	-1860	-625
61	-72	-17440	-548	-1704	-955
-238	-251	-17140	-484	-1876	-861
-531	-377	-17448	-632	-1584	-420
-16952	-204	-1568	-665	-1057	-432
-16964	-348	-1696	-816	-1174	-353
-17008	-600	-1520	-1116	-1512	-255
-16472	-392	-1180	-797	-1667	-291
-16236	-232	-1332	-1290	-1777	-280
-16100	-472	-1376	-1660	-2365	-384
-16124	-672	-1616	-957	-1760	-345
-16684	-52	-1388	-969	-1874	-93
-16236	-312	-1352	-2229	-2696	-25
-15804	-672	-1268	-1771	-2422	10
-16212	-124	-1508	-1724	-2041	-9
-16232	-480	-1500	-2440	-2802	-157
-15600	-568	-1192	-1926	-2339	-299
-16444	-632	-1008	-1931	-1961	-290
-15992	-324	-808	-2276	-2398	-325
-16068	-780	-848	-2115	-2015	-291
-16120	-248	-580	-2015	-2007	-306
-16024	-548	-604	-2336	-1993	-259
-16068	-564	-160	-2024	-1591	-76
-16036	-308	144	-2474	-1811	41
-15352	-836	64	-3106	-2213	-149
-14936	-916	4	-2256	-1345	-294
-15536	-568	608	-1773	-1266	-194
-14924	-256	444	-3038	-1706	-252
-14736	-1116	772	-2865	-1608	-93
-14656	-1216	972	-1622	-1299	-4
-14636	-784	1248	-1192	-1200	-153
-15000	-616	1112	-2066	-1326	-132
-15148	-1376	1576	-1807	-2114	-288
-14676	-1096	1280	-928	-1289	-591
-15760	-716	1880	-748	-1410	-605
-15648	-920	2184	-1676	-2173	-647
-15100	-1400	2128	-1092	-2265	-712
-15372	-948	2216	-975	-1585	-567
-14996	-1000	2520	-1731	-2769	-491
-14512	-1376	2528	-1537	-2702	-632
-14572	-996	2604	-956	-2243	-754
-14856	-952	2648	-1457	-2726	-766
-14612	-1172	3144	-1482	-3366	-843
-13876	-948	2924	-1427	-3513	-990
-13924	-1124	3308	-1538	-3908	-1149
-12876	-860	3308	-1516	-4350	-1284
-13104	-708	3308	-1334	-3945	-1371
-13796	-228	3640	-1800	-3989	-1169
-14168	-660	4288	-2872	-4411	-1090
-14224	-1076	3924	-4620	-4307	-1197
-14200	-1992	4308	-4150	-13524	-2700
4316	-2901	-3428	-1131	-13456	-2692
4040	-383	-1554	-424	-14696	-1560
4388	411	-558	-59	-14864	-1452
4588	-1160	-1668	684	-13908	-2220
5056	-1159	-1738	439	-14192	-1544
4528	-401	-279	361	-14828	-3160
4848	-3335	-946	552	-15364	-1956
5132	-1003	-1946	1022	-15256	-804
5288	-2307	-3080	-152	-13788	-3716
5732	-294	-3158	626	-14528	-812
5596	-1233	-1713	320	-13604	-2616
6052	-2879	-638	-310	-13508	-3156
5848	680	1690	293	-17784	-3488
5848	-330	-6504	1393	-10796	-1804
4460	-1926	-9224	1279	-14804	-1936
6340	-1280	-2552	175	-13784	-1408
6840	-1855	-1638	-370	-13784	-1408
