0	0	0	0	0	0
-13516	-2904	8748	-718	-1948	-1276
-13148	-3248	7900	11	-1395	-522
-12880	-3176	7960	674	-323	-628
-13440	-2552	8388	-348	1020	-874
-12044	-2120	7980	-2886	3397	-2468
-13472	-4508	7452	-2451	7366	-1793
-15884	-4768	6320	-2374	5082	2763
-13288	-1300	5828	9225	3387	-88
-14996	568	6784	172	2281	-740
-15044	-3352	7044	-2951	-2786	86
-12332	-3892	6532	-1466	-1322	-265
-13460	-4640	6388	1033	1520	-275
-14128	-3488	6504	3072	788	-327
-13952	-3084	6836	1505	697	-812
-14588	-4792	7408	1975	24	-1544
-14220	-4664	7880	4158	-10	-2269
-14592	-3660	8376	5024	327	-3173
-15348	-3344	8720	3717	-996	-4154
-15128	-3860	9844	3029	-3552	-5076
-14744	-4760	9924	3449	-4399	-6277
-14964	-4616	10528	4365	-5271	-7028
-15252	-4464	11224	3466	-6475	-7976
-15560	-5888	12196	2916	-8765	-9056
-14744	-5696	11852	2642	-9367	-10017
-14640	-6260	12644	1530	-10483	-10632
-13308	-6436	12616	1904	-11580	-11328
-13044	-7432	12576	1820	-11141	-12204
-12488	-7508	13260	1410	-11217	-12605
-11884	-8552	13272	917	-11628	-13491
-10380	-8204	13324	763	-11236	-13704
-9680	-8764	13460	-1142	-10735	-14042
-8328	-9448	13272	-1308	-11186	-14146
-7324	-9760	12748	-2019	-10237	-14520
-6260	-10376	12744	-1163	-10287	-14132
-4996	-11124	12860	-250	-9510	-14620
-4120	-9544	12648	-752	-9153	-14204
-3184	-10648	12632	-2053	-8810	-14272
-1952	-11544	12376	691	-8160	-14560
-1488	-10252	11784	1745	-7117	-14518
-716	-9780	11836	1389	-6921	-14048
76	-10180	11744	2742	-5915	-13864
624	-9216	11500	3363	-5242	-13408
1236	-8084	11408	3134	-4839	-12489
2580	-8084	11044	2473	-4202	-11458
2472	-9076	11188	2718	-3186	-11056
3012	-7664	11756	3778	-3221	-9922
3536	-7248	12068	1964	-2505	-9703
3364	-8272	12792	1995	-2608	-9264
4688	-7012	12456	1451	-3013	-8409
4744	-6840	12812	-190	-2480	-7931
5280	-6852	12420	-744	-2718	-7303
5372	-6548	12452	-958	-2534	-7149
5712	-6008	12708	-2037	-2901	-6383
5912	-6204	12744	-2238	-3250	-6051
6832	-5796	12584	-2597	-3642	-5280
6992	-5456	12240	-3257	-3412	-4715
7648	-6664	12328	-1885	-3456	-4243
7896	-5348	11996	-924	-3118	-3358
8136	-5664	12536	-279	-2400	-2651
8076	-4452	11968	220	-2308	-1367
8488	-4936	11900	283	-1431	-426
8408	-5668	11468	90	-685	588
8368	-4592	11556	417	3	1698
8240	-5344	11188	-1057	808	2423
7856	-5320	11568	-707	975	2995
8060	-4664	10724	-1664	922	3677
7496	-4268	10304	-1813	931	4513
7188	-4088	10236	-3295	739	5804
7108	-6120	10776	-2737	877	6797
6764	-4732	10184	-2105	824	8324
6428	-5828	10428	-4559	1667	9265
6272	-9148	10328	-2092	2283	9684
5268	-7904	9760	-265	2639	10173
5636	-7356	10916	-2027	2879	11413
4788	-8988	11016	-2102	4222	11578
3212	-8688	10632	-2163	4270	12676
3116	-11652	11476	-2597	4618	12369
2732	-9984	12272	2015	5174	13426
2304	-7940	11564	-1806	6298	13940
620	-12632	12140	-2749	6915	13287
224	-12848	12068	4521	7651	13836
-332	-7156	12260	1596	9374	14357
-2424	-11688	13608	-2247	8613	13748
-2328	-11328	13104	4839	9613	14659
-4168	-6980	12592	969	12732	14238
-7204	-11932	14148	-1844	10270	13176
-5092	-11444	13496	5296	10184	14440
-6888	-8888	13796	5810	13773	12970
-9660	-9828	14024	3043	12276	12360
-9292	-10108	13652	5716	11192	12098
-9556	-8452	14044	6784	12955	10782
-12284	-8316	14524	4960	12706	9394
-12268	-6424	13808	4147	10724	8934
-12448	-6060	13116	2233	10359	8381
-13236	-6288	13428	1756	8466	7950
-12696	-4044	12276	26	8144	7525
-13604	-4724	12052	-2838	7312	7255
-12880	-4644	11792	-3409	5508	7188
-12420	-4200	10984	-3107	5970	7518
-12984	-3648	10296	-3095	5953	7829
-13324	-3676	10152	-3950	5183	7575
-13356	-3772	9900	-3298	5120	7424
-13452	-2988	9840	-3060	5136	6836
-14156	-3100	9760	-2965	4981	6361
-14520	-2824	8984	-2995	4447	5955
-14744	-3032	8684	-3231	3616	5563
-14072	-2672	9020	-1465	3061	4863
-14120	-1344	8208	-1992	4372	4618
-15372	-2496	8496	-3042	2674	3350
-14248	-2692	8516	-1166	862	1744
-14096	-1668	7916	-1256	2238	1018
-15300	-2680	8932	-1139	-166	-176
-13676	-2064	8748	101	-1031	-1396
-14364	-1980	8696	-89	-149	-1965
-15324	-3004	9100	147	-2812	-3075
-13952	-2120	9308	1241	-3021	-3926
-14764	-2304	9612	899	-2977	-4730
-14976	-3192	10124	1322	-5626	-5761
-14060	-2256	9972	2163	-5363	-6604
-15860	-3476	11048	1665	-6485	-7422
-15180	-3540	11348	2645	-9134	-8328
-14328	-3036	11524	1279	-8979	-8959
-14844	-4184	11636	479	-10195	-9620
-13848	-4356	11868	-718	-11107	-9755
-13000	-5072	12192	-1185	-11360	-9761
-11640	-4776	12292	-1634	-10602	-10088
-11984	-6616	12340	-2165	-10693	-10554
-10684	-6756	12060	-1186	-10823	-10619
-10076	-7056	13084	-1296	-9735	-10903
-9560	-7768	13264	-932	-10202	-11006
-8600	-8280	13100	-1311	-9938	-11459
-8040	-9116	13452	-703	-9988	-11729
-6612	-8864	13224	813	-9860	-11800
-5924	-8740	13636	17	-8866	-12099
-5140	-9268	13732	380	-9208	-12031
-3736	-9680	13724	1251	-8692	-12119
-3412	-9484	13460	1744	-7338	-12577
-2752	-9340	13956	1654	-7492	-12580
-1868	-10040	13692	2234	-7502	-12637
-764	-8644	13580	2473	-6469	-12575
-152	-7920	13596	1189	-6321	-12532
520	-8388	13616	539	-5908	-12559
660	-8748	13224	595	-5475	-12218
1280	-8816	14020	840	-5704	-12089
1936	-8292	13340	3134	-5374	-11759
2576	-6932	13316	2779	-5593	-11444
3112	-6920	13092	2115	-5252	-11120
3600	-6124	12864	2279	-4759	-10534
4216	-6508	13288	1732	-4430	-9935
4776	-5084	13268	2080	-4068	-9182
5460	-5816	13460	352	-3409	-8562
5488	-6304	13808	1568	-3015	-8480
6112	-5104	13668	1993	-2956	-7917
6376	-4576	13964	1577	-2677	-7354
6872	-4480	13560	686	-2522	-6636
6516	-4784	13672	859	-2174	-6175
6880	-4304	13812	1360	-2415	-5447
7244	-3984	13512	794	-2392	-4704
7092	-4064	13516	998	-2527	-4229
7328	-4296	13168	805	-2642	-3748
7500	-3956	12604	906	-2760	-3386
7720	-3248	12624	587	-2758	-2818
8120	-2576	13140	42	-2589	-2181
8132	-2036	13304	-1069	-2732	-1268
8552	-3348	12636	-1346	-2294	-599
8712	-3052	12992	88	-1811	-218
9228	-2044	13076	-74	-1604	715
9032	-2136	12584	-831	-882	1659
8844	-3024	12080	-1185	-409	2558
8892	-4204	11988	-287	576	2809
8712	-1860	12132	-283	616	3743
8992	-1928	11972	-2516	1476	4764
7852	-2464	11484	-3618	2001	5897
7764	-2828	11132	-3685	2244	7160
7528	-3632	11064	-3696	3022	8291
6884	-4164	11296	-3424	3457	9409
6652	-5420	11176	-3287	3960	10018
6304	-6348	11344	-2244	4489	10341
5816	-6432	11600	-1882	5175	10545
5676	-6440	12372	-2392	5489	11131
4956	-6680	12160	-3548	6306	11328
3984	-7572	12336	-5248	6370	11805
3364	-9924	12380	-4095	6710	11831
2584	-10164	13164	-941	6933	11717
2860	-7424	13984	-1799	6957	12320
1744	-8292	13724	-5193	8104	12196
-144	-11280	13704	-2273	7795	12320
120	-9844	13760	-2101	7656	12443
-836	-9316	14004	-2671	8887	12299
-2228	-10292	14040	-1634	8771	12462
-2580	-9360	14324	-1891	8932	12343
-3748	-10932	14488	-1978	8877	11580
-4864	-10112	14000	1867	9340	12387
-5916	-8332	14588	-192	9372	11625
-7392	-11880	15348	-583	6870	10687
-5700	-9616	13972	2885	8323	10658
-7168	-7072	13984	2156	9579	10415
-8480	-9072	14800	1182	7020	9977
-8012	-9396	14408	3783	7471	9608
-9056	-5960	13260	5145	9985	9618
-11608	-6740	14212	1311	8114	8793
-10892	-8496	14400	246	4814	7697
-9568	-6372	12996	2313	7332	7176
-11224	-4932	12756	1609	8589	6461
-12056	-5156	12780	-527	6245	5848
-10628	-4976	12612	-951	5909	5531
-11056	-4772	11896	-407	7356	5752
-11640	-3572	11732	-762	7568	6123
-12596	-4496	11280	-645	6826	6023
-12320	-3484	10992	382	6487	6211
-12856	-2864	10524	-351	6999	6328
-13904	-3068	10484	-829	6150	6409
-13860	-2684	9800	-1369	5283	6259
-14020	-2808	9244	-1934	4914	5849
-14000	-2548	9280	-1755	4207	5070
-14156	-2132	9252	-1838	4090	3895
-14820	-2524	9160	-2250	3052	2807
-14344	-2336	9020	-2257	1647	1801
-14148	-2756	8872	-1740	1066	508
-14268	-2716	9200	-1181	317	-656
-14300	-2924	9428	-785	-733	-1585
-13744	-2592	9360	-284	-1567	-2330
-14108	-2692	9924	-390	-1884	-3032
-14264	-3280	9848	-350	-3114	-3679
-13748	-3260	9940	510	-4001	-4485
-13832	-3012	10472	1082	-4117	-5219
-14280	-2976	11104	675	-5289	-5727
-14132	-3464	11264	430	-6739	-6167
-13676	-3700	11408	536	-7391	-6647
-13452	-3968	11740	321	-7706	-7212
-12924	-4440	12260	364	-8821	-7461
-12340	-4512	12832	55	-8859	-7747
-11908	-4764	12828	-209	-8817	-8004
-11776	-5660	13456	-526	-9002	-8769
-11212	-6252	13512	52	-9531	-9538
-10512	-6448	13668	-62	-9340	-9788
-9852	-6508	14164	-585	-9374	-9882
-9472	-7472	14160	-1144	-9592	-10439
-9024	-8800	14220	-529	-10270	-10993
-7588	-8196	14628	122	-9714	-11130
-7312	-9404	14288	-386	-9775	-11916
-6032	-9008	13912	174	-9431	-12000
-5008	-8532	14672	-697	-8772	-12347
-4404	-9264	14148	-1173	-8391	-12557
-3768	-9788	14140	-1003	-8328	-12955
-2548	-9592	13944	-1174	-7906	-12650
-1800	-10184	14332	-894	-7479	-13407
-712	-8484	14272	-557	-6896	-12875
-236	-10348	13504	-1513	-6117	-13519
520	-10328	13044	1164	-5328	-12984
1016	-8964	13088	3124	-4667	-12997
1596	-8004	12268	2357	-4048	-12549
2136	-8512	12732	3138	-3025	-11781
2264	-8000	12076	4463	-1788	-11806
2548	-6160	12888	4500	-1377	-10430
3284	-5140	12188	2142	-754	-9284
3624	-7800	12220	881	741	-8835
3160	-6812	12768	3344	841	-8403
4004	-5312	13084	1778	614	-7567
4276	-6072	13308	532	1028	-6986
3972	-6192	13836	819	610	-6591
4380	-5036	13912	675	150	-6081
4276	-5056	13988	-205	-286	-5583
4640	-5928	14276	-316	-1030	-5216
4560	-5856	14488	788	-1840	-5417
4808	-5544	14532	1395	-3022	-4966
4856	-5404	14392	1449	-3719	-4979
5168	-4600	14476	1940	-4886	-4685
5280	-3668	14352	928	-5774	-4265
6020	-3704	13884	258	-6494	-3621
6596	-4104	13592	442	-6670	-2955
7404	-4000	13796	1901	-6452	-2313
7852	-3504	13364	2775	-5745	-1720
8488	-2856	13404	3387	-5154	-865
8980	-3284	12864	3099	-4213	-266
9380	-2684	12892	3373	-3320	130
9548	-2708	12472	1777	-2110	235
9096	-1872	12576	1172	-1519	779
8928	-1220	11748	-848	-610	1631
8060	-1856	11828	-1579	-101	2632
7960	-1224	11380	-1816	172	3941
7056	-496	10656	-3416	352	5735
6944	-2548	10420	-3836	834	7359
6468	-3076	11000	-1395	1102	8859
6520	-1512	9784	-2531	956	10924
6556	-4196	11420	-3091	2385	12197
6176	-4808	11600	-1655	2385	13593
6304	-4864	10384	-4199	3499	14546
5532	-8720	12732	-3788	5102	14281
5280	-8796	12640	110	4526	14688
5512	-7392	12280	-1246	6562	14237
4052	-8720	14164	-410	7899	13797
3636	-6840	13200	-1391	8590	14171
1888	-10260	13640	-3213	9839	13386
920	-12040	14648	2647	9596	12772
1112	-6204	14604	1186	11142	13047
-1824	-8080	15420	-4108	11285	12669
-2792	-12828	15792	-1162	9202	11667
-1324	-8352	14376	-58	10699	11915
-4748	-8796	15520	-3778	10495	11677
-5180	-10972	15248	-2107	7446	11341
-4340	-9280	14744	-75	8400	11222
-6624	-10492	15124	-1409	7815	10283
-5876	-9244	14196	-871	6518	10020
-5740	-8716	13552	-149	7126	10009
-6892	-9668	14352	855	6313	9561
-6168	-7600	13644	1369	6770	9281
-7508	-7776	13332	1539	6889	8836
-7216	-6680	13336	1957	7011	9323
-8572	-7752	14096	3111	7469	8842
-9252	-5956	14040	4210	7650	8917
-9940	-4296	13004	3158	8594	8714
-11172	-4532	13128	948	8450	8768
-11688	-5684	13960	1285	6895	8439
-10984	-4028	13420	2441	8137	7904
-12476	-2288	12000	1593	9971	7809
-14032	-2636	11720	-1104	7853	7394
-12800	-2560	11960	-1329	7113	7381
-13224	-1796	10568	-1002	8296	8111
-14256	-2284	10472	-698	7664	7600
-13692	-1520	10188	-901	7363	6816
-14544	-2052	10528	-1822	7107	6371
-14264	-1828	10300	-174	5981	4926
-14036	-400	8796	-443	6478	4766
-15360	-1508	8812	-1490	4727	4045
-13840	-944	9412	105	3403	2822
-14028	460	8624	-302	4477	2564
-15132	-724	8120	-2409	2169	2198
-13300	-1216	8396	-556	1592	1443
-13932	324	8784	-121	2954	1333
-15024	-1056	9080	-1916	141	827
-13400	-896	8804	-39	364	-93
-14720	-24	9020	-235	188	-182
-14852	-912	9700	-1018	-2219	-998
-14024	-552	9604	215	-2363	-1878
-14872	-540	10012	-553	-3760	-2433
-14604	-1168	10224	-91	-5939	-3733
-14552	-992	10284	746	-6113	-4558
-15584	-1528	10984	471	-8090	-5517
-14584	-1056	11956	1073	-9319	-6496
-15188	-1788	11672	-898	-10012	-6975
-14776	-2936	12456	-967	-12070	-7764
-13488	-2260	12468	-291	-11870	-8258
-13900	-2272	12732	-2295	-12170	-8520
-13348	-4220	13896	-3211	-14959	-9172
-11204	-4148	13992	-2277	-14244	-9661
-11552	-4636	14588	-2206	-13158	-10130
-11172	-5460	14684	-3209	-14413	-11057
-9576	-6296	14820	-2980	-15034	-11938
-8576	-7444	15524	-2421	-14677	-12677
-7224	-6952	15256	-1498	-13884	-13076
-6684	-7864	15240	-1027	-13553	-14176
-5388	-8464	15184	1024	-13859	-14562
-3728	-6912	14500	1875	-12237	-14396
-3660	-7416	14996	675	-11752	-14860
-2184	-8056	14452	1641	-12128	-14767
-1280	-7768	14708	2090	-10771	-15058
-164	-6504	14288	1987	-10235	-14706
328	-6924	14316	1358	-9453	-14824
1484	-6180	14024	1689	-8712	-14277
2052	-5836	14284	1829	-8139	-14147
2760	-4476	13692	1466	-7096	-13433
2864	-3996	13832	-193	-7038	-12516
3876	-5556	13356	-976	-7062	-11830
4332	-5720	13440	1945	-6060	-11609
4884	-3368	13504	1695	-5744	-10636
5492	-4648	13620	640	-5412	-10057
5896	-4784	13444	2525	-4940	-9774
6296	-3012	13352	3248	-4483	-8959
6768	-2628	13208	2203	-4396	-8150
7136	-3032	13488	2004	-4522	-7484
7812	-2196	12892	1969	-4667	-6843
7880	-2164	13416	1018	-4205	-6454
8044	-1360	13176	586	-4921	-5588
8444	-1908	13124	-719	-5148	-5187
8868	-2204	12548	192	-5298	-4750
9156	-1280	12316	456	-5245	-4111
9440	-668	12160	291	-4959	-3460
9648	368	11884	-417	-4945	-2457
10280	-464	11656	-1111	-4141	-1731
10576	88	12024	7	-3304	-870
11176	912	12200	-1053	-2744	170
11072	-1320	11944	-1320	-1844	399
11128	-560	11108	95	-1351	1133
11324	-168	10528	-485	123	1759
10244	184	11016	-955	792	2764
10612	1276	10792	-2666	1206	4388
9928	-760	10152	-3939	2169	5735
9244	-2212	10332	-2765	2663	6690
9492	-692	9684	-2079	3375	7972
8820	-860	10212	-3417	4519	9590
8232	-2064	10232	-3750	5149	11028
8472	-3936	10308	-3439	5614	12309
7936	-3512	9900	-2345	7210	13168
6644	-3224	10960	-4111	8344	13849
6248	-6256	11468	-4503	7920	14282
6176	-6660	10848	-2371	8685	14971
4820	-5920	11472	-2526	10677	15204
3332	-6648	11772	-4236	11253	15755
2968	-8684	13368	-3881	10707	15655
2496	-8800	13436	-160	11987	15132
1536	-6596	13372	148	14466	15338
-1512	-7636	15188	-2666	13909	15484
-2000	-11104	16060	-468	11729	14437
-1244	-8268	14740	5418	15369	13822
-4832	-5580	16080	1183	16361	14615
-6840	-10952	16732	-1102	11643	13149
-3712	-8012	15200	5408	14886	13291
-8492	-7136	16840	5774	16503	12546
-10136	-9832	18532	2698	11272	11079
-7928	-8568	15620	6447	12295	9586
-9608	-3276	15420	6032	15469	9379
-12608	-5836	16264	1202	10579	8324
-9636	-6048	14764	2712	9431	8154
-10468	-4176	14460	4625	11569	7969
-11840	-2884	14340	2559	10299	7862
-12176	-2916	13440	-385	8591	7739
-11996	-2344	12324	-913	7906	7480
-12096	-2456	12336	-2631	7800	7676
-12592	-3812	13264	-1951	6682	7316
-12628	-2356	12512	-1357	7041	7021
-13296	-1184	11156	-2718	7014	6313
-13512	-2220	10780	-4018	5297	5347
-12508	-2232	11020	-3146	5062	4881
-12764	-1528	10752	-1592	5909	4855
-13224	-1032	10028	-1395	5499	4618
-13372	-1328	9856	-1750	5069	4290
-13288	-1040	9888	-131	5491	3866
-14328	-508	9488	-545	5064	3741
-14004	-424	9152	-668	4066	2739
-14412	-704	8928	314	3822	2148
-14680	60	8780	621	3045	1482
-14524	388	8592	-239	1610	662
-14424	-244	8664	-37	594	-190
-14384	-100	8196	259	-251	-785
-14144	180	8052	-123	-1028	-1162
-13956	312	8548	-104	-1289	-1503
-13844	-128	8240	-74	-1659	-1632
-13620	-196	8232	142	-1744	-1577
-13768	-200	8660	857	-1841	-1659
-13900	500	8832	521	-2060	-1792
-14340	-184	9132	80	-3281	-2299
-14056	-368	9500	681	-3660	-2949
-14444	-316	10060	912	-4609	-3478
-14160	-280	10380	957	-5608	-4057
-14332	12	10536	551	-6119	-4466
-14548	-1060	10944	-282	-7722	-4734
-13404	-1456	11372	534	-8318	-5168
-13196	-700	11704	929	-7915	-5225
-13596	-952	11752	-531	-9049	-5222
-12848	-2064	12172	-664	-10076	-5407
-11976	-1828	12464	182	-9659	-5242
-12616	-2420	13048	-568	-10153	-5559
-11680	-2584	13764	-773	-11508	-5948
-11476	-3628	14328	-1533	-11024	-6389
-11176	-3988	14272	-831	-11793	-6966
-9936	-3256	14788	-1667	-11924	-7279
-9960	-5224	15320	-2917	-12714	-8242
-7768	-5080	15496	-1521	-13213	-8550
-7076	-5208	15848	-1742	-11488	-9341
-6884	-5848	15692	-1905	-12017	-9882
-5672	-6360	15576	-1699	-11979	-10510
-4496	-6160	15820	-1319	-11442	-10611
-3624	-6292	15628	-1368	-10527	-11012
-3196	-6740	15504	-1281	-10420	-11295
-2012	-6852	15616	-1051	-10256	-11631
-1480	-6560	15236	-910	-9356	-11605
-1032	-7000	14856	-1619	-9456	-12366
276	-6228	14656	-1166	-9099	-11604
448	-5760	14904	-2378	-8186	-11879
1180	-5104	14464	-3839	-8399	-11310
1836	-6416	14160	-6378	-7677	-12099
2348	-7812	14760	-4557	-7520	-11744
3100	-5932	14116	-4246	-6264	-12078
3420	-6096	14572	-4467	-6754	-11597
4520	-7712	14200	-3573	-6374	-12369
5000	-6916	13588	-238	-5102	-12284
5176	-5724	13480	734	-5577	-11602
6232	-5780	12996	1892	-5122	-11262
6108	-4756	13064	3965	-4168	-10806
6576	-3440	13196	3578	-4189	-9301
7216	-3668	12880	2503	-3401	-8443
7364	-3632	13356	2583	-3129	-7309
7760	-4388	13192	2422	-2837	-6923
8472	-2792	13196	3198	-2964	-5935
8660	-2744	13096	1611	-2197	-5337
8328	-2604	13140	1576	-2192	-4512
8776	-1412	12836	1155	-2183	-3421
8884	-1432	12528	-72	-1878	-2393
8972	-2324	12392	-42	-1556	-1774
8984	-1752	12412	758	-1701	-1001
9376	-1764	11824	-164	-1315	-398
9280	-2080	11908	77	-805	133
9000	-936	11804	-74	-555	970
9120	-384	10940	-1796	-449	2422
9276	-1968	10912	-3032	128	3531
8788	-2288	11616	-2541	903	4219
9088	-1852	11960	-3334	1316	5261
9248	-2656	11856	-3972	2411	6080
8000	-3328	12000	-3802	3277	6689
8508	-3800	12112	-3448	3077	7620
8364	-3140	11108	-3178	4556	8622
6844	-4692	11764	-5110	5477	9051
7352	-5696	12032	-3066	4653	10223
7108	-4796	10832	-3611	6049	10824
5588	-7120	11800	-5438	6464	10581
5820	-8080	12604	-2866	5872	10983
5964	-5900	11976	-2906	7595	11250
4204	-7828	12792	-4014	8021	11122
3900	-8336	12532	-2978	8367	11200
3232	-7936	13096	-2936	9636	11619
1564	-9244	14168	-2572	9386	11027
1904	-8304	14024	-759	9954	11284
412	-6812	13560	-3066	11619	11574
-2112	-10824	14544	-3409	9649	11214
-416	-8504	14000	656	9387	11965
-1708	-7372	14692	-1079	11688	11804
-4932	-11176	14784	277	9423	11768
-3412	-9232	13720	2777	9345	11921
-4160	-5856	14044	1969	12356	12367
-8112	-9928	15700	-104	9883	12067
-6440	-9036	13984	3294	9451	11979
-8440	-8188	14332	3219	11490	11347
-9704	-7392	15428	3412	10124	11353
-10060	-7324	15128	1893	9485	10594
-10040	-5524	14620	1207	10283	10079
-11848	-6944	14096	-329	9230	9571
-11128	-6984	14072	115	7564	8608
-10768	-5636	14136	230	8845	8036
-11652	-4624	12588	434	8987	7374
-12216	-4752	12712	-737	7777	6613
-12236	-4788	12124	-601	7291	6379
-12084	-3796	11124	-445	7782	6175
-12620	-3500	11296	-564	7445	5981
-12508	-2648	10936	-772	7391	6398
-13056	-2356	9916	-1190	7819	6471
-14064	-2452	9772	-1514	7301	6568
-13976	-1952	9676	-1580	6816	6013
-14480	-1904	9120	-2172	6542	5833
-14800	-2448	9512	-2204	5436	4790
-14380	-1828	9368	-967	4996	3737
-15100	-1340	8576	-1593	4531	3337
-15420	-2360	8992	-1083	1961	1585
-14000	-800	8976	353	2449	359
-15632	-704	8780	-2323	717	351
-14008	-1676	8812	-3032	-2336	-650
-13916	-2176	9060	-1127	-866	-1399
-14760	-1608	8892	284	-2083	-2095
-14416	-1432	8628	56	-2714	-2516
-14692	-2244	9348	322	-3531	-3079
-14220	-1300	9968	1618	-4046	-3752
-15044	-1484	9640	138	-4583	-4399
-15472	-2708	9740	902	-6927	-5557
-14148	-1724	10600	1479	-6893	-6254
-15524	-2504	10788	235	-7236	-6896
-14992	-3312	11128	647	-9419	-8063
-14004	-3828	11996	1165	-9682	-8723
-13988	-3272	12372	728	-8981	-8985
-13908	-3808	12492	-1574	-10357	-9216
-12672	-5152	13124	-1703	-11508	-9831
-11208	-5360	13248	-947	-10672	-10084
-11320	-5864	14000	-848	-9804	-10438
-10544	-5792	13684	-1180	-10509	-10337
-9220	-5808	13360	-2951	-10325	-10426
-8520	-7932	14256	-3327	-11139	-10743
-6780	-8388	13492	-1347	-10616	-10531
-6560	-8424	14132	-314	-8887	-10624
-6064	-8372	14216	-151	-9594	-10519
-4660	-8140	13504	-546	-8981	-10690
-4120	-9368	13788	-51	-8565	-10963
-3040	-8780	13448	1423	-7739	-11073
-2460	-7736	13664	765	-6909	-10733
-2304	-8732	13980	-410	-7279	-10911
-1164	-9396	13580	754	-6952	-11268
-756	-8100	13500	1302	-5830	-10856
-336	-7808	13552	598	-6122	-10782
400	-8104	13388	11	-5897	-10609
752	-9428	13504	975	-5535	-10844
1000	-7680	13520	2554	-5050	-10654
1436	-7692	13172	803	-5969	-10522
2456	-9576	13380	2781	-5741	-10864
2624	-6464	13388	4775	-5745	-10389
3188	-6196	13328	2350	-6364	-9911
4016	-6448	13132	3149	-6287	-9284
4284	-5272	12980	2377	-5837	-8649
5172	-5712	13100	1787	-5759	-7855
5764	-6140	13572	2588	-4877	-7876
5568	-4508	13412	1833	-4531	-7451
6492	-5228	13648	1110	-4324	-6986
6500	-4736	13608	1480	-3828	-6584
6728	-3876	13524	676	-3946	-5771
7336	-3668	13028	90	-3792	-5066
7368	-3532	13312	-486	-3384	-4471
7576	-3560	13400	-645	-3016	-3848
7792	-2948	13096	-1144	-3319	-2866
8344	-3764	12708	-1365	-2713	-2326
8024	-4280	13196	-88	-2570	-2007
8684	-2196	12172	-217	-2688	-957
8872	-3504	11812	-2100	-1883	-228
8236	-3452	11728	-517	-1571	110
9144	-2132	11444	-1342	-1179	1143
8820	-2944	11488	-2599	-561	2001
8580	-4084	11068	-2614	-444	2657
8576	-2828	11508	-2023	-218	3457
8824	-3128	11092	-4253	298	4701
8204	-3660	10564	-4240	867	5802
7488	-4176	10368	-4975	1157	7190
7876	-5600	10804	-4046	2013	8041
7648	-4432	10740	-3143	2914	8987
6976	-4384	10532	-5087	3218	10517
6808	-8572	10460	-5425	4327	10530
6200	-9520	11288	-438	4509	10791
5832	-5124	10872	-739	5410	11747
5232	-10132	12176	-4447	5918	11683
4592	-11268	12676	2179	5842	12092
4504	-4644	12040	459	7864	13329
2148	-8748	13692	-6157	8316	13471
1940	-12172	14284	-650	7201	13982
1796	-6620	13388	-1319	10338	14527
-2032	-11856	15088	-6048	9246	12924
-708	-12544	14692	542	7147	13077
-212	-8220	13996	41	9774	13087
-3492	-11560	14812	-3903	8313	12035
-2688	-12544	13980	386	7162	11916
-2432	-8884	13344	2679	9271	11928
-4488	-9692	14640	-376	8674	11225
-5240	-11564	14516	1477	7311	10498
-4480	-7736	12916	4366	10056	10858
-7348	-7528	14076	592	10170	10867
-9008	-12148	14440	1141	6072	9781
-5964	-7736	12724	5365	8790	9878
-8852	-5536	13688	3233	11445	10171
-11580	-9312	15044	384	6877	8989
-8672	-7576	13400	1918	7138	8483
-10004	-5896	13216	1799	10042	8413
-11984	-6968	12932	1153	7688	7888
-10912	-6284	12928	2197	6792	7552
-11736	-5336	12552	1863	8193	7597
-12468	-5264	11680	623	7441	6967
-12268	-4488	11248	592	7432	6763
-12772	-4548	11612	706	7408	5791
-13116	-3988	10904	595	7132	5459
-13568	-3364	10400	42	7212	4964
-13800	-3140	10356	-5	6006	4496
-13476	-2412	9576	-737	6075	4525
-14128	-2548	9652	-1436	5530	4527
-14008	-2276	9120	-1032	4528	3878
-14052	-1932	9016	-1498	4608	3670
-14520	-2044	9224	-1967	3427	3123
-14148	-1792	9056	-2282	2632	2358
-14392	-1976	8528	-2677	1786	1659
-14216	-2228	7996	-2340	729	903
-14164	-2248	8208	-1518	435	182
-14340	-2020	8088	-1038	67	-227
-14124	-2112	7956	-1193	-676	-434
-13476	-2460	8280	-255	-729	-704
-13276	-2156	8048	839	86	-754
-13812	-1824	7724	675	-218	-492
-13900	-1968	7916	93	-859	-488
-13672	-2092	8208	374	-973	-799
-13956	-1888	8132	531	-769	-961
-14232	-1896	8412	-386	-1505	-1224
-14144	-2724	8692	-378	-2366	-1714
-14000	-2036	9444	786	-1807	-2160
-14764	-1820	9576	2	-2604	-2954
-14912	-2952	9784	-237	-4875	-3958
-13896	-2428	9676	1187	-5201	-4773
-14684	-3048	10880	627	-5481	-5285
-14532	-3516	11700	966	-7661	-5932
-13656	-3132	11632	1497	-7555	-6412
-14360	-3912	11752	1053	-8262	-6681
-13176	-3904	12296	564	-10185	-7071
-12368	-3720	12576	-418	-9625	-7034
-12508	-5056	12712	-631	-10327	-7369
-11164	-4756	12996	-145	-10740	-7383
-10720	-4360	13484	-1189	-9598	-7487
-10936	-5632	14096	-2591	-10845	-7682
-9740	-6344	14228	-2914	-11251	-7524
-9108	-6520	14568	-3411	-11291	-7671
-8960	-7680	14408	-3659	-11355	-8559
-7688	-8584	14844	-3051	-12495	-8890
-6160	-8552	14372	-2150	-11775	-9316
-6080	-9196	14920	-2280	-11225	-10061
-4524	-9288	14712	-1960	-11496	-10425
-3392	-9248	14236	-1122	-10225	-10967
-2820	-8992	14104	-2306	-9353	-11377
-2140	-10376	13876	-2623	-9472	-11842
-980	-9772	13496	-1652	-8355	-12036
-520	-9940	12932	-1081	-7576	-12648
92	-9164	12584	-504	-7301	-12548
1372	-8336	12520	-1086	-6852	-12152
1964	-8752	12340	-1833	-5535	-12274
2160	-9616	12240	-495	-4890	-12557
2820	-8804	12228	1448	-4206	-12129
3572	-7920	12080	1430	-3160	-12026
3652	-7892	12656	1780	-2045	-11619
4132	-7688	12788	1971	-1502	-11163
4688	-6616	13220	2096	-764	-10674
5024	-6116	13316	947	-95	-10056
5040	-5564	13632	-143	327	-9318
5468	-6208	13316	-1358	338	-8367
5372	-6928	13460	-1371	710	-8070
5560	-6572	13888	-166	394	-7691
5712	-5604	13372	-1130	36	-7097
6004	-6932	13608	-1202	-226	-6936
5676	-7128	13616	-241	-819	-7026
6260	-6000	13844	662	-1522	-6682
6688	-5712	13720	-203	-1764	-6341
6544	-5516	13468	116	-2237	-6021
6500	-4716	13532	-367	-2824	-5557
6884	-3768	12936	-1248	-3354	-4238
7220	-4380	12936	-2165	-3268	-3277
7820	-3428	12556	-1881	-3349	-2056
8256	-4580	12240	-2711	-2458	-1210
8240	-4744	12532	-1030	-2166	-689
8816	-4732	11912	-877	-1437	168
9016	-5228	12776	218	-655	487
9284	-3932	12432	259	-326	1153
9172	-4492	12036	-999	430	1696
8628	-4892	11948	-1103	1027	1939
8612	-3800	11928	-1552	1207	2419
8104	-3732	11752	-4105	1269	3074
7676	-5264	11652	-4941	944	3454
7512	-5660	11488	-4884	684	3820
7532	-6100	11840	-4015	674	4094
6792	-4552	11172	-4790	147	5268
7128	-6684	11476	-6446	568	6405
6092	-6492	11048	-4691	157	7356
5728	-5588	9764	-6860	47	8905
5904	-9384	10660	-7912	630	9753
6160	-10300	10544	-3943	546	9949
5412	-9956	10716	-2830	901	10166
5484	-9328	10956	-2602	690	10856
5540	-10148	11232	-3171	1360	11316
4776	-12892	11628	-1341	1870	11114
4108	-10900	11880	2887	1287	11697
4560	-8148	10856	-672	2180	12646
2324	-12724	12652	-1966	3664	12567
2020	-11596	12876	2663	1963	13172
2736	-8812	11856	-138	3062	13973
308	-13420	12788	-1731	4530	13318
-128	-11488	12372	1807	3581	13845
24	-9932	12512	-2826	4348	13677
-1696	-13376	12812	-1403	4878	13310
-2164	-13628	12592	2974	4409	12553
-1536	-10020	12872	1815	5486	12769
-3604	-12288	12912	151	5674	11816
-3904	-12208	12608	4418	5327	11851
-3448	-8888	13072	2730	6875	11445
-5344	-11852	13668	1538	6575	10603
-5408	-12292	13492	6068	6418	9779
-5488	-8388	12464	7607	9379	9044
-7240	-6700	13356	4137	9779	9155
-8604	-9896	15284	4411	7146	8602
-8164	-9972	14184	7197	8499	7392
-8840	-5156	12500	8147	11624	7472
-11752	-4964	13324	3581	10192	7392
-11172	-7092	13800	1301	6650	7566
-9960	-6212	13264	3245	8006	7457
-11852	-4076	12312	3830	9705	7946
-13336	-3672	11860	1445	7140	7558
-12588	-3992	11796	-277	5810	7673
-12812	-3924	12344	-938	6201	7823
-13588	-4008	12000	-1826	5205	7387
-13124	-3816	11164	-1944	4579	6181
-13336	-3936	10336	-2087	4772	5514
-13124	-4176	10324	-1147	3716	4576
-12640	-3220	9816	507	4244	4275
-13132	-2740	9332	50	4480	4556
-13036	-3000	8896	26	3801	4206
-12916	-2940	8964	1070	4316	4346
-13532	-2552	9012	1234	4549	4146
-13624	-1992	8976	944	4044	3730
-13812	-1508	8404	456	4361	3511
-14404	-1212	8024	-531	4055	2993
-14736	-1604	8236	-1023	2560	2258
-14096	-1112	7900	-1359	2379	1444
-14844	-1792	8472	-1315	1228	299
-14028	-984	8288	-780	707	-975
-14572	-1176	8320	-1861	212	-1583
-14512	-2176	8932	-1450	-1826	-2236
-13416	-1504	8944	-152	-1383	-2838
-14364	-1544	9368	-292	-1860	-3146
-14404	-2060	9128	-778	-3841	-3496
-13768	-2172	9628	-60	-4287	-3779
-14272	-2408	10028	362	-4486	-4254
-14364	-2164	10360	475	-5643	-4827
-14200	-1760	10644	-505	-6589	-5363
-14464	-2936	10968	-1135	-7609	-5996
-13884	-2932	11440	-378	-8440	-6356
-14188	-3548	11764	-846	-8929	-6962
-13884	-3540	11964	-722	-9623	-7521
-13628	-3760	12272	-1959	-10129	-8080
-12972	-4744	12744	-2932	-11595	-8368
-11688	-5620	13244	-2467	-12152	-8603
-10772	-5116	13700	-2587	-10867	-8688
-11396	-5936	14076	-3649	-11210	-9275
-10108	-7284	13664	-3884	-13483	-9673
-7752	-6776	13568	-3544	-12058	-9746
-7968	-7580	14216	-4499	-11059	-9967
-7232	-9412	14176	-3834	-12499	-10728
-5508	-9088	14008	-2440	-11190	-10935
-5048	-9096	14388	-2392	-10193	-11394
-4212	-9216	14348	-2919	-10442	-11393
-3152	-10504	14164	-2929	-10037	-12674
-2256	-10836	14036	-1571	-9161	-12933
-992	-9400	13816	-819	-8571	-12714
-284	-9932	13524	-2472	-7700	-13521
476	-10044	13400	-1563	-7771	-13413
1400	-10468	12996	-211	-6555	-14046
2196	-8536	12956	1583	-5907	-13541
2920	-8792	12692	-1097	-5112	-13738
3516	-9836	12524	1112	-4307	-13491
4036	-8844	12100	2429	-3328	-13229
4148	-7888	12744	3443	-2680	-12553
4524	-6836	12560	2436	-2500	-11869
5340	-7364	12532	2080	-2001	-11275
5444	-6900	12828	2300	-1412	-10638
5700	-6024	12856	1968	-1100	-9720
6212	-5896	13076	638	-1072	-8909
6788	-5752	13036	407	-677	-8210
6612	-6148	13300	-198	-181	-7929
6992	-5320	13456	434	-425	-7123
7184	-5408	12716	-847	-388	-6543
7196	-6404	12832	-704	-126	-6359
6972	-5900	13344	967	-531	-6149
7136	-4304	12784	630	-1157	-5600
7620	-5364	13236	-687	-1270	-5206
7148	-5720	12828	281	-1330	-5208
7584	-4788	13188	994	-1986	-4639
7960	-4384	12900	168	-2225	-4397
8032	-4304	12536	-101	-2484	-4063
8188	-4396	12624	-74	-2488	-3877
8640	-3688	12676	112	-2658	-3277
8924	-3224	12548	-551	-2574	-2683
9332	-3644	12624	-1033	-2089	-2322
9472	-3496	12736	-560	-1983	-1688
9876	-2796	12180	-1281	-1501	-1064
9956	-3184	11880	-2257	-800	-265
9812	-3352	11504	-2257	121	277
9840	-2528	11332	-2814	794	1137
9476	-3220	11596	-4135	1589	1672
9216	-3424	11848	-4739	1660	2499
9364	-4252	11808	-5039	1827	2952
8180	-3940	11884	-5371	1789	3834
8780	-4256	11504	-6375	1345	5059
8468	-4860	10928	-6959	1615	5893
7556	-5544	10856	-7403	1548	7027
7988	-5968	10624	-7114	1575	7953
7640	-6080	10124	-7246	1618	8892
6532	-7152	10508	-8365	2005	9890
7324	-10688	10656	-7658	1915	10204
6740	-9540	10508	-3140	2300	9985
6460	-8272	10480	-5530	2659	10727
6552	-10100	11536	-4844	3178	10877
4156	-10404	10744	-4391	3101	10998
4940	-10676	11544	-3581	2274	11945
5076	-9792	11592	-3128	2776	12069
2300	-11060	10040	-5212	3209	12495
2000	-14256	11240	-1862	2350	12771
2540	-11196	11540	1245	2291	13158
1876	-9656	11196	-2393	3120	13944
788	-14960	11604	-2042	3742	12769
856	-12848	11572	3897	4124	13498
-552	-8476	11428	283	6239	13998
-1768	-12568	12424	-3564	6050	13717
-2092	-14884	12128	1355	5766	13610
-2468	-9740	10624	2243	7963	13803
-5092	-12268	11888	-1856	7891	13117
-5528	-14376	12224	3197	6520	13191
-4128	-9164	11184	3299	8418	13362
-7556	-11748	11244	-750	8919	12419
-8280	-12812	12440	2963	7666	12508
-8444	-10452	12148	5714	8350	11745
-10032	-9108	11464	2035	8186	11172
-11176	-11324	11984	1246	6828	10399
-10168	-9900	11904	4218	6878	10056
-10600	-7176	12160	2479	8102	9784
-12160	-8820	12124	-226	6471	8840
-11652	-9264	11240	2251	5358	8412
-11692	-6616	10928	3793	6779	8129
-13060	-5620	11344	1882	6503	7948
-13600	-6832	10992	947	4389	7555
-12896	-6568	10320	1047	4176	7133
-13112	-5464	10064	2022	4765	6450
-13516	-4304	9532	1143	4834	6013
-13692	-4900	9372	384	3744	5598
-13136	-4912	9076	1326	3714	5010
-13348	-3964	8868	2304	4670	4319
-13756	-3348	8360	2576	4404	3761
-14056	-2504	8496	2133	4004	2980
-14656	-3220	8564	726	3085	2053
-14576	-3460	8444	880	1778	1616
-14088	-2960	8684	825	1270	954
-14040	-3040	8320	818	1292	25
-14204	-3016	8424	312	517	-622
-13868	-2600	8364	-251	-43	-1003
-13912	-2772	8636	-162	-645	-1318
-13596	-2604	8844	167	-698	-1650
-14004	-2820	8864	-10	-661	-2058
-14148	-2972	9328	568	-1882	-2519
-13808	-2540	9240	585	-1745	-3088
-14632	-3300	9544	855	-2497	-3703
-14568	-3028	9712	1106	-3473	-4241
-14808	-3292	10192	719	-4404	-5065
-14704	-4176	10636	1301	-5802	-5973
-14236	-3948	10492	2141	-5984	-6864
-14500	-3916	10664	1012	-6268	-7570
-14416	-5244	11324	226	-7757	-8180
-12876	-4632	11640	907	-8095	-8095
-12792	-4692	11656	-18	-7373	-7905
-12640	-5052	11876	-782	-7999	-7779
-11648	-5788	11836	-1063	-8590	-7940
-10884	-5612	12116	-1174	-7563	-7789
-11044	-6048	12772	-2562	-7554	-7634
-10348	-7764	12820	-2768	-8533	-7745
-9024	-8208	12308	-1557	-7590	-7900
-9032	-8492	13564	-1487	-7229	-7898
-8192	-8796	13056	-1585	-7563	-8129
-7676	-9744	13380	-1867	-7205	-8941
-6564	-10716	12872	519	-7775	-9135
-5484	-9196	12932	528	-5998	-9414
-5804	-10708	13532	-814	-6715	-10001
-4616	-11124	13656	384	-7239	-10418
-3532	-10680	13212	1636	-6601	-10753
-3192	-9652	13116	597	-5985	-11081
-3124	-10236	13500	783	-6884	-10932
-1788	-9160	12952	1585	-7442	-10466
-1372	-8544	12928	468	-6840	-10186
-1196	-9768	12512	-25	-7194	-10276
224	-9532	12460	1581	-7349	-10002
736	-9704	12788	1504	-6280	-10513
908	-8452	12344	2843	-5833	-9815
1992	-8016	12920	1958	-5827	-9669
3220	-7452	12536	2934	-4474	-9123
3168	-6296	12276	1014	-2482	-8724
3476	-7104	12512	371	-2277	-7777
4560	-6700	12284	382	-1349	-6819
4272	-8136	12864	-781	856	-7028
3636	-7932	13428	1228	1042	-6187
4104	-6140	12956	-308	717	-5268
4644	-8720	13676	-1945	865	-5520
4144	-8804	13396	1174	908	-5517
3716	-6592	12164	630	207	-5243
4428	-8128	13864	-453	-465	-5489
4536	-6304	13648	1444	-1297	-5239
4108	-5208	12880	-1507	-1569	-4714
4524	-6320	12968	-2319	-2320	-3831
5224	-5876	12228	-2465	-2115	-3095
5328	-7280	12580	-2841	-1115	-3028
5484	-5744	12652	-1561	-1127	-1826
5816	-5768	12240	-3656	-374	-1398
5112	-6692	13192	-3134	-117	-577
5808	-5808	12396	-3110	-521	348
5408	-7028	12464	-3828	-21	756
5620	-7900	12872	-1733	-473	1386
5740	-6112	12268	-1617	-329	1772
5584	-7620	12304	-2992	-505	2166
5836	-7476	11672	-1188	-630	2222
5044	-6248	11340	-2871	-953	2774
5616	-7064	11684	-3257	-1693	3711
5308	-6608	11228	-4189	-1607	4365
4552	-7132	11788	-5125	-2281	5702
5816	-7776	10632	-5844	-3139	6704
5272	-10332	10096	-5813	-1640	6282
5224	-10520	11200	-1349	-2197	7319
6152	-6856	10056	-2021	-2339	8785
5172	-9764	10416	-6252	324	9061
3876	-11268	11808	-1888	-21	10297
4788	-9272	10272	-1966	-294	11052
3948	-12332	10128	-3342	2760	10554
2040	-11996	11580	1944	3107	11420
2976	-8352	10668	-856	2517	12565
2152	-13032	10648	-3721	4853	12418
-392	-14316	11544	2871	5943	12393
220	-9308	11340	2276	5757	13091
-1080	-12508	12276	-2802	7008	12368
-2756	-14044	12192	2606	6945	12340
-2428	-9820	11616	1155	7984	12619
-5076	-12632	12772	-1745	8043	12183
-5020	-12312	12276	1066	7285	12036
-5116	-9940	11860	240	8737	12165
-7708	-13532	13128	-1334	7548	11321
-7308	-13020	12644	2810	6956	10720
-7600	-9288	11960	2956	9295	10188
-10028	-11456	13016	-61	7639	9499
-9068	-11504	12524	1854	6234	9200
-9220	-8924	11740	1957	8458	8623
-10752	-9164	11600	1373	7417	8276
-11272	-10840	11648	2393	5853	8081
-10252	-7984	11704	3753	6258	7904
-11324	-6848	11088	727	7007	7295
-12288	-8436	10796	-149	5233	7020
-11444	-8452	10916	1322	4348	6552
-11008	-5692	10868	1625	6270	6251
-12684	-5648	10180	143	6118	5984
-12716	-6156	9992	-1170	4117	6291
-12432	-6828	9696	338	4068	6010
-12084	-5128	9680	1980	5627	5925
-13108	-3988	9484	247	6266	6146
-13864	-5160	9028	-1057	4534	5800
-13048	-4912	8720	651	4226	5311
-13532	-3944	8744	1332	5602	4871
-14712	-4004	8504	1588	5131	4600
-14764	-3204	8668	731	3811	4224
-14924	-3328	8284	-324	3092	3372
-14840	-3196	8412	-672	1942	2382
-14444	-2856	8544	-1456	1165	1205
-14556	-3100	8228	-2006	415	152
-14332	-3444	7708	-1488	-637	-560
-13980	-3580	7852	-203	-715	-1245
-14264	-3352	8064	600	-733	-1880
-14504	-3300	8464	632	-1649	-2436
-14504	-3444	8324	363	-2292	-2838
-14444	-3684	8556	311	-2982	-3608
-14828	-3940	9408	766	-3447	-4244
-14836	-3344	9608	86	-4671	-4925
-14848	-4072	9616	-1462	-6108	-5905
-14388	-5284	9788	-497	-6919	-6877
-14080	-5424	10088	405	-6553	-7411
-14316	-5172	10728	-87	-7081	-7738
-13984	-5900	11148	-1533	-8458	-8249
-12900	-6276	11048	-1924	-9072	-8099
-12272	-7172	11220	-1793	-9082	-8372
-11564	-7388	11220	-980	-8844	-8566
-10956	-6916	11560	-1224	-8441	-8823
-10744	-7268	11644	-3112	-8342	-8907
-10140	-8488	11772	-3733	-8425	-9429
-9304	-9388	11764	-2604	-8162	-9556
-8344	-8400	12208	-3864	-7035	-9520
-8480	-10536	11948	-4224	-7755	-10071
-6832	-10508	11632	-2920	-7592	-9967
-6232	-10292	12072	-3200	-6531	-10289
-5764	-11420	12000	-3311	-6558	-10479
-4660	-12000	11680	-1190	-6456	-10762
-3984	-11480	12080	-1052	-5959	-10908
-3508	-12052	12156	-1133	-5892	-11365
-2708	-12912	11720	15	-5543	-11684
-1944	-12580	12208	1763	-5286	-11813
-1500	-11808	11396	1376	-4426	-12533
-1204	-12148	11936	1320	-4384	-12346
-652	-12076	11760	1754	-4366	-12138
188	-11316	11060	2217	-4202	-12206
360	-11116	11504	2666	-3928	-11874
1248	-8996	10840	1786	-4849	-11028
2000	-10132	11072	559	-3707	-10856
2544	-8676	10992	1533	-4069	-9886
3152	-7868	10980	-701	-3706	-9132
4140	-9156	11208	-839	-3389	-8392
4728	-9428	11196	141	-2629	-8083
4732	-8152	11644	158	-1572	-7555
5536	-9504	11836	-315	-1116	-6810
5904	-9856	12404	1775	36	-6582
5700	-7220	12652	1482	984	-5377
6384	-7912	12940	-844	2130	-4040
6160	-8260	12612	-692	2512	-2938
6196	-6888	11440	-1965	2648	-1724
6332	-9604	11884	-2731	4046	-1491
5284	-9244	12200	112	3349	-1054
5376	-7160	11816	-1180	2990	-773
5272	-10304	12844	-2225	2619	-1070
5244	-8292	12128	-430	1211	-1020
5384	-8852	11872	-2667	998	-1310
4560	-10812	13116	-525	477	-2191
5056	-7276	11592	243	-819	-1757
5352	-8988	11992	-2037	-983	-1713
5156	-10036	12452	718	-1326	-1915
5216	-7256	11728	299	-1782	-1318
5548	-7876	11724	-1570	-1709	-423
5512	-9116	11932	-1097	-1412	219
6208	-7548	11464	-982	-1055	1013
6052	-8420	11368	-2807	-208	1705
5812	-9484	11220	-1892	115	2087
5792	-8748	11048	-501	504	2263
5340	-7336	11052	-1738	419	2812
5496	-8220	10836	-2873	-6	3416
5548	-8880	10264	-2092	-23	3522
4436	-7380	10248	-1896	-502	4194
5016	-7628	9880	-5137	-1267	5362
5200	-10664	9808	-5358	-1165	5239
4460	-9816	10352	-2666	-1376	5918
4356	-8508	9608	-5447	-2155	7350
4856	-12336	10280	-6703	-996	7592
3684	-12864	10944	-1725	-517	8150
3328	-8556	9868	-1827	-1332	9546
4072	-11488	10036	-6272	-821	10143
3004	-14832	10568	-425	407	10351
2012	-10996	9720	1947	420	10882
2488	-9996	10088	-2037	492	12234
1052	-13172	10756	-679	2853	12073
-260	-14112	10356	2495	2589	12265
540	-11248	10508	2089	3493	13318
-1660	-12296	11180	857	5838	13523
-3544	-13584	11124	2217	4481	13547
-3088	-14152	11864	3065	3464	13889
-1976	-11216	11432	4989	5571	14065
-3576	-8456	10944	1943	8513	13942
-6156	-13276	12264	-1452	7112	13774
-5964	-15356	12712	5663	6615	12549
-5572	-7480	11592	7928	10526	12978
-10404	-9612	12632	344	10107	11994
-10384	-14732	12840	2136	5147	11157
-7340	-9284	12236	6703	9680	10247
-10108	-6912	13196	3521	11512	10032
-12640	-9680	12960	1183	8202	9216
-11312	-9528	12512	3607	6784	8315
-11216	-7804	12104	4511	8402	7462
-12808	-6744	11452	4121	7775	7204
-13160	-5688	10812	2170	6656	7035
-13512	-7340	10632	1956	4794	6570
-11864	-6252	10912	3711	4770	6133
-11808	-3748	10692	2842	7292	5881
-13920	-3884	9448	-528	6598	5717
-13968	-5192	8660	-1120	3587	5416
-12328	-4264	8808	659	4452	5035
-13152	-3260	9520	1401	6349	5027
-14524	-2712	9240	-308	5660	4779
-14996	-3736	8468	-2108	3812	4113
-14660	-3884	8608	-1048	2846	3048
-14384	-2644	9188	-538	2860	2114
-14972	-2776	8652	-1971	1779	861
-14756	-3464	8636	-2070	-307	-217
-13832	-3056	8836	-1170	-525	-904
-14248	-2980	8972	-705	-876	-1550
-14280	-3364	9276	-923	-2093	-2372
-14224	-3584	9360	-287	-2645	-3000
-14424	-3492	9024	-233	-3146	-3760
-14860	-4236	9468	-284	-4545	-4467
-14340	-4280	9988	54	-5516	-5249
-14216	-4316	10232	-111	-5506	-6033
-14828	-5016	10168	-668	-6340	-6846
-13740	-4952	10360	-574	-7599	-7382
-13160	-5136	10456	-1242	-7271	-7831
-13260	-5900	11236	-1552	-7975	-7957
-12432	-5568	11384	-1897	-8304	-7854
-12648	-6228	11400	-2933	-8531	-8058
-11872	-6836	11440	-3081	-9499	-8378
-10804	-7192	12096	-2570	-8992	-8582
-10352	-7096	12400	-3931	-8131	-8575
-10216	-7940	12184	-4948	-8413	-8996
-9232	-8912	12212	-5662	-8637	-9287
-8736	-10788	12712	-4785	-8318	-9821
-7400	-10160	12272	-3297	-7497	-9884
-7252	-10692	12132	-4404	-7000	-10340
-6116	-11080	12552	-4126	-7836	-10689
-4812	-11556	11860	-4036	-6485	-11165
-4560	-11772	12056	-3527	-5985	-11041
-4016	-12076	11740	-3838	-5585	-11309
-3424	-13372	11384	-2569	-5578	-11484
-2216	-12328	10968	-1803	-5030	-11166
-1960	-12904	11120	-2262	-4728	-11487
-868	-13788	10664	-894	-4628	-11806
-220	-12468	10556	1123	-4083	-11780
484	-11896	9796	459	-4098	-12143
624	-11932	10308	832	-3456	-11850
1272	-12308	10660	1575	-3334	-12001
2096	-9988	10836	2297	-3077	-11382
2848	-10308	10440	-842	-2832	-10976
3344	-11284	10664	-35	-1842	-10778
4076	-11392	10912	1059	-892	-10648
3940	-10144	11312	2386	22	-10237
4292	-9380	11572	1286	-94	-9050
5500	-11096	11144	1653	854	-8785
4396	-8504	11684	3962	708	-7822
5948	-8040	10804	953	546	-6452
5688	-8916	11412	1030	1574	-6083
5736	-8836	11188	1043	973	-5089
6396	-9000	11488	1652	1497	-5233
6232	-7112	12308	1502	1071	-4077
6544	-7320	12072	-1503	1339	-3580
6028	-8944	13076	-1206	710	-3687
5740	-7572	11816	-1067	-347	-3023
6328	-8364	11692	-1873	-646	-2908
6064	-9464	12084	35	-1354	-3217
5660	-6492	11396	416	-1943	-2376
6300	-7552	10564	-2626	-2332	-1719
6820	-9044	10624	-434	-2415	-1883
6192	-6304	9872	-716	-2145	-1098
6560	-6800	10244	-2791	-1994	198
6664	-7584	10820	-2512	-1695	1308
7744	-7608	10116	-3056	-1326	2379
7136	-8124	11024	-3568	-393	3119
7376	-8244	10292	-4000	-488	4053
7228	-8948	9820	-3592	-195	4364
6568	-8592	9048	-2965	-90	4713
6496	-9332	9648	-3114	-87	5301
6696	-10496	9768	-1485	-29	5135
5492	-8320	9168	-1440	-391	5881
5864	-8332	9640	-4603	-1354	7254
6676	-10696	9752	-4786	-1390	7721
4276	-10504	8432	-3808	-396	7850
4480	-10588	8952	-3558	-1853	9704
5724	-9976	8916	-3244	-1948	10687
3908	-10848	8500	-4595	-256	10853
2708	-13652	9432	-2366	-831	11973
3992	-10036	9500	306	-2325	14556
3300	-11748	8216	-4048	608	14272
544	-18292	10548	383	1357	13819
1872	-14048	10764	10093	-96	15362
2288	-7720	9680	4363	4320	15902
-2012	-15760	11904	-49	5476	14978
-1244	-16688	11400	9425	3466	15135
-192	-9000	10864	9207	8879	15422
-5368	-10100	12696	964	10140	14767
-5904	-14464	12936	2111	5841	14979
-2888	-10556	11376	6490	9687	14758
-8048	-12972	12916	3810	13050	12812
-9872	-13384	13724	6904	9354	12188
-7056	-7132	12200	6806	11967	11681
-11360	-9672	13128	2334	12423	11104
-12172	-12712	13236	3892	8008	10095
-9892	-8812	11820	7668	9547	9470
-11748	-6160	12008	6166	11317	9201
-13580	-8048	12400	2500	7703	8240
-11868	-7528	11924	3332	5856	7774
-11508	-5524	10872	2667	8311	7576
-13328	-6368	10932	1377	7082	7008
-12436	-5492	10696	1349	5704	6620
-12668	-4496	9832	294	7093	6787
-13936	-4816	9412	-4	6155	6871
-13584	-4148	9440	622	5119	6629
-13456	-3392	9172	172	5251	6534
-14180	-3508	9300	-672	5008	5984
-14604	-3216	8804	-1433	4635	5401
-15192	-3296	8296	-2598	3537	4680
-14724	-3576	8836	-1938	1553	3288
-13796	-2396	8552	-1637	2017	2259
-14608	-2556	8168	-3550	1470	1912
-14388	-3560	7940	-3358	-954	554
-13020	-3148	7848	-1048	-158	-337
-14184	-2796	7972	-298	1159	-577
-14740	-2920	7832	-355	-600	-852
-13528	-3416	7888	-164	-1337	-1250
-13104	-3356	8100	1949	213	-1841
-14256	-2592	7740	2372	893	-2148
-14712	-2940	7828	1453	-1005	-2477
-13600	-3136	8488	2180	-1768	-3055
-13984	-2424	8420	2749	-639	-3679
-15372	-2748	8636	1827	-1983	-4162
-14896	-2880	9116	897	-4220	-4777
-14492	-3288	9488	427	-4751	-5657
-14740	-3928	9860	687	-5401	-6330
-14592	-3916	10108	395	-6130	-6785
-14656	-4180	10288	-504	-7050	-7472
-14476	-5160	10632	-1087	-8376	-8051
-13660	-5092	11212	-1146	-8610	-8438
-13500	-5416	11752	-2796	-9087	-8745
-13144	-6272	11536	-3261	-10151	-8607
-11908	-6148	11772	-3698	-10256	-8590
-11120	-6760	11664	-4580	-9993	-8875
-10652	-7396	11752	-4026	-9796	-9018
-9368	-7064	12336	-5189	-9045	-8965
-8872	-8248	12380	-6376	-9005	-9045
-8116	-10120	12040	-4752	-8790	-9279
-6672	-9624	11956	-3772	-7144	-9017
-6960	-10988	12276	-3608	-6326	-9499
-6004	-10652	12160	-2688	-6648	-9344
-5280	-11792	12392	-3041	-6515	-10193
-4332	-12948	12776	-862	-6519	-10109
-3404	-11084	12036	339	-5526	-10139
-3748	-11544	12600	-1606	-5643	-10756
-2884	-13732	12668	-942	-7052	-11080
-1208	-11672	12204	670	-6402	-11190
-1320	-11596	12524	-1347	-6293	-11660
-704	-12696	12196	-407	-7221	-12101
724	-11344	11944	136	-6846	-12019
1356	-11528	11228	-359	-6278	-12394
2000	-12040	11300	1050	-5880	-12602
2544	-10088	10880	2721	-5263	-12593
2596	-8924	11316	1764	-5145	-11615
3864	-9356	10976	1627	-5363	-10716
4384	-8732	10584	1404	-3901	-10379
4672	-8628	10916	1630	-3661	-9463
5416	-8568	10864	803	-2689	-8774
5956	-9368	11452	1374	-2033	-8465
5924	-8576	11856	1966	-1502	-7856
6680	-8052	12012	1137	-1498	-6991
6808	-8564	11844	308	-1055	-6713
7348	-8848	11984	739	-703	-6099
6988	-8540	12116	871	-501	-5761
7404	-8212	12000	876	-721	-5450
7416	-7892	11772	-188	-616	-5017
7888	-8688	11356	-147	-461	-4840
7752	-8580	11568	586	-343	-5180
8092	-7400	11748	809	-540	-4953
7888	-6408	11828	-180	-758	-4607
7920	-5896	11420	-1397	-1187	-3776
8436	-6600	11160	-1987	-1306	-3688
8276	-6344	11192	-1377	-1456	-2999
8088	-6044	11356	-1523	-1662	-2100
8716	-6060	11420	-1139	-2233	-1272
9108	-6516	10844	-1550	-1697	-782
8552	-6124	10976	-984	-1742	79
9560	-6340	10672	-1380	-1565	926
9212	-5428	10352	-1276	-869	1702
9380	-6564	10372	-2417	-618	2790
9176	-6532	10436	-1257	150	2887
8508	-5840	10112	-2250	-363	3728
8836	-7416	10180	-2578	-254	4063
8700	-6380	9672	-1107	-343	4517
8112	-5036	8792	-4035	-789	5803
8780	-7744	8888	-4756	-308	6573
7720	-5220	8268	-3780	-242	8112
7528	-7660	7552	-8810	-31	9264
7656	-12064	9476	-5851	1053	8998
6652	-8484	9396	-1175	456	10216
6352	-8940	8120	-7257	470	11234
6572	-15236	9468	-4745	1364	10757
5636	-13092	8548	3084	2495	11119
5072	-11024	8696	847	3265	11433
5452	-13504	9480	2754	3697	11371
4020	-13472	9820	6033	5572	10962
3600	-10012	10436	6386	5936	11477
3900	-7988	10740	3507	6815	12765
1280	-10340	10840	800	9079	12987
-488	-11160	12400	198	7373	14374
876	-9336	12144	-610	8095	15619
-1792	-11020	12020	-1674	10806	15898
-5408	-17784	13348	1725	7952	13783
-1444	-11116	12728	7003	9065	14414
-3528	-5944	13460	848	13884	14378
-10500	-16916	15596	1405	9651	11983
-5556	-13428	13500	8000	8600	11586
-7628	-8200	12816	6564	13946	11265
-10760	-9152	14488	2045	9858	10504
-9584	-13592	14888	2842	6788	9547
-8812	-11412	12380	8039	9513	8273
-10124	-5892	10932	7854	12092	7836
-12184	-6880	12356	2189	8198	7849
-10276	-9448	12168	3295	5374	7398
-9264	-6720	11284	6755	9400	7530
-11428	-4064	10208	5735	11193	8598
-13532	-5792	10436	2270	8265	8725
-12388	-5368	10536	3080	7284	8956
-12776	-3424	9960	2161	9964	9153
-15068	-3744	9620	161	9916	8971
-15392	-3772	9384	-650	7700	8275
-14916	-2976	9396	-1951	7438	7517
-15668	-3220	9664	-3037	6222	6409
-15252	-2460	9528	-3027	4602	5000
-15180	-2012	8612	-4592	3716	3766
-15340	-3196	8544	-5237	1193	2302
-13736	-2924	8504	-3326	485	815
-14012	-2764	8208	-2449	1515	-468
-14596	-3348	8652	-2159	-755	-1252
-13464	-2992	8172	-800	-1233	-2183
-14340	-3680	8548	176	-705	-2868
-14448	-3404	8920	1932	-2061	-3627
-14464	-2512	8932	1848	-2008	-4009
-15136	-2536	9696	930	-3723	-4504
-15008	-2904	9768	121	-5355	-5319
-14892	-3580	9680	101	-6289	-6118
-15296	-4244	10680	227	-6945	-6926
-15320	-4384	11224	866	-8392	-7859
-14520	-4084	11532	-415	-9024	-8661
-14636	-5420	11292	-1316	-10157	-9249
-13632	-5592	12008	-1910	-11017	-9595
-13128	-6152	12084	-2556	-11279	-9800
-12308	-7292	12848	-2440	-12271	-9916
-10556	-6628	12932	-1943	-11924	-9949
-10572	-7152	12728	-2633	-10837	-10297
-10036	-7712	12992	-3034	-11528	-10358
-8696	-8392	13128	-3534	-11688	-10348
-7000	-8732	12940	-3269	-10919	-10344
-6824	-9544	12732	-2422	-10016	-10471
-6260	-10256	12540	-1789	-9844	-10718
-5120	-9540	12332	-1904	-9519	-10480
-4424	-10596	12968	-3147	-8932	-10893
-3220	-11248	12936	-1942	-9072	-10971
-1796	-10668	12432	-1077	-7312	-11204
-1744	-10520	12588	-1057	-6712	-10921
-680	-10476	12204	-1548	-6357	-11193
92	-11176	11976	-903	-6015	-10908
1056	-11200	11908	1205	-5272	-10920
1800	-9148	11372	1638	-4298	-10646
1788	-10344	11456	689	-4213	-10543
2604	-10136	11532	3135	-3779	-10307
2912	-9328	11808	3469	-3017	-10053
3276	-9068	12188	3818	-3077	-9339
3592	-8564	11640	3346	-2786	-9215
3988	-8500	12356	3088	-2657	-8608
4284	-8408	12764	2466	-2636	-8120
4488	-8056	12848	1674	-2428	-7857
4680	-7192	12980	761	-2801	-7234
5088	-7616	13220	-933	-3121	-6853
5644	-7656	12884	-945	-3087	-6550
5532	-8136	13188	-1463	-3022	-6284
6256	-8092	13172	-1380	-3552	-5927
6564	-7608	12712	-1244	-3598	-5897
6916	-7396	12464	-1887	-3631	-5628
7296	-7780	12352	-1092	-3530	-5491
7664	-6824	11960	-914	-3456	-5087
7840	-5732	11768	-1194	-3116	-4522
8564	-5960	11168	-1881	-3016	-3603
8688	-6816	10624	-852	-1739	-3435
8100	-5840	11312	1061	-1138	-2180
8580	-3664	10928	-260	-1055	-447
8664	-5628	11248	-1795	-162	753
8136	-6524	11008	-744	-77	1461
8964	-5112	10924	-635	252	2150
8376	-4688	10624	-2940	352	2861
8936	-7184	10984	-3196	321	3103
8392	-6284	10180	-2514	2	3108
8736	-6240	9696	-3322	-73	3388
8132	-6032	10024	-3523	78	4028
7420	-5200	9496	-5217	-465	5349
7648	-7648	9460	-6134	-404	6333
7448	-8484	10084	-3824	307	6934
7044	-7312	9176	-3476	361	8059
7284	-8112	9868	-4287	763	9246
7768	-9388	9736	-3425	1644	9966
6288	-9400	8948	-2773	3376	10866
4968	-9220	10208	-3629	3271	12060
5568	-11176	9980	-3727	3872	12548
3556	-12564	10180	-1405	6133	12774
2676	-10828	11032	197	5299	14148
3356	-9128	10972	-1528	6292	14643
1960	-10832	10568	-2758	7949	14921
-600	-14600	10752	-898	7919	14749
72	-13580	10848	3234	7371	14589
-488	-11292	11480	4958	10337	14088
-4136	-11580	12704	3548	10815	13820
-4760	-12256	12664	1973	7884	13881
-3792	-11468	12032	3717	9180	13828
-6312	-12324	12896	4638	10823	12797
-6776	-11968	13272	5754	8978	11967
-5912	-9228	12100	4511	10455	12256
-8764	-10728	12320	3547	11097	11648
-9792	-10884	13100	5045	9267	11075
-9024	-9084	12864	5469	9831	10545
-10212	-8112	12532	5121	11167	10511
-11984	-8320	13032	4007	10386	10297
-12832	-8792	12548	3977	9005	9048
-12656	-6756	11776	4412	8594	8391
-12940	-5460	11300	3072	8579	8087
-13496	-5684	11248	1522	7785	7998
-13208	-5460	10796	1250	6904	7495
-12908	-4280	10288	1101	7438	7386
-13684	-3744	9848	197	7742	7169
-14312	-3996	9432	-600	6830	7012
-14280	-3572	9288	-567	6300	6740
-14704	-3876	9252	-543	6072	5874
-14808	-3256	9540	463	5561	4675
-15212	-2292	8844	-556	4901	3237
-15660	-2176	8804	-2458	2377	1793
-14740	-2336	8984	-3775	378	305
-14448	-2288	8612	-3923	-299	-511
-14508	-2372	8984	-3631	-1092	-1225
-14612	-3084	9328	-2671	-1961	-2155
-14440	-3204	9688	-789	-2390	-2850
-14744	-3172	9440	-279	-2837	-3918
-15180	-4112	9840	982	-4419	-5026
-14572	-3192	10300	1767	-4888	-5808
-15408	-4016	10520	572	-5837	-6891
-15412	-5092	10888	759	-7800	-7960
-14388	-4728	11020	1203	-7615	-8760
-14620	-4672	11232	-779	-7142	-9289
-14560	-5676	11568	-1721	-9116	-9844
-13284	-5956	11656	-2837	-9790	-10094
-12160	-6228	11076	-3459	-8804	-10155
-12180	-7392	11672	-3738	-8266	-10540
-11136	-7880	11984	-2988	-8493	-10635
-10316	-8548	12288	-3218	-7533	-10914
-9764	-9308	12312	-2571	-7582	-11010
-9188	-9168	11776	-2984	-6731	-11123
-8532	-10280	12640	-3073	-7190	-11544
-7160	-10500	12420	-2881	-7089	-11307
-6908	-12344	11848	-1016	-6431	-11813
-6016	-10728	12140	138	-5953	-11310
-5676	-10916	12108	-1270	-6481	-11376
-4356	-12660	11508	461	-7068	-11560
-3320	-12176	11496	2953	-6025	-11332
-2932	-10520	11268	3648	-5095	-11465
-2456	-10236	11656	2764	-4882	-10829
-1588	-11784	11172	3395	-4734	-10605
-616	-10324	10856	5828	-3938	-9894
-276	-9456	10648	5142	-3217	-9557
468	-8824	11240	5041	-3264	-8359
932	-7864	10836	4426	-1878	-7626
1044	-8988	11764	3189	-951	-7112
948	-8436	11744	4032	-287	-5971
1664	-7344	11656	1922	39	-5191
2332	-9484	12988	1504	969	-5261
1816	-7292	12624	2727	1141	-4163
1848	-7540	12928	-603	1129	-3443
2116	-9844	13280	299	1107	-3493
1564	-7224	13108	1754	549	-3075
2420	-7828	13344	-903	-172	-2792
2456	-9852	13744	1211	404	-3246
1424	-7136	13772	2926	-759	-3272
2680	-7512	13068	1951	-1635	-2855
2124	-7312	12248	1712	-1143	-3010
1684	-7996	13584	2985	-1301	-3092
2372	-4716	12968	3607	-2660	-1874
3180	-4780	11612	-648	-1759	-1432
2516	-6512	12744	45	-1416	-800
3152	-3160	11400	-481	-1822	397
3800	-4640	11408	-4743	-861	1157
2820	-5776	11888	-3831	-402	1866
3484	-4464	10956	-4136	-762	2867
3776	-5516	10816	-6229	59	3506
2580	-6824	11336	-5641	678	3965
2232	-5752	11108	-5663	-727	5445
3232	-8016	10056	-7674	-532	5794
1568	-9732	12344	-5294	658	6047
2320	-7752	11424	-4173	-1652	7376
3632	-9708	10444	-6485	-201	7482
796	-11324	12556	-3466	1550	8032
1540	-7664	11892	-2814	-870	10144
2104	-11836	11220	-7689	1803	9512
148	-14052	12692	-986	2894	10159
356	-9048	11680	560	2774	11014
-868	-13668	12144	-3870	3799	10073
-2140	-14700	13348	4197	4292	10216
-1648	-7036	12412	3304	5594	11067
-3768	-10056	12692	-5060	5048	11445
-3560	-14304	12728	-737	4434	11984
-4032	-10696	12136	3782	7504	11757
-5760	-7736	12432	-74	7308	12209
-7148	-12316	13336	-2666	5773	12065
-6596	-12036	12464	673	7081	11797
-8104	-10932	13136	2945	8265	10946
-8884	-10732	13460	2728	7863	9821
-9096	-8968	12272	1964	8911	9553
-10676	-9368	12140	1448	8239	9103
-10976	-11092	13028	3876	6905	8354
-9684	-7516	12336	5101	8301	7897
-11800	-6188	11928	2554	9241	7610
-12548	-7892	12116	1089	6509	7235
-11760	-7520	11688	1835	6549	6547
-12052	-6040	11020	2003	7734	5814
-13192	-5620	10872	1436	7056	5750
-12780	-5048	10476	226	5975	5440
-12840	-5188	10104	606	6060	5337
-13248	-4840	10372	994	6445	5099
-13428	-4304	10024	533	6363	4806
-13960	-4060	9740	515	5959	4220
-14432	-3472	9608	-197	5005	3729
-14560	-4152	9452	-656	3555	2657
-14312	-3608	9536	567	3108	1452
-14828	-2564	9620	-439	2413	637
-15180	-3536	9348	-2540	94	-477
-14140	-4248	9492	-1170	-1163	-1521
-14044	-3588	9512	-423	-353	-2361
-14836	-3228	9716	-1315	-1684	-2892
-14592	-4120	9568	-2642	-3801	-3228
-13696	-4952	10020	-1891	-4561	-3798
-13832	-5040	10544	-471	-4263	-4452
-14488	-4784	10336	-502	-4769	-5486
-14808	-5528	10564	-1073	-6282	-6581
-13992	-5908	10576	-1389	-7209	-7590
-13704	-6920	10708	-1369	-7365	-8357
-12952	-6148	11388	-505	-7378	-8639
-12564	-5732	11136	-3049	-7853	-8720
-11836	-6992	10948	-3641	-8697	-8930
-10816	-7184	11204	-3220	-7965	-8836
-10500	-7552	12096	-4004	-7961	-8556
-9740	-7756	11596	-4659	-8027	-8339
-9700	-9212	11976	-5544	-7836	-8701
-8448	-9432	12088	-4223	-8326	-8298
-7636	-9680	11924	-4311	-7179	-8766
-7392	-10480	12116	-3778	-7223	-8567
-6664	-11464	12028	-1532	-7142	-8717
-5816	-10292	12056	-1082	-6158	-8290
-5420	-10744	11900	-2204	-6409	-8649
-4528	-12072	12204	-1906	-6363	-8409
-3928	-13532	11928	743	-5920	-8840
-3064	-11860	11416	1730	-5023	-8855
-3156	-12116	12144	852	-5220	-8901
-1912	-13164	12152	2220	-5556	-9388
-1256	-11852	11616	3305	-4341	-9339
-1216	-11684	12028	3573	-4664	-9145
-596	-11712	11964	3659	-4337	-9349
-316	-10336	11916	3184	-4423	-8929
404	-11456	11960	2186	-4724	-9001
1032	-10632	11820	3542	-4706	-8993
1276	-8360	11448	1754	-4704	-8346
2472	-10172	11496	-481	-4695	-7903
2592	-10040	12076	1368	-3924	-7796
3352	-8156	11288	496	-4137	-7253
4224	-9656	11584	-1309	-3034	-7271
4432	-10560	11084	620	-2880	-7159
4216	-9052	11172	1628	-2450	-6855
4908	-8800	11592	1133	-2289	-6349
5288	-8668	11884	2119	-1183	-6019
4668	-8244	11936	1775	-1134	-5389
5524	-8432	11980	1812	-700	-4956
5464	-7508	12220	1495	-356	-4571
5792	-7592	11832	75	-486	-3459
5928	-9508	12332	238	546	-3829
5416	-7040	12564	1630	95	-3097
6184	-6476	12124	-1506	-264	-2413
6324	-9112	12824	-1409	329	-2822
5404	-6428	12716	637	-240	-2320
6252	-5996	11508	-2393	-236	-1824
5920	-7744	12412	-2010	-463	-1359
5808	-6636	11824	-517	-612	-855
5824	-5504	11552	-1336	-885	12
6160	-6068	10948	-3208	-923	728
6192	-7092	11452	-2538	-1082	1387
6360	-6608	10456	-2303	-886	1654
6168	-7464	10700	-3383	-468	2030
5888	-7324	11168	-2708	-631	2676
5832	-6092	10468	-3814	-1364	3763
5576	-6920	9340	-5984	-1541	4274
5560	-7940	10164	-6091	-2023	5395
6172	-7544	9820	-5992	-2139	6333
4896	-7264	8720	-8805	-2553	7122
6128	-11108	8588	-9620	-2930	8409
5368	-12348	9132	-6011	-1633	8887
4552	-11200	9252	-3755	-1982	9582
5100	-11808	9404	-4539	-1843	10679
4320	-13000	9232	-3159	-214	11276
3560	-14264	9776	-852	-608	11456
4428	-13512	9292	1389	-156	12324
3344	-12568	9880	816	2648	12482
2056	-14080	10528	379	3649	12074
1168	-14792	11376	3831	4392	12200
768	-10332	10992	3080	6177	12639
-1072	-13132	11540	-1297	6597	12607
-2152	-16552	12224	2948	6269	12232
-1456	-11352	11284	5607	8740	12187
-3880	-10000	11796	711	8865	12226
-5792	-15620	12256	346	7125	11256
-3732	-12696	11392	6108	7458	11886
-5220	-9140	11932	3105	10446	11401
-8984	-12776	13336	2386	8033	11228
-7236	-11716	12268	3837	6541	10321
-7860	-10264	11256	3724	8351	10132
-9732	-11136	12224	2959	6996	10075
-8056	-9716	12440	3327	6474	9646
-9588	-10568	12272	3659	7800	8794
-10688	-8992	11732	4714	7574	8423
-10736	-7132	11328	2791	6931	8185
-11684	-8804	11604	1788	5829	7830
-10840	-8360	11604	4006	4806	7512
-10700	-5932	10636	3160	7085	7539
-12656	-6992	10904	1888	6341	7280
-11948	-6524	10540	2909	4771	6967
-12016	-5668	10080	2934	6298	6681
-13348	-5304	9844	2315	6482	6670
-14084	-5332	9920	1340	5478	6381
-13804	-4876	9604	1078	4746	5664
-13856	-4288	9180	959	4796	5286
-14364	-4352	8660	132	4190	4373
-14272	-4360	9212	805	3280	3011
-14068	-3388	9000	734	3263	1862
-14644	-3628	8704	248	2146	825
-13776	-3540	8680	104	957	-415
-13560	-3552	8300	618	1233	-951
-14180	-3732	8500	1173	416	-1216
-13488	-2840	8824	951	-489	-1622
-13732	-2852	8848	245	-66	-1873
-14548	-3744	9424	442	-1665	-2465
-14040	-3336	9800	1038	-2183	-3160
-14632	-3016	9756	257	-2311	-4005
-15008	-3896	10108	-565	-4428	-5047
-14300	-4268	10640	-313	-5577	-5931
-14328	-4716	10868	-157	-6140	-6585
-14044	-4816	10744	-207	-6878	-7300
-13816	-5104	11308	-412	-7453	-8001
-13508	-5912	11892	-867	-8236	-8461
-12716	-6392	11912	-1192	-8907	-8646
-11768	-5740	11900	-1652	-8692	-8810
-12032	-6960	12180	-3291	-9117	-9229
-11108	-7840	12328	-2683	-9995	-9514
-10256	-8164	12500	-2233	-9448	-9796
-10260	-8444	13068	-1942	-9269	-10105
-9452	-8332	12824	-2804	-9668	-10273
-8464	-8528	12672	-4442	-9891	-10282
-7600	-10284	12916	-4928	-10288	-10501
-5992	-10940	12732	-3025	-9521	-10812
-5320	-10076	12420	-2900	-7790	-10831
-5040	-11004	12964	-3988	-7659	-11481
-3916	-12636	12724	-2803	-7929	-11846
-2360	-11680	12300	-1617	-6753	-11805
-2240	-11804	12288	-1412	-5978	-12045
-1304	-12152	12248	-735	-6203	-12064
-568	-11988	12264	516	-5834	-11857
208	-11728	11900	836	-5555	-12150
712	-12104	11860	1902	-5529	-12586
1244	-11260	11728	2985	-5490	-12423
1956	-10712	11456	3057	-5349	-12028
2608	-9956	11544	2660	-5261	-11497
3108	-9692	11392	1576	-4700	-11088
3444	-9860	11964	2325	-4408	-10660
4244	-7996	11484	2427	-4132	-9866
4664	-7388	11736	328	-3899	-8668
5672	-8692	11460	-557	-3390	-8052
5784	-9624	11468	1247	-2267	-7819
5960	-8072	11716	3472	-2529	-7210
6768	-7164	11536	2205	-2351	-6415
7236	-7888	11592	2548	-2285	-6189
6620	-7300	11208	2982	-2001	-6240
7344	-7268	11536	3441	-2781	-5715
7436	-6400	11408	3437	-2536	-5693
8128	-6232	11516	2864	-2851	-5211
8056	-6080	11612	2501	-2656	-5160
8436	-6140	12040	1594	-2588	-4918
8672	-5328	12164	1499	-2646	-4546
8972	-4548	12180	283	-2840	-3788
8724	-4844	11764	-1002	-2350	-3318
9292	-4656	11860	-772	-2140	-2491
9668	-4104	11588	-1816	-1935	-1450
9504	-5008	11292	-2224	-971	-1094
9088	-4340	10896	-1676	-1088	196
9868	-3996	10444	-2813	-667	1471
9272	-5476	10500	-3098	599	2058
8856	-5148	10692	-2273	409	3061
9456	-4496	10448	-3162	1066	3951
8416	-5140	10656	-3971	1239	5033
8420	-4564	9784	-4615	888	6401
8232	-5816	9256	-6466	1525	7233
7404	-6384	9104	-5645	1402	8370
7680	-6204	9064	-7147	1274	9579
6872	-6832	8536	-7947	1660	10754
5760	-8324	8560	-8362	1403	11960
6712	-9504	8188	-7687	471	12925
5972	-10336	8208	-5819	2469	13225
3504	-10220	8960	-5455	1664	13997
4644	-11328	8368	-5187	-1314	15460
6188	-13136	7872	-2863	-1073	15283
3936	-12524	8352	-841	2702	15294
1688	-14224	10192	-1316	1960	15014
2796	-14900	10912	3782	114	15221
3280	-13160	10492	3419	4015	15243
-12	-16016	12544	2999	4944	14319
-176	-14972	12404	9344	4753	13197
1220	-9016	11532	9945	8527	13771
-2792	-11724	13176	2427	10954	12767
-5120	-16544	13660	8868	7539	12218
-1680	-8984	12520	13046	12420	11744
-6968	-7852	14000	5982	15981	11500
-9700	-13356	15104	4862	9509	9834
-5668	-10332	14252	8846	11512	8806
-9028	-8248	13832	5806	15118	8733
-11080	-8604	14000	2721	11689	7852
-10360	-10428	13944	2832	9669	7011
-9560	-8412	13348	5406	11165	6407
-11048	-6332	12712	3449	12009	6473
-12616	-7912	12364	1632	8422	5700
-10752	-7900	12176	3105	7099	5365
-10908	-6492	11892	4718	8726	5259
-12196	-5384	11656	3209	8106	4971
-12488	-5752	10832	2117	6291	4598
-12208	-5856	10524	3027	5741	4586
-11832	-4344	10528	3636	6485	4829
-13004	-3252	10072	1943	7357	5542
-14208	-3916	10272	-422	4892	5432
-13316	-3380	10196	-2181	3376	5132
-13384	-3036	9864	-2682	3921	5085
-14212	-1960	9724	-5196	3947	5942
-14784	-4320	9436	-8714	924	6057
-12572	-5696	9636	-6342	-594	4481
-11936	-4044	9556	-1305	3548	3101
-14832	-3112	9304	-1442	3887	2162
-15820	-4036	9240	-2623	-937	-44
-13676	-4128	9292	-412	-2682	-2149
-13784	-3612	9216	1565	-523	-3374
-15356	-3268	9620	1870	-2474	-4539
-14832	-3612	9580	1158	-5455	-5613
-13868	-4012	9836	1620	-5530	-6196
-14440	-4196	10424	1922	-5399	-6615
-14684	-4108	10816	724	-6863	-6849
-14440	-4728	11104	-699	-8392	-7470
-13600	-5420	10968	-1087	-9169	-8137
-12764	-6016	11452	-1007	-9378	-8562
-11924	-5912	11864	-1196	-9175	-8730
-11244	-5888	12240	-2619	-8995	-8696
-11140	-7196	11940	-3850	-9529	-8938
-9912	-7668	11908	-3015	-9425	-9387
-9404	-7816	12504	-2878	-8255	-9438
-8864	-7416	12872	-3441	-8101	-9115
-8412	-7788	12884	-5018	-8504	-8887
-7676	-9204	12940	-5696	-9117	-9088
-6748	-9540	12224	-4436	-8737	-9130
-5736	-9336	12500	-4713	-8037	-9236
-5212	-11124	12512	-3720	-9021	-9304
-3488	-10132	12116	-1447	-8286	-8826
-3080	-9600	12096	-1947	-6928	-8705
-3104	-11668	12404	-2095	-7760	-8806
-1580	-11280	12380	777	-7795	-8290
-1160	-11432	11460	992	-6496	-9109
-860	-10768	11852	1355	-6789	-8659
-796	-11188	12272	753	-6949	-8656
592	-9516	11984	1225	-6642	-8412
564	-11096	11872	-1393	-6192	-8928
884	-13452	12272	-311	-6838	-9763
2316	-10212	12356	1002	-5895	-9307
2380	-9880	13036	-2537	-5946	-9742
3416	-10700	12704	-4029	-5827	-9974
3840	-11100	12564	-4592	-5159	-10452
4616	-11172	12284	-4736	-4958	-10706
5256	-11340	12464	-5004	-4544	-11068
5476	-9196	6360	-9596	11692	-7613
-4700	-10096	6848	-12568	11360	-5719
-3714	-10299	6544	-10972	10300	-1822
-3880	-9958	7488	-9384	9484	-1129
-3977	-9242	7408	-8512	9232	-339
-3294	-8668	8368	-7320	8800	340
-3753	-7322	8364	-6592	7624	375
-2865	-5923	7652	-6112	8004	79
-2626	-3959	8192	-4916	8520	-5028
6816	-2021	-1945	486	7820	-5008
6600	-2530	-1391	2669	8464	-4460
5664	-3782	-1292	4868	9224	-6268
5488	-5076	-315	6377	8296	-7280
4884	-4057	254	7466	7548	-7356
5224	-3521	113	8790	7944	-6748
5860	-3207	7416	-5436	6400	-3017
1338	13285	5676	-9492	5780	-7134
2175	13880	6144	-12788	7532	-1367
1392	15374	7136	-9500	6672	3690
2480	16867	4064	-9992	6920	-1964
6827	17167	2216	-15916	9392	-356
4640	17326	3892	-15768	9212	9445
4248	17467	2832	-9948	8944	8492
10043	17646	-1300	-13996	11328	1676
9604	16698	-632	-14828	11752	10158
6752	17303	-80	-9316	11084	8419
12140	17317	-5536	-13400	13612	3386
13093	16428	-6176	-17364	13740	10141
8974	15049	-3684	-10360	12560	13934
14404	13873	-9080	-8496	13896	7661
18267	13704	-12648	-13476	14696	4600
12012	11347	-8460	-11392	13324	8478
11450	10298	-10064	-8256	13428	9490
15625	10135	-12636	-6476	13368	5050
13759	10269	-12948	-8232	12860	2024
9737	9677	-11564	-7928	11868	3541
9081	9254	-12256	-6496	12252	3871
10909	9258	-14028	-6232	12104	3131
9361	8631	-13508	-4696	11536	1674
7149	8306	-13700	-5204	10832	-560
6942	7877	-14340	-5912	10868	-866
6010	6984	-13988	-4736	11072	-526
5205	5714	-14292	-4252	10216	-546
3901	4234	-14136	-3920	9664	-1371
2709	2992	-14148	-4200	9520	-1714
1365	1770	-13528	-3476	9264	-1906
650	971	-15076	-1612	8136	-7899
-3060	1515	-13524	-5476	9116	-4272
-5369	-596	-11248	-4300	8920	-3900
-1521	-144	-12944	-5688	9000	-1856
1249	480	-8320	-3896	7728	297
-610	-3221	-9612	-8708	8452	5047
7490	1501	-21608	-4892	9208	1900
-2012	-2581	-9604	-4372	7520	1648
-13094	-4794	-12044	-3736	8552	-740
-2735	-2083	-12044	-3736	8552	-740
