0	0	0	0	0	0
-17768	-2044	2452	-353	294	-222
-16828	-3036	1156	2860	-3344	-584
-15560	464	564	2288	-3074	-1352
-15260	628	1004	-1329	-2707	-2762
-18212	-952	2464	-388	-898	-778
-16272	-1868	-324	2397	-1564	-1149
-12088	1180	40	6304	11535	4749
-22056	3728	1016	-754	3145	-1805
-16612	-2436	1284	-1445	-5101	-900
-12104	-984	-156	1127	40	207
-15760	-900	464	577	3041	-349
-16668	-1276	672	1033	-278	-159
-14516	-1480	840	883	-534	-210
-15184	-1672	776	1068	952	-79
-16172	-1732	792	1142	370	-91
-15544	-1092	544	997	-127	-54
-15604	-1504	708	1074	668	-345
-16464	-1148	768	1614	786	-687
-16936	-1456	344	1116	658	-1595
-17364	-1184	316	1671	549	-2490
-17324	-1204	748	2399	584	-3591
-17848	-1792	1104	2707	700	-4760
-17928	-2312	200	2874	444	-5621
-17668	-2868	616	3609	477	-6841
-18452	-2740	896	3739	995	-7691
-18520	-3512	696	2745	-48	-8272
-17468	-4524	256	2727	93	-8847
-17396	-3872	480	2850	161	-8597
-16988	-4044	324	1242	-319	-8286
-15712	-5400	192	834	-581	-7699
-15616	-5800	904	679	209	-6937
-16228	-5876	-84	-418	-197	-6151
-15332	-6336	76	-942	-1039	-5446
-14940	-7236	1000	-132	-511	-4980
-14880	-6340	212	-950	-892	-4311
-14092	-7036	-40	-1730	-858	-3398
-13756	-7524	-56	-1081	-472	-2740
-13852	-6656	332	-878	-28	-1747
-13764	-7020	-76	-1965	-209	-1314
-14272	-7392	-212	-2032	287	-356
-14016	-8096	716	-2099	-252	308
-14324	-7620	-48	-786	-25	1462
-14348	-7548	-252	-1792	-1171	2031
-13152	-7652	784	-1284	-1510	1923
-13444	-6928	304	-243	-804	3021
-14572	-6792	204	-1846	-1526	3768
-14012	-7876	1416	-1091	-2654	4467
-14036	-6868	1096	-375	-1938	5088
-14064	-6028	1096	-2101	-3519	4969
-12148	-7200	2012	-1072	-4274	4722
-11552	-5300	920	-338	-2480	4730
-13152	-5828	1184	-1223	-2664	4025
-11832	-4560	2084	-155	-3983	3915
-10296	-3824	1320	-532	-3287	3349
-10320	-3388	2204	-26	-2531	2797
-9016	-3016	3200	748	-2698	1747
-8184	-2084	2424	158	-1015	381
-7996	-2740	2084	594	-707	-823
-7600	-2632	2584	1211	1306	-2442
-9176	-2976	1688	1562	3033	-3247
-11456	-3436	1580	1318	2463	-2600
-10792	-3960	1380	1708	979	-2600
-11888	-4904	1792	2136	3172	-2954
-13788	-3928	612	1895	2492	-1687
-11220	-4740	1740	-127	880	-3056
-13680	-6616	1192	3184	4943	-1670
-13936	-3688	1320	1628	663	-1050
-12420	-6172	1676	1288	3121	-1120
-16044	-5980	344	1654	3288	1001
-14100	-5776	2584	587	-206	660
-15688	-6440	664	3532	3555	2467
-16148	-3820	-520	79	-814	2984
-15404	-8628	3868	-893	1516	2272
-18100	-5084	1448	2498	2467	4823
-14968	-3236	-332	-1850	-2501	3800
-16200	-7536	2352	-149	3032	3892
-19864	-4428	1460	1243	1077	5347
-14656	-3988	1584	-314	-3078	4526
-15660	-5144	1644	1771	3791	5329
-17664	-2876	1340	958	712	5139
-14040	-3548	704	-741	-71	4880
-17528	-3296	392	86	4929	6758
-18076	-1984	1432	-1189	-357	6450
-14716	-2020	792	-1100	2029	6243
-18580	-1112	-184	-657	5590	7285
-18136	-392	180	-2285	-145	6861
-16180	-1884	672	-1453	3328	6390
-20132	1272	-764	-532	3390	6335
-17060	396	-1140	-4007	-1938	4203
-13912	-728	292	-1241	1336	4324
-16636	704	852	261	5146	4877
-17576	556	-252	-817	1674	4525
-15832	-24	-100	-443	1878	3738
-17820	312	-332	995	3256	2276
-17372	1700	-192	1486	-653	198
-15192	2004	-560	840	-114	-1398
-16824	1444	-156	520	744	-2108
-17316	740	200	977	-1590	-2540
-16292	292	900	1575	-1121	-3243
-17596	376	108	1082	-1095	-4451
-17620	-580	108	961	-2376	-6116
-17848	-1272	1004	1594	-1968	-8044
-18384	-1624	576	1748	-2584	-9780
-18112	-1800	304	742	-3142	-11192
-18108	-2416	960	1066	-3071	-11613
-17936	-3168	1320	1994	-3082	-11634
-17124	-2968	548	831	-3498	-11220
-16416	-3540	284	-572	-3317	-10729
-15820	-4616	1052	-559	-2738	-10419
-15984	-4460	648	-577	-2109	-9509
-16052	-4904	836	-1525	-2120	-8942
-15160	-5872	1164	-1235	-2466	-8582
-14784	-6500	768	-1082	-1635	-8024
-14680	-6476	1196	-1211	-1263	-7329
-14484	-6400	936	-1285	-1275	-6302
-13536	-7656	1380	-1206	-1415	-5899
-13608	-6852	856	-1419	-515	-4781
-13824	-8200	1316	-1577	-979	-4113
-13268	-7976	1196	-1612	-1101	-3711
-12700	-7460	1400	-1845	-1502	-2848
-12404	-8872	1552	-1655	-1333	-2402
-12388	-8176	1692	-1853	-1093	-2078
-12228	-8652	1924	-1959	-1417	-1458
-12164	-8968	1660	-848	-1028	-696
-12196	-8620	2064	-1077	-1212	-685
-11628	-8616	2176	-1262	-1639	-594
-11096	-8428	2316	-516	-1301	-399
-11152	-9080	1952	266	-1035	-440
-11084	-8116	2240	-498	-1067	-837
-10724	-9040	2220	-297	-1726	-955
-10272	-8412	2160	294	-757	-1112
-10636	-8120	2600	-201	-752	-1503
-9972	-7520	1804	-910	-1333	-1653
-9232	-7156	1772	-1007	-1099	-1461
-9392	-6572	2372	-1005	-679	-1329
-9788	-5832	1476	-1293	-966	-754
-9664	-6644	2092	-868	-791	97
-9736	-6472	2116	-26	97	786
-11012	-6484	2264	1444	664	1813
-10952	-6008	2152	1451	561	2631
-11636	-7924	2788	3144	1299	3697
-11592	-6948	2892	3911	809	4579
-10796	-7324	2432	2177	1065	4713
-13132	-7948	2452	3265	2661	6121
-13348	-6256	2312	2347	-627	6250
-11292	-7540	2952	-1048	920	5727
-14940	-7844	2420	229	3003	7553
-13440	-4988	1532	-793	-1034	7634
-14180	-8736	1720	-2488	3566	7599
-17904	-6992	2872	260	3012	8329
-13540	-6148	2376	-853	-970	7038
-14432	-5768	736	570	6410	7949
-17792	-5288	1612	279	3593	7475
-14464	-6368	3584	879	2861	6560
-17204	-5188	2784	2814	7376	7145
-17780	-3656	820	888	2664	6552
-13492	-4064	1056	7	2493	5431
-15444	-4400	2204	2494	5874	6340
-16260	-2724	1060	1596	2402	6265
-14936	-3120	920	-1024	3336	6284
-17920	-2748	984	-648	4623	6647
-16732	-1940	156	-2769	-197	5432
-15472	-3104	836	-3148	3556	5039
-19956	396	-232	-3377	3715	4853
-17340	-624	-88	-6678	-2674	3004
-13236	-1652	144	-3881	513	3173
-16204	-404	128	-1864	4527	4172
-16932	136	208	-1874	1090	4373
-16804	-344	20	-1368	2489	4431
-18072	916	-780	-1034	702	3674
-15624	312	-664	-1983	-1192	2150
-15076	988	-132	-1497	2001	2156
-17504	520	-56	-584	1003	2124
-15456	1000	-312	-451	-689	1750
-16288	464	-272	-106	1779	1251
-17572	824	-556	452	-490	-454
-15484	880	-404	1247	-1635	-2208
-16196	1172	-356	1375	509	-3031
-17880	1388	-288	1002	-1390	-3644
-16244	-136	312	1118	-3090	-4666
-16388	-460	104	2031	-1567	-5755
-18096	-244	-256	1542	-1727	-6999
-18740	-1188	364	1610	-2615	-8416
-18112	-972	556	2434	-3052	-9752
-18536	-2468	-112	2161	-2742	-10770
-18716	-1852	228	2615	-3084	-10969
-18172	-2564	888	2032	-3632	-11169
-17852	-3112	556	1215	-3350	-10774
-17400	-3512	440	20	-3512	-10082
-16640	-3836	900	-131	-3485	-9136
-16700	-4896	1108	-955	-2439	-8393
-16496	-4868	944	-1405	-2760	-7388
-16016	-6964	1580	-1775	-3199	-7010
-15108	-6084	896	-1566	-2684	-6124
-14704	-6840	1260	-2273	-2556	-5427
-13756	-7088	1848	-1298	-2105	-4774
-13548	-6332	1416	-1171	-1185	-3681
-13328	-6948	1404	-1869	-1222	-2733
-12628	-7128	1996	-1544	-1190	-1954
-13200	-7420	2056	-775	353	-923
-13760	-6600	2020	-1703	-89	-221
-13092	-7892	2144	-1361	-923	525
-12736	-7032	2392	-574	-568	1722
-13892	-6884	2224	-956	-481	2755
-13676	-6900	2276	-1418	-2571	3189
-11724	-6732	2280	-1028	-3113	3727
-11740	-6396	2844	-1237	-1352	3943
-14108	-6728	2752	-1072	-1571	4969
-13516	-5556	2524	-1868	-3707	5244
-13472	-6252	3016	-1656	-3356	5104
-12768	-5004	2920	-1763	-3816	5314
-11832	-5144	2284	-1766	-4438	5261
-9716	-5116	3996	-1309	-4144	3811
-9168	-4780	3256	341	-1613	2767
-8588	-3412	2888	-385	-1345	1285
-7364	-4368	3528	539	-294	-688
-7916	-3624	2920	1274	2613	-1931
-9452	-3996	2684	1028	2846	-2871
-10316	-4380	2812	1054	3300	-3150
-12052	-3752	1968	1170	3735	-2527
-12332	-4272	2836	67	1894	-2808
-12184	-5104	2324	1154	3094	-1875
-13480	-3392	1660	1276	3465	-567
-13524	-4128	2276	-804	2174	178
-14488	-6380	2796	594	2351	1775
-13220	-4660	2860	1220	512	2735
-14396	-5240	1056	97	3910	3693
-16432	-4692	1704	80	1753	4638
-12548	-5704	4460	-147	56	4107
-17316	-6344	2024	2674	6434	6522
-17476	-2136	844	-1189	-687	5888
-13316	-7896	4220	-1988	1547	3960
-17104	-4348	1752	3741	6483	5891
-15736	-2088	468	-1834	-997	4531
-12892	-6384	2460	-1251	3614	3856
-20840	-4056	1876	3054	8705	6611
-18472	-1772	1428	-891	-2611	5265
-11584	-4416	1756	-1517	291	3899
-16700	-2752	512	2615	8923	5677
-20000	-556	396	-766	174	4927
-14324	-3156	1780	-1490	-394	4574
-18980	-2004	460	2388	7356	5872
-21240	1988	-912	-1638	-939	4139
-13732	-932	-216	-4412	-3746	2827
-14420	-1640	1124	-643	5634	3612
-20672	1456	180	-561	3459	3573
-16508	708	-716	-3868	-3269	2904
-13144	-1156	284	-3338	725	3286
-16244	-544	452	-446	4533	4198
-16572	880	136	-1298	851	3795
-15440	-464	1584	-1008	2695	3680
-18632	1052	-344	178	3098	3105
-16420	1336	-596	-893	-1797	652
-14392	1020	-380	-321	794	-592
-16908	1544	388	515	1798	-597
-17000	1512	-556	-704	-950	-492
-14680	144	-148	-715	-1130	-553
-15440	668	136	1458	1703	-451
-16744	2060	-544	754	348	-902
-15560	1048	-332	850	-324	-1378
-16104	2036	-640	1522	1077	-1617
-16940	1844	-920	319	-737	-2027
-16184	1684	-344	-7	-729	-2136
-17736	1740	-448	-290	-312	-2511
-17568	1264	76	-391	-2072	-3860
-16952	832	84	-440	-1418	-5370
-18324	548	-352	-230	-1366	-6661
-19156	-496	-420	-1320	-2003	-8070
-19460	-1952	0	24	-2262	-9111
-19416	-1076	200	314	-2302	-9891
-19604	-3208	156	-1138	-2993	-10645
-19640	-3096	-60	-691	-2203	-10402
-19196	-2956	496	-1737	-3727	-9823
-16944	-4300	812	-1874	-4242	-8845
-15588	-4032	284	-2320	-2966	-7609
-15728	-5152	900	-3915	-2254	-6464
-15016	-5876	952	-2301	-2607	-4754
-13752	-4816	896	-2554	-1784	-4178
-13716	-6856	1144	-2923	-1293	-3903
-13504	-6460	1040	-688	59	-2765
-14040	-6616	1640	-855	474	-2754
-12832	-5908	1168	-226	-47	-2234
-12260	-6204	1392	-432	272	-1466
-12940	-6452	1884	943	880	-467
-13140	-5700	1196	4	-359	-95
-12888	-5728	1404	-622	-1173	595
-12800	-6176	2016	-481	-1655	890
-12784	-5672	1548	-76	-2791	1953
-12828	-6024	2400	-608	-2999	2266
-15228	-5440	1792	-50	-3226	4120
-14640	-4976	1356	-1639	-7062	4344
-12388	-5492	2828	-1087	-6407	3954
-12476	-3956	1916	-824	-4590	4248
-12064	-4824	2884	-1648	-5246	3654
-10044	-4304	2944	-588	-3917	3228
-10864	-3884	2880	-275	-896	2250
-10360	-2936	2660	-650	-2196	1555
-7368	-3356	3228	-1077	-1635	304
-7060	-3112	2340	-45	2849	-1133
-9460	-3888	3036	-252	3979	-2209
-10288	-3684	2056	317	3405	-1950
-10016	-4408	2972	98	3360	-2324
-11508	-5832	3168	2212	4871	-2149
-12832	-3488	1540	2208	3887	-1906
-13056	-4660	2244	14	3787	-2428
-15020	-5540	1820	1870	4023	-408
-12972	-4024	2492	723	1046	-553
-14120	-5872	1584	332	4909	93
-16916	-3556	1160	309	1841	2546
-12408	-5464	3092	-1432	-270	1576
-17060	-7004	1636	1695	6176	3366
-17988	-3744	1996	307	-665	3975
-12052	-6244	2512	-782	82	2289
-17308	-4700	644	2905	6066	4634
-16352	-2960	1624	-130	-1839	3927
-13032	-5988	1928	181	2811	3405
-20004	-3324	340	1956	5705	5768
-17064	-3016	1672	-1553	-3436	4758
-12248	-4508	2352	-501	2979	3884
-19760	-2128	304	1400	5799	5414
-17460	-1948	1260	-1846	-3410	3837
-12112	-3644	1608	-1027	402	3380
-20216	-2560	368	2280	6938	6413
-20068	-100	-104	-1304	-2979	5554
-11928	-2160	28	-2530	-3474	4966
-14416	-2888	244	-202	7207	6625
-22020	408	-332	-661	3271	7129
-16688	-808	348	-4223	-3814	5402
-15392	-2384	-420	-1463	3569	4423
-18988	624	408	-142	2882	2209
-16860	-132	1200	-292	-356	31
-16532	236	-268	920	1529	-1069
-16508	448	140	571	-814	-1891
-15068	-240	-196	684	-135	-1758
-15532	-40	820	1296	1091	-811
-15244	-632	1408	1809	832	-17
-15496	-724	540	2557	1992	508
-15832	464	-452	1920	1156	448
-15252	-344	388	1484	904	-129
-17144	780	-60	1787	2224	-746
-17444	1272	-712	234	-1220	-2372
-15488	684	-400	-167	-743	-3265
-17384	1208	-656	-994	509	-3554
-17728	272	-184	-2117	-1986	-3758
-16552	-1260	800	-965	-1339	-4059
-17840	-400	448	688	-706	-4631
-18200	-744	-144	-927	-1679	-6210
-18564	-2260	284	-599	-1309	-6991
-19508	-3224	348	929	-1605	-7943
-18772	-2172	492	1156	-2606	-8548
-17700	-3252	416	266	-2158	-9209
-18584	-3212	60	-371	-1144	-8846
-18180	-4280	856	-973	-2674	-8628
-17032	-4452	904	-663	-2125	-7923
-17592	-4612	836	-2464	-2071	-7306
-16624	-5308	688	-3020	-2838	-6203
-15304	-5512	928	-3497	-2972	-5460
-14908	-5804	1056	-3905	-2379	-4424
-14176	-6528	736	-3868	-2310	-3268
-13372	-5928	532	-3426	-1646	-2484
-13488	-6236	1184	-3705	-1066	-1611
-13044	-6184	1100	-2337	-1067	-251
-12608	-6560	1068	-2396	-551	16
-13388	-6740	1064	-1634	-431	602
-13048	-6068	1688	-1664	-1319	1274
-12140	-6252	1216	-1733	-1578	1843
-12248	-6556	1268	-1187	-1150	2217
-12868	-5864	1820	-1217	-1039	2709
-13756	-6532	1552	-1348	-1765	3161
-14420	-5972	1188	-1778	-2584	3631
-14600	-5384	1968	-1712	-2891	4155
-14044	-5292	880	-1954	-4287	4097
-11912	-4996	2308	-1326	-3912	3999
-11268	-5004	1756	-1077	-2625	3492
-10104	-4896	2960	-928	-2348	2328
-10696	-5468	2728	664	-173	1698
-11524	-3088	1488	709	-192	1568
-10816	-4084	3048	-618	-874	31
-9436	-3204	2140	1457	-483	-194
-7876	-2692	2080	-505	784	-1488
-9468	-4140	2852	1495	4082	-1746
-10404	-3500	1756	1540	2628	-2756
-10180	-4540	2204	1077	3753	-2983
-12192	-5336	2836	3634	3367	-1779
-10784	-3624	1188	2658	1004	-2143
-13372	-6092	1932	1985	3730	-2098
-13852	-4236	2708	2579	-74	-746
-11716	-6392	1280	1197	2152	-1010
-16744	-4580	44	2422	3779	1436
-13920	-3948	3000	-679	-2642	1214
-13836	-7440	1040	170	3831	2006
-18496	-4264	944	1899	2484	4117
-13976	-4168	3152	-1083	-523	2755
-17808	-6480	1008	1489	4891	4608
-17556	-2736	792	690	-452	5426
-14596	-5800	2228	-65	2036	4416
-19364	-4540	1660	3638	3921	6278
-16284	-3384	1760	-23	-2571	5183
-14048	-4716	1600	382	3664	5531
-21200	-2076	-372	867	5666	6842
-18340	-2768	692	-2171	-2791	4821
-13692	-3620	1736	-368	2006	3795
-19588	-1216	36	-668	5594	4296
-18244	-2220	376	-3013	-2531	3476
-11884	-2244	520	-1424	-1806	3211
-12868	-1716	272	-478	4712	4572
-16700	-908	92	-1105	3181	6031
-17316	-1588	324	-2397	3498	6471
-19964	-868	-1000	-1111	3153	6380
-16860	364	-340	-2309	-635	3865
-14220	-300	-92	-1317	1968	2142
-16320	1024	40	332	4308	2604
-17004	108	12	96	1758	2993
-16420	-76	-324	497	1991	3370
-16436	344	-612	371	1076	2643
-15296	556	-216	677	1010	1484
-15996	688	472	973	2103	697
-17124	564	904	2540	147	-162
-15496	1344	-148	2808	-731	-1619
-15952	1604	-992	1944	244	-2895
-17048	1876	-928	817	-128	-3137
-17080	1732	-652	-908	-1619	-3107
-15956	624	-616	-1540	-1719	-2812
-16384	416	-324	-868	-1196	-2704
-16540	860	-472	-1368	-1696	-3202
-16612	648	-396	-1503	-1479	-3722
-16688	-448	196	-872	-2039	-4144
-16708	-1020	268	125	-1759	-4774
-16732	-932	456	848	-2174	-5917
-17800	-1272	120	490	-1651	-6874
-17860	-1588	-380	-32	-2692	-7680
-17472	-2592	-44	-108	-2318	-8292
-17576	-2384	400	555	-1948	-8561
-17280	-2820	460	-568	-2297	-8744
-16660	-3336	180	-834	-2296	-8375
-16436	-3904	224	-1130	-1996	-8057
-16156	-4520	572	-1261	-1902	-7545
-16016	-4572	816	-1703	-1809	-7012
-15924	-5836	700	-2017	-1829	-6686
-15172	-5656	864	-1204	-1910	-6011
-14668	-5876	788	-1698	-1348	-5704
-15192	-6756	492	-1967	-846	-5174
-14860	-6876	1140	-1409	-1271	-4563
-14344	-6268	1052	-1851	-797	-4203
-14968	-7244	1020	-2305	-689	-3599
-13984	-6800	992	-1921	-1459	-2712
-13596	-7532	1316	-2071	-251	-2380
-14360	-7532	936	-1968	-39	-1790
-13560	-7512	1696	-1871	-771	-1650
-12988	-8232	1224	-1459	-543	-1507
-12956	-7988	1212	-1033	-356	-823
-12508	-6972	1476	-1288	-888	-624
-12132	-7504	1016	-1654	-1030	-208
-12160	-7868	1036	-648	-309	220
-13448	-7192	1564	-1023	-447	425
-13824	-7296	1648	-940	-1408	1032
-13184	-7228	1316	-876	-2765	1208
-12096	-7104	2240	-985	-2507	1345
-13376	-7600	1732	-395	-1875	1924
-12824	-6464	2468	-157	-3256	2159
-11108	-7088	2256	-738	-3271	1227
-10552	-6924	2464	538	-1807	940
-11348	-6480	2328	794	-1080	697
-10752	-6384	1872	-82	-1653	-107
-10032	-5928	2784	516	-807	-989
-9380	-5456	1720	806	-693	-1359
-7820	-4616	2080	-325	-153	-2209
-9328	-6072	1988	777	2183	-2018
-11292	-5740	1824	1246	1772	-1918
-11080	-5824	1856	382	980	-2149
-10864	-6612	2696	919	2215	-1774
-11384	-6404	2024	1893	2153	-1155
-10956	-6332	1528	879	1983	-925
-12056	-6548	2040	1301	2826	252
-12292	-7204	1464	856	1166	570
-12308	-7800	2268	1268	1797	665
-13456	-6648	1888	2345	1680	2679
-12596	-7108	1652	265	747	2358
-15188	-8396	2492	1611	3769	3425
-16204	-6440	1296	1459	809	4874
-12960	-7492	1720	-289	1254	3739
-18092	-8652	2044	2026	4872	4986
-17156	-5964	2672	629	95	4854
-13320	-6960	2264	-242	2673	4165
-18112	-5632	356	2384	4661	6587
-16180	-3912	1016	-307	-1260	6133
-12936	-6000	2676	390	1782	5931
-16740	-4616	1768	2651	3991	7252
-15156	-4056	616	513	-366	7039
-15100	-4824	856	503	4953	7053
-20472	-3752	1064	1116	4127	7763
-16272	-3284	776	-638	-1787	6891
-11868	-2984	820	-755	1246	6284
-14544	-2808	468	133	6574	7517
-19396	-2088	48	372	4218	8544
-16500	-1296	452	-1963	-451	8094
-16508	-1820	-348	-2375	3450	8012
-18184	-656	-636	-2628	1443	6774
-15472	-84	-528	-4167	144	5491
-16496	-216	80	-4169	4236	5327
-19672	544	-132	-3836	1862	4631
-15708	220	-1096	-3429	-1377	3293
-14884	420	-500	-2801	2460	2878
-17316	48	196	-1847	2024	2466
-15924	572	-348	-1788	-98	1958
-15720	348	476	-1105	1835	1299
-17572	592	-132	-534	826	16
-15652	948	-240	-436	-1184	-1678
-15332	1520	16	12	620	-2526
-16980	1184	200	-111	-112	-3365
-15748	1696	-388	-311	-1525	-3660
-15624	1008	268	-419	-383	-3692
-17268	812	428	535	-444	-3638
-17072	276	500	981	-1956	-4810
-16744	428	192	1232	-1597	-5847
-17704	-168	-316	692	-1644	-7302
-18176	-716	-240	206	-2159	-8516
-18552	-516	-484	-688	-2134	-8794
-18732	-2212	292	-443	-2822	-9419
-18196	-2492	592	1193	-3123	-9770
-17648	-2056	188	781	-2850	-10007
-17684	-2788	-364	-622	-2007	-10016
-17708	-3788	-180	-1321	-2304	-9694
-16944	-4972	832	-782	-2066	-9230
-16684	-4652	700	-1332	-1977	-8410
-16120	-5348	256	-2385	-2366	-7646
-15312	-5988	260	-3047	-2004	-7175
-15680	-6784	1120	-3343	-1518	-6459
-14956	-7128	928	-3483	-2262	-5749
-13868	-7628	1092	-3691	-1793	-5249
-13528	-7224	816	-3532	-1292	-4493
-12904	-8052	976	-3693	-1198	-4011
-12616	-8404	920	-2274	-331	-3414
-13184	-7208	832	-2623	-476	-2587
-12404	-8028	1120	-2591	-1225	-1918
-11568	-7284	1632	-1563	-680	-1253
-12132	-8132	1204	-1419	-48	-949
-12044	-6988	1268	-1490	-808	-439
-11492	-7548	1408	-1087	-875	183
-11600	-7452	1124	-198	-874	343
-11888	-8036	1952	249	-977	431
-12232	-8424	1452	1267	-1192	666
-12244	-7220	1860	727	-1728	732
-11804	-7824	1528	930	-2216	831
-12400	-7128	2164	1025	-1659	1283
-13100	-6692	1508	248	-2674	2060
-10808	-6672	1576	-1187	-4480	1134
-8876	-6324	1684	-1186	-2688	83
-8928	-5724	1852	-923	-822	-72
-8808	-5816	2172	-1009	-246	-774
-8096	-6232	2208	42	756	-1532
-9280	-5860	1892	1515	2825	-1548
-10192	-5680	1964	817	1660	-1417
-9220	-6208	2368	1645	1485	-922
-10816	-5416	1244	1357	2850	-276
-11348	-5248	1244	769	495	718
-10108	-6932	2252	-104	1202	792
-12704	-6572	1468	969	2571	2732
-12056	-5736	1264	-1112	-993	3628
-12716	-8836	2492	5	1723	4550
-15104	-5480	1220	981	914	6693
-12260	-7656	2592	-2603	-1796	5656
-14844	-9384	2408	2053	4264	7086
-18264	-4972	316	792	1803	8235
-15016	-7728	2604	-2032	-56	6591
-17540	-7884	3404	2015	4349	6809
-18108	-4260	1032	1662	391	7341
-13620	-5060	1064	-936	292	5777
-17000	-5888	2352	949	4626	6586
-16600	-4448	2352	1104	256	6833
-14468	-4664	1352	1013	3163	6600
-18376	-2396	-40	1148	5231	7942
-17468	-3056	820	-1566	296	7203
-15372	-3744	2224	-375	3014	6586
-19068	-1652	1492	432	3094	7155
-16800	-740	-552	-1990	-1452	6978
-14044	-1648	-228	-3174	258	7041
-17796	-1876	908	-1182	3910	8564
-18396	464	224	-1644	17	8893
-15960	-740	192	-2706	697	8350
-17696	60	868	-1616	2788	7859
-18156	760	296	-1404	-7	5830
-15684	844	-272	-1131	-407	3584
-16260	1236	448	1119	1760	1761
-17432	2604	-284	859	444	-252
-15900	2108	-320	437	-460	-1632
-15636	2244	-112	648	620	-2286
-16204	2040	280	275	392	-2538
-16200	1912	16	-202	247	-2426
-16308	2048	344	-724	252	-2155
-15828	1632	260	-1276	-147	-2271
-15700	1348	620	-1455	279	-2620
-16852	1200	564	-1612	279	-3526
-16892	772	412	-1733	-770	-5250
-17064	344	328	-1361	-256	-6790
-18320	-288	224	-720	85	-8307
-18716	-984	216	127	-611	-9638
-19116	-1484	28	1229	-787	-10318
-18956	-1868	-408	1640	-1391	-10741
-18772	-3484	308	1446	-976	-11262
-18708	-3068	192	2378	-1566	-10857
-17368	-3168	28	766	-2154	-10612
-17412	-4640	124	-529	-998	-9848
-17692	-5024	76	-708	-1731	-9053
-15392	-5036	644	-1921	-2437	-8610
-15348	-6680	1208	-2855	-718	-7758
-15024	-6284	464	-1769	-1492	-6415
-12928	-6616	1056	-2977	-1450	-6179
-13060	-7240	1368	-1541	432	-5095
-13544	-7080	1064	-1684	-155	-4372
-12652	-7816	888	-977	-296	-3703
-12640	-7284	960	-1202	538	-3510
-13280	-7292	936	-839	-60	-2595
-12412	-7032	880	-1289	-749	-2362
-11748	-6348	584	-1437	-305	-1552
-12280	-8168	1424	-1433	-47	-1270
-12824	-7832	720	198	-705	167
-11724	-6452	1208	-1638	-2267	168
-12304	-8564	1572	-706	-1127	534
-13644	-7028	956	671	-1919	1408
-12880	-7192	1388	170	-2970	1672
-12040	-7820	1804	849	-2890	1675
-12044	-7356	1624	1373	-2088	1445
-12120	-7532	1872	709	-1689	779
-12508	-7280	1372	1306	-1439	1295
-11872	-6712	1424	479	-2083	1188
-10440	-5968	2156	247	-1993	705
-9276	-5540	1336	-649	-1287	43
-8980	-5296	1352	-470	-253	124
-9276	-4884	2088	-534	545	-797
-9156	-5016	1348	-795	679	-1337
-10328	-5972	1704	-370	2173	-1471
-11580	-6480	1844	131	952	-802
-10424	-5764	1152	-54	1008	-589
-11756	-6688	2340	972	2324	-387
-11848	-6628	1804	1463	734	135
-10000	-5636	1152	1019	1337	767
-13084	-6744	1544	4	2623	1814
-12312	-6804	3088	744	-531	2752
-12408	-8252	3276	1755	3231	2466
-16048	-5844	156	2650	2971	4208
-12480	-4940	960	-1284	-1498	3724
-12396	-9268	2552	-131	4210	3826
-17516	-5656	1308	3677	3258	6832
-13304	-4268	452	-443	-1734	6238
-12448	-7520	1452	-891	4503	5661
-19000	-6008	584	1971	5266	8048
-15112	-4064	1916	702	-895	7839
-16156	-6436	2308	-118	4722	7410
-19652	-4148	632	901	1856	8355
-14440	-4412	1836	-1573	-1357	6761
-16440	-4564	2344	-540	4661	7170
-19644	-2316	-496	-1451	1161	8088
-15288	-2576	-1060	-4739	-758	8143
-17048	-2944	160	-4111	3782	8287
-19492	-1776	36	-3226	732	8617
-15572	-872	-652	-4513	-925	8467
-16684	-1836	676	-4880	3218	7488
-20148	-632	-20	-2867	984	7099
-16752	568	-1596	-4755	-2160	5888
-15484	-632	-332	-4811	885	4070
-17632	260	936	-1869	1295	3213
-16460	1304	36	-1428	-208	2212
-16076	1680	-416	-1015	810	2105
-16936	432	-112	-1382	619	1299
-16360	1128	-388	182	-582	1062
-15400	2720	-208	-550	-2	69
-16432	1696	336	-1647	1165	-1058
-16388	1248	452	171	-175	-1697
-15084	2088	232	1257	580	-2036
-16476	800	948	4280	1623	-1849
-16592	1952	-36	5652	424	-1805
-15596	1676	-296	4026	747	-2207
-16864	644	204	2622	1075	-3222
-16932	-524	192	2282	-311	-4792
-17040	132	-340	2585	401	-5776
-17956	-772	-220	1803	-111	-7653
-17856	-1184	-392	3067	-733	-8814
-18180	-1580	-320	3022	-396	-10401
-19028	-2308	-272	3262	-690	-11233
-18452	-2552	-384	3961	-1721	-11536
-17844	-2476	-432	3267	-1533	-11522
-17968	-2520	-292	2150	-1571	-10702
-17348	-3636	588	530	-1783	-10382
-18080	-4128	-88	-478	-1775	-9331
-16672	-4716	392	-2502	-2970	-9096
-15148	-6200	500	-3682	-2410	-8803
-15592	-5748	236	-4124	-814	-7782
-15616	-7264	664	-5637	-2034	-7314
-14080	-7100	568	-4391	-1705	-5868
-13456	-7760	36	-4810	-1851	-5174
-12620	-8104	156	-3876	-1594	-4367
-13176	-7636	732	-3544	-907	-3501
-12984	-8160	88	-3500	-1854	-2688
-11684	-8196	784	-2672	-2199	-2120
-11500	-8204	864	-2177	-1218	-2014
-12572	-7840	-64	-2549	-1149	-1619
-12100	-8540	508	-2089	-1845	-867
-11600	-7888	968	-1244	-1321	-672
-12280	-8336	788	-1206	-1442	-194
-12172	-8400	796	-279	-1949	351
-11528	-7764	1260	-214	-1993	273
-12684	-8572	1452	-97	-1816	591
-12776	-7716	704	1119	-2618	1652
-12088	-7852	1556	66	-2547	1100
-11828	-7876	1176	593	-2403	1089
-11624	-7944	1408	507	-1847	785
-11460	-7652	1500	525	-1743	624
-11012	-7152	1676	711	-1555	524
-10468	-6676	1452	311	-1765	-137
-9692	-6232	1700	845	-1486	-466
-8776	-5476	1212	186	-881	-1094
-8684	-6024	2016	-40	566	-1699
-9944	-6008	2216	954	1581	-1670
-10944	-5832	632	-411	1232	-1636
-10632	-6516	2012	-320	669	-1057
-10192	-6752	1904	452	919	-394
-10284	-6568	1452	172	1412	-224
-11328	-7524	2196	359	1532	-42
-11676	-6600	2284	1036	1268	1162
-11108	-7868	1544	-370	461	1204
-12036	-8052	2568	1060	2410	2266
-13340	-6856	1088	1484	724	3714
-11660	-8252	1488	-456	79	2488
-15348	-9828	3024	1590	2668	3984
-15096	-7184	2072	2158	107	5204
-12596	-7424	1172	49	1633	3598
-17064	-8760	1112	886	3638	5337
-15788	-7128	2272	1226	-709	6000
-12692	-6364	1712	941	2266	4840
-17972	-6156	624	980	4295	5922
-15952	-5432	688	-256	-1324	6388
-11764	-6824	1668	93	1114	5791
-17388	-5632	1756	1951	5215	7047
-17948	-4688	1112	103	-764	6730
-12564	-5060	1420	-84	-504	6009
-16344	-4352	1288	1381	5508	6945
-18352	-3356	1108	-180	1172	7015
-14036	-3616	2168	-450	-145	6951
-17860	-3540	1220	239	5725	7656
-20000	-2108	-60	-485	-336	7638
-14764	-1992	16	-1762	-2135	6852
-15008	-1944	1028	-1729	2974	6823
-19124	-1572	868	-1739	1915	7354
-16632	-1192	520	-2013	-1451	7073
-16684	-324	420	-2531	1850	6372
-17900	-416	-44	-2474	522	4915
-16024	196	556	-2124	-88	3917
-16564	724	488	-2164	1714	3157
-17448	172	372	-2607	-146	2547
-15532	496	-276	-2037	-737	2459
-15292	968	-248	-2503	866	2021
-16776	-380	804	-1789	925	1460
-16116	400	748	382	-56	881
-15228	1468	572	287	641	271
-16528	752	188	-215	1213	-342
-16464	752	-296	390	-428	-634
-15260	1232	144	361	-39	-1154
-16312	1012	416	388	985	-1660
-16496	1380	220	745	-255	-2048
-15532	1356	392	590	106	-2336
-16796	1396	180	-232	875	-2588
-16508	580	444	-319	-703	-3062
-16332	16	520	-28	263	-4049
-17600	-148	340	433	149	-5336
-17592	428	-368	488	-585	-6502
-17404	-244	-24	-1067	-499	-7870
-18080	-2964	692	35	-6	-9009
-18480	-2144	148	1899	-354	-9665
-17756	-1436	-308	1288	-795	-10288
-18068	-3300	516	25	54	-10685
-18428	-3772	-72	418	-958	-10169
-16860	-3584	-420	-213	-1502	-9907
-16740	-4772	152	-1559	-475	-9668
-17184	-5428	852	-1643	-951	-8986
-16124	-5236	256	-2350	-1485	-8368
-15832	-6516	-448	-3919	-1295	-8037
-15520	-6772	472	-2325	-1245	-6651
-14840	-7132	1108	-2430	-1063	-6383
-14580	-7416	388	-1648	-819	-5629
-13936	-7500	384	-1887	-1137	-4857
-13004	-7916	704	-1215	-547	-4236
-12068	-7164	1016	-455	-596	-3562
-11788	-7648	732	-648	1	-2969
-11936	-8652	1000	-769	-47	-2546
-11468	-7744	844	692	-188	-1340
-11208	-7824	764	464	-534	-1937
-12156	-9252	1532	1919	-327	-1521
-13372	-8572	1884	2734	-1038	-512
-13892	-7776	948	2261	-2102	494
-13488	-7216	1076	1520	-4175	1098
-12244	-8092	2420	1730	-4972	1179
-11656	-6800	2236	1980	-3869	2141
-11456	-8204	1732	-93	-4036	1185
-11068	-7712	1800	882	-2326	1535
-11348	-7300	2764	57	-1977	622
-11664	-7236	1776	-70	-1103	687
-10952	-6804	1576	-305	-1990	849
-9172	-5960	2596	-384	-1650	229
-8804	-5308	2380	162	-319	-163
-8120	-4548	1324	-939	-176	-1122
-8092	-5220	2128	-1172	1017	-2047
-8912	-6252	2516	512	1509	-1809
-8892	-4788	1844	1020	2130	-1477
-10408	-5684	1804	-649	3039	-1080
-10168	-5676	2052	-342	1204	-132
-10244	-7544	2824	-1160	3321	-362
-13404	-6512	1840	459	3689	1896
-11312	-6708	1684	-998	-1579	1963
-11380	-7512	360	-1967	3647	2723
-15008	-6816	948	-1284	2190	4661
-11868	-10436	4972	-397	-2358	3567
-13168	-8644	2012	3475	3911	4733
-16168	-4852	-840	-599	807	5435
-11980	-10620	3072	-2408	-2217	4125
-15272	-10380	4176	4813	5835	5628
-17896	-4336	1600	1646	288	5097
-12320	-6928	1244	-1008	-1009	4562
-16788	-8072	1192	1242	5700	5984
-18436	-5572	1648	1817	246	6385
-12272	-5300	2360	828	-396	5117
-15604	-5072	788	1858	6420	6398
-20128	-4304	-24	246	2084	7857
-15308	-4804	1744	573	-415	7323
-17064	-3384	1924	1237	4296	6969
-19148	-2848	1096	-869	375	6890
-15132	-3628	848	-2219	-1889	6706
-16396	-3548	1364	-2007	3727	6850
-19820	-2260	1012	-858	913	7083
-16288	-1096	796	-2587	-1921	6272
-16076	-1916	632	-2916	1938	5625
-18688	-1012	360	-2030	1065	5269
-16268	-356	384	-2589	-779	4605
-16072	-384	844	-2282	1598	4220
-17744	-420	436	-2286	598	4087
-16264	-424	-232	-2779	-742	3655
-15284	-328	212	-2404	439	3089
-15996	-324	900	-1651	1139	2684
-16028	-108	1028	-770	528	2024
-15320	-100	524	-220	801	1231
-15976	516	1028	482	1237	392
-16152	692	0	717	107	-468
-15440	740	36	742	136	-1064
-15952	1284	596	626	468	-1004
-16168	584	524	369	-173	-1229
-15484	648	444	709	-17	-1328
-16292	600	608	674	698	-1958
-16908	1104	192	-33	-189	-2764
-16404	260	376	-260	-345	-3603
-17024	-368	584	465	-66	-4491
-17152	-1068	400	246	-686	-5894
-17308	-1320	388	785	-385	-7035
-17768	-508	-44	371	-600	-7741
-17872	-1952	224	-458	-842	-8529
-17876	-2740	-68	176	-978	-8778
-17304	-2268	380	506	-1038	-9222
-17704	-2660	808	-486	-586	-9696
-17940	-4144	596	-450	-403	-10018
-17972	-3964	844	40	-224	-9698
-17480	-4760	916	-1285	-680	-9597
-16980	-5112	708	-1178	-99	-8451
-16296	-5780	756	-1532	-763	-8003
-15580	-6340	1268	-1129	102	-7043
-14688	-5536	416	-824	-397	-5968
-13968	-6660	860	-1981	164	-5401
-14284	-7020	640	-781	129	-3751
-13700	-6760	664	-707	-307	-2713
-13040	-6428	540	-995	-568	-1786
-12740	-7036	520	-906	-438	-887
-12564	-6920	936	-34	-303	255
-12968	-6976	1040	-1025	112	780
-12616	-7540	1088	-729	-470	1439
-11548	-7280	1036	-479	-567	1604
-11944	-7144	1096	-177	525	1810
-13588	-7504	964	-74	67	2487
-14776	-7764	1220	634	-1272	2865
-14424	-6444	772	468	-2933	3506
-13440	-6904	1468	259	-3555	3575
-13396	-6908	1520	659	-2691	3601
-14056	-6012	1172	7	-2777	3972
-12656	-5736	1544	-1530	-3295	3254
-12380	-6224	1888	-1365	-1467	2595
-12916	-5328	904	-1754	-1496	2703
-12048	-5548	1628	-2105	-2219	2227
-12304	-5912	2028	-1441	-464	1558
-11304	-4024	1532	-1375	-2105	1265
-8228	-4048	1628	-2262	-1688	-23
-6300	-4140	1940	-1046	772	-1060
-7104	-4780	2784	-68	4279	-2601
-9924	-4456	1936	1981	5166	-2877
-10264	-4316	1192	679	3298	-3372
-11108	-6604	2780	2412	4374	-3259
-12936	-5896	3208	5075	3449	-3000
-12532	-5196	260	3805	1174	-3052
-12356	-6220	2124	2664	1814	-2788
-12860	-7168	2788	5113	471	-1499
-10984	-5348	480	3418	-383	-1145
-13364	-6172	1024	2094	3032	-66
-15004	-5956	1756	2154	72	1149
-13412	-7388	716	1109	40	1692
-17472	-7448	2500	2079	3409	3249
-16932	-5076	1768	1417	-1941	3906
-12376	-6280	240	-999	-1184	3228
-18664	-7356	2104	1668	4604	5387
-19032	-4132	2436	623	-2261	5621
-12724	-5224	1716	-1062	-1940	4386
-17600	-6216	1884	2123	5187	5950
-19140	-3964	1380	568	-1404	6144
-12392	-4752	1464	-286	-2749	5485
-14980	-4588	1740	1673	6378	6300
-18936	-3180	1608	1291	2223	6592
-14012	-3120	1500	60	-1699	6433
-15508	-3948	1112	-136	5701	7159
-19852	-2728	216	902	2496	8121
-15996	-848	-264	-2401	-1913	7825
-14716	-2096	596	-3776	2193	7869
-18044	-2188	1112	-2097	3261	8394
-17872	-188	848	-2451	505	8096
-18028	-816	-392	-3313	864	6688
-17204	-1012	312	-2199	-385	4131
-16476	-744	784	214	790	1757
-17364	504	-144	1088	1338	-285
-17748	240	168	978	-200	-1847
-16076	312	16	2383	-681	-2784
-15696	676	48	2420	720	-3082
-16904	84	344	2272	595	-3013
-16564	672	560	2205	-336	-2848
-16512	532	452	1431	457	-2987
-17052	612	216	1077	-374	-3190
-16288	228	728	53	-835	-3908
-17556	-588	764	389	-250	-4814
-18072	-224	648	-381	-1631	-6140
-17944	-1584	836	-1234	-1686	-7389
-18612	-1496	636	-1124	-1404	-7942
-18140	-2304	640	-2483	-2609	-8745
-17216	-3224	788	-1888	-1669	-8500
-17288	-3348	1084	-1762	-1050	-8585
-16996	-4048	1420	-1900	-951	-8159
-17172	-4856	744	-1944	-490	-8020
-17516	-5020	540	-2209	-354	-7627
-16976	-5420	1268	-2608	-1221	-7478
-16452	-5228	1108	-2212	-815	-6714
-16204	-5940	628	-3255	-1465	-6278
-15684	-6300	572	-2913	-1487	-5122
-14260	-5652	1016	-3040	-1789	-3941
-13756	-6724	1284	-3248	-1326	-2966
-13312	-6924	736	-2506	-881	-1762
-12612	-6884	1096	-3005	-1033	-1272
-12364	-7400	1696	-1940	-425	-267
-12172	-7160	1024	-1676	-184	37
-12080	-7232	1704	-1517	205	226
-12672	-7612	1552	-153	860	766
-13176	-6204	876	-426	-67	817
-13488	-7056	1272	-1017	-538	1124
-14304	-7348	1540	256	-1194	2115
-14416	-6028	820	-423	-2150	3078
-13180	-6860	2204	-987	-3013	2796
-13088	-6500	924	-504	-2158	3163
-12484	-6124	2324	-1116	-2642	3099
-11484	-7328	3088	-103	-2337	2167
-12400	-5392	1628	826	-692	2489
-13308	-6464	2136	-275	-2766	1657
-12240	-5652	2860	1421	-2912	1511
-10804	-4592	1796	311	-2777	1051
-11340	-4832	2196	75	-1101	345
-9876	-3712	2124	74	-2491	171
-7956	-4212	2240	-455	-1036	-868
-8544	-4080	2836	1024	2100	-1760
-9552	-4424	2072	1115	2150	-2644
-9328	-4392	1976	1941	2515	-2696
-10040	-5236	2728	2585	3019	-2466
-10244	-4540	1724	2615	3216	-2298
-10684	-5972	2852	2747	3118	-3132
-11836	-6672	2480	4744	3274	-2779
-12572	-5536	424	2608	2257	-1595
-12028	-6712	1784	1272	819	-615
-13328	-7852	4024	3304	2468	-375
-14876	-6716	1300	3556	1041	831
-12268	-5880	660	92	-493	1774
-15776	-7864	3080	884	3504	3104
-16880	-6252	2296	2193	216	3689
-16500	-6512	1488	154	2951	4389
-19320	-4664	1148	40	1362	6048
-15016	-4972	1648	-2501	-2361	5447
-16024	-6988	2572	-219	5262	5602
-21592	-4072	2368	1239	3912	6469
-16372	-4156	1252	-1861	-2776	5979
-12672	-4632	2248	-639	2509	5510
-19852	-4020	1744	1143	7669	6455
-19896	-2516	444	-1042	-1866	6616
-13412	-3252	504	-2953	-2272	5908
-13868	-3116	1144	-913	4216	7110
-18616	-1872	2060	-1492	4287	7989
-18896	-992	176	-4007	-88	8257
-16416	-1568	-1252	-5744	-446	8005
-16092	-1264	-184	-5137	1887	8126
-17084	-200	876	-5796	2045	7906
-17812	536	-664	-7280	1500	7811
-16956	-1040	-456	-7050	145	6420
-15968	-328	424	-3468	1130	5044
-16424	1400	-160	-3397	1781	2966
-15944	-264	608	-2192	490	593
-15612	824	64	392	1544	-1127
-16440	2244	-612	512	1198	-2252
-16428	1132	-228	-890	282	-3178
-16076	876	492	113	389	-3356
-16476	1164	404	180	613	-3785
-16752	1120	448	35	506	-4045
-16856	1220	496	-447	139	-4537
-16496	-232	1040	623	-581	-5365
-16780	-608	1120	4834	-15	-6218
-18564	540	392	3305	296	-7950
-19144	-352	-360	1581	-1953	-9070
-18280	-1868	188	339	-1682	-10163
-20204	-2256	484	6	-1105	-10490
-19240	-1884	16	-395	-3559	-10692
-17032	-2648	432	-2039	-2952	-10322
-17080	-4848	232	-2703	-1850	-9570
-17444	-5316	1120	-1668	-1652	-8392
-16888	-4792	1448	-1667	-2158	-7638
-15276	-5104	796	-3119	-2263	-7384
-15872	-6932	820	-3243	-428	-6769
-15320	-6764	1156	-1536	-1714	-5730
-13472	-7092	1196	-1694	-1236	-5305
-13832	-7348	696	-1218	446	-4492
-14676	-8244	416	-1084	-773	-3415
-12520	-7212	1072	-291	-1118	-2993
-12696	-7736	1296	-763	152	-2609
-13244	-7436	640	-415	123	-1345
-13256	-8208	1068	-812	-338	-1046
-13012	-7136	912	-555	-1111	-770
-12972	-7448	1252	-1929	-1879	-224
-12956	-7140	892	-998	-2033	948
-12512	-6284	700	-1848	-3232	1782
-10272	-6832	1388	-1884	-3883	1309
-10528	-7252	1172	-1553	-2133	1167
-12220	-6712	-212	-699	-2293	2119
-10380	-6040	2492	-971	-4303	1130
-10196	-7640	2312	481	-1572	1071
-12804	-6984	1368	1907	-471	1877
-13780	-6080	2796	851	-1621	984
-12976	-6020	2180	746	-2425	583
-12432	-6192	2100	720	-869	769
-13788	-6684	2208	647	-1451	1856
-12068	-5756	2940	146	-2147	1804
-10760	-6216	2476	32	-1223	888
-9580	-5008	2464	-160	50	584
-9148	-6324	4152	175	1349	-958
-9900	-6112	3572	2086	2975	-1396
-10676	-5172	2788	1554	2656	-1604
-9456	-5760	3080	1332	1623	-2302
-9968	-5612	2736	2344	3166	-2127
-10424	-5284	2424	2287	1795	-1790
-10732	-5988	2480	2056	3006	-2226
-12248	-5520	1912	1236	2479	-1719
-10784	-7244	2056	1549	736	-1055
-12912	-7036	1988	2733	3871	-111
-14660	-4812	928	971	496	1226
-11968	-8104	2316	-713	-313	1263
-15288	-7432	2304	2196	2481	3243
-13928	-4416	364	456	-2137	4125
-12060	-7820	1660	-2137	2282	3520
-19664	-7228	2712	1307	4794	6099
-16548	-5568	1920	-52	-2555	5876
-13656	-7356	1640	763	4041	5396
-20728	-5024	2184	2048	5428	6525
-16672	-5332	2324	470	-2454	5798
-13300	-5848	1992	2696	3396	5683
-17612	-3552	2076	3429	4739	6009
-15356	-3600	1876	1446	260	6010
-16416	-3988	908	1373	5535	6978
-20200	-2672	424	1132	2246	8388
-15480	-2884	1060	-272	-1934	7764
-13228	-2292	980	-592	2187	7649
-17372	-1980	332	-1102	4752	8471
-18556	-1840	932	-1397	1207	8923
-16992	-1208	1220	-1869	1745	8519
-18432	-948	132	-2046	1458	7406
-16340	-88	-528	-3018	-495	5801
-15552	-284	240	-3828	1533	4592
-17092	-336	1240	-2467	1883	4139
-17100	792	832	-2338	809	3785
-17120	460	-144	-3607	425	3013
-16368	-284	436	-2449	-51	1912
-15948	1156	396	-1424	537	1150
-16116	1348	72	-2666	252	370
-15868	416	108	-2226	-17	12
-16044	732	568	-1265	541	-723
-16212	1200	340	-815	56	-1769
-15680	1140	92	-366	321	-2603
-16460	1788	552	-358	939	-3003
-17088	1132	424	-461	-127	-3598
-16632	840	436	-244	-12	-4507
-17848	1220	136	-639	258	-5491
-17704	1144	-136	-898	-1240	-6619
-17332	-328	704	-810	-505	-7723
-19304	-660	920	46	-21	-8547
-19192	-24	-580	-37	-1673	-9293
-18576	-776	-76	-2388	-871	-10044
-19612	-3024	748	-2085	-817	-9763
-18348	-2716	216	-1008	-1711	-8946
-17288	-2952	72	-2939	-1120	-9005
-17552	-4532	928	-3180	-374	-8396
-17048	-5184	344	-3064	-1004	-7782
-15960	-5452	380	-3200	-843	-7139
-16364	-6040	452	-3277	-168	-6417
-15488	-6540	676	-2540	-753	-5521
-14708	-6064	844	-2162	-544	-4850
-15216	-6924	420	-2207	-251	-4239
-13968	-6820	792	-2006	-1018	-3620
-13460	-7248	1084	-1527	-382	-2805
-12036	-6024	316	-1385	-1729	-1683
-10588	-7220	1424	-2636	-865	-1840
-11436	-7556	1084	-747	508	-1213
-12556	-6960	396	-665	-1579	-531
-10888	-6884	1132	-938	-2042	-736
-12520	-6872	1364	584	-1065	-68
-12688	-5900	1364	367	-2611	-20
-12960	-6160	1308	-36	-2418	31
-13400	-5988	1408	317	-3135	863
-12860	-6084	1144	-687	-3277	1157
-13008	-6704	2456	1052	-3179	2153
-13016	-5376	1028	332	-3467	2073
-12660	-6192	1840	-236	-4102	2273
-11456	-6532	3544	1504	-3895	2340
-11776	-5080	1880	1064	-2543	2059
-11708	-5396	3068	190	-2978	1799
-10184	-4996	3016	1386	-2218	1381
-9096	-3924	2568	129	-596	319
-10492	-5364	3036	772	1572	39
-11600	-4548	2632	1458	1044	-3
-10752	-5464	2588	745	822	-1065
-10748	-5708	2520	1699	1997	-1026
-11688	-5456	2432	1240	2449	-1186
-11432	-5292	1940	1363	2089	-1537
-11512	-6128	2656	1112	3358	-2314
-12836	-5456	2376	1501	2767	-1323
-10416	-5264	1792	830	1317	-1180
-12448	-7256	2696	1912	4894	-1428
-15680	-5628	2664	2526	2361	190
-10844	-5656	1240	1179	-351	333
-13304	-8180	1792	1817	5866	613
-18336	-5784	2844	2393	2091	2395
-11968	-5748	2264	54	-2468	1638
-12636	-6372	508	1775	4505	2395
-16800	-5948	2696	853	2470	2968
-12700	-6712	4176	782	-265	2970
-14084	-5772	-228	1511	4248	4517
-15920	-4472	-64	-176	1332	5508
-13120	-6472	3116	138	1842	5029
-19452	-5672	2416	2271	5648	6329
-19292	-3860	844	616	-1663	6368
-12424	-4132	1168	227	-1532	5246
-15944	-4256	1464	930	5321	5987
-18624	-3876	1020	1829	1164	6993
-15664	-3784	2036	2057	2138	6758
-18568	-2536	1792	3072	4442	6722
-17916	-2008	520	1839	975	6046
-16784	-3580	652	459	2970	4833
-19796	-2908	1404	2611	2329	4186
-17224	-992	824	1235	-1305	2988
-14856	-1116	-124	-34	348	2987
-16856	-944	-520	-807	2384	3845
-17452	-880	-300	-1101	233	4717
-16708	-552	512	-1302	812	5078
-17100	864	-500	-2573	-8	4482
-16032	1076	-1248	-4517	-644	3843
-15936	180	-288	-5302	442	2687
-16912	420	320	-3161	369	2469
-15892	1384	-260	-3795	-724	1617
-15788	644	-28	-4489	404	1184
-16652	-60	424	-3133	141	488
-15660	1032	-96	-2506	-620	-171
-15504	912	516	-2848	473	-657
-16428	120	900	-1501	405	-981
-16048	984	496	-1320	41	-1391
-16464	532	364	-1337	265	-2217
-16552	932	252	-1108	-250	-3089
-16188	128	604	-1708	101	-4545
-17400	-1404	956	-1091	729	-6254
-18328	-1540	664	721	135	-7998
-18020	-328	728	1942	-716	-9524
-18116	-1596	504	585	-242	-11345
-19144	-3176	400	1474	-555	-11650
-18892	-2728	164	2385	-1712	-11230
-16876	-2912	700	1948	-2456	-10610
-17572	-4216	712	617	-998	-9888
-17904	-4588	536	701	-2257	-8503
-16528	-4912	276	-700	-2237	-7957
-16860	-5540	1308	-1694	-1532	-7640
-15908	-5664	996	-1741	-2304	-7025
-14180	-6464	1032	-2551	-1217	-6712
-14724	-6300	1040	-2047	-126	-5688
-13768	-7576	1452	-2131	-1107	-5072
-13132	-6592	1580	-294	-42	-3817
-13268	-7340	1072	-1151	-354	-3268
-12140	-7640	1460	-549	-688	-2346
-12276	-7612	1344	-498	590	-2075
-13280	-7128	988	-737	-216	-1056
-12768	-7752	1532	-914	-687	-725
-13268	-7252	1368	-840	-811	44
-12960	-8424	1376	-928	-1982	665
-12712	-7988	1496	-139	-1855	1142
-13976	-7612	1304	-477	-2297	1986
-12572	-7156	1612	-505	-3733	2377
-11760	-7284	1668	-317	-2827	1660
-12844	-7644	1672	-269	-2912	1797
-12024	-7420	1780	408	-3491	2306
-12016	-6828	1400	-952	-3236	2031
-11256	-7052	2436	-569	-3971	2208
-11508	-6152	3032	-121	-1267	1755
-14152	-6060	2652	-772	-840	2125
-13248	-5644	3632	-922	-3239	2232
-10684	-5064	2956	-853	-2397	1877
-11976	-5524	3188	-688	-421	1846
-11380	-5088	3152	-671	-1576	1596
-10016	-5296	2764	-1120	-131	382
-9668	-5756	3512	-262	520	-7
-9424	-5868	3084	142	2446	-1145
-12752	-6772	1832	744	3381	-953
-12704	-5384	3424	469	1075	-915
-11088	-6328	2876	512	1796	-2157
-12732	-5436	2472	1141	3049	-1370
-11476	-5148	2744	-165	422	-951
-9068	-6580	2460	737	2058	-1761
-11900	-6064	2472	1624	5112	-2097
-11956	-6020	3032	988	491	-1441
-10000	-6512	2364	1343	2580	-962
-14468	-5996	2080	1284	4209	471
-13944	-6576	2876	565	-646	770
-12916	-7432	2272	941	1755	741
-15188	-5812	1368	204	875	1860
-12176	-7652	2564	-725	-1517	1989
-15144	-8160	2744	1868	3964	3325
-18112	-5272	1804	1423	1138	4584
-12932	-5860	1688	-1242	-1347	3783
-14828	-7528	1884	486	4316	4554
-17532	-5552	2164	1204	1171	5574
-13148	-5432	1956	778	-98	4979
-15840	-5408	756	1148	5629	5156
-20332	-5256	508	455	1949	5975
-14472	-4508	1592	-487	-1678	5519
-14636	-4556	2240	-264	4495	5592
-19796	-2892	932	47	3195	7015
-16124	-3008	120	-1672	-1965	6967
-13364	-3428	1008	-1494	1410	6880
-15736	-2884	1508	-83	3850	8060
-17288	-1568	1176	-1041	3452	9361
-18812	-1836	804	-2194	4249	10339
-19184	-1744	808	-1370	2156	10608
-16676	-532	972	-1853	1206	9778
-17984	224	376	-2702	3035	8282
-18752	908	364	-4168	-32	5780
-16204	1596	-592	-4811	-1036	3939
-16520	1308	388	-5336	892	2183
-17640	596	816	-3779	-370	1134
-15720	1636	-276	-4001	-1445	515
-15252	236	604	-4108	-212	-624
-15936	828	704	-1768	12	-817
-15592	1400	628	-1898	-316	-1310
-15352	784	464	-1604	-406	-1363
-14940	840	52	-1142	-377	-1349
-15500	836	736	-980	290	-1274
-15776	952	688	-418	-195	-1144
-15128	1000	200	-829	-188	-1078
-15800	564	780	-458	310	-893
-16120	1348	480	-272	-81	-1006
-15908	1236	504	-965	-233	-1709
-16568	988	468	-763	281	-2321
-17064	888	268	-1187	-281	-3546
-16592	224	832	-971	-444	-5010
-17464	-112	628	-281	574	-6743
-18272	236	144	-495	-54	-8395
-18040	-1360	-24	-1326	-431	-9728
-18568	-3020	256	-179	354	-10881
-19588	-2112	80	340	406	-11272
-18556	-2816	624	-99	-874	-11461
-17496	-4192	356	238	0	-11235
-17776	-3928	-252	148	534	-10547
-17240	-4572	100	-731	76	-9599
-16284	-5124	600	-1543	104	-9020
-16020	-5576	680	-2309	359	-8205
-15340	-6440	236	-2460	-497	-7094
-13776	-6760	56	-2476	-90	-6433
-14560	-6848	432	-3211	790	-5783
-14760	-7836	400	-3289	-775	-5103
-12584	-8404	-140	-2042	-1122	-4784
-12520	-7960	408	-1532	391	-4588
-13196	-8328	296	-915	48	-3868
-12724	-8480	96	-702	-610	-3373
-11560	-8152	908	508	-1273	-2317
-10196	-8628	1068	1790	-610	-2047
-10684	-8340	1192	4439	192	-2222
-11788	-6840	1236	3220	-453	-1965
-12124	-7788	848	587	-1138	-1300
-12556	-8272	1080	1488	-1217	-276
-13308	-7172	1348	182	-2130	131
-12960	-7580	912	-833	-3830	1174
-11364	-8440	1428	-336	-3268	1213
-12456	-8088	1816	545	-1877	1243
-11744	-8876	2048	931	-2779	870
-12000	-8320	740	1699	-1227	862
-11756	-8624	2500	2347	-1937	514
-11348	-7764	2200	2933	-864	98
-11784	-7656	1412	2466	-1069	384
-11184	-6176	2280	1725	-1261	710
-9928	-6132	2000	922	-1411	110
-8504	-5188	2164	287	-444	-474
-7852	-5488	1236	-280	643	-779
-8480	-6664	1608	-182	1759	-1012
-9420	-6096	2320	1066	2458	-683
-10564	-5912	1400	-35	1778	-748
-9708	-7292	2768	434	542	-901
-10076	-6732	3196	1974	2366	-288
-10744	-5128	364	-38	1794	658
-10464	-8104	1448	-709	1523	554
-12220	-8224	3548	2022	2521	1553
-11484	-5792	280	1211	195	3099
-10744	-8672	796	-347	2434	2673
-15076	-8572	2376	2824	3797	4639
-13688	-6504	1812	1105	-1053	5376
-12256	-8848	1000	-598	3414	5438
-17808	-8224	1204	2544	4935	6994
-15780	-5608	1768	625	-105	6099
-14340	-7248	2604	-407	4171	6126
-19856	-6564	1460	939	3713	8143
-16028	-4600	916	545	-1910	8617
-13744	-4572	1964	491	3999	7929
-20704	-4664	1168	1084	5333	8832
-18432	-4760	1248	263	-1575	9026
-14636	-4188	1920	997	1922	8681
-19708	-3060	792	2199	4773	9301
-18924	-2152	104	35	-1174	8889
-15112	-2512	948	-631	310	8404
-17988	-1840	1076	-84	4181	8522
-18544	-816	356	-985	140	7846
-15532	-208	-216	-2671	393	7857
-16760	-1120	988	-2349	2930	7909
-19384	-40	604	-1553	1392	7484
-16732	884	-684	-3003	-2160	5375
-15060	476	-292	-3675	-185	3397
-16920	304	936	-2273	932	2052
-16884	1096	28	-1764	-1045	714
-15476	904	-624	-3026	-949	-592
-15656	-56	500	-1888	217	-1201
-16020	696	672	-568	-102	-1602
-15352	1316	128	-1049	-236	-2059
-15060	448	184	-797	298	-2287
-15856	888	308	-110	871	-2258
-16300	1560	168	-859	189	-2497
-15732	1216	116	-1570	60	-2732
-16492	1020	332	-1753	790	-3157
-16896	1328	388	-1906	-161	-3848
-16588	364	472	-2472	498	-4853
-17860	-452	516	-1973	778	-6224
-18132	-624	624	-2024	6	-7853
-18260	-796	280	-1557	293	-9169
-20196	-2352	-472	-1646	-538	-10756
-18252	-3472	224	-301	-1033	-10805
-17328	-3044	904	1204	12	-10318
-18240	-3564	272	344	389	-9661
-16940	-4592	-376	-650	-456	-9026
-16120	-5472	868	-461	746	-8274
-16436	-6020	1180	77	436	-7560
-14992	-5476	28	-129	-696	-6489
-13576	-6812	116	-1797	-166	-6213
-15252	-7532	320	-348	977	-4871
-14792	-6392	680	-772	-547	-4284
-13832	-7144	704	-1779	-854	-3779
-13564	-7944	748	-856	-678	-2899
-13664	-6840	192	-829	-1308	-1665
-12116	-7132	620	-1884	-2115	-1141
-11728	-7996	1052	-1130	-1436	-794
-12408	-6960	784	-386	-1472	298
-12528	-7752	368	-1156	-1921	562
-12748	-6968	1612	-832	-2140	917
-13796	-7356	1072	-1353	-2457	1576
-13844	-7252	1044	-376	-3560	2606
-12580	-6516	1300	-687	-3852	2759
-11936	-6300	1560	-850	-3276	2499
-11100	-6936	1872	-221	-3098	2396
-10620	-6580	1556	768	-1768	2359
-11336	-6392	2172	480	-1241	1325
-11064	-6116	2036	1514	-1606	1157
-10928	-5448	732	370	-368	613
-12800	-5984	2360	694	-378	743
-11160	-5152	1600	272	-2546	701
-9452	-4608	1620	-1189	-147	-506
-9768	-5124	2360	-27	586	-780
-8756	-4456	1244	-485	963	-1244
-10168	-5804	2188	211	2865	-1610
-10540	-5164	2172	1313	1004	-1425
-9624	-5172	1228	704	2414	-1385
-11044	-5460	2784	998	2880	-1472
-10764	-6988	1744	1318	1867	-1414
-12072	-5604	1644	1708	3505	-708
-12296	-5836	1716	590	913	-242
-11732	-7252	908	286	2144	224
-15556	-6396	1324	1759	2862	2035
-12924	-5200	1904	-133	-2142	2064
-12344	-8316	1208	-490	2458	2305
-18188	-7276	304	1368	2651	4199
-14456	-5720	1368	779	-3057	4217
-12576	-7212	1316	-262	2989	3853
-19584	-6512	1200	992	3682	5800
-15324	-5252	1540	433	-2698	5732
-12824	-6388	2132	97	2722	4998
-18096	-4648	812	1026	2634	6604
-15156	-4872	1028	-1743	-2236	6774
-17024	-5588	2588	-203	4057	7598
-21024	-3356	1648	2017	1409	8280
-16472	-2496	636	708	-3552	7942
-13404	-2912	1016	132	1092	7485
-19800	-1680	440	1043	5259	8717
-20536	-532	440	-610	-1343	8490
-15396	-1488	820	-304	-1391	8168
-16888	-928	932	623	3586	8019
-19240	1208	236	-577	1223	7490
-16776	480	-436	-2565	-354	6364
-16532	1492	304	-2725	1705	6347
-17576	480	548	-3340	820	6052
-16556	-264	432	-2242	-421	5523
-15560	1028	540	-1757	537	4001
-16244	548	1416	-778	1085	1786
-15960	1724	900	722	406	170
-15864	2088	560	-246	337	-1509
-16296	1168	176	387	-207	-2427
-16016	2176	576	606	-507	-2870
-16616	1920	1168	-592	-223	-3115
-16648	1632	888	-1056	-1282	-3232
-15696	612	1060	-1253	-757	-3929
-16680	584	1152	-117	-97	-4626
-17000	868	468	-424	-557	-5920
-17740	1276	-48	-1217	-330	-6681
-17580	-196	656	-2219	-1636	-7878
-16704	-1716	472	-1752	-1303	-8622
-17436	-1128	-156	-1832	-168	-8730
-17856	-1724	744	-2996	-538	-9163
-17968	-2984	1868	-2142	-346	-9243
-17864	-2944	728	-2151	-718	-9441
-17372	-3096	-160	-3241	-97	-9461
-17908	-4128	1716	-2252	1060	-9411
-17928	-4216	1476	-2386	0	-9277
-16376	-4880	428	-3806	-429	-8896
-15152	-5900	392	-3561	451	-8072
-14456	-6088	1284	-3114	1285	-7113
-14584	-6060	444	-3266	997	-5820
-14240	-6384	232	-4010	1014	-4828
-14692	-7060	584	-2897	585	-3446
-12752	-6240	296	-2579	-1037	-2441
-11908	-6860	1148	-2861	531	-2338
-13860	-7020	148	-1574	-208	-1236
-12380	-6496	868	-1416	-1837	-711
-12408	-7600	740	-1559	-830	-661
-13248	-7224	272	-382	-2065	527
-11456	-7348	760	-962	-2288	551
-13108	-8108	492	-603	-602	559
-13628	-7440	972	-77	-1486	1271
-14192	-8084	880	-223	-1130	981
-15264	-7356	824	-215	-1606	1329
-14848	-6960	284	-386	-3575	2336
-13612	-6176	296	-1188	-4681	3524
-13032	-7072	-704	-1210	-5814	4874
-11848	-4368	1052	-1413	-4915	4186
-12596	-5808	1152	-3354	-4171	2284
-11172	-6048	2248	-1849	-3185	2675
-11468	-5336	2276	-2054	-204	2185
-13080	-6020	2508	-1709	-35	1569
-12212	-6636	2580	-413	614	1582
-12308	-5752	1924	871	1478	2057
-12268	-5500	2912	703	2415	144
-12960	-5420	2232	1371	1119	-181
-9684	-4504	1908	1444	102	-38
-8704	-4344	1564	932	1962	-1235
-10856	-4916	1340	308	2860	-1593
-11968	-6120	3076	1364	1702	-1857
-11336	-4736	1916	1370	948	-2315
-10872	-5472	1748	305	1478	-2515
-10924	-5712	2996	2285	1765	-2581
-10396	-4928	1460	2405	2115	-3257
-11908	-5720	1440	1071	2611	-2766
-12332	-6908	3348	3449	1641	-1513
-11048	-6376	996	3514	633	-1945
-13772	-5940	-720	2162	2146	-790
-14236	-5900	1712	1599	-596	96
-11628	-6316	932	2112	-878	757
-15744	-6488	-684	1021	2080	2389
-15788	-5884	656	1410	-1723	4120
-12424	-6748	1764	-574	-618	3590
-17960	-7376	-388	1457	3944	5352
-18196	-5508	436	791	-1000	6179
-13340	-6512	2392	157	1411	4896
-18144	-5844	1384	2493	5488	5944
-18732	-4528	312	1380	210	6315
-13184	-3856	1628	1385	518	6349
-17032	-3816	1752	1656	5568	7667
-19312	-3120	480	1827	903	8878
-14564	-2520	640	1299	-1096	9406
-15772	-1504	1372	376	4282	9626
-20316	-1184	780	-463	2657	10173
-17056	-404	-16	-1662	-1042	10841
-16004	-368	88	-3173	2806	11060
-20264	-112	360	-4168	3029	11520
-19424	824	36	-4537	-672	11031
-18016	4540	-836	-5999	-194	10009
-18472	1936	108	-8504	-558	7323
-16600	-460	1428	-3282	-2370	5850
-14004	2068	1636	-1101	-1699	2989
-15076	4728	868	-3086	1078	1200
-16388	644	2112	-2233	522	-1316
-15648	1872	1176	2075	-219	-1340
-15236	2460	728	378	389	-2039
-16080	1164	1232	951	506	-2079
-16084	1736	724	1786	-348	-1702
-15840	1600	932	793	-187	-1727
-15952	1840	1160	404	-150	-1833
-16016	1932	848	329	-79	-2442
-16320	1748	480	191	84	-3634
-16896	1532	188	181	167	-5044
-16868	2036	28	24	90	-6526
-16788	1108	244	-1140	402	-8230
-17900	-504	92	-750	1130	-10033
-19228	228	-276	413	1132	-10993
-19860	-524	528	-1302	622	-12902
-19488	-2168	-36	-574	380	-13391
-18584	-2336	-304	-574	1	-13638
-18368	-3324	-96	-511	573	-12931
-18752	-3804	72	-1192	749	-12273
-17752	-4428	388	-1551	-256	-11293
-16364	-4628	-304	-2431	-193	-10488
-16664	-6332	24	-3347	569	-9752
-15448	-7012	272	-2404	-227	-8620
-14356	-6788	1124	-1558	747	-7465
-14888	-6492	-64	-2335	737	-6461
-13088	-8052	-652	-2435	-426	-5430
-11380	-7748	1192	-411	832	-4471
-12508	-6872	728	-526	1769	-3602
-11976	-7360	-420	-954	-10	-2128
-10564	-7676	60	-454	579	-1961
-11668	-7316	428	30	1498	-1522
-12136	-6820	148	-835	17	-621
-11484	-8360	668	-916	153	-274
-12720	-7104	-168	206	-255	671
-12488	-8064	248	-526	-1832	987
-11724	-7688	628	792	-1837	1422
-12472	-8184	252	562	-1683	1478
-12984	-9020	1192	1365	-2417	1482
-12220	-7544	1100	1537	-2604	1719
-11876	-8112	1088	230	-2455	1075
-12152	-8032	688	1283	-2038	1050
-11680	-6908	756	295	-2513	580
-12704	-7404	960	-389	-2339	600
-12168	-6916	528	206	-3512	1141
-10692	-5564	692	-949	-3678	486
-9548	-6304	1776	-1146	-2834	-351
-9652	-6104	644	-92	-1266	-154
-9344	-5220	1472	-1086	-1168	-1029
-8728	-5976	1844	-575	188	-2012
-9912	-6192	1000	314	2262	-1811
-10772	-5124	2328	429	1410	-1405
-10404	-6664	656	98	1134	-1700
-11008	-5388	1312	863	1351	-668
-10012	-6784	2632	268	437	-750
-11356	-5556	968	492	2131	221
-11228	-6288	1016	-107	-122	1382
-9212	-7320	2324	433	1236	1087
-14796	-6404	132	76	3483	3150
-13744	-6512	512	-1090	-2105	4893
-11824	-9500	2588	-359	2320	4199
-16672	-5972	100	2429	1683	6407
-12920	-7204	704	-2115	-2840	5811
-12884	-9292	2992	653	2433	6110
-16812	-6564	1196	1749	1322	7251
-13096	-6728	888	638	-1651	7108
-15348	-6472	1576	833	4624	7448
-20020	-5640	676	604	2066	8889
-15672	-6576	1676	359	-1578	8675
-16284	-4968	1704	1180	4657	8590
-21788	-3648	328	508	2603	8840
-17748	-3812	352	287	-2414	8546
-15164	-2924	1572	517	1330	8256
-18656	-2064	996	408	2205	8901
-18036	-536	616	-950	-437	9987
-17960	-2176	1088	-1872	1017	9997
-19352	-1312	584	-755	478	9854
-17212	416	120	-1394	-1439	8609
-16284	216	1240	-2356	200	6669
-17980	700	968	-1601	739	5043
-17100	1180	60	-2334	-1599	2386
-15940	2048	-112	-1608	-91	854
-16816	1476	1024	-1096	70	-1103
-15796	1176	140	362	-292	-1738
-15884	1660	284	1087	1054	-2097
-16400	1144	976	1152	697	-2012
-15220	512	1216	1481	214	-1924
-14844	1152	588	1466	664	-1762
-15272	1148	436	300	1109	-1875
-16184	476	800	25	1111	-1985
-16660	1020	752	516	202	-2186
-15532	828	876	-149	-337	-3085
-16288	108	928	-499	1159	-4073
-18012	-288	584	-775	361	-5636
-17376	-612	-84	-214	-267	-7205
-18020	-572	528	-814	680	-8625
-19332	-1976	288	-763	73	-10169
-18672	-1908	420	510	-952	-11223
-18996	-2596	808	-459	62	-12640
-19516	-3664	1256	300	-214	-12561
-17928	-4560	852	272	-1470	-12605
-16892	-4568	720	257	-143	-11405
-16440	-5268	1252	-1057	-259	-10872
-15504	-6692	1348	-1514	-438	-9901
-14752	-6932	1076	-1346	-200	-9114
-14240	-6688	4	-1622	-186	-8145
-14060	-7040	1100	-2461	241	-7579
-14476	-7852	296	-2020	-120	-6441
-13020	-8052	-344	-2409	-807	-6152
-12464	-7956	572	-2230	218	-5082
-12712	-8680	132	-2110	428	-4336
-12748	-8160	-284	-1599	345	-3254
-11896	-8300	-132	-2522	-234	-2992
-11816	-8912	148	-1681	14	-1976
-11536	-8852	-76	-2098	-58	-1524
-12052	-8640	240	-981	-145	-719
-11716	-8936	604	-1789	-481	-578
-11388	-9360	504	-548	-620	-194
-11040	-8160	308	-493	-995	350
-11084	-9140	680	-826	-690	337
-10960	-8452	308	7	-862	213
-11340	-8672	812	-414	-1108	103
-11304	-9480	672	494	-1498	360
-11532	-8548	484	-251	-1437	70
-12532	-9436	680	46	-1758	360
-12692	-8748	1108	297	-2147	463
-13352	-8436	940	-571	-2347	660
-12612	-7852	576	-1095	-3048	951
-11752	-8624	1464	-1309	-2355	718
-11368	-8088	948	-500	-1722	902
-11308	-8076	616	-1659	-1801	785
-10584	-8284	1928	-792	-1333	730
-10456	-7412	1448	-481	-1202	361
-9988	-7748	1044	-600	-396	22
-11156	-7972	1376	-243	368	-586
-11172	-7712	1708	122	334	-810
-11260	-8540	1452	257	1168	-911
-12168	-8116	856	700	1006	-252
-11576	-7312	1128	308	452	-177
-11240	-7072	904	-25	921	86
-11036	-7140	2244	-494	651	734
-9944	-7364	1484	1479	233	1332
-10524	-6448	-140	-1383	1574	507
-12036	-7564	1468	650	1542	2071
-10032	-9004	1916	181	-10	1311
-13148	-9304	700	2543	3189	2006
-14364	-6596	1116	1678	-206	2857
-10520	-7468	1296	590	-524	2895
-13236	-8528	888	1417	2229	3861
-14148	-7896	1896	1655	-660	4752
-9984	-6912	2452	177	-1168	3742
-12784	-7956	1424	266	3576	4987
-15640	-7420	-144	2197	1137	7234
-11876	-6620	2500	190	-464	6506
-12728	-7160	2340	1340	2569	6788
-15204	-5896	16	1985	1072	8520
-14396	-5740	-696	-204	1860	8263
-17880	-5728	1080	-242	3159	8210
-16564	-4112	1256	40	-73	8452
-13344	-2800	1152	-1505	1126	9013
-17200	-3468	836	-1215	5444	10127
-19460	-1632	212	-634	1190	11263
-15176	-1860	292	-1161	-303	11531
-17688	-2056	612	127	4136	13220
-20268	-1008	604	254	1130	14229
-19524	-976	1068	-52	925	14061
-21520	128	-384	131	509	12809
-18928	828	-648	-343	-2317	10269
-16472	864	368	845	-219	7782
-17364	960	1028	2328	752	5464
-16688	1788	-196	2668	-36	3463
-15656	1884	-268	2902	341	989
-15908	2336	-364	3104	1076	-633
-16004	2628	-528	2407	591	-1875
-15332	2720	-372	1500	608	-2210
-15844	3224	-504	345	855	-1559
-15604	2212	-612	-1681	-109	-1628
-14588	1660	-552	-1931	219	-1124
-15440	2284	-432	-2249	1037	-622
-15456	1840	88	-2646	121	-536
-14936	2332	-320	-2508	625	-259
-15428	2312	100	-3022	736	-522
-15428	2228	192	-2505	628	-624
-15796	2536	-8	-2214	648	-608
-16004	2708	-832	-3000	203	-701
-15540	2100	-316	-3178	-28	-686
-15584	1816	304	-2232	335	-567
-15960	2172	528	-702	387	-317
-15464	1632	972	1738	-393	-230
-14696	2616	556	3124	576	-75
-15828	2704	224	1666	1053	-260
-15936	2200	-232	791	14	-139
-15032	2212	-580	12	-38	-39
-15344	2404	-164	-924	-177	-47
-15184	2216	-44	-1430	-418	-192
-15436	2260	64	-1369	-68	-142
-15344	2212	24	-887	-371	65
-15048	1644	-48	-580	-120	35
-15288	2028	-72	-51	211	107
-15424	2072	-228	-361	-215	-87
-15340	2152	-404	-871	-78	-78
-15516	2060	-344	-1466	-368	-34
-14864	1732	-148	-1747	-615	-145
-15168	1840	-44	-1535	126	-80
-15860	1808	-16	-1253	-61	-80
-15240	1908	-24	-946	-490	-98
-15288	1620	12	-785	68	-249
-15824	1956	0	-311	73	-5
-15716	2376	-136	-726	-285	-12
-15040	2004	160	-1141	-276	-169
-15124	1976	-32	-381	283	-16
-15560	2072	156	-198	119	-15
-15336	1904	76	-277	108	26
-15656	1524	112	-533	224	71
-15940	1928	156	-400	32	212
-15684	2048	76	-1091	-15428	1772
220	-1140	-167	-227	-15460	1932
148	-792	-35	-246	-15452	1928
-36	-839	-96	-180	-15260	1848
16	-1059	-366	-95	-14956	1908
68	-987	-204	-36	-15384	2044
152	-887	72	-4	-15540	1688
288	-750	-85	11	-15180	2040
-244	-696	-73	-2	-15208	1860
-36	-906	188	-129	-15528	1840
156	-411	209	2	-15556	2000
20	-642	-79	141	-15036	1648
152	-483	8	50	-15280	1864
44	-84	420	46	-15600	2008
60	-324	255	-62	-15212	1988
-52	-230	30	-89	-15216	1780
192	22	477	-180	-15660	2164
256	429	419	-30	-15472	2144
28	-84	-31	-7	-15412	1912
-36	-470	265	38	-15780	2036
312	-472	124	128	-15332	1820
324	-464	-283	80	-15104	1684
380	-306	222	22	-15632	1924
288	-447	-7	-118	-15328	1872
128	-315	-67	-134	-15560	1964
-48	-20	270	-112	-15744	2000
-68	-152	35	-53	-15564	2032
164	-187	17	11	-15484	2160
88	-55	21	-5	-15328	2324
-24	-397	-48	-58	-15292	2060
128	-861	2	-128	-15236	1724
196	-714	-85	-130	-15532	1964
124	-523	151	3	-15560	1964
232	-605	-217	-1	-15228	1576
184	-191	-19	49	-15312	4288
-2216	-3994	-1506	14	-16384	-3056
2716	475	2101	-396	-15016	3524
-460	3963	-167	478	-10648	3836
-4864	-8803	-1169	-5362	-15636	-304
-20	2495	239	-2156	-15196	4880
180	-7574	5524	-1159	-16652	480
412	-6683	1646	-928	-15416	2076
12	-7680	-7172	-4201	-15416	2076
