0	0	0	0	0	0
15956	1416	8376	974	1408	-534
15156	5680	3064	1534	1585	-2159
15484	4852	2668	-1942	104	-131
15188	4716	4236	-2408	-2135	929
16476	2416	4360	2037	-3516	475
17464	5304	-1036	7039	-5560	2606
18376	4864	1676	8789	-4176	-1212
17720	7708	-536	1938	1124	1756
15872	3216	368	291	2390	362
15892	6088	1132	386	-2333	50
17112	5140	-460	-2290	489	201
16504	3740	740	-1535	1102	824
16816	4060	668	73	694	-60
17068	4624	812	344	873	-369
17228	4248	844	-232	552	-430
17372	3960	1188	380	460	-840
17248	4164	1148	353	636	-1401
17180	4432	1428	147	575	-1678
16896	4392	1136	47	274	-2139
17160	4412	1488	-53	184	-2547
17532	4612	1740	318	147	-3190
17244	5496	1684	916	241	-3499
17100	5628	1296	564	-13	-3471
17380	5760	1496	794	324	-3694
16940	5964	1684	1637	438	-4101
16884	6520	1284	1796	-169	-4329
17216	6820	856	1237	38	-4279
16944	6516	1392	1538	319	-4264
17040	7504	1568	1482	-38	-4379
16980	7544	1092	928	95	-4107
16648	7460	672	633	452	-4052
16536	7688	820	143	1010	-3786
16284	7552	1184	352	675	-3696
16220	7768	1140	350	744	-3586
15664	7900	776	-77	685	-3197
15200	7452	1260	39	1151	-2723
14684	7676	1260	72	747	-2537
14228	8104	980	-216	392	-1903
14636	7812	1032	-652	-70	-1584
14452	8008	1396	-256	772	-1242
13852	8060	1420	-46	-10	-858
14156	8604	652	-424	-395	-405
14900	8540	1148	-546	169	-256
14432	8244	1260	148	508	-92
14284	9052	972	-687	212	255
14624	8160	812	-1212	382	1061
15140	8436	1004	68	1135	955
14060	8972	1568	-663	1553	1440
14352	8152	1156	-1179	495	2063
15380	7588	1584	-106	976	2250
14896	8056	2060	1716	1544	1975
14844	8192	868	1528	472	2328
14964	8164	1104	1099	1497	2941
14880	7572	1484	1035	1052	3205
15524	7388	1592	1596	1400	3552
14304	8036	1176	758	1535	3911
14396	6844	1440	-1041	419	4634
15012	5720	1976	554	1099	4174
14144	6548	1676	1040	672	4096
15260	5900	1996	863	330	4426
14176	5496	1300	1423	223	4207
15428	5304	2224	1310	-221	4185
15152	4924	1716	2878	104	3577
15096	5976	1408	1824	-128	3743
15524	4808	1284	762	-374	4111
15904	4500	1660	1779	262	3785
14988	5188	1292	1303	-469	3849
15640	4184	916	72	-818	4538
16928	4636	1448	662	-208	4024
15136	4636	1140	735	628	4023
15572	4844	816	-1042	-1321	4727
17232	3036	936	-384	-221	4917
15112	3744	1212	502	185	4406
16488	3596	1044	-802	-2036	4748
17668	2832	736	63	336	4795
15796	2376	1660	798	414	4557
16208	2548	580	794	-1008	4467
16784	1848	672	691	-478	4834
16304	1616	828	997	-369	4420
16796	1564	940	503	-539	4374
15980	816	404	963	-493	3754
15932	1244	544	187	-676	3529
16700	624	108	-161	-620	3298
16100	660	1064	-390	128	2756
16200	152	408	-563	-1090	2368
16568	832	456	-74	-436	1614
16584	184	244	-521	-417	1446
17556	-104	312	8	314	1140
16472	128	1048	1040	803	-59
16912	-256	180	132	-22	39
16804	-356	940	1119	1032	-521
16412	960	412	-630	176	-772
16456	-132	540	-2247	-241	-477
17336	132	552	-1590	352	-1253
15764	672	1132	-1869	128	-1456
16396	852	560	-2305	-314	-1479
16428	884	832	-1866	111	-1813
15828	1264	348	-1974	417	-1877
15768	1396	640	-2736	207	-1809
16452	736	704	-2046	837	-2342
15732	1500	752	-1312	945	-2589
16420	1860	772	-1887	238	-2746
16628	1084	1012	-1298	1150	-2945
16508	2344	1064	-1120	1000	-2897
16568	1852	1284	-1381	972	-2817
16480	2040	364	-801	1016	-2701
16288	2160	1220	-1423	1722	-2350
16456	1644	1208	-918	1034	-2466
17500	2096	1432	-179	2127	-2720
15360	2520	1620	-14	1922	-2736
17068	2936	1496	-1455	823	-2427
17124	1596	1564	-301	1790	-2309
15256	3188	1352	-615	1069	-2490
17248	3148	1740	-2704	458	-1730
16328	2384	1332	-1567	1146	-1907
16432	3212	1336	-2954	659	-1618
16636	2024	1888	-2437	1648	-1738
15240	3492	2220	-1217	1224	-2973
16408	3244	1836	-1964	1253	-2174
14936	2428	2556	-68	2201	-2688
15664	4460	2272	-1489	-563	-3194
16776	3448	1964	-1651	702	-2567
15968	3944	2048	-487	285	-3222
16456	4556	2332	-1904	404	-2293
15784	3708	2072	-1346	405	-2402
16872	5056	2400	-1144	550	-2425
15760	4528	2504	-1043	1055	-1700
15816	5196	2544	-902	-307	-1671
16600	4848	2340	-2273	690	-964
14568	4064	3268	-664	614	-882
15848	5320	2224	-1444	-1019	-1106
16468	4048	2988	-1683	549	-661
15848	4392	2460	-173	-1075	-1867
17808	5756	2312	-1142	-85	-1475
15604	4148	2532	-1222	164	-1430
17184	5148	2068	-1730	-699	-1636
16920	4920	2416	-1780	548	-1220
16236	5264	1920	-1733	-505	-1758
16920	5396	2152	-3047	8	-1301
15736	4344	2456	-1999	462	-1432
15920	5452	2440	-1552	-140	-1785
15168	5204	2612	-1666	463	-1380
15512	5616	2660	-435	-333	-1786
15452	6260	1928	-359	263	-1025
15264	6268	1992	-268	52	-574
16320	6652	2424	-552	529	-368
15616	6348	2892	161	1211	328
15060	6476	2404	353	154	834
16784	6848	2684	-1294	975	1517
15408	5436	2952	-536	1612	1987
15840	6288	3052	-646	305	1746
16980	5644	3256	-2094	1261	2381
15804	4748	3636	-927	1082	2186
16820	5648	3268	-622	297	1814
16872	5180	3192	-706	745	2167
17280	5000	3836	-549	-12	1404
17572	4600	3816	18	311	1314
16724	4708	3264	781	-360	1252
16964	5528	3308	24	-343	1204
16752	4644	3320	-933	-193	1555
16264	4400	3332	-496	-360	1386
16948	4684	3540	-792	-264	1131
16492	3952	3336	-250	-240	984
17212	4400	3228	-238	-357	525
16828	3932	3196	-65	105	463
16656	4036	3352	940	-186	-164
16852	4544	3204	756	-351	-301
16468	4004	3280	955	-428	-107
16764	4928	3128	343	-698	-352
16764	4728	2968	-739	-123	186
16436	4500	3220	-410	-335	-133
16792	4968	2932	-1162	-473	-76
16736	4152	3088	-741	-166	-86
16716	4480	3108	-213	-419	-400
16852	4060	2844	-510	-590	-318
17184	4384	3372	424	-279	-1029
16728	4444	2448	280	-574	-1236
17216	4516	2616	65	-267	-1431
16708	4416	2784	536	-380	-1974
17124	5296	2780	679	-487	-2435
16764	5248	2456	436	-418	-2188
16676	5880	2436	158	-376	-2402
16668	5800	2392	-195	-223	-2371
16416	6008	2364	215	-337	-2085
16668	6808	2320	-488	-461	-1810
16664	6180	2196	-628	-275	-1462
16968	6704	2180	-336	-284	-1640
16872	6736	2048	-316	-373	-1583
17228	6476	2484	10	-350	-1516
17112	6712	2064	420	-629	-1686
17896	6852	2376	494	-49	-1888
17316	6948	2196	639	-159	-1897
17712	7448	2268	101	-23	-1773
17432	6888	2488	121	369	-1523
17244	7296	1952	507	183	-1586
16836	7016	2124	-293	623	-914
16540	6588	2392	-367	486	-699
16872	6992	2304	123	423	-539
16572	6928	1780	367	635	-1
15468	6748	2016	-83	525	702
15244	5888	2684	-195	94	1186
15080	5652	2628	566	450	1360
14732	6244	2256	236	735	1502
14040	6368	2024	-840	354	1827
15532	5524	2692	-1987	722	1798
14740	4684	2808	-525	1818	1506
14112	5340	2252	433	691	1426
15204	5852	2128	-157	576	1654
15600	4820	2132	1155	1153	1385
14964	5356	2092	1803	1090	1238
15276	5788	2264	1124	369	1556
15984	5540	2428	1531	1000	1755
15172	5636	2436	2093	492	2053
16528	6296	2376	1239	19	2458
16404	4832	3064	1007	1053	2819
15400	4880	2592	1818	867	2797
15748	5212	3144	1175	407	2950
16212	4932	3168	1097	620	3085
16504	4020	1956	2127	388	3085
16224	4800	2916	2410	1186	3563
15296	4216	2384	1693	-873	3544
16644	4260	1872	1670	144	3799
16244	3428	2996	2080	908	3748
15416	3608	2196	1931	-266	3947
16240	3220	2144	969	-424	4341
15912	2960	2836	1493	-81	3839
15728	3208	2048	917	-1257	4035
16232	2416	1684	200	-624	4765
16248	2220	2556	-339	-1089	4216
15976	1468	2164	148	-430	3800
16096	2000	2392	-84	-134	3409
15024	1216	2280	-494	-1697	2931
17116	1432	1844	-822	-783	2844
15984	1300	2136	199	-466	2109
16136	2324	2144	-955	-1385	1896
17972	296	1780	-343	-704	2251
15612	1308	2020	1632	662	1262
15632	1980	1788	-710	-1487	2090
17488	216	448	-111	-976	2460
16908	1456	2012	974	585	2037
15244	1964	992	-553	-1623	2140
17504	368	356	-1306	-582	3054
16720	432	1192	1011	354	2029
15960	1984	1104	-1057	-423	2114
16600	-40	612	-1611	-130	2103
15648	512	1668	-953	617	1389
16712	-344	1644	-1313	-297	1344
16872	284	2224	234	1242	509
16568	24	2092	-396	88	593
17248	-676	2524	1740	870	140
16600	788	1760	1300	532	-332
17364	-824	1632	275	-34	-103
16564	12	1664	1376	529	-1282
16512	692	2104	-952	-443	-946
17184	-840	1204	-403	295	-1287
15620	1228	1592	-1333	10	-1643
16880	176	1212	-2910	-901	-1657
16492	360	1736	-2039	685	-2365
15180	1020	1384	-3107	-523	-2549
16812	1112	1016	-3951	-975	-2758
16348	628	1572	-3036	231	-3025
15448	1960	1244	-3430	-425	-3854
16640	1188	1956	-4334	-131	-3258
16752	1012	1800	-1938	251	-4025
15980	2308	1876	-2336	70	-3905
16752	1220	1588	-1340	212	-3930
16608	2776	2312	-267	710	-4225
16888	2292	1448	-401	279	-4033
16188	2924	964	-44	401	-3687
16100	3268	2144	-2117	316	-2851
16608	2504	1012	-1928	216	-3488
15980	3376	1396	-1812	1082	-2918
14744	2720	2480	-1489	832	-2939
17300	3880	1484	-1959	-702	-3448
16468	2888	2472	143	1978	-2985
14588	4364	2096	488	18	-3630
17100	4076	1128	-1737	54	-2607
15940	3916	1904	-98	1056	-2681
16736	5360	1704	-1894	278	-2315
16260	3472	1932	-2333	824	-1750
15744	4416	1800	-1714	58	-2079
17080	4572	1800	-2205	290	-1720
15728	3940	2140	-852	826	-2069
16772	5116	1640	-1170	76	-2226
16752	4176	1844	-1002	1435	-1951
14720	4476	2460	-223	847	-2452
16500	5440	1720	-1791	-129	-2310
16048	4748	2272	-1235	1068	-1942
15984	5708	2236	-1788	-606	-2099
16556	4856	2324	-2222	371	-1407
15732	5608	2816	-592	-404	-2221
16976	6700	1556	-2297	-533	-1763
15960	5040	2732	-2249	492	-1183
15960	5584	2608	-493	-544	-1633
16044	6108	1932	-1353	-506	-1007
15456	5344	2636	-1453	-219	-900
15536	5540	1720	-1075	-591	-1158
15656	5788	1740	-2189	-135	-845
15916	5044	2400	-1831	367	-1158
15052	5320	2076	-808	-365	-1572
16624	6312	2432	-1296	-185	-1759
15256	5128	2180	-462	630	-1540
15088	6232	2808	402	-904	-1560
15136	6908	1596	-756	-1152	-900
16024	6984	2028	-1878	-612	-689
15052	6692	2028	-1919	-95	-269
14840	6984	2200	-2443	-1269	330
16360	7184	2836	-3315	-145	692
14688	5708	2772	-1550	-38	873
16720	7852	2136	-2040	-919	729
16620	6252	2688	-3009	763	1450
16228	5332	3568	-490	316	720
16596	6628	2720	-70	8	691
16240	5668	2372	416	18	847
16408	6628	2644	1021	-21	487
15888	6188	2332	463	-77	728
16332	5984	2280	361	-119	726
16236	6172	1868	-754	363	763
16064	5184	2944	-1576	670	629
16512	5112	2956	-1259	232	34
16240	5192	2396	-573	702	-65
15196	5588	3224	37	260	-95
16016	5996	2980	-262	-781	-88
16276	5592	2540	3	-343	-40
16096	6092	2440	16	17	-154
15596	5916	2980	-733	123	338
15844	5712	2760	-552	-482	295
16356	5464	2512	-558	56	337
15708	5696	2824	-69	291	272
15884	5756	2280	-492	-438	196
16292	5536	2152	-756	141	367
15948	5392	2680	-306	477	101
15720	5672	2552	-458	274	240
15968	5756	2704	-362	38	242
16056	5652	2596	-401	145	234
15696	5732	2540	-303	112	334
16128	6100	2484	-458	-359	305
15916	5472	2612	-325	106	538
15820	5552	2696	699	-614	447
16412	6220	2080	481	-336	385
15924	5504	2292	-58	176	778
16260	5612	2256	310	-285	635
16720	5964	1720	-277	391	591
16484	5448	2264	-543	714	770
16804	5984	2460	-264	192	212
17108	5548	2296	-394	478	66
17100	5828	2420	378	316	-432
17704	6464	2264	378	143	-914
18076	6336	2468	313	318	-1306
18296	6824	2620	373	327	-1964
18656	7068	2896	291	393	-2572
18232	6996	2556	508	315	-3214
18488	7380	3008	992	68	-3608
18348	7716	3000	1731	-84	-4023
18012	7808	2792	2064	-449	-4196
17732	7680	3072	2772	-751	-4084
17432	8444	2424	2218	-1170	-3863
17088	8424	2024	681	-854	-3279
16648	7808	1744	220	-819	-2699
16400	7952	1896	-315	-796	-2172
16572	7836	1712	-804	-740	-1570
16304	7544	1704	-684	-166	-1283
15520	7112	1684	-400	-133	-931
15752	7260	1892	-170	-160	-779
14472	6556	2344	81	687	125
13248	6564	1916	1125	-697	485
14684	7720	468	10	-739	846
14112	6688	1484	-1479	743	1372
13200	5864	1972	-949	-180	1314
15160	6764	1372	-881	-398	1053
14832	6388	1788	-633	1018	1375
13768	6220	1780	135	-14	1217
15296	6548	1312	-4	-269	1240
14884	6520	2240	1229	1421	1171
13892	6896	912	1419	262	1373
14840	6848	1364	597	764	2011
13760	5868	2748	1745	1224	1540
14208	6900	1632	1696	-710	1399
15680	6688	1904	870	798	1887
14504	6456	2136	1361	561	1602
15712	7084	2096	1305	3	1968
14856	6120	1424	801	157	2273
15284	6560	2456	1197	788	2318
15508	6688	1868	1223	-591	2297
15848	6196	1964	1496	423	2887
15156	6168	1300	1345	-711	2931
16140	5716	896	536	-673	3619
15756	5164	1800	635	520	3474
15136	5312	1716	974	-419	2920
16220	5552	888	1070	-483	3170
15060	4788	1108	2109	196	3756
15528	5348	1360	2115	-456	3662
15112	4872	1224	1746	-673	3869
15188	4936	588	1476	-1059	3503
15548	5140	576	1	-1364	3660
15584	3864	1212	-290	-595	3880
15136	4204	504	-321	-1475	3684
15980	4336	212	-1409	-2270	4172
17208	3336	628	-806	-917	4236
15200	3480	832	-11	-1444	3540
16756	3216	-272	-1323	-1705	4476
17068	2224	316	662	-440	3901
15672	2576	40	827	-583	4313
16452	2612	680	125	-1760	4140
16972	984	-204	1241	-1047	3453
15780	1968	64	2148	512	2980
13864	2524	36	-262	-1751	2959
17560	880	-684	-1388	-2047	2488
16876	696	-484	1596	790	1281
14572	3320	36	-844	4	1038
17032	-36	-584	-2076	-1163	1030
16680	944	116	1179	2031	-560
15164	2188	-256	-1133	205	-701
16308	416	-184	-1206	574	-1232
16784	1324	-120	-146	1260	-2055
15784	1896	464	-810	1064	-2532
16472	1528	108	-867	460	-2815
16660	1756	96	101	1709	-3219
14904	2892	608	-676	444	-3742
16952	1708	-724	-1274	195	-3252
15504	2716	344	-14	1792	-3807
15336	4188	-128	-2526	-442	-3337
17576	2328	-32	-2802	972	-3099
15992	2980	812	-721	1893	-3600
15512	3844	100	-1429	1268	-3397
16884	3036	564	-1574	1508	-3161
15740	3328	876	1322	2712	-3747
15216	5232	808	-108	559	-3359
17516	3212	536	-1584	1520	-2551
15760	3096	1608	1676	2479	-3399
15784	5708	1020	552	518	-3299
16688	4288	1040	-1615	1040	-2292
15656	4204	2036	610	1619	-2602
15844	6624	796	-1413	-1116	-2396
17184	4748	1848	-3690	563	-1163
15412	3928	1596	-1362	653	-1722
16132	6048	924	-2890	119	-1520
16032	4336	1516	-3395	582	-1128
15536	4496	1368	-1794	1007	-1663
15372	5152	1144	-3083	694	-1281
15392	3772	2316	-2256	1242	-1548
14672	4544	2120	-168	-143	-2848
16416	5512	1188	-1624	802	-2143
14724	4312	2664	-578	1509	-2041
14716	5432	2208	-324	-969	-2877
17196	6224	2108	-2076	214	-2336
15284	5656	2620	-950	166	-2321
16060	6712	1732	-1459	-750	-1976
16112	6480	1536	-2700	-237	-1158
16580	6020	2040	-2250	-26	-1563
16676	6280	2440	-1998	347	-1659
16632	5864	1580	-1564	574	-1631
15772	5780	1768	130	808	-1605
15464	6836	2128	619	297	-1578
15868	6804	1700	522	-384	-1440
16100	7328	1600	1082	761	-995
14444	7068	2164	1149	424	-126
15416	7672	1736	124	-437	202
15764	6556	2252	-399	479	626
15816	6972	1672	1061	-111	111
16556	7644	1580	-371	921	439
16004	6296	2512	83	1156	624
16676	6904	2212	1383	108	137
16272	7104	2004	396	980	785
15416	6244	2048	845	187	731
15644	6788	1856	516	-678	904
16080	6812	1996	-910	-353	1009
16056	6104	2028	-840	-436	573
16208	6644	1712	-975	-351	728
16284	6760	1892	-1873	124	964
16508	5996	2156	-1605	471	678
15636	6088	1768	-730	583	893
15636	6796	2024	-1193	436	739
15628	5384	1668	-1287	748	888
15360	5816	2372	133	515	559
16236	6360	1904	-438	-92	579
16296	5928	1780	7	670	566
15984	6656	1904	189	167	244
16724	6156	2112	-157	96	710
16208	6228	2300	482	208	594
16580	6780	1572	100	-54	521
16292	6688	1760	-504	1248	710
15848	6308	1776	-747	812	734
16388	6048	1960	-503	1122	545
15928	5768	2348	177	1109	608
16012	5884	2036	625	80	570
16716	5676	2244	410	295	619
16148	5652	2496	664	246	185
16352	5188	1880	133	-505	94
17064	6016	2020	80	-250	-475
16816	5884	2524	-766	9	-567
16908	6292	2620	-1013	-459	-947
17200	6812	2392	-1920	-162	-1057
16900	6448	2452	-2234	-533	-957
16736	6508	2720	-1916	-610	-1166
16556	6612	2568	-1729	-1132	-1179
16636	6532	2532	-1396	-1319	-985
16388	6912	2036	-1022	-1356	-1119
16524	6992	2412	-1407	-1451	-1190
17040	6992	2288	-1045	-1496	-1566
17008	7412	2028	-661	-1403	-1483
17452	7676	2504	-781	-1707	-1435
17504	7336	2160	-84	-1587	-1589
17208	7696	2212	282	-1762	-1675
17072	7452	2076	-79	-1975	-1552
17336	7472	1716	-899	-2079	-1862
17224	7472	1664	-1308	-1361	-1957
16836	7084	1628	-1327	-1287	-2160
17240	7368	1564	-675	-913	-2165
16456	7348	1044	-255	-954	-1749
17416	7884	892	-295	-367	-1846
16420	7308	1172	-275	473	-1300
16112	6924	1480	774	-166	-1212
16448	7592	880	963	323	-1149
15312	7444	856	539	821	-503
15544	7096	1428	192	655	-450
15396	7224	764	83	885	-254
15700	7252	1476	-182	1213	384
14220	6524	2320	704	1410	1021
14164	7220	1208	402	228	1521
14924	7124	948	-824	500	2149
14392	6604	1556	-708	908	2268
14504	6572	1120	-583	92	2024
15012	6304	928	-863	1212	2544
14668	6308	1848	-276	777	2549
15260	6028	1432	120	566	2652
15328	5688	1196	848	1407	2724
13932	6312	1464	1269	802	2730
15476	6180	1812	534	344	2968
15508	5272	1728	2062	826	2710
15348	6404	1232	2517	68	2821
15496	5936	1684	1717	452	3784
14384	5016	1184	1562	336	4128
14772	5728	1452	486	-628	4068
15400	4896	1472	-465	-624	4208
14064	4024	1404	695	142	4185
14996	5344	1028	-177	-1594	4015
15208	3516	992	-637	-584	4202
14320	3908	1508	800	-791	2691
14980	4692	516	-1022	-1123	2941
16116	3136	1176	-83	-622	2730
14664	3728	1392	1690	-302	1829
15648	5196	912	-531	-2060	2529
17100	2688	952	686	-602	2380
15752	4516	708	1504	-751	1740
16996	3816	-36	-971	-1709	3152
17636	2932	792	701	-116	2801
16732	3568	556	650	-394	3080
17344	2788	268	294	-334	3936
17168	2480	792	1664	-212	4006
16092	2316	576	2032	-634	3716
16788	1904	168	1118	-284	4434
15424	1940	660	1370	-148	3881
16488	1840	28	17	-1411	4015
17132	604	-20	982	164	3950
16140	1436	1056	1699	114	3192
15784	900	56	237	-1499	2991
18056	392	-212	511	-929	2826
15896	1088	624	1055	-156	1886
15088	1504	-936	-1868	-1859	1826
16948	568	-780	-2965	-1370	2270
17372	-256	-232	-1827	347	1633
15520	1208	-100	-1965	-496	672
16456	272	-276	-3169	-676	649
17140	-1004	-440	-344	145	-95
15836	1316	-508	-82	105	-826
16532	540	-764	-1392	-1042	-359
17900	96	-664	-501	1638	-476
15660	908	-140	-364	847	-1010
16608	676	-840	-1890	621	-354
16816	-420	44	-643	1067	-1039
15816	1080	112	-820	1042	-1708
16784	460	-252	-1704	478	-1755
16280	368	24	-1466	1062	-2129
16348	368	628	-1453	796	-2429
17320	772	-280	-558	1010	-2739
15976	632	360	66	1258	-3030
16736	1736	64	-527	386	-3177
16956	768	252	-472	952	-3055
15232	2228	864	-460	1086	-3582
16648	1992	112	-2382	-464	-3177
16744	1480	556	-714	1349	-3528
15000	3256	340	-2091	546	-3495
16820	2148	-356	-3777	76	-2641
17536	2564	568	-2386	2260	-3006
14464	2604	596	-2167	1523	-2910
16064	2876	0	-3386	479	-2728
16960	2196	1448	-1511	1864	-3237
14640	2920	1104	97	1316	-3582
16832	4128	660	-2022	488	-3037
16468	2588	1308	-1603	2011	-2788
14648	4048	1632	-807	1115	-3087
16736	5300	632	-4391	203	-2183
16396	2588	2064	-3185	2329	-1981
14848	4592	1816	-1359	213	-3096
17816	5588	496	-4422	1022	-1430
16420	3096	2676	-2768	2530	-1372
16352	4380	2020	-921	650	-2348
17192	4920	1728	-2719	2458	-1118
14920	3648	2532	-629	1676	-1359
17204	5432	1372	-1598	552	-1820
15868	3432	3408	-2681	2188	-968
16000	3200	2768	-560	565	-2243
16912	5192	2220	-1242	1634	-2226
16048	3924	3060	-1571	1648	-2104
16176	4148	2620	-15	1060	-2704
15940	5196	2476	-906	839	-2414
16304	5216	3132	-730	959	-2754
15312	5652	2148	-378	288	-2821
16100	6604	2564	-1909	284	-2080
15864	5492	3292	-2282	845	-1739
15096	5672	3580	-833	-103	-1990
16292	7016	3484	-860	-482	-1972
16860	6140	3084	-779	666	-1733
15320	5852	3668	1304	609	-1728
15892	7612	2912	1059	-822	-1738
16448	7296	2872	-933	909	-862
15088	5728	3216	-142	532	-1063
15672	6936	3164	-280	38	-1049
15740	6376	3160	-1245	498	-601
15656	6008	3120	566	-4	-1276
15980	6956	2660	596	210	-1064
15988	7148	2996	-222	374	-599
16084	6748	3116	-152	-22	-610
16236	7372	2548	-204	146	-326
15804	7436	3204	-453	114	257
15808	7404	3240	-697	-708	706
16292	7608	3332	-1253	-538	897
15996	6664	2980	-1293	-408	1091
16196	7044	2936	-357	-666	1222
16040	7228	2812	-952	-416	1613
16608	6720	2960	-1218	-245	1296
16864	6344	2564	-676	400	1138
16492	6460	3064	-130	507	1057
16676	6288	3176	-292	465	956
16600	6076	3180	496	685	441
16148	6428	3180	320	321	366
16708	6248	3064	-37	-90	115
16836	6448	2840	143	-218	-271
17280	6924	3076	-210	-377	-485
17788	7048	3396	-67	-438	-1128
18016	7188	2896	292	-568	-1531
18412	7948	3132	399	-391	-1839
18124	7812	2756	588	-792	-2132
18044	8344	2328	1047	-564	-2212
17648	8328	2464	931	-422	-1891
17252	8336	2600	524	-512	-1483
17380	8164	2520	-48	-648	-1125
17396	7892	2604	-95	-332	-1010
17468	7660	2648	360	-113	-749
16564	7256	2732	728	141	-11
15832	7164	2268	1166	-209	429
16224	7708	1312	-21	-456	1047
16104	7040	1848	-1591	206	1852
15252	6016	2772	-1861	497	2311
15496	6100	2232	-1364	-411	2258
15564	6132	2064	-1171	192	2713
15404	5604	2492	-505	-217	2864
14872	5524	2636	147	-393	2902
14972	5116	2224	319	-563	3034
15056	5356	2348	868	-244	3156
15076	5252	2392	378	-356	3565
15184	4664	2344	109	-417	3762
15172	4512	2580	1059	-270	3383
14120	4208	2060	963	-346	3471
15520	4404	2044	1155	-531	3349
16228	3876	1968	1801	230	3363
14024	4072	2720	2953	-88	3256
16348	4604	1108	926	-1958	3516
16472	3392	2300	2024	1144	4181
12880	4472	2768	2171	-536	3254
16792	4804	1068	-1394	-3118	4088
16804	1944	2172	501	751	4317
13592	3988	2324	2470	-1875	2888
17616	4560	308	-870	-2812	4398
17076	1292	1412	799	422	4726
15144	3228	1368	1920	-1459	3756
16812	2556	268	-1004	-1835	5589
16696	1164	1780	1073	-113	4460
16352	2548	1080	1165	-1738	3943
17052	1040	236	637	-1576	4760
16684	616	2172	1691	520	4470
14992	1112	1332	1890	-1988	3522
17536	436	-48	655	-1486	4296
16076	588	1136	2170	-46	3301
15096	1552	488	114	-2362	3578
16372	-164	-184	-261	-2154	4146
16228	308	812	763	71	2583
15324	848	124	-459	-2119	2377
17456	-1412	-156	623	-750	2489
15328	1024	768	2328	-258	37
16196	492	-464	-913	-2278	1101
17424	-956	-1244	809	4	801
14820	1908	340	-470	-140	267
17208	-600	-1600	-3157	-667	1293
16784	-1016	532	-478	1257	496
16028	1108	-256	-2099	165	-167
16912	-1360	-516	-2304	168	283
16460	-172	180	-735	1558	-502
15520	-28	280	-1408	451	-856
16804	-920	-344	-1018	1110	-973
16560	-604	408	179	1360	-1803
16220	528	40	-1455	1993	-1971
15940	-220	1100	-1836	1350	-2472
16672	-412	-48	-1214	1885	-3007
15884	348	620	-2177	1944	-3085
16452	-52	532	-2155	1300	-3657
16856	188	932	-1444	2320	-4179
16140	196	856	-1970	1733	-4185
15908	696	420	-2205	1569	-4201
17332	1016	1144	-2228	1869	-4415
15992	1040	344	-2213	2214	-4373
16216	2156	620	-3271	1458	-3818
17652	1172	872	-3393	2303	-3783
14812	2048	1372	-2330	2400	-4239
15748	3328	1132	-4676	927	-3536
16944	1252	1932	-3517	2530	-3220
14692	2908	1760	-1032	1785	-4183
16996	3904	2660	-2866	1551	-3182
16124	1512	2736	143	2572	-3756
14848	4676	2544	775	476	-4351
17876	3412	3160	-1878	2454	-3044
14440	2408	3120	1486	2962	-3950
15672	5692	2160	-1205	955	-3378
15660	3256	3476	-2365	2223	-2711
15440	3780	3048	-700	366	-3992
16764	4932	3252	-3146	2289	-2444
14140	2988	3900	-1345	832	-3036
16972	5396	2340	-1642	-536	-3510
16144	4256	4144	-1744	1888	-2710
15216	4504	3276	306	-551	-3832
17088	6328	3088	-1049	318	-2860
15784	4892	3720	-975	203	-2378
16324	5100	3120	232	93	-2549
15884	6224	3292	-286	524	-2303
16628	6072	3280	-272	231	-2393
16360	5292	2692	815	422	-2252
15968	6064	3044	877	374	-1990
16772	6556	3552	1174	511	-2071
15500	6440	2772	1409	833	-1619
15736	6944	3348	905	296	-1216
16116	6852	2780	-274	1074	-725
15044	6516	3748	-74	1264	-422
15980	7176	2792	-245	-153	-602
16104	6592	2436	-1062	1483	285
14656	6216	3912	-545	1817	359
14848	6776	3220	-945	-48	543
16928	6972	3184	-2184	1079	738
15292	5616	4228	-993	1902	528
15692	6668	3900	-413	-533	282
17516	6928	3368	-1844	644	564
15568	5308	4492	-729	1432	234
15480	6580	3936	145	-1057	-122
17324	7036	3448	-1685	74	418
16132	5584	4604	-117	736	28
16496	7280	4028	1026	-713	-199
16544	7840	3276	-512	109	810
16100	6636	3796	-799	-34	814
16500	6892	3820	-466	282	769
15676	6704	4088	-1024	251	1251
16764	6548	3712	-1625	-405	1033
16960	5896	3860	-1528	471	790
16164	5928	4040	-1172	124	216
16840	5876	3792	-1411	-300	-132
16876	5772	3848	-396	-86	-893
17064	6652	4068	-103	-165	-1567
17432	6216	4108	107	-134	-2116
17740	6752	4172	1167	-166	-3020
17752	7380	3812	980	-29	-3314
17812	7900	3688	778	-57	-3696
17236	8192	3932	420	-25	-3709
17048	8296	4132	477	-138	-3805
16404	8428	3884	890	-587	-3578
16724	8960	3776	671	-710	-3223
16152	8380	4168	1066	-613	-2572
15804	8588	3972	1246	-1224	-2162
15884	8576	3128	438	-1591	-1643
16052	8440	3352	-214	-1106	-1144
15572	8240	3316	-756	-727	-752
15460	7648	3204	-952	-727	-374
15464	7504	3336	-504	-444	-280
15212	7532	2548	-390	-128	-186
14784	7392	2780	-496	269	84
14584	6892	3060	222	-407	251
14780	7124	2992	798	-403	377
14232	7100	2712	1403	-552	376
14508	8044	2732	901	-997	732
14684	7652	2220	-652	-1046	1322
15284	7388	2424	-414	-701	1262
14136	7264	2232	-46	-921	1506
14896	7696	2564	-742	-1294	1711
15000	6512	2068	96	-1078	1585
14804	7204	2044	1396	-411	1799
14364	7156	2508	1225	-1167	2229
15264	7268	2004	1345	-1287	2655
14188	6968	2300	1986	-329	3116
13224	7236	896	1231	-1571	3426
15456	7096	1900	-366	-334	3930
13676	5380	1932	1519	394	3624
15572	6908	1436	1531	-636	3812
14392	5188	1900	1306	1064	4277
14288	4900	1820	2456	-277	3639
14588	5956	1700	2707	438	3615
14096	5828	1396	1636	-818	3880
16172	5704	1912	1320	-1138	3624
15056	4848	2000	1405	586	4069
14076	5700	1776	955	-1803	3454
16232	5304	292	-953	-2032	4586
16360	4044	1952	8	82	4586
15284	4412	2464	1895	-1080	3784
16348	4412	628	1063	-1612	5000
15752	3528	2656	2867	-345	3939
15356	3968	344	2401	-2163	3721
16908	3496	604	1514	-1490	4575
15776	3392	976	1715	-801	3857
16196	3660	-44	575	-2695	4403
17564	2140	144	354	-242	5392
15692	2148	964	1524	-424	4310
15860	2488	-604	237	-2325	4666
16260	1380	-268	-158	-371	4652
15636	1868	508	-765	-1695	3381
15584	960	-576	-698	-2113	3054
16448	1700	544	-286	-322	2449
16016	1396	-72	-1053	-1324	1240
16772	224	-332	133	9	712
16120	1748	-492	834	499	-459
15348	1496	48	-967	226	-712
17508	1168	-1048	296	496	-1443
16332	2300	-124	-846	1881	-1389
16432	848	-44	-1438	1153	-1583
16872	1680	-576	-67	1380	-1790
15864	1812	152	-946	2122	-1660
16180	1912	392	-957	1050	-2373
16136	1668	16	-1239	1764	-2542
15252	1848	1104	-1375	1694	-3075
16360	1936	48	-1466	1292	-3314
15700	2680	1040	-1625	2351	-3535
16060	2588	408	-1849	719	-4072
16576	2220	716	-1327	2432	-3547
15692	3584	2424	-1592	2010	-4211
16536	3556	308	-2111	1160	-4100
17056	3272	700	-1435	2062	-3482
15860	3340	1744	-1555	2040	-3179
16924	3396	1580	-1549	938	-3391
16668	3588	1284	-1206	1885	-3120
15988	3768	1692	-850	1325	-3006
16328	4428	2124	-1572	909	-3480
16156	4044	1884	-2148	725	-3097
15984	4064	1828	-1990	964	-3205
15328	4196	2112	-2181	731	-3195
16228	4176	1452	-1536	734	-3295
15328	4556	2176	-466	1802	-3571
14584	5096	1672	-814	931	-3700
15716	5328	1604	-1729	1237	-3164
15164	5320	2908	-1276	1738	-3445
14792	6372	1916	-2230	673	-3114
15732	6520	1952	-3292	1051	-2263
15340	5464	2964	-2905	2061	-2099
14184	5568	3416	-2129	1150	-2068
16172	6488	2364	-2414	805	-1871
15184	5672	2920	-1254	1933	-1511
13992	5988	3436	-426	137	-1873
16708	6820	2348	-2107	-141	-1726
15820	5836	3932	-552	1501	-1545
14736	6584	3040	264	-1099	-1922
17252	7584	2528	-2439	111	-1017
15352	5284	3808	-715	997	-1095
15372	7252	2996	1005	45	-1687
15852	7924	2932	-1758	776	-464
15344	5412	3784	-974	846	-441
15012	5948	3192	690	219	-1371
15428	7120	3364	-952	1149	-1024
14472	5568	3756	-57	916	-1038
15384	7400	3156	976	-553	-1586
16088	7704	2892	-446	702	-883
14852	6712	3516	725	687	-774
15728	8480	2944	436	-283	-717
15584	7612	2424	-1424	851	522
14908	6836	3836	-836	1090	337
14964	7236	3360	-706	65	558
16340	8144	3080	-1271	854	937
15396	7380	3764	-806	1366	1224
15252	7296	3984	-75	-123	1483
16252	7568	3564	-424	-121	1739
16516	7004	3572	-772	827	1690
14760	6580	4144	48	1083	1973
14916	7024	3888	-386	-624	2238
16328	6844	3328	-268	-98	2249
15320	7016	4356	-66	923	2507
15712	6896	4300	-665	-1148	2534
17608	6256	3408	-750	-309	2418
16396	5988	4168	-88	399	2024
16352	5916	3448	-573	-926	1831
17100	5812	3144	-509	-146	1444
16524	5976	3740	-627	234	627
16988	5624	3428	-44	2	63
17108	6380	3524	725	244	-417
17076	6592	3384	746	175	-860
17608	6980	3484	960	193	-1460
17744	7356	3756	510	296	-1734
17884	7548	3932	162	234	-2190
18128	7756	3704	187	-38	-2695
18172	7780	4320	360	-4	-3153
17856	8116	4372	1563	-740	-3953
17788	8516	3528	2278	-1275	-4120
17012	8340	3324	2086	-1289	-3644
16744	8052	3540	1498	-1644	-3800
16476	7816	3024	945	-2029	-3643
16484	8200	2676	128	-1753	-3434
15680	8120	2712	-918	-1507	-2973
15756	8228	3220	-820	-1492	-2918
15832	8244	2740	-637	-1561	-2424
16360	8468	2348	232	-1029	-1933
15876	9132	2168	383	-473	-1518
15432	8740	1916	-176	-588	-631
15832	8680	2200	-461	-395	-166
15496	8080	1804	-106	-204	484
14516	7752	2428	593	96	1155
13400	8204	1468	3	-594	1940
14872	8200	1908	-1798	-312	2565
14924	7100	2444	-1367	326	2685
13916	6772	2068	348	-752	2715
16128	8256	1440	313	-783	3050
15552	6808	1952	548	556	3899
14228	6220	2172	2086	-119	3740
15148	7336	904	570	-101	3969
15572	6184	1988	119	1471	4571
13744	5912	2820	2140	1026	4354
13832	6092	1188	1408	-916	4928
14812	4728	2072	1401	590	4786
12840	4928	2516	2641	-97	3796
14684	5808	1664	1539	-1729	3947
15052	4644	2112	1612	-329	4304
14400	5140	2264	2590	-1806	4144
15432	5200	1232	1987	-1980	4811
15452	4240	1096	1387	-1217	4954
13064	4852	1156	1569	-1205	4339
14636	4700	836	-1514	-2302	4283
16708	3732	920	63	-810	4622
14088	4716	1240	942	-304	4226
15924	4200	1044	-1831	-2828	5149
16980	1680	640	819	-1186	4753
15172	4016	1952	1771	25	3201
15304	3508	152	-1186	-3452	4065
16924	1924	912	-318	-1389	3858
15700	3068	560	77	-1987	3333
16540	3380	268	-2350	-3247	3705
17588	1300	-432	-2373	-1682	4027
15028	2296	1284	-1258	-1136	3168
15800	1740	-508	-1952	-3736	3262
17332	604	-1188	-206	-1634	3814
15752	1652	904	1158	-1085	2032
17368	516	-1004	1351	-2153	2029
17504	-232	-728	3843	487	1779
15112	1796	-468	2796	-884	1290
17200	344	-1096	1425	-1371	1224
17436	96	-1104	2659	362	1028
14784	2568	-176	-151	-313	-126
17156	-72	-1652	-2713	-1987	654
17512	-220	-604	435	681	-83
15204	2668	-388	-1523	-1205	-458
17512	-468	-2076	-2022	-804	338
16860	800	-892	924	523	-756
16644	1460	-1644	-1191	268	-377
16540	-200	-1664	384	866	-716
16520	1732	-1180	214	1710	-894
16400	528	-512	-49	1887	-1510
15900	932	-1088	549	2205	-2244
15552	1328	-364	-607	2437	-2813
15688	1616	68	-1157	1704	-3993
16708	1112	-300	-1360	2651	-4042
15936	1716	128	-1076	3190	-4532
15692	2556	-92	-2106	1875	-4664
16876	1512	-352	-1810	2304	-3938
16616	2428	508	-1343	2848	-4355
16328	2796	528	-1318	2243	-4397
16696	2968	-56	-1385	2614	-3980
16668	3036	1596	-502	2572	-3836
15764	2924	368	305	2590	-4191
15576	4480	1036	-1198	1709	-3887
15892	3372	548	-1859	1253	-4302
15328	3492	1108	-2250	2062	-4102
14032	4584	1108	-3049	243	-4253
16452	5316	868	-5111	-11	-3632
15524	3852	1604	-4070	1167	-3869
14452	4640	1272	-3435	312	-3844
16612	4800	2124	-3541	1059	-3830
14808	4340	1804	-1554	2158	-4043
15080	6260	1404	-1726	53	-4153
16784	5968	1572	-3018	2478	-3162
13980	5012	2316	-1002	1870	-3042
15652	7564	1144	-2820	-587	-2689
16340	5684	2140	-3867	1796	-1719
15056	5144	2880	-1368	1004	-2375
16436	7200	2688	-2976	777	-2039
16476	5836	2792	-3390	1138	-1695
15884	6028	3184	-1930	404	-1966
16512	6616	2656	-3661	249	-1670
15764	5468	3912	-2257	732	-1760
15680	6240	3216	-467	-1018	-2346
16300	7080	2464	-1645	-206	-1615
15468	5652	3860	-268	422	-1767
14932	6728	2892	690	-982	-2193
16440	7236	2428	-1347	-43	-1632
15096	6472	3280	-381	1037	-1779
14916	7992	2264	-712	-283	-1727
16120	8472	2032	-3813	1370	-675
15100	6112	4188	-2502	1925	-801
14740	7604	3520	-111	-126	-971
16456	9128	2332	-1603	1089	-22
14716	6876	3852	-1142	1834	183
14656	7528	3824	-98	-567	-25
16228	8256	3424	-1618	756	337
14456	6328	4600	-640	1438	391
14340	7544	4476	692	-874	254
15968	8096	3344	-1168	-887	847
15172	6688	4164	-730	-335	1030
14604	7624	3728	-646	-1521	1316
15492	7808	3316	-2855	-1440	2042
15576	6352	4192	-2883	-174	1856
15080	6496	3816	-883	-197	1462
16084	7460	3064	-1395	2	1545
15396	5760	3700	-641	963	1838
14896	6344	4352	1665	190	1321
15668	6696	2912	1528	-635	1585
15808	6672	3484	750	554	1976
15444	6328	3452	-42	-502	1715
17236	6172	2696	-965	-994	1620
15844	5828	3896	-1652	212	1782
15184	6120	3596	-2158	-1621	1151
16568	6320	2136	-2991	-1584	1169
16240	6240	3552	-3731	-11	1205
15892	5224	3512	-3483	-767	706
16960	5556	2844	-1834	-808	574
17068	6548	3516	-1418	285	390
16688	5412	3644	-516	205	201
16964	6316	3680	1311	-273	-270
16964	7056	3680	250	676	-303
16336	5968	3872	-145	769	-337
16176	6300	3852	-16	435	-200
15948	6192	3848	-843	330	88
16200	6136	3768	-726	64	-28
16552	5776	4008	-623	143	-73
16456	5608	4240	-31	155	-366
17096	6288	3764	445	-151	-906
17032	6100	4028	341	604	-1103
17088	6172	4104	1014	279	-2080
17880	6692	4092	1355	622	-2643
17848	7160	4312	1846	1137	-3214
17520	7392	3828	2041	412	-3409
17292	7956	3824	2159	693	-3444
16320	7936	3528	1265	101	-3078
16368	8056	3424	555	-56	-2594
15948	7700	3604	-227	-211	-2112
15836	7460	3692	-273	-520	-1779
15204	7408	3100	231	-1131	-1564
15884	7972	3196	708	-1270	-1342
15908	7728	3048	674	-763	-1167
15804	7640	2672	1198	-889	-922
16016	8160	2460	1141	-719	-572
16280	7960	2676	828	-223	-242
15740	7532	2628	815	-274	116
15948	8188	1904	824	-1153	414
16904	8108	2136	-96	65	845
14788	6596	3212	1030	611	1343
15192	7612	2176	1732	-1439	1445
16380	7772	1384	274	423	2254
14404	7156	3064	632	1285	2712
14000	6612	2032	-49	-999	3112
16424	6496	2816	-697	267	3416
13904	5176	2540	1025	428	3486
15236	6284	2008	956	-1190	3304
14996	5308	2380	627	221	3666
14212	5000	2764	2239	-304	3027
15520	5776	1044	2258	-447	3247
15596	5444	2292	1837	883	3778
14824	4508	2860	2674	75	3222
15764	5028	1988	3146	331	3169
14320	4892	2812	3150	116	3345
16152	5164	2420	2749	-1314	3430
17292	4676	1532	3080	-223	4247
14372	4052	2836	3960	759	4644
14476	3816	2100	2718	-1640	3951
15596	3676	1736	2377	-429	3787
13996	3436	2500	2469	-93	2786
14084	3828	1196	854	-2218	2895
17056	3900	752	542	-2845	2847
16032	3460	1184	525	-670	3096
15364	3344	1044	-222	-1713	2862
16808	3508	152	-153	-1498	3184
17164	3088	1144	212	-751	2957
16508	2760	1136	1916	-1190	2969
16832	2052	-276	2300	-230	3887
15444	2088	932	3123	104	3524
16400	3752	116	1900	-1478	3249
15888	1824	672	1169	-1193	3393
15076	2240	-160	1666	-1512	2898
16364	2796	-216	-188	-2921	3972
17364	1312	-496	265	-1943	3472
16036	2152	-772	282	-768	3174
16364	2024	-448	-1123	-984	3366
16680	40	-1036	174	-633	3068
15892	1936	128	849	741	1563
15796	1248	-652	-595	-930	1641
16132	644	-868	2	65	465
16352	1460	-476	-998	225	213
16088	1256	-120	-1657	642	-166
17696	944	-172	-1770	694	84
16884	380	508	-23	1925	-755
16304	1396	248	-804	159	-294
17748	348	112	-241	850	-281
16204	608	564	487	1331	-529
15960	1448	36	-282	479	-492
16560	1016	1036	-1671	1085	-628
15980	804	880	-1137	639	-1591
16128	1616	420	-2550	1080	-1619
15240	964	840	-3253	794	-2498
16208	1084	124	-3070	381	-2962
15724	1456	1008	-3063	1800	-3553
15460	1916	924	-3566	894	-3917
17172	1152	348	-3194	2039	-3788
14600	1460	1328	-2262	2302	-4442
16296	2916	1144	-2530	231	-4547
16572	1640	540	-1162	1559	-4272
15348	3020	1288	-883	1412	-5238
15892	2972	544	-2731	958	-4782
16884	2956	736	-2351	1636	-5082
16560	3312	844	-2491	2222	-4786
15872	3464	712	-2092	1390	-4497
17132	3748	2028	-1909	2323	-4232
15448	4292	1256	-309	2188	-4273
15764	5784	1064	-1847	373	-3903
16396	4604	2244	-3334	2060	-3166
14312	4100	2104	-1553	1667	-3825
15904	6292	1336	-3808	628	-3590
15000	4476	3080	-3440	1389	-3284
14908	5448	2604	-1807	139	-3747
16376	6028	2108	-3315	1149	-2904
15368	5292	3340	-1272	1800	-2838
14660	6628	2204	-455	89	-3013
16728	6980	2816	-2945	1669	-1975
14360	5088	3264	-629	1485	-2015
15804	6976	2776	-343	-308	-2318
15944	6764	3972	-1777	1659	-1394
15028	5700	3256	-539	57	-1441
16596	7328	2688	-1388	857	-1288
15212	6008	3912	-1911	1279	-993
16312	6460	3776	-701	531	-1497
15000	6448	3336	-1006	647	-1081
15964	6404	3412	-1255	-321	-992
16180	6696	4064	-27	654	-1029
15084	7072	3228	-46	-692	-961
16156	7480	2956	-1447	-522	-270
15848	6612	3304	-883	-119	-204
15448	7720	2968	-814	-903	-184
16468	7244	2684	-2810	-148	266
15704	5572	3768	-1817	572	-2
16120	7164	3220	-507	-254	-911
16212	7212	2816	-1403	825	-259
15012	6308	3508	-300	439	-274
15840	7512	3604	89	-488	-444
15940	7172	3224	-530	243	219
14592	7144	3604	16	-165	338
15248	7804	3272	-1169	-612	635
14828	6316	3448	-1013	-74	1053
15384	6892	3452	-775	-649	752
15800	6736	3532	-1304	44	945
15776	6164	3444	-769	-166	566
16304	6576	3476	305	-5	182
15856	6804	3400	640	29	81
15688	6908	3008	689	-317	109
15628	6616	3092	332	448	313
14244	6756	3272	34	415	638
15008	6964	3272	-785	-657	828
15844	6520	3080	-1536	567	1161
14588	6272	3676	-1337	509	1182
15456	6400	3224	-1490	-504	1468
16160	6708	3320	-1487	600	1707
15948	6264	3904	-1409	590	1445
15992	6200	3256	-751	9	1299
16652	6972	3436	-1095	444	1369
16276	6216	3536	-1758	745	1267
15844	5632	3736	-883	147	1316
16056	6692	3200	-1257	-289	1174
16876	6008	3448	-2194	477	1157
15940	5180	4060	-1057	612	598
16484	6124	3816	-799	-228	217
17124	5808	3592	-1077	408	89
16244	5500	4136	-511	322	-387
16556	6140	3940	-545	-171	-1020
16892	6132	3508	-871	78	-1186
16908	6052	3876	-924	452	-1354
16332	6132	4172	-433	304	-1522
16152	6216	3952	-124	-63	-1430
15700	6412	3588	3	-67	-1583
16028	6484	4184	-173	-77	-1786
15892	6296	3788	50	-215	-1619
16100	6820	3968	-19	-245	-1703
16084	6952	3636	-411	-42	-1712
16056	6872	3672	-652	41	-1539
15848	6940	4088	-537	-37	-1524
16296	7440	4132	61	-291	-1837
15820	7296	3304	2	-240	-1149
15752	7748	4488	-219	-497	-981
15768	6964	4008	-467	-883	-911
15668	6972	3960	217	-798	-1075
15808	7544	3832	-113	-1046	-934
16288	7052	3684	-258	-777	-930
16072	6948	3844	417	-445	-977
15820	7416	3680	500	-587	-813
16344	7480	3384	316	-494	-766
15688	7624	3048	580	-503	-416
15776	8124	3224	66	-600	-124
15828	8056	2828	-739	-884	430
16320	7488	3244	-1237	-289	879
15328	6920	2724	-746	-736	818
16488	7340	2372	-1282	-247	814
15340	6128	2624	-865	822	1097
14748	6100	3272	257	117	947
15336	6500	3228	639	308	966
15808	6232	2900	1452	466	677
15188	6468	2548	1707	539	730
15528	6712	2688	600	202	965
15576	5668	3152	805	461	1210
15428	6436	2860	1266	505	1188
14508	6456	2776	285	136	1719
15152	6040	2508	-487	-43	1672
15532	5772	2652	-365	1003	1570
14840	5648	3740	57	982	1430
15436	5472	2660	555	99	1253
15256	5616	2552	1383	713	1407
15204	6544	2768	1611	-448	1196
15984	5564	3072	1459	405	1305
14344	5412	2628	2381	-77	1070
15572	6536	2296	946	-780	1344
16464	5776	3260	337	800	1548
14948	4972	3120	1652	613	1169
16368	6532	2536	770	23	1683
15896	5320	2760	262	683	2531
15556	5068	3560	1864	414	2167
15708	5888	3032	1507	-356	2295
15772	5092	3352	897	-197	2605
15424	4400	2764	894	-633	2297
15292	5148	2784	565	-669	2236
15912	4432	2820	192	-965	2460
15396	4564	3236	943	-1252	1952
15764	4792	2036	753	-2538	2062
16936	4524	2136	792	-1550	2741
14812	4688	2596	1507	-2348	2168
16144	4288	1196	158	-2845	2585
15660	3684	1244	814	-1695	2634
15288	4412	1904	618	-1740	1879
16280	4160	668	228	-2144	2305
16688	2952	652	1740	-971	2649
14256	4420	1476	2378	-1276	2039
16340	4080	-376	744	-3148	3217
17096	3164	544	2579	-749	3039
16328	3832	692	2117	-816	3073
15540	2588	680	2471	-552	2646
16528	3436	296	2754	-425	2377
16748	2740	928	3885	4	2347
16620	2708	-240	3832	497	2405
15372	2396	888	3637	510	2641
17116	2652	-172	3039	-791	2860
16392	2388	768	2323	408	2570
16684	2696	812	1160	-887	2328
16096	1628	456	850	-489	2196
16876	2244	668	111	-799	2581
16316	1488	288	-14	-905	2049
16072	2184	216	-932	-1409	1600
16532	1044	-500	-1127	-342	1797
15600	2264	1148	-1392	-221	964
16388	736	-340	-1097	-592	336
15904	2452	536	-1625	1015	-548
15204	812	-104	-1743	-92	-1119
16412	1832	32	-1225	754	-1719
16440	1656	492	-1542	934	-1901
16400	1984	-184	-1094	1133	-2198
16052	2532	400	-1963	836	-2000
16240	2272	72	-2384	1026	-2216
16072	2348	592	-3072	1099	-2123
16700	1784	68	-2640	1000	-2081
15480	2516	712	-2870	1669	-2387
16220	2448	288	-3379	231	-2585
16376	1828	712	-2645	2013	-2673
14784	2588	1100	-2612	1017	-3561
16392	2224	684	-2729	718	-3156
16384	2740	848	-1034	1881	-3545
16076	3228	1256	-1847	1263	-3513
16804	2584	416	-918	1859	-3393
16112	3800	1544	-539	2494	-3573
16328	3576	1080	-2307	1765	-3576
15848	3584	1828	-1097	1810	-3740
15916	4448	1228	-2061	728	-3331
16364	4356	2604	-3226	896	-2973
16148	4604	1568	-1944	-173	-3231
15928	5016	1404	-3044	643	-2688
15940	3860	2124	-3506	415	-2672
15776	4036	1588	-1782	585	-3148
16400	5152	1976	-1371	1097	-3274
15492	5116	2888	-1486	1347	-3385
15016	4964	1952	-1248	-158	-3478
16416	4780	2016	-1642	571	-3064
15064	5628	2864	-12	545	-3421
15340	7072	1352	-1537	-991	-3120
16328	6256	2560	-3260	1325	-2314
14956	5024	3324	-1625	394	-2711
16472	6916	1824	-1842	-14	-2607
16260	6020	3320	-2328	1528	-2358
14704	5224	3116	-850	112	-2809
16092	7144	3164	-1471	-138	-2959
15320	6412	3204	-1478	619	-2647
14368	6700	2772	-382	-979	-2845
16288	8108	2732	-1429	-461	-2389
14968	7016	2616	-710	425	-1962
14772	8228	2200	-185	-435	-1558
15240	8308	2476	-1633	242	-874
15008	7116	2840	-832	680	-649
15120	7816	2552	274	1088	-548
14128	7840	2820	78	215	273
16268	8196	2780	284	173	31
15836	7364	3476	1330	2022	169
14688	7876	3544	1931	906	616
16540	8944	2220	129	169	767
16444	7556	3484	-715	2640	1367
14400	7448	3536	512	666	937
16780	8932	2452	-1618	103	1363
15968	6748	3304	-2152	1754	1661
14280	6152	3712	272	556	699
15608	7544	2644	-262	-888	810
16084	6312	3444	-295	492	938
14556	6228	3432	1846	-158	176
15800	7976	2356	1463	-526	329
15604	7364	2888	349	922	960
14992	7124	3308	1092	429	790
15736	7480	2636	877	322	1228
15300	7460	2744	12	1175	1850
15308	7232	3312	-563	788	1960
15616	6792	2924	-534	615	2256
16188	6904	3248	-808	622	2050
16352	6452	3132	-924	958	1865
15932	6412	3232	-526	941	1790
15756	6396	3704	-677	598	1792
15764	5912	3544	-93	328	1596
15852	6464	3120	389	-22	1440
16540	6520	3152	-646	129	1484
16296	5700	3304	-596	716	1257
16184	5864	3272	-470	256	871
16428	5908	3156	-698	513	771
15576	5676	3340	-329	509	430
16228	6028	3188	-270	-172	207
16364	5692	3516	-273	514	209
15868	5728	3760	101	127	-76
16832	6032	3184	31	70	-355
16272	6032	3584	-186	721	-434
16188	5984	3636	-243	-47	-843
17296	6464	3328	-567	-54	-1192
17212	6612	3552	-806	310	-1623
17352	6944	3328	-513	-34	-2236
17900	7332	3224	-528	304	-2720
17316	7140	3904	-185	644	-3165
17132	7296	3864	709	-51	-3745
17256	8176	3656	1148	-90	-4048
16628	7844	3852	1006	-123	-3837
16092	7832	3840	1340	-507	-3873
16008	8524	3960	738	-458	-3786
15532	8172	3568	305	-707	-3381
15608	8352	3368	101	-546	-2819
15012	8200	3684	-341	-548	-2141
14664	7840	3256	-263	-1072	-1691
15092	8176	3060	-621	-1418	-1082
15452	8308	2868	-1328	-1280	-900
14940	7580	2568	-1493	-1407	-608
14944	7852	2724	-860	-1564	-498
15136	8212	2516	-1127	-1407	-221
16124	8148	2204	-990	-1351	-370
15300	8088	1872	-859	-349	-54
15220	8260	2220	-983	28	-101
15540	7856	2608	-705	776	-43
14456	7592	2888	324	1250	130
14776	8244	1936	-412	400	308
14828	7828	2360	-1051	1773	935
13016	7372	2708	-585	1406	1211
13676	8148	2756	-1091	-26	1670
13940	7816	2072	-2185	190	2262
15060	7128	3248	-1984	622	2344
14136	7320	3668	-704	652	2493
13872	7376	2876	-1020	-651	2937
15440	6592	3468	-937	515	2866
14440	6492	3924	340	1013	2635
13964	6660	2996	764	957	2579
14364	6612	3324	521	1221	2725
14476	6732	3996	985	709	2714
14496	6540	2544	-193	-371	3032
15296	5516	3380	-214	1003	3146
13820	5744	3256	250	298	2516
15840	6320	3556	-394	105	2762
15352	5328	3364	1104	241	2460
16860	6476	2888	1617	-255	2549
16744	5952	3164	2168	193	3247
16456	5432	3300	2327	342	3641
15224	5740	3672	1632	-432	3588
16328	5488	2544	288	-1576	4022
16140	4560	2660	-112	-343	4375
14304	4388	2976	598	-1383	3696
15924	5076	1572	-1641	-2391	4453
17548	3528	2316	-848	-410	4758
14660	2648	3220	1598	616	3329
15996	5032	2348	955	-1506	3586
17304	2616	2316	1384	-611	4054
14996	2748	3192	4044	695	2954
13848	4564	1328	827	-2725	3183
16748	2948	1948	-1086	-2311	4092
17248	3212	1764	524	-1629	3525
15332	3296	1768	-1210	-1508	3687
16988	2648	1148	-1410	-2350	3958
16132	1900	1792	-961	-114	3769
15392	1768	2716	-413	-2027	3215
15880	1792	848	-162	-2817	3201
16600	1444	2288	-151	-1789	2958
15992	1724	1568	867	-2876	1836
17016	1624	1732	424	-2229	2086
15764	588	808	1404	-1550	1717
16820	2404	1360	677	-1278	1014
16448	888	748	512	-1301	975
16340	1852	1080	-74	-330	204
16316	808	-104	-988	-1883	432
16568	1472	828	26	510	172
16496	1468	-356	-1383	-1249	63
17536	496	684	47	630	-95
16924	1680	384	1028	318	-508
16332	1244	552	48	140	-244
16740	1076	4	702	268	-460
16344	2100	28	-333	587	-417
16284	1480	632	-1571	472	-251
16692	1708	188	-1836	712	-756
15900	1544	1032	-2383	1489	-900
15480	1356	1016	-1897	1054	-1970
15640	1816	732	-2582	1594	-2337
15768	1508	1660	-1996	1811	-3342
15832	1688	616	-1772	1596	-3678
16516	2292	1256	-1783	2461	-3793
16008	2252	1196	-1398	1715	-3859
16332	1848	1020	-1223	3038	-3893
15088	2836	1496	22	2337	-4019
15568	3464	1024	-1276	2262	-3996
15336	3252	2044	-1538	1460	-4300
15324	3576	952	-2035	1218	-4268
15632	4296	1912	-4424	788	-3688
15728	3288	2124	-5236	683	-3514
16348	4340	2300	-5479	150	-3427
16576	3296	2276	-6145	1204	-2606
14996	4228	3168	-4012	205	-3276
17088	5124	2536	-5437	34	-2556
16132	2120	3448	-3172	1716	-2607
14208	3688	3108	-214	-570	-3846
16872	4988	2296	-1981	-738	-3153
15304	4264	3616	-932	392	-3289
14856	5260	2708	-1034	-1414	-3883
16160	4908	2580	-3387	-480	-2791
15060	4060	3060	-2279	-376	-2919
14580	5568	2096	-2035	-1469	-3065
16748	6280	2456	-3541	544	-2582
15128	4848	2792	-1649	925	-2569
14920	5520	2112	-715	-383	-2458
16788	5872	2788	-1340	971	-2250
15568	4900	2912	1491	1133	-2615
16060	6576	1956	1878	197	-2564
16852	6652	3048	196	1719	-2113
14896	5592	3496	1858	1032	-2304
15764	7244	2684	2263	-825	-2428
17052	7844	2156	464	1029	-1883
15068	6604	3396	375	1441	-1348
14144	7300	3076	522	-512	-1056
16132	7880	2888	-1293	-181	-839
15704	6784	3492	-615	943	-429
14460	7212	3576	449	-115	-463
15796	7500	3016	-997	-773	-24
16820	6708	3092	-881	729	27
15076	6556	3332	-60	487	-262
15920	7620	2540	-1130	-619	-37
16900	7284	2968	-1509	874	88
14664	6656	3856	406	699	184
15048	7880	2672	1509	-1692	460
17020	8928	2360	568	-112	1156
14576	7496	3096	616	681	1770
14724	7940	3392	708	-1481	2364
16292	8124	2460	-911	-1173	3083
16052	7504	3560	-1283	110	3385
15920	6828	3456	-1564	-761	3580
16624	6264	2992	-1354	-709	3855
16608	6460	3352	-670	-577	3398
16172	6204	2340	-391	-1286	3403
16836	5996	2756	-587	-924	3503
16816	5632	2912	-206	-782	2867
16740	5384	2408	686	-1023	2539
17212	5744	2004	241	-841	2216
17328	4428	2268	-65	109	1991
16340	4824	2772	979	-308	1222
16984	5380	2028	150	-775	937
16492	4248	2104	-219	153	1093
15848	4480	2488	369	-602	685
16656	5028	1700	-219	-880	633
16776	4692	2048	-597	117	585
16700	4888	2156	-757	-182	112
17256	4652	1648	-1048	282	47
16944	4816	2248	-721	853	-433
17264	5204	2056	-347	410	-818
17464	5444	1768	-237	1044	-1107
17248	5468	2476	-86	1163	-1690
17496	5832	2008	103	1033	-2075
17452	6096	2180	-357	1063	-2241
17364	5760	2112	-526	999	-2399
17320	6216	2416	-655	1261	-2984
17328	6256	2840	-815	1045	-3260
17564	6588	2684	-724	986	-3532
17228	6912	3272	-460	1255	-3793
16972	6944	2768	307	332	-3811
17196	7604	2744	485	434	-3833
16428	7076	3540	912	552	-3651
16184	7192	2980	1186	-392	-3679
16368	7768	2676	-20	-2	-3287
15400	6932	3060	-805	48	-2723
15728	7172	2908	-615	-619	-2990
16172	7648	2664	-1150	-90	-2879
15496	7644	2644	-1471	48	-2467
15416	7736	2292	-1495	-329	-2181
16448	8020	2964	-1137	215	-2003
15528	8116	3864	147	633	-1905
15244	8076	2376	483	-837	-1120
15480	8680	2140	-6	40	-396
14904	7932	3344	-1173	411	389
14848	7592	2748	-886	-979	467
15960	8540	2080	-1936	-564	1053
15024	7880	2164	-2948	-10	1941
15032	7272	3192	-2206	357	2174
14836	7072	3148	-1296	55	2396
14260	6640	3740	94	-50	2615
13960	6868	2468	923	-1138	2681
15368	7108	2520	992	-790	2791
14364	5968	3224	1080	552	2942
13776	5668	2504	1890	-1097	2543
15952	7092	1904	643	63	2804
15084	5960	3112	646	1260	3163
14668	5600	2440	2029	47	2996
15464	6136	1884	1602	738	3479
14112	5044	3016	1988	1513	3617
15436	5616	2804	2987	26	3140
14672	5832	1928	3272	260	3417
15124	5104	2536	2181	-33	3535
15128	4716	2704	2888	246	2984
14304	5296	2380	2269	-87	2811
15692	5272	1628	457	-578	3113
15988	3860	2016	958	477	3130
14548	4708	3048	2611	1	2363
16016	5148	1456	433	-807	3098
15976	3776	2152	1074	83	3343
15844	4696	2752	1828	-687	2657
15648	4352	1972	1235	-859	2930
17556	4560	1344	1215	-850	3439
16316	4352	2708	2586	72	3392
16660	3472	772	1354	-1760	4740
16956	2804	1648	1754	186	5482
14596	3664	2848	1823	-1027	4072
16240	3012	512	-442	-2815	4677
16092	1536	940	92	-714	4571
15772	2512	1648	330	-1318	3708
17184	2452	460	-1034	-2421	4056
17140	552	340	490	-1190	4458
16844	1400	1648	1854	118	3645
15480	608	780	1799	-2288	3967
17704	1012	-416	1661	-1080	3795
15592	916	1340	1805	-944	3227
15564	1096	-556	1041	-2617	2460
16192	1632	-792	-751	-2278	2838
16912	248	164	-600	-474	2288
16300	272	-452	333	-831	1440
15748	1104	-160	-227	500	964
15868	612	116	-1015	-806	77
17140	-148	-228	70	1021	-847
15376	1648	408	-146	508	-1703
17564	504	-448	-1578	1038	-1320
16740	428	116	255	1498	-1520
16616	2348	128	-1244	897	-851
17276	492	336	-1445	671	-407
16680	1440	364	73	1503	-418
16456	1660	936	-1695	919	-131
16896	236	440	-391	1004	-626
16100	1108	936	574	1683	-1054
16252	1336	888	-132	895	-1360
16644	892	632	-474	1845	-1668
16048	1008	1348	-602	2018	-1999
16188	1548	504	-2335	1731	-1877
16508	864	1352	-2669	2048	-2011
15976	708	1204	-1394	2136	-2638
16196	1396	1004	-1862	1590	-2977
16696	1196	2116	-2057	2143	-3041
16020	1580	880	-596	1560	-3587
16148	2944	1676	-2438	1956	-3044
16264	1000	2032	-1579	1120	-3092
17200	2728	1540	-221	1869	-3320
15932	2988	2144	-1495	911	-2686
16656	2312	1532	-1671	1306	-2867
16292	2788	2848	-1703	1460	-2860
16388	2952	1752	-2822	841	-2917
16648	2052	2800	-2859	2058	-2712
14924	2492	2520	-1291	867	-3389
16088	4712	2396	-3639	-526	-2989
16720	1976	3348	-3527	505	-2819
14712	2900	3076	-1182	265	-3785
16016	4524	2888	-3963	-108	-3128
15748	2340	2916	-2884	135	-3541
15444	4016	2604	-1045	171	-4273
15212	4156	2644	-2730	98	-3742
15572	3588	2876	-1741	708	-4044
14860	4156	2676	-452	-134	-4459
16768	5368	2168	-1423	384	-4172
15536	4444	3484	-696	1912	-3864
13548	5052	2992	-137	95	-3960
16828	6528	2772	-2734	120	-3275
15020	5264	3908	-1050	1176	-3187
14428	6576	2532	-683	-1568	-3089
16440	7092	2572	-3810	-252	-1952
15668	4860	4464	-2164	366	-2202
15480	6012	3076	759	-1011	-2779
16472	7500	2852	-1217	182	-2004
16104	5844	3580	-1319	462	-1733
16320	6560	3084	21	101	-1870
15972	8192	2820	-2008	532	-850
15620	7408	3264	-3391	15	-116
15356	7188	2876	-3584	-670	126
16000	7204	3172	-4610	-135	532
16024	6116	3864	-3778	240	384
14512	5680	3840	-1362	-748	333
15436	6860	3192	-386	-1953	317
16668	6668	3028	-297	-685	422
15104	5964	3292	995	-347	449
15600	7208	3536	1313	-1165	550
16440	7140	2836	700	-747	656
16188	6840	3160	1387	658	1019
14992	7024	3432	1243	-219	1467
16880	6820	3036	133	-839	1650
16804	6136	3540	809	493	1421
15708	6264	3496	1416	-415	1351
16404	6556	2620	751	-1294	1657
16856	6184	2632	254	-331	1533
15848	5948	2820	368	-41	1441
16248	6392	2620	65	-618	1637
16812	6052	2704	-35	210	1523
15872	5528	3272	1238	342	1470
16504	5896	2920	1626	-751	1471
17124	5660	2588	1359	93	1367
15924	5444	2920	1628	98	1233
16584	5936	2372	1084	-855	794
17028	5512	2264	15	134	695
16756	5352	2692	102	89	409
17056	5388	2452	243	13	25
16420	5396	2268	564	257	-126
16596	5620	2152	788	-34	-425
16760	5476	2060	876	189	-732
16396	5492	2208	1158	443	-1154
16432	5760	2224	1382	-9	-1474
16712	5876	1928	1356	233	-1643
16224	6184	2088	954	466	-1784
16140	6256	2068	506	343	-1734
16072	6520	2216	172	-23	-1704
16336	6680	2148	-592	169	-1595
15976	6640	2488	-676	461	-1648
16208	6968	2064	-940	60	-1592
16748	7220	2040	-1030	339	-1677
16492	7356	2312	-993	159	-1823
16656	7148	2404	-1072	-13	-1765
16720	7500	2340	-966	-284	-2176
16692	7752	2244	-941	-622	-2085
17172	8276	2772	-1062	-248	-2362
16528	7968	2600	-1236	-326	-2434
16880	7860	2568	-780	-372	-2513
16240	7664	2920	-493	-167	-2374
15696	7596	2840	-150	-850	-2471
16064	7900	2280	81	-1321	-2533
15568	7844	2020	-768	-1267	-2048
15632	7500	2600	-1552	-1585	-2072
15592	7536	2236	-1836	-1459	-2284
15392	7624	1636	-1976	-1277	-2134
15668	8480	1684	-1865	-899	-2056
15392	8528	1996	-1891	-213	-1693
15248	8372	2084	-1058	-235	-1301
15564	8512	1816	-256	-206	-879
15416	8584	1972	-292	492	-314
14376	7920	2260	-732	582	233
15436	8108	2028	-564	22	263
15836	8572	1452	-1208	1105	502
14204	8232	2220	-1941	1255	1254
15452	7968	2068	-2294	19	1362
15932	7460	2456	-1242	1332	1156
14324	7684	3116	-199	763	1282
15092	7892	1740	24	-189	1710
15648	7688	2232	-28	1136	2226
13744	7352	3248	504	981	2440
14896	7736	2496	106	-117	2690
14944	6976	2556	134	781	3090
14288	7272	3012	690	577	3103
14456	6608	1988	141	-358	3738
14704	5816	2888	611	594	3896
14652	5796	2672	1012	95	3537
15264	6516	2164	1382	39	3588
14892	5936	2660	1296	638	3897
14424	5404	2008	1426	-870	3840
15996	4960	2460	1767	489	3783
13844	4756	2528	2994	167	3287
15784	6160	1832	1512	-586	3362
14924	4912	1640	861	-135	3884
16284	4936	2208	1544	59	3911
15264	5148	2200	2625	-147	3625
16200	5748	1220	707	-648	4615
16120	3664	2172	619	902	5137
14724	3568	2592	1778	92	3677
16144	4764	1124	548	-1052	4448
16736	3020	1728	334	-24	5092
15320	3304	3032	1706	-557	3890
15340	3372	944	136	-1776	4546
17128	3436	2532	-103	-882	4589
15488	2456	1768	213	-1636	4557
16000	2812	1772	-110	-1933	4534
15020	1936	624	-74	-3959	4542
17492	1912	956	537	-1705	4813
15564	1808	1188	716	-1561	3938
16348	1424	312	-598	-2067	3996
16504	812	832	1285	-761	3351
15376	1424	916	1902	-1091	3020
15312	1384	84	862	-2352	2989
17312	1344	-120	97	-1442	2973
16652	136	196	1021	-654	2064
15888	1324	-244	864	-577	1685
16424	792	580	-740	-27	1830
16360	-448	344	190	382	1053
16368	876	264	-151	140	399
17208	-40	572	-930	990	99
16920	-468	152	647	778	-760
16388	576	1168	671	963	-645
17772	80	284	285	942	-876
16644	196	800	673	923	-886
16300	908	660	-619	705	-797
16628	340	496	-1766	105	-848
16684	636	608	-1810	952	-1064
16140	756	948	-2387	729	-1471
16784	584	524	-2224	948	-1921
16340	796	732	-2191	1421	-2464
16396	100	992	-1672	1339	-2737
17016	844	704	-722	1758	-3091
16376	760	1036	-694	2073	-3181
16260	1332	1240	-157	1621	-3753
16384	1400	892	-231	1511	-3500
16508	1396	1440	-444	1835	-3628
15868	1852	1372	352	1009	-4172
16696	3032	672	-505	1473	-3757
15624	2544	1736	-1762	1513	-3720
16100	2616	940	-2632	727	-3770
16656	2616	1928	-2859	1458	-3765
14932	3292	1556	-2741	653	-3762
16516	3680	1448	-5080	-61	-3118
16076	2036	3112	-3614	1477	-3654
15620	3776	1852	-2005	277	-4896
16940	4220	2360	-3170	1065	-3924
16436	2708	2472	-991	1732	-4087
15660	3944	2528	661	1264	-4714
16284	4000	2756	158	1327	-4305
15164	4208	1920	1177	948	-4281
16148	5688	1908	-119	766	-4196
15916	5332	2156	-1163	776	-4087
14828	5120	3004	-1251	554	-3699
15524	6416	2592	-3031	-346	-3600
15476	5736	3368	-4726	792	-2894
13720	5544	2888	-3459	-1492	-3340
16732	7424	2476	-5637	-681	-2501
15156	5164	4116	-4536	-40	-2277
15080	5848	3168	-1867	-1988	-2853
16840	7408	3144	-2097	-113	-2409
15276	5936	3080	107	-426	-2374
15300	7064	2476	1307	-1097	-2213
16056	7344	3376	-728	-599	-1774
15580	6060	2876	191	-720	-1952
15392	7156	2220	481	-717	-1840
15472	7640	2360	-2388	-469	-904
15752	6264	2840	-2752	23	-793
15708	6888	2316	-1570	-372	-1265
16592	7980	2260	-2008	638	-900
15704	6784	2652	-1051	950	-786
15308	7152	3124	1197	530	-859
15356	8184	2556	1625	108	-524
15124	7708	2788	1415	698	-110
14988	7184	3312	1179	332	-85
15716	7204	2964	1157	495	113
15072	7224	3280	1247	899	104
15076	7508	3064	1155	38	73
15680	7572	2388	-15	682	269
15544	6752	3228	394	1204	-295
15136	6740	2888	1435	621	-390
15612	7516	3180	1605	497	-361
15576	7020	2992	2090	328	-520
15004	7848	2692	2669	181	-334
15296	8728	2376	979	-235	151
15456	8008	2208	-592	158	740
14560	7600	2644	-407	139	1076
14972	8120	2328	-1045	-347	1603
15292	7728	2480	-2217	49	2248
15036	6732	2784	-1885	281	2101
15268	6648	2788	-1057	45	1997
15968	7152	2800	-703	-24	1826
16136	6520	2724	-443	370	1412
15948	6440	3028	573	97	1031
16392	7040	2760	1110	-316	482
16296	6784	2696	1433	100	271
15944	7012	2772	2100	-113	44
15564	7100	2128	1685	-321	311
15860	7000	1936	722	-183	774
15612	6804	2048	313	174	925
15500	6560	2360	-295	145	1119
15596	6432	2048	-324	112	1030
16136	6756	2132	-487	521	815
15832	6420	2536	98	953	609
15524	6408	2592	808	477	390
16208	6320	1732	983	82	335
16220	6688	2272	1485	945	94
15488	6672	2216	1130	370	214
16500	7036	1880	523	120	-18
15912	6920	1780	88	877	-98
16044	7356	1960	-482	450	-274
16308	6840	1996	-1133	1049	-126
15912	6696	2472	-620	807	-363
16232	7044	2224	-298	425	-476
16240	6872	2156	20	898	-608
16128	7088	2856	409	874	-856
16584	7432	2440	441	623	-1231
16736	7348	2364	161	674	-1537
16644	7476	2932	185	628	-1967
16656	7692	2396	-101	-138	-2486
17152	8104	2632	-508	-113	-2889
16636	8408	2828	-426	-210	-3162
16732	8536	3088	-300	-884	-2957
16720	8824	2996	-362	-935	-2783
16164	8652	3036	-664	-851	-2509
15856	8840	3180	-628	-1387	-2479
15960	8952	2592	-1058	-1705	-1975
15696	8840	2844	-2146	-1574	-1241
15764	8020	2720	-3033	-1895	-1040
16120	8212	2824	-2969	-1459	-969
15740	8232	2324	-2894	-1252	-917
15844	7844	2556	-2811	-874	-729
15248	7596	2740	-1546	-702	-755
15404	7780	2380	-448	-855	-710
16084	8164	2496	60	282	-869
14500	7400	2172	1034	454	-480
14928	8216	1784	1554	-337	-201
15248	8288	1508	752	648	364
13744	7556	2496	683	1065	1075
13968	8480	1452	-393	-474	1299
14628	8008	1380	-2042	786	2071
13812	7024	2404	-2099	106	2032
15308	7744	1892	-2303	-790	2150
14632	7128	2676	-2609	781	2460
14552	6816	2296	-1598	-879	2048
16188	7328	2080	-903	262	2298
13976	6680	2936	-76	421	2486
15876	6636	1856	762	-548	2276
14588	6788	1792	1559	884	2611
13880	7116	2724	553	-204	2893
15120	5868	2144	325	-272	3148
15156	5956	2560	1582	903	2862
14024	6748	2304	1547	-480	2876
15412	6376	1560	722	-222	3503
16196	5860	2680	1481	749	3433
14764	5180	2584	2554	1099	3273
14320	5968	1456	1918	-649	3395
16124	5748	2192	1050	892	4025
13604	4612	2704	2860	-30	3640
15764	6204	1752	1547	-1352	3865
14564	4516	1904	-78	-817	4421
15264	3800	1816	651	-1457	3632
15416	4660	1800	427	-612	3484
15352	4408	1384	-932	-1713	3539
16716	3524	1472	-337	-404	3054
15756	3864	1500	438	-554	2568
15648	3740	1260	-66	-446	3135
16372	3752	1492	375	-1764	2776
17088	4172	1112	1020	-1634	3198
17604	3216	720	1478	-1272	3999
16544	2748	1432	2802	-539	3895
15088	3560	948	1648	-1407	3944
16828	2528	568	986	-1250	3992
15752	2436	-184	1032	-670	3853
15836	2868	1404	-36	-1253	3590
16224	1020	-480	318	-1658	3463
16840	2516	656	751	-256	3572
16892	1704	92	-225	-820	3974
16472	452	484	831	-262	3570
16192	1668	-404	1158	-1228	2969
16456	824	308	480	-33	3158
15476	1376	0	560	-1811	1956
16892	1248	-196	-950	-1041	2404
16828	-268	-212	-294	135	1534
15316	1808	404	-1186	161	913
17180	-52	-384	-2009	138	514
15304	144	456	-671	1257	-428
16452	1296	344	-2036	687	-915
16692	176	328	-1676	1054	-1434
16704	984	648	-511	1793	-2080
16080	676	776	-776	1528	-2081
16552	676	492	-61	1852	-2411
16408	884	740	-55	2236	-2539
16324	736	1264	589	2414	-3279
15960	1884	404	229	2179	-3866
15556	1824	1040	-803	1987	-4152
16356	1232	784	-171	2332	-5013
14932	2316	724	-335	2509	-5665
15616	3000	1220	-2460	1992	-5824
15712	2204	444	-2615	2206	-5944
14924	2540	1148	-3004	2678	-5697
15396	3328	1884	-2886	2000	-6403
15724	3700	1240	-3403	2097	-6457
15296	3904	2064	-3134	2270	-6188
15588	4220	2060	-2886	2456	-6371
14748	4288	2772	-3334	1577	-6130
15696	5112	2948	-2837	1511	-6172
14512	5672	2216	-2865	1661	-5208
15416	5184	2588	-3120	939	-5279
14988	5236	3424	-2314	1867	-5843
14632	6240	2684	-1516	616	-5707
15544	6924	2448	-1888	1566	-5080
13780	6360	4176	-693	1162	-4903
16068	8524	3080	-862	-929	-5005
15404	8224	3728	-2281	1306	-3274
13288	7136	3840	-1456	-860	-3139
15512	8648	3540	-3328	-1563	-2347
14720	7428	4928	-2153	-600	-2110
14416	7952	4116	-830	-1496	-2104
15068	8836	3308	-2944	-1397	-1109
15220	7400	4336	-2468	-796	-885
15276	7932	3528	-1167	-1117	-950
15192	8068	3292	-1833	-648	-108
14884	7464	3452	-756	-630	175
15036	8316	3436	167	-619	231
14424	7820	3172	-367	-690	1106
14932	8264	3196	-1126	-755	1480
15480	7676	3328	-1596	280	1478
14848	7196	3456	-954	665	1733
15564	7828	3164	-920	649	2024
15188	6916	3408	-659	1164	2102
15148	6968	3900	454	33	1921
16612	7076	3188	44	-26	1929
15740	6408	3532	-230	741	2072
14980	6808	3620	-303	-410	1650
16120	6924	2976	-1175	-1055	1631
16304	6728	3352	-1113	-83	1841
15780	6940	3116	-967	-459	1432
15880	6976	2448	-1901	-741	2064
16456	6648	3152	-2613	121	2419
15308	6028	3424	-1641	136	2246
16400	6724	3980	-1026	-615	2413
16236	6100	4120	88	-155	2487
15800	6004	4112	975	-716	1862
16580	5700	3700	1013	-828	2136
15896	5492	3864	835	-516	2256
16208	5728	3892	368	-1260	1507
16636	4956	2756	443	-1008	1524
16860	5464	3364	442	-615	1524
16720	4604	3424	521	-491	905
16736	4812	3528	1595	-2	14
16544	5288	2344	1991	-482	-337
17196	5204	2824	2204	-15	-271
16448	5332	3016	2905	-309	-841
16876	5888	2216	2731	-799	-1001
16480	6116	2028	1642	-56	-678
16140	6132	2284	560	-268	-586
16204	6196	2184	72	-302	-469
16300	6536	2156	-1052	-287	-272
16604	6116	2100	-1652	-30	30
16236	6084	2240	-1589	-84	52
16800	6544	2040	-1705	-608	-56
17228	6424	1948	-1755	-51	-39
16972	6300	2784	-1067	248	-390
16964	6476	1980	-257	-597	-625
17520	6728	2176	125	-51	-869
16736	6700	2264	-249	-592	-1008
17392	6536	2420	-372	-887	-1064
16956	6312	2416	-383	-904	-1130
16772	7064	2432	-322	-1502	-1206
16612	6976	2612	-672	-1540	-785
16196	6760	3100	-1025	-1474	-336
16036	6328	2448	-985	-2259	-244
16476	6564	1996	-754	-2150	71
15956	6640	2156	-1660	-1733	369
15856	5852	2260	-1956	-1829	310
16384	6280	2020	-1883	-906	399
15280	5756	1956	-1993	-521	689
15700	5612	2080	-1534	-472	598
15028	5436	1912	-1290	-502	868
16056	5948	1976	-1710	-559	636
16068	5508	1496	-1071	-35	428
15764	5836	1400	-1442	-661	736
17068	5840	1840	-2112	-444	733
16632	4980	1668	-1143	414	746
16320	5944	1704	-1683	-10	800
16124	4752	1464	-2799	448	1195
16588	5004	2652	-1525	158	476
16848	5048	1816	-794	117	376
16020	5196	1716	-768	521	513
15836	4824	1608	-1453	-21	442
16600	5004	2208	-1379	781	245
15548	4756	2676	-346	413	46
16388	5472	1800	166	-414	125
16688	5628	1440	-155	284	501
16760	5108	2748	35	149	548
16876	5220	1724	472	32	588
17944	5456	2168	314	281	613
17500	5332	1880	558	432	806
17448	5316	2148	-427	986	1087
16180	3664	2248	246	1782	1382
15040	4900	2192	1491	447	1210
16648	5648	1980	-218	757	1748
15572	3796	1996	756	1196	1761
15852	4560	2428	1483	3	1608
16192	5016	1972	636	262	2233
16840	4328	2432	1073	-37	2421
15676	4112	1984	1649	210	2738
16644	4244	1848	507	-471	3027
15452	3688	2352	897	271	3151
16312	3916	2012	838	-567	3041
16280	2796	1716	1181	76	3386
16076	3348	2084	1933	285	2828
16052	3196	1740	1258	44	2948
16296	2580	1988	1926	841	3173
15012	2672	2204	2412	-396	3022
17140	3280	1328	1927	-1047	3595
16156	2668	1296	2504	352	3942
14540	3336	1660	2080	-1376	3654
16168	2732	920	-56	-1496	4457
16660	1828	1980	1886	-477	3898
15588	2288	724	2384	-364	4161
15268	2544	1624	-105	-1791	4616
16300	280	1476	652	-1265	3865
15692	1576	1596	1772	-450	2589
16056	1564	1804	753	-1353	2568
17528	-240	1024	1211	-329	2769
16180	868	1760	3652	-299	1866
16996	884	248	1492	-1255	2811
16424	-352	584	2049	-1042	2683
16324	1144	788	474	-866	2815
16604	-468	748	-476	-1935	3326
17992	-468	528	449	-394	3062
15340	36	1776	741	-1087	1953
16224	-604	-512	-673	-2496	2506
16972	-1288	508	665	-514	2485
15928	152	660	806	-868	1258
16184	-456	-300	-797	-1204	837
16340	-908	292	-230	650	283
15312	-180	760	-233	-462	-790
16728	236	-68	-1121	416	-1034
15968	-396	568	-836	367	-1679
16284	308	32	-621	976	-1987
14928	900	304	-1377	-143	-1960
16868	560	116	-2297	238	-1347
16804	24	764	-1319	744	-1656
15448	416	444	-541	1607	-2217
15372	1012	-84	-1702	749	-2025
16872	-132	504	-1418	1391	-2210
16588	-660	880	796	3010	-2783
14844	1200	164	1033	2204	-3243
16460	1592	896	-1118	1185	-2904
16980	-752	772	571	2651	-3192
14448	1360	1268	1431	1857	-3782
17436	1804	884	-1915	468	-3131
16600	60	1608	-234	2001	-3479
15476	1860	1460	-577	791	-3842
17456	1820	1276	-2881	702	-3056
16244	572	1748	-961	1688	-3422
15724	2828	1568	-1441	-237	-3451
17208	1356	624	-2962	179	-2572
16152	1808	2116	-871	1077	-3220
15208	2896	1128	-2592	-1141	-3126
16932	1888	1356	-4294	245	-2662
14936	1580	1872	-2068	95	-3423
16508	3840	584	-3780	-1366	-3401
16880	1856	1412	-4368	928	-2735
15708	2056	1848	-1045	74	-4022
17252	3768	1056	-2111	768	-3681
16312	2616	2496	-1401	1441	-3583
16724	3560	2148	468	301	-4273
17276	4948	1476	-892	982	-3632
16588	4336	1992	-1047	518	-3107
16720	4860	2272	-1377	68	-2605
16852	5144	2704	-2747	-56	-2129
16708	4892	2540	-2120	-55	-2231
16252	5512	2372	-2200	-458	-1766
16468	5048	2392	-2484	-1188	-1122
17160	4928	2376	-1650	-386	-1323
16292	4816	2832	42	-75	-1392
16432	5992	1468	-106	-1224	-1108
17436	5528	1896	-1308	481	-662
15892	4032	3100	857	1151	-780
16008	5944	2472	1731	-375	-1015
17000	5816	2184	-51	561	-264
16012	5256	2888	785	792	-502
16680	6008	2340	369	-523	-520
17548	6160	1956	-372	-248	339
16524	5928	2148	-728	-495	728
16740	5980	1452	-1487	-724	1092
16660	5504	1232	-3126	391	1477
16264	4836	1704	-3178	973	1223
16316	4732	1752	-2704	1420	940
15936	4016	2132	-1218	1865	648
15468	4248	2568	719	1315	323
15412	4404	2380	1961	693	359
16340	5028	2404	2525	627	298
15860	5284	2732	2795	940	316
15788	5564	2084	2281	-202	924
17428	5896	1904	963	204	1384
16524	5256	2752	756	988	1735
16776	5256	2728	171	-149	1861
17748	5536	1604	-621	408	1972
16776	5180	2816	-1204	1520	1894
17332	4708	2688	-700	162	1470
17860	4588	2424	-267	792	1313
16924	4356	3020	127	592	1013
17276	4192	2504	344	91	669
16760	4160	2964	677	792	329
16508	4120	2660	580	22	195
16848	4136	2188	604	43	219
16724	4212	2600	150	315	-62
16464	4096	2324	-27	-220	-151
16900	4492	2276	-266	-343	-76
16496	4428	2448	-846	-18	-38
16492	4220	2396	-291	-502	-286
16904	4796	2036	-391	-552	-478
16808	4420	2224	-634	-155	-484
16740	4700	2364	-492	-250	-749
16992	4728	1940	-920	-388	-681
17376	4672	2312	-715	-135	-934
17212	4896	2292	-663	-98	-1349
17380	4936	2064	-687	-91	-1595
17288	4848	1976	-953	206	-1668
17004	4692	2548	-1202	257	-2044
16700	4692	2524	-595	-112	-2675
17136	5236	2220	-818	-393	-2725
16772	5180	3116	-688	83	-2867
16640	5608	2592	2	-1067	-3313
17520	6376	2080	200	-1257	-3247
16896	6780	2240	-671	-1138	-2888
17212	6408	2508	-609	-1440	-3055
17180	6916	2352	-367	-1249	-3276
16732	7440	1572	-605	-1291	-2969
17348	7152	2092	-1475	-689	-2922
16296	6096	2604	-93	-394	-2812
16268	7044	1912	469	-1228	-3122
16588	7596	1316	18	-517	-2664
15812	6964	1636	-240	-26	-2050
15640	6796	1524	-35	-501	-1780
16220	6984	984	-143	-251	-1759
16312	7528	1708	-69	777	-1636
15704	7368	1548	-441	410	-1137
16632	7632	1376	-910	617	-961
15552	7024	1588	-558	977	-343
15600	7656	2116	-163	-127	-395
16940	7256	1576	-1350	268	47
15492	6452	2396	-481	1768	403
14752	7088	2196	-434	863	209
15616	7228	1652	-481	1077	542
15172	6868	2824	256	1223	759
15456	7052	2380	772	743	874
15324	6908	1840	1350	754	1306
14916	7360	1812	1080	1066	1892
14448	6752	1924	54	682	2491
13872	5660	3216	746	1171	2563
14536	6564	2076	643	-254	2321
16064	6496	1348	-366	306	2860
13856	5632	3580	535	1495	3027
13328	5516	1764	884	-1813	2732
16812	6540	1632	-260	-393	3194
14668	5088	2564	609	1042	3315
13608	5628	1820	1502	-1213	2506
16636	5984	1264	-253	-687	3028
15220	3948	2584	1274	1494	2833
14252	5364	1624	2037	-902	1725
16192	5076	636	76	30	2735
15560	3680	2688	1333	1471	2105
15244	5048	1932	1927	-73	1121
16860	4972	1396	613	378	1844
14728	3652	2608	2557	1749	1274
14312	5232	1324	2234	-667	903
16824	5488	500	-29	-1122	2107
16892	4356	1800	980	348	1634
15456	5436	1472	1348	264	1481
16496	5232	328	-943	-350	2858
16664	3700	2300	32	1747	2935
14620	4008	1368	2174	-79	2503
15740	5384	708	-229	-987	3761
15788	2800	2284	46	81	3346
15984	3816	2048	1446	-826	1862
16148	4140	1524	22	-695	2494
16904	3440	2076	361	-860	2250
16560	3232	1808	846	117	2017
16800	3668	1388	-620	-449	2662
16980	2792	1460	-509	-346	2519
16732	2872	1496	-582	-71	3130
16552	2104	1284	131	-670	3018
17052	2888	2264	-191	-45	3346
16136	1432	1852	288	-788	2321
16776	2000	644	314	-946	2310
15796	2396	1680	605	-584	1623
16928	1912	948	-370	-1259	2045
15264	1532	400	518	-1464	1722
17196	2700	1052	-765	-1129	1684
16796	1192	420	-80	-1620	1156
16664	2008	760	692	-657	882
16876	904	44	898	-764	1583
16636	1772	-440	1846	85	832
16676	1480	292	25	77	1492
16048	752	48	326	216	610
16852	1412	600	292	-88	503
16104	1696	852	-861	769	45
15808	808	528	-1644	-1092	-79
18540	1532	-132	-1157	724	-168
16108	1260	1320	-886	741	-615
16724	1800	352	-1695	-435	-537
17468	460	268	-403	337	-317
16284	2584	640	-75	961	-444
16508	1636	460	-1914	276	-289
16036	1296	836	-927	1415	-1307
15568	1848	796	-1297	672	-1992
15408	1892	620	-1427	958	-2390
15732	2452	1220	-1764	767	-2892
15788	1472	504	-1976	1318	-2978
15308	2552	1508	-2390	1936	-3756
15584	1912	544	-2998	935	-3659
16472	1764	1464	-1586	2873	-3983
15432	2516	1752	33	2112	-4542
15556	3460	604	-911	1975	-4446
15204	2552	2212	-1123	1988	-4332
14832	3148	1640	-965	2121	-5080
14668	4352	1572	-3426	430	-4835
16104	3868	1680	-3862	964	-4215
13992	3780	2532	-2515	1343	-4691
15956	4788	1612	-4750	-1057	-4351
16924	3520	2792	-3175	1502	-3867
14732	4824	2892	-1155	788	-4671
16944	6052	2128	-4314	788	-3673
15868	3432	2376	-2378	2036	-3204
15100	4944	3124	-422	977	-3996
16188	5904	2844	-1715	956	-3373
16172	5412	2632	-119	737	-3431
15512	5860	2872	593	1171	-3301
15552	5500	3828	-541	1035	-3340
14988	5844	3168	1037	222	-3571
14928	7496	2404	889	-159	-3230
15088	6776	3552	-1638	195	-2717
14860	5696	3660	-1027	-599	-3076
15716	7520	2616	-1380	-1208	-2929
16568	7368	3344	-3299	119	-2204
15156	5988	3424	-1978	-616	-2709
16028	7372	3328	-566	-1134	-2940
16280	8192	2860	-112	-219	-2970
15596	8308	2720	104	-460	-2597
14620	7888	2888	-94	-1654	-1519
15884	8176	2916	-430	-1503	-1546
14604	7964	3080	956	-485	-1600
14136	9120	2616	99	-1515	-1085
16112	8612	2588	-1659	-868	-663
15360	6508	2844	587	810	-835
13788	8296	2832	3356	455	-1119
15112	9428	1772	1851	-595	-691
16052	8716	1588	1676	412	292
14548	9180	2420	2368	743	559
15180	9380	1860	1377	-603	1118
15532	8892	1256	328	366	1785
14832	8408	2344	-220	435	2030
14916	8456	1636	-588	-536	2369
15660	8336	1784	-1382	53	2348
14856	7460	2244	-625	353	2071
15284	8084	2304	-282	-609	2180
16772	7828	1832	-846	-205	2157
15716	7100	2440	66	614	1810
15716	7776	2212	328	-653	1486
16592	7540	1784	-193	-293	1693
15644	7240	2100	464	42	1295
15916	7352	1896	354	-1050	1213
16240	7184	1560	333	-306	1252
15760	7264	1624	-6	-164	881
15832	6768	1540	-12	25	815
15200	6952	1776	319	368	695
15780	6956	1596	-343	-37	788
15752	6656	1868	-154	722	907
14924	6976	2140	72	303	865
16188	7256	1648	-515	-219	975
15944	6548	1784	-855	868	1215
15436	6648	2084	-1004	18	996
16228	6408	1696	-1168	111	1331
15604	6780	2032	-1466	632	1515
15940	6276	2356	-1672	250	1269
16000	5764	2324	-53	627	1287
15640	6832	2320	284	322	1250
16156	5956	1876	571	182	909
16084	6212	2076	1331	614	594
15888	6420	1724	559	223	538
16348	6068	1564	-145	451	635
16188	6208	2032	-716	370	344
16440	6232	1732	-1291	-53	38
16912	6472	1892	-1550	413	-259
17036	6420	1936	-1709	328	-618
17248	6460	2016	-1342	517	-1187
17256	7028	2172	-1359	423	-1737
17536	7084	2080	-1554	121	-2153
17220	6744	2384	-1053	60	-2705
17288	7196	2784	-677	-489	-3268
17028	7472	2708	-112	-302	-3580
16064	7636	2952	354	-547	-3670
15696	7576	2648	381	-1155	-3231
16036	7840	2172	497	-1306	-3103
15312	8348	2252	191	-1091	-2831
15488	7884	2180	-874	-1302	-2441
15940	7896	1932	-1413	-1455	-2593
16420	8220	1600	-1221	-1122	-2779
15920	8528	1816	-659	-582	-2933
15808	8292	1524	-463	-1105	-2612
16152	8936	1412	-72	-459	-2804
15404	8276	1732	325	-21	-2695
14948	8240	1668	1779	-498	-2434
15216	9056	1556	1899	-660	-1983
14876	8960	772	1824	-274	-1545
14584	9144	1220	1055	-94	-908
14720	9172	1084	-95	290	-514
14556	8664	1084	-594	561	147
14848	8900	748	-666	591	626
14316	9016	628	-1501	992	1184
14968	8812	1652	-1722	1544	1217
13968	8004	1448	-874	1044	1726
14344	8568	1612	-832	577	1922
15100	8324	1556	-840	595	1899
14964	7860	1924	-84	1251	2156
14368	7728	1468	-340	519	2539
14980	7656	2032	-813	1383	2583
14336	6924	2200	-151	1433	2431
14280	7628	2008	-364	147	2500
15444	7244	2276	-1811	1319	3137
13588	5840	3204	-242	1445	2824
14120	6812	2576	76	-535	2546
15012	6920	1840	-605	101	2725
13912	5916	2408	603	82	2608
14416	6400	2432	719	-28	2485
15336	6300	2032	745	268	2613
14928	6284	1300	1774	-438	2492
15436	6660	1904	324	1017	3280
14368	5292	2300	864	-562	2573
15404	6396	1492	1220	-154	2695
15580	6296	1552	-69	-316	3159
14920	5260	2132	1242	177	3243
15700	6396	1564	1280	-930	3344
15636	5040	2172	1098	197	3698
15440	5144	1424	2057	84	3030
14644	5444	1692	1391	402	3207
15464	4940	1672	665	-428	3063
16604	4196	1552	2158	86	2998
14952	5332	1896	2718	1229	3005
14172	5476	1888	226	-1366	3373
16320	3732	1004	-168	-1471	3506
16736	4844	1716	606	-794	3225
15328	4300	1648	-619	-825	3332
16464	4128	708	-1048	-1536	3450
16676	3048	1080	-384	523	3840
15532	3836	1972	297	-936	3236
17040	3004	392	-45	-1332	3661
16344	2360	1708	1129	1225	3571
16916	3336	1032	538	-1184	2959
16460	1776	1188	632	450	3002
16376	2504	928	1260	-481	2620
16612	2592	1044	-440	-513	3013
16304	1332	-128	10	-1970	3555
17064	2948	472	-955	-974	3716
17184	540	564	-1444	-1497	3762
16284	1168	92	1069	-539	2721
16304	2508	1408	-550	-730	2617
16568	-724	-120	298	-1194	1929
16004	1876	828	2248	-24	768
17040	1188	-188	50	-110	970
15836	496	436	1345	254	-36
16788	1836	-228	-51	541	-161
16000	388	716	-565	591	-652
16892	1440	-48	212	847	-1340
16856	1220	512	-974	529	-744
17412	912	580	668	1521	-1266
16236	1756	668	106	512	-1103
17268	1212	568	-119	762	-1040
17076	1416	484	391	1144	-1260
16332	2108	1068	-618	923	-1067
17492	748	152	-413	323	-1235
16896	1948	1188	432	1762	-1430
16004	1672	956	-317	61	-1453
16912	1656	880	-557	875	-1505
17040	1856	816	-599	644	-2039
16216	2284	580	-1467	582	-1694
16252	2168	1096	-2414	280	-1429
17004	1424	828	-2318	630	-1617
16132	2216	968	-1360	592	-2331
16504	2348	1124	-1834	331	-2305
16740	1644	1348	-57	762	-3004
16252	2992	912	591	782	-3288
16508	2920	1100	-384	1233	-2667
16260	2956	1048	152	1321	-3289
15748	3616	1108	-506	1502	-2979
15972	3792	1352	-2097	825	-2921
16176	2864	1988	-1940	795	-3088
15504	4196	1648	-1448	884	-3035
15692	5040	1380	-3990	-257	-2844
16416	3536	1968	-3698	636	-2803
15428	3988	1968	-1824	735	-3265
15448	4220	2224	-3070	978	-2640
15120	3728	2216	-1036	503	-3176
16204	5364	2024	282	1329	-3391
14704	4960	2732	156	1232	-3484
15328	4884	1600	0	-175	-3416
16032	5176	1728	182	1178	-3070
15608	6048	1964	142	978	-3150
15340	6720	1228	-1627	285	-2479
16300	5700	1736	-3591	1242	-1374
15964	5316	1960	-2394	1630	-1648
15440	6176	2512	-2602	1348	-1643
15820	5036	2412	-3238	1305	-1551
15888	4812	3132	-1698	2214	-2337
14588	5276	3684	-434	1492	-2874
15960	6120	3016	-905	91	-3200
15480	5484	4180	-391	541	-3010
14940	5992	3576	618	-1053	-3383
15732	7060	2728	-967	-819	-2578
14944	6588	3256	-1578	-473	-2145
14676	7444	3284	-2022	-971	-2127
15248	7164	2840	-3801	-747	-1734
14952	6624	3568	-2931	-358	-1627
15252	7436	3020	-2138	-768	-1479
15368	7156	3116	-2429	301	-1263
14792	6104	3680	-1248	102	-1636
16052	6996	3184	160	-171	-2069
15412	7260	3096	704	604	-1631
15088	7604	3536	1468	96	-1753
15480	8180	2356	1074	-379	-1528
15720	8832	2356	-141	-202	-1036
15640	8460	3032	-1317	115	-557
14844	7412	2964	-1180	-212	-343
15076	7728	2388	-1380	-471	-200
15156	7764	2916	-1589	141	-182
14452	7468	2924	-1064	-17	-328
14612	7536	2708	-785	-80	-457
15048	7332	3048	-295	-29	-306
14884	7840	3172	624	-61	-521
14508	7952	2740	665	-744	-240
14692	8356	2608	241	-751	409
13940	8224	2700	-326	-354	1014
13944	8388	2308	-1428	-1036	1653
15168	8108	2340	-3016	-674	2414
15308	7244	2768	-3062	61	2390
15252	7000	2808	-1874	31	1896
15500	6936	2624	-1479	161	1881
15920	7412	2828	-1458	-63	1708
15564	6496	2628	-1155	100	1624
15840	6584	3276	277	172	1092
15716	7040	3352	585	50	995
15808	6992	3120	266	-284	1055
16532	7036	3060	840	-190	606
16204	7212	2744	863	585	333
15568	7140	3068	740	618	483
15936	7264	2896	898	82	474
15976	7304	2644	500	523	800
15580	7492	2864	273	534	1045
15672	7400	2836	-619	364	1351
15840	6996	2884	-1254	612	1949
15444	6988	3376	-1246	926	2016
15368	6704	3352	-1123	569	2182
15576	6576	2956	-772	598	2369
15900	6308	3276	-1025	751	2409
16196	5536	3292	-254	932	2243
16176	5692	3296	767	775	2044
16512	6168	3188	364	624	1891
16248	5628	3484	381	984	1691
15844	5516	3432	292	582	1503
16348	5428	3316	-709	402	1545
15892	4916	3436	-803	808	1474
15944	5540	3592	-588	213	1080
16472	5564	3192	-888	113	1210
16336	5008	3408	-1113	624	1196
15752	4852	3552	-529	403	786
16040	5056	3256	-244	-56	627
15972	5488	3272	-382	485	747
15648	4892	3328	-521	178	772
16156	4956	3024	-477	79	569
16152	5160	3576	-799	396	600
16180	4920	3660	-1180	170	633
16424	4888	3156	-1277	195	508
16376	4944	3536	-1531	570	403
16216	4936	3584	-1424	433	206
16100	4936	3664	-1237	503	168
16284	4848	3888	-880	499	-48
16120	4528	3504	-676	478	83
16060	4608	3688	-179	184	-70
15940	4928	3628	-298	73	60
16060	4620	3848	-366	9	-17
16208	4700	3680	-479	28	-48
16536	4800	3584	-783	-10	-71
16424	4748	3960	-852	367	-155
16276	4768	3792	-660	272	-554
16900	5028	3852	-738	-123	-955
17076	4688	3896	-471	336	-1291
16636	4944	4020	6	166	-1605
16588	5356	3808	43	-138	-1774
16468	5608	3904	-128	-381	-2094
16812	5896	3900	63	-716	-2609
16892	5904	3708	-67	-778	-2481
16676	5612	3708	-294	-1046	-2672
17092	5792	3768	-76	-1264	-2982
17088	6784	4136	1192	-1379	-3471
16568	7340	3756	881	-1744	-3379
16776	6844	3412	290	-1819	-3453
16728	6876	3252	273	-1742	-3610
16948	7544	3004	-264	-1396	-3824
16348	7372	3200	-707	-861	-3972
16568	7172	3076	-583	-932	-3892
15944	7176	3156	-224	-759	-3406
15744	7004	2864	594	-2175	-3185
15764	7332	2136	1737	-2689	-3095
15556	8196	1396	1641	-2923	-2688
15104	8484	1892	548	-2047	-1968
14460	7548	2392	-76	-2368	-1550
15256	8088	1468	-788	-2140	-1405
15236	8648	1272	-2012	-1177	-1175
15328	8664	1556	-2819	-427	-1013
14624	7396	2000	-2042	-115	-311
13672	7840	1604	-776	-715	377
14640	8476	1020	-980	-1343	1188
14980	8160	1600	-935	-143	1469
14040	6548	1824	-466	110	1518
14200	7384	1880	527	798	1298
13696	7480	3652	919	1529	1358
14864	7572	2692	1609	-42	927
16316	7636	2124	2117	1746	1300
14292	7564	3392	2263	2481	1447
14904	7688	2748	1255	1145	1225
15728	7864	1832	-217	1684	1823
15800	6812	2740	-853	2686	2108
14272	6048	3108	4	1652	1509
15932	7584	2372	-933	882	1481
15816	6464	3116	-532	1676	1666
15028	6804	3236	522	728	1627
15980	7188	2552	-547	439	2060
16204	6452	2844	-182	195	1791
15252	6688	2744	465	527	1852
15240	6632	1656	-508	-677	2384
15352	5752	2552	-510	-16	2738
15044	5820	2704	270	-1046	2037
16232	5844	1512	330	-583	2201
15404	5708	2292	779	-129	2368
15360	5612	2084	896	-153	2498
15656	5616	2160	1553	-76	2457
15436	5856	1660	2311	56	2547
14848	5244	1480	1583	-143	2824
15108	5276	2160	1714	-100	2404
15084	5032	1240	1830	-468	2293
16052	5548	812	1333	-346	2599
15544	5180	2036	2009	-243	2951
15492	4832	868	2735	-642	3260
15476	5136	1304	2105	151	3553
14492	4680	1580	1350	-296	3112
15016	4448	956	748	-609	2985
15708	4100	924	696	-571	2926
15820	4152	1420	929	333	2927
15540	4340	1508	434	-444	2712
15816	3692	452	1065	-970	2535
15420	4340	1660	601	455	2818
15960	3336	1192	-412	-1100	2616
16176	3824	484	992	-1555	2246
16128	4392	652	-356	-269	3070
16156	2924	1232	-640	-654	2859
17000	3200	632	337	-428	3087
16276	3000	1764	1454	706	3069
16348	2052	448	2096	-406	2828
16076	3280	1432	2649	142	2509
16552	2096	464	1744	-63	2478
13584	2348	652	1855	-241	1198
16248	3568	240	-1730	46	1818
16208	864	1248	-2210	1197	616
15868	2640	1268	-1383	837	-891
17608	1996	1264	-1996	1334	-247
16336	800	1844	106	1282	-1212
17176	3080	1020	1270	609	-1389
16776	2172	1440	449	608	-1016
16888	1920	716	956	707	-1172
16380	3168	1492	-141	1488	-828
16280	2172	1024	-1669	422	-973
16344	1992	1504	-1266	1632	-1038
15344	2704	1676	-1169	213	-1635
15676	2968	1200	-2727	418	-1749
15360	2724	1668	-3621	-134	-2488
15644	1768	1324	-2286	708	-2797
14820	3916	1448	-2548	540	-3214
16084	2556	1816	-3324	417	-2879
16252	2384	1624	-620	2099	-3930
15160	4700	2692	-1247	1100	-3967
16644	2464	1616	-2284	888	-3132
16132	3104	2820	849	2186	-3817
15156	5136	1516	-350	497	-4021
15696	4044	1792	-2559	1265	-2967
15360	3252	2656	-334	1122	-3802
14164	4872	2656	-663	1328	-4295
15492	5312	2048	-2554	10	-3503
16212	4420	2240	-1114	1299	-3645
15704	5192	2404	-455	1571	-3674
15896	5408	1976	-523	1736	-3283
16004	5800	2176	-232	2101	-3155
16060	6060	2456	-613	2565	-2889
15520	5560	2496	-823	2350	-2552
15112	5504	3204	-902	2243	-2508
14636	5772	3652	-1690	1220	-2272
15748	6468	3892	-1917	47	-2699
15196	6176	3240	-2193	219	-2253
14884	5820	3984	-1191	-453	-1893
14436	6508	3776	295	-1659	-1842
15824	7676	3220	693	-1596	-1856
15112	7468	2828	1651	-1048	-1242
15304	7500	2092	621	-1679	-495
16196	7004	2980	-1309	-172	478
15100	6488	3164	-1128	-526	168
15696	6888	2156	-2313	-705	321
15984	6048	2804	-3909	388	355
15852	4868	3984	-2135	117	-584
15828	6200	2864	-448	-1051	-1293
16748	7040	2512	-1263	-771	-972
15800	6032	3424	52	-522	-1104
15208	7196	3172	1548	-1455	-1514
15440	8008	2292	-383	-1683	-926
15512	6904	2984	-1573	-1173	-349
15164	6412	3584	-407	-843	-692
13920	6764	3456	-200	-776	-747
13724	6436	3188	-584	-1536	-229
15216	7428	2356	-383	-2090	-400
15736	7064	2116	-364	-1502	74
15636	6492	2788	737	-1124	319
16008	7192	2380	2605	-1950	-36
16856	8220	1096	1913	-1649	310
16532	7716	1480	952	-751	680
16804	7176	1484	1037	-906	734
16848	7628	1260	837	-295	606
16100	7592	1316	-287	-181	536
16208	7228	1068	-684	-179	661
16160	7664	1804	-406	971	666
15828	7320	2076	96	1025	384
16308	7804	940	545	673	360
16576	7992	1296	441	1721	984
15564	7716	1788	730	1526	968
15544	7780	1464	482	874	1217
15668	7552	748	-477	1050	1873
15748	7236	1572	-1301	1248	2168
15512	6752	1684	-1802	1140	2348
15772	6620	2136	-1998	1272	2654
15968	6824	2212	-2450	1492	2144
16092	6060	2288	-2428	1886	2349
16364	5912	2980	-2156	1919	1943
16672	5576	2588	-1403	1407	1433
16696	5720	2908	-466	1410	902
16216	6048	2932	-607	970	513
16292	5328	3020	-74	551	225
16240	5804	3272	313	283	-320
15984	5728	2976	-642	371	-103
15780	5348	3060	-462	409	-331
15668	6100	3024	-167	437	-524
16152	6176	2828	-665	510	-268
16380	5840	3040	-767	921	-328
16048	5824	3292	-485	931	-582
16528	5928	3420	-362	613	-855
16792	6452	3224	-684	309	-1203
16576	6300	3236	-1172	507	-1424
16480	6316	3584	-1175	138	-1773
16492	6368	3060	-1363	-82	-2065
16676	6724	3472	-1330	36	-2208
16276	6896	3500	-1617	-138	-2384
16572	6812	3572	-1854	-621	-2667
16360	7012	3624	-853	-881	-3089
16148	7572	3368	-1303	-1402	-3283
16208	7052	3332	-1463	-1535	-3091
15932	7316	3548	-543	-1726	-3644
15632	7832	2780	106	-2186	-3606
16048	8132	2976	589	-1837	-3502
15248	7592	2444	502	-1774	-3233
15568	7824	3108	258	-1682	-3320
14732	8152	2436	514	-1661	-3087
15472	9060	2176	451	-1745	-3120
15864	9084	2128	-52	-644	-2815
15140	8916	3144	71	114	-2422
14580	8820	2520	214	-826	-1731
15496	9568	1492	-231	-642	-1305
15132	9172	1960	-588	515	-871
14560	8664	2728	-474	160	-632
15404	9076	2620	-369	240	-781
15084	8852	1968	-800	856	-387
14568	8340	2240	-847	1087	-77
15028	8500	2336	-959	911	-159
15000	8204	2732	-539	1955	-347
13924	7924	3184	712	1323	-416
14432	8972	2664	953	397	-323
14284	8556	2128	832	660	196
13808	8424	2828	1187	759	199
13484	8824	1776	-136	209	732
14700	9044	2392	-478	1182	1092
13552	8392	2716	-198	1987	1615
13628	8920	2128	-489	698	1884
15028	8928	2204	-1741	1247	2538
15308	8416	3624	-1120	2455	2605
13496	7776	3016	143	1574	2603
14904	8780	2608	-1485	38	3267
14984	7216	3412	-1208	1048	3606
14880	7660	3044	880	2	2795
15388	7488	2816	685	465	3268
14540	6908	3192	486	420	3498
15684	7464	2628	602	-149	3198
15468	6268	2764	1382	1023	3557
13848	6012	3576	1759	1383	3556
13288	6420	2592	163	-1020	3411
15852	5732	2476	-219	-546	3481
13736	4872	3028	1956	726	3058
13772	6236	2916	1003	-1029	2576
14764	5560	2392	-745	-551	3152
15916	5644	3100	772	-216	1966
15208	5504	3056	2009	204	2057
15932	5968	1724	2406	-1256	2562
15604	5376	3224	2057	541	2892
15264	5000	1608	2505	-920	2339
15752	5512	1948	1929	743	2883
15024	5368	2564	783	-171	2511
15892	4712	1668	885	-294	2511
15696	5176	1736	1556	-595	2678
15736	4836	2392	1380	382	2880
15944	5008	1832	1203	54	2675
14944	5040	940	428	-511	3677
16924	4048	1992	-353	646	4163
15708	4524	2552	883	-366	3559
16136	4024	1508	62	-392	4170
16040	4132	2540	425	-108	4366
16648	2708	2068	1089	360	4343
14764	3508	2560	1838	-1237	3551
16280	3564	2896	420	-1287	3544
16184	2060	2384	2030	-1843	2334
16588	4044	1176	792	-1965	2670
16140	2076	2264	565	-2485	2489
17060	2816	824	1251	-923	2277
15744	3428	1068	-151	-2203	2530
17060	2184	1012	-606	-1689	2271
16564	1716	168	1132	-1815	1886
15268	3112	1196	-862	-346	1520
15464	1172	-532	-2459	-2961	1355
15936	1568	784	-2083	1122	772
14020	2104	648	-3342	-2508	-819
16208	1624	-264	-4448	-958	-990
16196	1124	824	-3091	-162	-2238
15664	2100	232	-1791	1353	-3486
15220	2984	436	-2964	1296	-3372
16428	1236	604	-2508	1650	-3711
15820	1648	1392	737	2568	-5048
15720	4048	888	-79	2351	-4914
15192	2696	736	-1689	1671	-4744
16324	2616	652	-695	2472	-5037
14668	4076	1344	-726	2126	-5373
15516	5488	1528	-3583	52	-4929
16216	3520	1408	-3356	1561	-3965
14896	4748	1840	-1812	1981	-4571
14516	5260	1768	-3620	543	-3934
15336	4256	1492	-3776	15	-3284
16316	5128	3044	-1688	881	-3544
14676	5212	2020	-1453	-254	-3729
15420	4772	1612	-1443	-127	-2733
15248	5420	2588	112	436	-3672
15520	6560	1632	-2020	-1119	-3039
17196	5024	1952	-2724	1160	-2094
15252	5060	3436	-668	1558	-2601
15404	6408	2420	-3016	-397	-2067
16664	5408	3260	-3665	775	-1542
15164	5276	2880	-472	61	-2592
15664	6916	2576	-2447	-476	-2042
15508	5180	3260	-2948	56	-1635
14996	5508	3268	-324	-795	-2398
15544	7200	2476	-1898	-1466	-1640
15984	6308	2820	-2765	-728	-1136
15840	5764	3564	-779	-228	-1850
14992	7348	2540	-959	-1083	-1377
16692	7752	1780	-2813	-1127	-881
16260	6520	2472	-2156	346	-835
15384	7048	2964	-1409	-319	-791
16400	7280	2868	-1928	-269	-631
16428	6744	2496	-953	574	-757
15124	7496	2876	-150	576	-592
15260	7256	2872	-694	34	-77
15692	7348	1696	-106	158	-44
15512	7992	2308	-694	1307	625
14732	7168	2468	-1187	781	975
15528	7452	2900	-2055	329	1163
15632	6476	3000	-1697	1006	1501
14636	6892	3224	-1258	117	1372
15180	6440	3648	-1703	-930	1858
15516	6216	3048	-1446	-1007	1849
15448	5740	2996	-1202	-712	1335
15136	6444	2640	-748	-844	1468
16236	6760	2500	-1542	-1099	1597
16748	5896	2412	-646	-678	1649
15632	6796	2824	278	-934	1847
16424	7076	2236	-277	-2923	4384
17632	4212	480	3785	140	5559
14280	11940	4340	-3316	-6542	7311
18508	5136	1916	-10093	-2856	8134
17760	1632	2960	-3655	1144	4573
15804	5392	2836	-1443	-480	3115
20180	3976	2864	3601	-1369	1022
18832	3164	244	-3032	-2534	3497
17468	4552	2112	-2258	948	2016
15828	3688	2980	234	-809	304
17392	4128	2004	-1032	-1228	-437
17532	3548	1424	-460	-1752	433
17672	3364	1280	-1270	191	-200
16572	4568	2940	-885	1492	-1173
17876	5052	1384	-2619	787	-490
16500	2472	2180	-1267	1301	-20
17272	3884	2216	-493	4370	-657
17652	3304	2380	2741	7072	-1218
15220	5772	3456	1074	2612	-1492
