0	0	0	0	0	0
16312	-120	6272	66	1738	223
16340	984	3356	-2096	1218	1183
17652	-356	2992	-1570	1366	-756
16288	1408	4056	-583	323	56
15124	932	5496	-593	-3943	2161
18092	-676	2616	515	-4517	804
18912	-3204	568	1642	-642	-1173
15700	-1548	3972	8021	-2214	-2341
14180	4552	4236	-1908	12225	-2432
11136	-228	5696	-3103	-5317	1537
21788	-652	148	-962	-2013	411
15340	396	3640	674	4148	-422
15468	1828	3176	-882	-2032	907
18616	48	2104	-3285	654	1072
17304	-1208	3536	-851	894	629
19256	212	3028	-81	956	137
18924	-368	3600	-1087	2531	403
19532	-1300	4168	-35	2127	65
20248	-976	4508	716	2988	-425
19680	-840	5280	1045	2691	-485
20500	-596	4856	1440	2331	-462
20640	-248	5452	1435	3638	-485
20620	292	4568	1050	3201	105
22172	592	5792	-809	5800	1229
19604	-604	6084	-678	7199	2733
19956	-1240	7520	-1449	7245	3380
18944	-2196	7696	3154	6795	4308
16984	-2644	8940	8709	5048	4289
15780	-1428	6556	11773	2090	4323
14664	-632	6124	9979	1178	4417
13384	-384	4868	9510	-726	4610
12788	680	4192	6798	-2130	4380
12748	652	4096	3640	-3773	4878
12548	-108	3932	673	-5136	5013
11764	984	4012	-630	-6730	4022
13192	728	3600	-2821	-6890	3531
13600	-96	2720	-4989	-6945	2563
14252	-1000	3252	-4225	-5879	1482
15156	-328	3092	-2134	-4902	1304
14624	-1340	2384	-313	-3778	533
14812	-1312	2440	1726	-3136	185
15060	-1632	976	2637	-2440	-1003
14840	-688	1328	-166	-1186	-1960
14860	-1028	508	-4288	-582	-3257
14380	196	412	-8279	-304	-4108
14676	-136	636	-12806	510	-4646
14508	1328	988	-15298	-764	-4165
15296	564	124	-17898	2	-4419
15724	1492	2828	-17370	-220	-3623
17644	-460	2764	-13852	1376	-4200
15880	1700	4072	-10721	1195	-4557
16836	524	2592	-10442	1579	-4096
16468	1340	5152	-10010	1319	-4674
17744	-284	4104	-11220	-40	-4307
15716	-296	3964	-9837	433	-5195
15940	312	3460	-11640	-1665	-5631
16540	-2012	3196	-12512	-495	-6675
15456	-932	3788	-9251	-1326	-7680
15564	116	2360	-9076	-665	-8131
16176	108	3256	-9364	-868	-8777
17052	656	3452	-7487	481	-8936
14480	1420	4736	-6875	859	-8857
18592	1580	3656	-6267	52	-6541
15952	1504	5724	-4043	1507	-5915
17184	2820	4288	-3304	-632	-5328
17760	2508	3992	-2731	46	-4741
16752	3688	3684	-2437	567	-4544
16564	3596	3208	-3724	-1207	-3725
17144	3344	2992	-3820	-2370	-3683
15696	3568	3688	-3377	-811	-3429
16068	3716	2708	-2530	-2155	-2987
15888	4464	2752	-1816	-990	-2757
15884	5152	3560	-1450	-574	-2194
15544	4588	1792	-1120	-501	-1485
16836	5844	2652	-2371	893	-1281
16072	4976	5716	-875	342	-1223
17140	3952	4244	2187	-237	-1123
17436	5048	3504	2165	869	-859
15416	4868	5040	1645	901	-300
16340	4588	4012	1558	-834	-409
16164	4592	3592	890	278	-362
15620	5084	3424	526	-697	-353
16088	5560	3092	177	-616	58
15784	5400	2956	190	-1403	107
17400	5568	1924	-573	-914	414
15360	4740	2696	-583	357	63
16888	5832	3140	-638	-702	-14
16420	4280	2400	265	820	-111
16040	5252	2928	1343	1283	-755
15872	5616	3372	1068	1200	-331
15088	5408	2616	1718	654	-389
16664	6448	2112	835	386	-128
15324	5676	3380	-158	1558	18
16044	6320	3272	-763	-490	300
16812	6044	3372	-1184	1064	533
15928	5920	3480	-71	284	396
17576	6716	3240	-286	503	949
17700	5580	4296	392	1185	1125
18968	5952	3824	1546	655	856
19908	6940	4288	424	1569	1026
20300	6128	4260	-40	1764	1290
20288	6124	4308	109	2853	1261
19232	5672	5164	509	2493	1555
18916	5500	4612	964	2034	1818
18288	5328	3964	925	2162	2006
18204	4936	4156	21	2273	2400
17592	4040	4516	-398	2444	2717
18352	3112	4840	1101	3115	2700
16720	3456	5256	2515	4253	2617
16804	3980	4868	3223	2636	3057
16808	3980	5412	5064	3688	3178
15860	4616	5712	6173	2173	4074
16980	4572	3876	6354	1243	5300
14672	3996	5156	4203	1790	6344
14792	3284	4800	2377	-328	7109
15436	2916	4288	544	209	6964
13580	2572	5348	-138	548	7479
13836	2188	4552	-329	-2631	7064
14740	1400	3980	-317	-2705	6688
14604	584	4236	2294	-1687	7264
13388	1388	3588	2361	-2468	6495
14844	1040	2632	972	-2300	6427
14612	-300	3840	1952	-1177	5469
14672	172	3204	2540	-1613	4577
14684	-288	2408	1418	-1532	4024
15620	268	2020	191	-1642	3544
15352	-752	3232	329	-1348	2882
16228	-64	2156	1447	-1241	2223
15896	-408	2552	867	-584	1864
16372	-124	2624	2381	-858	1722
15480	-476	1932	2095	333	1923
16036	320	1888	-662	-589	1882
16480	-864	2592	-1133	200	1540
15924	-372	2632	-1248	145	562
15952	-1484	2764	-1630	776	124
16172	-124	3912	-972	1067	-1223
16072	-372	2576	-1230	558	-2042
14388	-184	3452	-3038	1288	-3246
16628	-200	2484	-2760	1175	-3465
14312	544	3208	-3488	792	-4357
16728	184	3660	-4739	822	-4333
16716	-424	3208	-1832	613	-4611
15412	896	3240	-2911	1001	-4656
17480	852	2928	-3886	-998	-3714
17188	-224	4556	-1541	1649	-3490
15208	664	4064	-802	-532	-3833
18252	1036	2764	-2057	-42	-3356
15056	216	4912	-233	969	-4007
16184	944	2348	-1092	-1099	-3854
17744	1224	2532	-3258	-325	-3639
15732	904	5532	-2071	963	-4330
15828	1636	2784	-1271	-1801	-4285
17292	1908	2260	-2787	476	-4152
16152	1248	4920	-1758	1113	-4379
14432	1884	3536	-1149	-1328	-4931
18448	2876	2428	-3178	-285	-4416
15068	1928	5356	-1650	616	-5246
15608	2704	3716	152	-1930	-5324
17640	3560	2988	-338	267	-5043
14224	3000	4740	319	107	-5433
15584	3972	3388	-152	-2369	-5479
17140	4692	2912	301	-564	-5111
15056	4748	4212	746	461	-5102
16020	5676	3544	-97	-1973	-4418
16860	4652	3436	-470	-64	-3991
15732	5796	3876	-498	-6	-3928
15892	7420	3500	-1906	-885	-3145
16760	5632	3176	-2387	-908	-2255
15992	6076	3788	642	-228	-2661
16252	7176	4024	1400	-898	-2283
16508	6236	3220	292	-157	-1589
15008	6344	3264	519	-1100	-1422
17920	8416	2792	-1087	-220	-940
14536	6276	4680	-1819	99	-91
16048	6380	3704	-1432	-2104	2
16424	7008	4068	-2049	-541	-138
14664	6328	3976	-1318	-1683	105
17148	6708	2368	-638	-1851	169
15568	6240	3300	-915	-227	256
15924	6496	2996	-247	-2341	231
17516	6708	1132	-197	-867	318
15416	6540	2472	-880	404	486
15872	6380	2380	-1572	-1745	684
16472	5496	1968	-1327	-31	739
14440	5468	2412	-408	-507	483
15428	6728	1796	-1112	-1743	707
15212	5496	1864	-1653	-330	921
15072	5692	2508	-1342	-1441	825
15708	5920	2604	-1628	-375	873
15696	5384	2492	-953	-1000	740
17072	6132	2296	-868	-369	743
17032	5908	2932	-1308	-222	741
18956	5896	2464	-831	-383	540
19540	6100	2908	-1101	1103	348
20648	6508	3432	-1629	673	250
21152	6040	3328	-1101	1600	228
21152	6840	2996	190	1726	154
20052	6844	3816	1046	2965	918
19064	6596	3308	1246	2720	1731
18772	6256	3084	663	3831	2857
17608	5908	3372	550	4445	3371
17480	5568	3432	-170	4690	4366
17080	4244	4252	93	5514	5291
15864	4052	4320	650	4601	5560
15704	3856	3544	601	4763	6708
15092	2324	5308	2554	4563	6784
14508	2792	5532	5075	3224	6492
14212	3720	4796	5026	1111	6916
16360	3548	4620	4075	784	8124
12908	2548	6184	3407	532	7881
13068	2180	3884	505	-3817	7600
16916	1700	3160	-596	-1727	7701
13700	240	5852	2125	-1150	7121
14784	736	3604	1886	-1892	6384
15636	-172	4300	2956	-559	6405
14136	-160	5476	6360	-1870	4990
15284	208	3604	6756	-2298	4840
15188	-120	1864	6977	-2203	5122
14700	-232	2176	5075	-1791	4555
15084	208	1036	2454	-3054	3550
17140	-1592	1620	1003	-1289	2964
15396	-504	2896	4376	-1623	1769
15648	948	1012	327	-1776	639
15928	-480	2644	-434	-1012	-146
16164	24	1180	-170	10	-1167
14896	1828	1284	-3775	-115	-2103
15496	-712	2484	-5368	1738	-3015
14580	1712	2036	-5288	1111	-4239
15796	692	2156	-7602	1352	-4577
15304	812	3624	-5076	1098	-4983
16152	1832	2168	-5809	176	-5251
14792	1744	3324	-6220	-191	-4622
16668	912	2244	-5344	244	-4110
14696	1832	3332	-6386	-499	-4420
16836	1240	2196	-5968	-1611	-3298
16432	588	3576	-2124	415	-3965
14884	2384	3048	-3774	-1390	-4307
17412	1572	2412	-4023	-1159	-3609
16128	1096	2472	-2428	-62	-3915
16492	1776	4084	-3405	-356	-3909
17704	2128	2840	-1975	-2047	-3781
17800	1784	2920	-2139	1258	-3338
14532	2120	3588	-1634	-1260	-3730
19108	2580	1656	-3769	-632	-2804
14896	1616	4680	-1597	728	-3386
17544	3064	1748	-1653	-2195	-3238
16820	2060	3272	-1725	2383	-3318
15840	3172	3072	-780	-472	-3615
16956	3316	2868	-1357	479	-3476
17076	3020	3036	-394	926	-3488
15244	3624	4360	545	1135	-3545
17116	3420	2876	-380	-316	-3241
16384	3504	3416	513	986	-3794
14980	4572	3956	-352	232	-3795
16880	4464	2616	-1163	-290	-3350
16396	4700	3308	-1550	787	-3457
16108	5684	3368	-1870	-533	-3145
17264	4780	3516	-1661	496	-2668
14796	4328	4228	931	108	-3084
18160	6880	2352	228	-729	-2784
15184	5444	4692	-124	1725	-2528
15068	5484	3036	685	-1657	-2392
17532	7084	2824	-1411	1361	-1786
14288	5928	4224	-1400	58	-1477
17156	6532	3108	-1588	-743	-1158
15596	6548	4588	-1458	450	-721
16524	6956	4136	-1393	-1496	-305
16996	6168	4216	-1005	-38	102
15368	6124	4100	8	-966	99
16076	6776	3300	-963	-916	457
15380	5520	3296	-677	-293	620
15888	6304	3608	-1020	-1173	519
15460	5640	3960	-1464	-208	718
14912	5648	3816	-98	-1310	536
16276	6772	2936	-289	-1011	774
15560	5300	3408	-652	-245	1017
15540	5720	3052	31	-973	758
16148	6220	2452	-1554	-388	990
15940	5004	3208	-1321	-20	984
15988	5172	3040	-237	-485	658
16716	5792	2576	-442	20	655
15372	5420	3376	-294	408	669
16364	5700	2452	204	-418	465
15884	5640	2564	-514	936	640
15220	5384	3184	-403	-43	547
16396	5804	2728	-429	522	615
16176	5808	2564	-293	584	734
18064	6396	3148	-445	913	936
18392	5604	3708	289	1247	922
21296	6396	3068	752	1708	625
20788	5872	3892	138	3121	543
21852	5408	3908	386	3150	137
20592	5092	4776	990	4977	-222
19596	5064	4236	2001	4006	-429
20092	6276	4180	2203	4924	-15
19104	6568	5352	3206	5163	1095
18792	6412	4856	2286	4684	2499
18372	5484	4644	1824	5115	3578
16584	4612	6532	1301	5925	4527
15836	3236	4960	1556	3332	5292
15528	3700	5016	2356	4684	5443
14064	3872	5080	1238	2043	5957
16292	3356	6388	2030	3345	6427
12824	3416	6092	3859	908	6295
15636	4032	3760	238	-729	6807
12012	2672	5792	90	-516	6464
13308	2824	4308	-321	-4936	6538
12928	2200	3780	-61	-3574	6255
13048	2604	4196	-724	-4909	6262
13024	1948	3636	467	-4629	5694
14048	1852	2716	94	-3052	5982
12900	2176	3768	1399	-3224	5617
13636	1716	2564	60	-3394	5515
13356	1064	3612	569	-2267	4685
14860	700	3084	1628	-1645	4197
14148	888	3996	2093	-135	3179
15436	696	3060	3441	35	2300
14404	196	3932	3106	1051	701
15284	652	3252	-240	248	379
14392	1132	4168	-2239	776	-1601
17312	-24	3832	-2399	-208	-1473
14936	892	3304	-2507	601	-3277
14916	732	3608	-2308	-293	-1979
17116	312	2556	-1780	-154	-3184
14428	1768	4596	-1217	531	-3258
15816	1904	1648	-3532	-2035	-2917
16928	372	2928	-5074	475	-3408
15508	892	4960	-2327	-269	-3671
15640	2264	1272	-3606	-1637	-3313
17760	568	3536	-3259	1981	-2527
13332	1320	4504	-1495	-428	-3744
18112	1908	2520	-3090	-1551	-2872
16764	60	4696	-1009	1250	-3390
15252	2048	3476	-556	-1144	-4131
18288	1948	2420	-4590	384	-3188
15104	516	5400	-1966	79	-4049
19004	1624	3116	-288	-579	-4201
16136	1708	4668	1116	1841	-4042
16068	2676	3768	388	-691	-4275
16284	2252	3916	26	-91	-4223
16944	3568	4076	702	25	-4519
15988	2960	4044	-1182	-279	-3889
17476	3468	3012	-1841	-752	-3593
16392	4688	4652	-1282	33	-3739
17076	4756	2548	-1850	-2240	-3520
17908	4088	2924	-2726	1129	-3055
14688	3464	5296	267	148	-3628
17448	4456	2960	1381	-1401	-3602
17168	5384	2428	1548	626	-3439
15860	5536	4040	263	339	-3134
16072	4636	3548	881	-419	-2672
16220	5660	2552	479	-358	-2641
14864	6176	3876	-1494	-550	-2464
15716	6340	2480	-1733	-2749	-2294
16644	5612	3092	-1642	-391	-2180
14096	5272	3752	-146	-1865	-2466
17132	6988	2472	-974	-2603	-2071
15672	6336	3344	-1315	-169	-1782
15952	6240	2844	-514	-1820	-1885
17164	7400	2500	-1711	-151	-1373
14700	6272	4260	-530	-49	-1117
16148	6848	3088	262	-1175	-1158
15992	7168	3152	-736	158	-569
14748	6608	3816	-565	-1106	-290
16588	6908	2452	-1239	-1681	149
15364	6980	2964	-1291	-328	672
15992	7032	2884	-1514	-957	802
15696	6312	2956	-1845	28	1020
15372	6068	2488	-1080	-785	1156
16772	6984	2664	-1553	438	1169
14816	5472	3688	-520	755	1209
15756	6044	2260	144	-1013	1023
16140	6440	2724	-1201	332	1350
14880	5380	3108	-627	-423	1464
16244	5900	2104	-877	-865	1366
15880	6240	2872	-2770	388	1555
15100	4776	3560	-1738	-374	1541
16520	5292	2372	-109	-222	946
15452	5952	2992	-1047	721	1404
15056	4516	3420	-369	-690	1427
16476	5348	2216	384	-133	916
15688	5888	2528	-1274	658	1425
15348	4488	3320	-2047	-258	1485
16808	4412	2728	-1308	239	1066
16928	5624	2780	-1044	851	749
17152	5324	3268	-1543	805	1084
18520	4884	3536	-659	986	989
19964	6104	3700	-471	1970	751
21748	6212	4048	-585	2818	994
21724	5328	4508	288	2885	956
22904	5584	4652	1173	3113	618
21376	4908	5128	1720	3210	809
21868	5296	3684	1054	2744	771
20448	4768	4132	-172	4801	1066
18916	3924	5148	-530	4430	1477
19288	3728	4408	518	5064	1785
17032	3952	5552	1514	5426	2195
16332	4028	5248	2975	3842	3651
16388	3080	4268	4811	3383	3873
13616	3576	5696	6458	2772	4286
15308	3924	3996	5425	853	5796
13164	3032	5392	5270	1526	6458
13796	2972	4672	4672	774	7305
12700	2572	4608	4707	165	7648
13572	1988	5280	4713	297	7618
11716	2036	5604	5153	-1438	7280
14440	2300	3212	3379	-3361	7004
13996	1932	4932	3193	-2475	6352
14344	1300	3324	2817	-4068	6424
14032	1824	2680	1627	-3059	5683
14160	836	2724	-231	-3641	5543
16708	624	2912	1925	-2649	4750
14056	1664	3304	3451	-2115	3855
15428	140	812	984	-2959	4374
16272	-332	3096	2709	-538	3837
14664	732	3120	4327	-1495	3152
16716	-996	2300	4308	-231	2570
15864	-164	3820	5178	623	296
15996	832	2624	3552	-917	259
16272	-80	820	3277	131	-256
15480	216	3876	-1172	733	-11
17260	72	2580	1604	705	73
16456	448	3408	395	824	18
16928	208	2952	-1233	-404	-3
16508	-860	3336	909	153	-120
16576	184	3352	458	60	167
16296	-680	2720	788	720	-137
16216	124	4140	-89	665	109
17160	-140	2456	-912	905	-573
15612	772	3968	-2766	137	-763
16240	-136	4044	-2918	664	-1400
15928	192	3876	-3485	656	-1598
16432	492	3424	-2854	195	-1491
15788	1048	2868	-5303	208	-2279
15524	520	4184	-4767	-710	-1275
16592	-232	3600	-2765	423	-2315
15180	1848	3816	-3077	-1054	-2562
16828	1540	2296	-6276	-1291	-1983
15764	136	3636	-7352	-107	-2503
14344	1188	1664	-8228	-2195	-3417
17596	44	1740	-9601	-1696	-2885
15428	-404	4328	-6424	-494	-3757
15104	1564	472	-6973	-2404	-3916
17816	948	2428	-8696	-889	-2788
15372	-32	3572	-4834	-761	-3382
17112	1208	2280	-4522	-942	-3209
17212	956	2556	-2704	9	-2873
16108	368	3656	-414	1103	-3055
16648	968	2032	1201	-548	-3412
19436	1252	2248	-72	2763	-2646
13852	960	4172	647	1712	-3629
17972	2764	1348	-2766	-1560	-3707
17424	36	4748	-1959	2795	-3489
13696	1424	3036	789	-1117	-4848
18704	4084	1584	-2788	-1161	-4633
15860	1136	4300	-669	960	-4847
14736	2596	2768	754	-1042	-5694
17516	4272	2192	-1210	462	-5054
16420	2996	3620	111	1280	-5059
15096	3996	3252	988	184	-5261
17880	5904	2608	-1438	115	-4324
15548	4220	4316	-1542	1403	-3920
16496	5192	3732	111	-467	-4089
17128	6520	2960	-1316	1018	-3010
15864	5400	3996	-1502	696	-2022
16532	5628	4324	-67	205	-2197
16192	6020	4260	629	419	-1665
15960	5708	3572	380	253	-1136
16212	6116	3612	-564	61	-631
15632	5708	3664	-325	275	-386
16344	5900	3284	-1709	-133	-15
15476	5608	4408	-2333	142	254
15644	5276	3572	-1285	-422	445
16256	5912	3092	-1273	-107	535
15256	5084	3712	-1467	-385	803
17044	5632	3404	-863	-1001	495
16152	5076	3552	-1047	89	550
16444	5364	3372	-963	-783	397
16804	5524	3688	-1628	-154	514
16244	4480	3844	-1307	-276	495
15712	4672	3696	-653	-461	432
16524	5396	3304	-875	-962	308
15984	5036	3516	-1078	139	397
15520	4752	3132	-1094	-1042	217
16720	5264	3400	-1287	-90	38
15368	4864	3416	-450	-366	-12
15836	5308	2380	-553	-577	133
16112	5508	2900	-1184	89	585
15276	5232	3396	-823	-323	606
16132	5152	2488	-1235	-107	979
15796	4864	3016	-1495	185	1078
16268	5100	3532	-1381	270	1033
16828	4796	3456	-1299	191	1147
17204	5120	3536	-508	208	943
18720	5640	3412	-1069	304	934
20104	5404	3796	-1205	1178	951
19860	4828	4904	-512	2263	887
20984	5104	4084	93	1442	665
21432	5672	4412	162	2544	773
20236	4628	4428	807	1557	889
20960	4508	3844	1302	1981	872
20484	4944	4528	328	3087	1150
19900	4296	4888	-210	2664	1626
19864	3804	3828	-271	3679	2063
19088	3788	4592	-205	3702	2722
18860	3520	5144	1287	3356	3122
18120	2792	4616	2793	4692	3760
17176	3744	4464	3497	3367	4286
16100	2768	6020	2551	4580	5804
15280	2076	5268	4822	2936	7091
14960	2040	5880	4197	4509	8291
11916	1492	7084	4577	2583	8387
13056	968	5624	4345	1423	8277
12344	-132	6512	7081	1917	7776
11556	832	5788	6595	-999	6643
13524	-92	5472	4937	13	5627
12056	276	5544	7682	-1800	4540
14252	988	4556	6348	-993	3979
12936	524	4032	5800	-2944	3319
14404	1796	4672	5091	-2123	2640
14460	2700	4264	3038	-3663	1733
14876	1912	4032	612	-3085	1570
15232	996	3096	1843	-3335	1658
15176	1580	3588	1642	-2741	1560
14452	2340	4312	2784	-2591	1212
15408	1444	1996	3710	-2539	951
16728	2500	3660	1778	-743	232
15612	1428	2368	1174	-1625	80
15656	2188	2520	-386	-102	-386
16128	820	3596	-2517	-733	154
17060	1728	4004	-1210	175	-63
17576	200	3808	-1892	-156	-22
17080	216	4632	-1613	-1376	547
16544	-448	4772	1465	-708	18
17152	-844	4348	3063	-701	309
16536	-672	4436	5727	-7	-573
16076	968	2480	3491	-1514	-284
16040	1232	2304	737	-1445	-228
16624	940	1812	-3554	-1346	-588
16376	924	2564	-1917	-1575	-164
16548	1396	1068	-1572	31	-788
15184	1992	2300	-3316	-258	-347
15896	1864	1860	-3628	-222	-1066
15268	2660	3592	-5953	1056	-2247
15076	1036	2728	-7114	171	-2665
16616	584	4640	-7433	2451	-4406
16452	2404	5476	807	311	-3185
16560	2484	2800	-1449	802	-3311
15784	1580	2408	50	-1133	-2436
17120	1276	2108	-4082	-823	-2086
15696	1320	3188	-5083	-1033	-2377
15340	1632	1180	-5637	-1950	-2880
16208	1324	1536	-8111	-804	-2597
16056	464	5200	-4372	-1101	-4270
15940	560	2444	-1439	-441	-5317
16236	1760	1760	-800	674	-5261
16000	2984	3180	-1566	-225	-5577
16528	1800	2644	-2025	18	-5318
16012	3396	2112	-4635	-778	-5144
16900	3880	3088	-7194	-1643	-4688
15224	2764	3344	-5035	-1627	-5156
17744	4464	2428	-6004	-2806	-4551
16192	2824	4508	-4141	112	-4721
15184	3880	3044	-1045	-2018	-5300
18112	5780	1848	-2697	280	-4432
14908	3876	4544	-558	1400	-4609
17152	5456	2264	-259	35	-4723
16220	6012	4240	-1711	1444	-4098
15892	5244	4504	-370	278	-3799
17080	6556	2964	-311	104	-3674
15504	6532	4220	-3089	784	-2794
16008	5788	4772	-2139	-864	-2929
16684	7332	3180	-1779	150	-2731
14896	6560	4544	-2821	-74	-1869
16636	6448	3588	-1669	-1262	-1794
15988	6948	4480	-952	907	-1443
14712	6716	3988	-573	-461	-1296
16024	7572	3316	-1490	394	-512
15060	6652	4276	-547	428	-26
15788	7360	3812	-914	-84	71
15372	6940	4192	-2698	350	483
14696	5332	5004	-917	45	598
15140	6748	3648	1148	-1228	255
16184	7588	3216	-1248	-245	999
14796	4784	4300	-571	-310	1015
15972	6268	3576	556	-209	172
16624	6848	3036	-1445	58	886
15552	5584	4592	-1005	1502	768
15492	6156	3372	381	-453	630
16384	6640	3476	-322	683	904
14928	6148	4228	186	-230	960
16512	6660	3268	-337	-1096	1025
16420	6224	3820	-916	-113	1198
15468	6004	3640	-993	-1033	988
16496	5984	3052	-2196	-988	1131
15812	5244	3236	-1283	-597	927
15840	6052	3032	-621	-385	680
15616	5584	3132	-987	-363	610
15604	5264	3328	-197	-151	254
15264	5828	2672	-377	-488	185
15480	5992	2964	-1110	-240	246
15036	5596	3112	-1248	-449	482
15460	5600	2824	-883	-477	255
15624	6188	2988	-1406	97	471
15704	5424	3148	-1373	176	679
16576	5976	3000	-1096	631	611
16836	6088	3712	-1466	652	976
18896	6204	4124	-861	846	944
19872	6480	4956	53	1748	962
21392	7196	4568	-144	1824	1309
22260	6828	5048	-948	2337	1613
21832	5736	5300	-53	2864	1933
22000	6496	4860	677	3131	2138
21416	6592	4968	945	3200	3260
20744	4528	3640	1161	2494	4453
19208	3876	3680	-1287	3461	5265
17724	2420	5000	-2372	4073	5768
16692	1944	6112	393	3607	5397
17008	2192	6060	3015	2978	5841
15900	792	7392	6477	3832	6105
14720	1468	5372	9458	1523	6234
14684	2692	4256	7862	2972	7455
12804	1172	5856	5282	2328	7898
12800	528	4492	4626	178	7344
12388	1616	5372	4720	172	6504
13120	1172	5284	3912	-1398	6285
12200	1256	5268	4377	-2898	5511
12348	2728	4896	2290	-5019	4001
14232	400	3912	4682	-4717	4064
14140	2264	2780	7098	-4213	3013
12820	2684	3640	5054	-3766	3118
15156	1984	2008	5695	-3209	2810
14836	2508	2208	7237	-2158	2452
14184	2456	1768	5847	-2138	1494
15740	2324	2312	3575	-541	1135
15224	2820	2216	1247	-182	619
16240	1416	1872	-787	464	-6
16324	1932	3052	-442	547	-287
16772	1216	2924	-479	1028	-444
15588	2224	2792	-180	261	90
15668	1032	3600	-1188	334	696
15988	2704	2560	-3445	-593	1144
16568	452	3192	-4062	-469	1003
15964	1884	3344	-5760	-311	453
15756	744	2460	-6365	-814	-338
16756	-8	3504	-5860	16	-630
16640	368	3552	-3177	189	-1437
15852	1264	2748	-2988	7	-1385
17264	-272	1744	-4106	772	-1553
15068	1068	4388	-4761	89	-2178
16792	-100	2504	-4011	-811	-1788
15760	88	2736	-3341	327	-2962
15980	424	3760	-3669	-385	-3109
17268	296	2244	-1798	917	-3742
14396	1348	2008	-3398	137	-3938
17296	1144	2628	-6104	-381	-3415
16644	72	4544	-2621	1718	-3811
15816	2256	1908	-2998	-658	-3696
17540	868	3392	-5387	1256	-3189
16172	1456	4460	-1661	394	-3431
16684	1876	3024	-1140	1310	-2875
17068	1524	3488	-1671	567	-2693
16184	2072	5644	1572	2216	-3238
17564	2772	1648	1774	77	-2762
16936	2224	4884	654	2916	-2405
14368	2688	3736	1075	-258	-3173
17592	2776	2224	-2645	-133	-2511
15236	2432	5020	-3698	444	-2739
15124	3068	3576	-4141	-1828	-3212
17384	2664	3248	-4671	-665	-2826
15576	3096	5052	-3412	551	-3131
16032	3552	4360	-1088	-1119	-2997
17248	3796	3664	-168	1372	-2719
15736	3800	4544	725	1532	-2404
17356	3620	3900	781	1576	-2135
16112	3800	5300	790	1957	-2273
17140	4780	4184	-464	1545	-2261
16880	4396	4648	-1589	1731	-1772
16900	3788	5524	-556	1527	-1762
17524	4428	5052	-426	584	-1774
15712	4692	5484	-868	691	-1919
16484	5068	5088	-173	-440	-2085
15708	3680	4812	1188	47	-2136
15384	5484	4752	783	-1234	-2404
15112	5752	4360	-788	-1064	-1924
14996	4600	3672	-929	-1713	-1709
16032	5952	3724	-2364	-1771	-1441
15392	5292	5148	-2607	-1915	-1287
15880	4616	4092	-790	-1925	-1324
16164	6324	3672	-286	-1562	-1319
15140	5956	4880	-993	-1464	-730
15212	5040	4024	-565	-2988	-558
17060	6448	3072	-1910	-2323	-439
15276	5628	4656	-2579	-1521	-99
15932	5424	3492	-2325	-3092	-160
16964	5684	3276	-2207	-1046	26
15536	5432	4044	-1275	-1365	249
16872	5836	2992	-1204	-904	408
15996	5412	3496	-1216	-717	652
17072	5800	3308	-1378	-333	726
15276	4756	3996	-1525	223	587
15880	5196	3240	-1224	-999	349
16216	5592	3584	-1495	134	526
15112	4772	3676	-666	-439	253
15716	5140	3208	-435	-399	242
15448	5356	3280	-890	-787	500
15708	5492	3284	-1568	-798	541
15660	5236	2764	-1947	-962	697
15088	5360	3364	-2598	-723	833
15148	4696	3780	-1952	-1580	875
16168	5164	2904	-706	-1345	464
16236	5568	2756	-1724	-1091	722
16968	4552	3776	-2477	-1254	1067
17776	4064	4152	-659	-647	616
19548	5784	3536	42	-386	348
20500	5912	4440	58	1075	396
21016	5360	4856	1464	697	170
22472	6908	3584	2724	1965	94
20540	7356	3524	1546	2055	989
22580	8140	2244	-760	1239	1906
20780	5192	3064	-2414	3376	3076
19264	3168	4072	-958	3618	3900
19188	3952	3488	-818	2833	3669
19268	3032	3392	-1623	5102	4596
18300	1320	4568	674	5806	4512
16736	1408	5780	2849	5464	4061
18044	2716	3856	1867	5218	5120
15644	1648	5408	3578	5249	6024
14920	1396	5408	3303	4706	6112
15168	1292	4336	3738	2978	6334
12852	1456	6812	4256	3779	6566
12936	1652	4276	4615	-746	6350
13792	1652	5052	3691	105	6149
12912	1512	5328	4884	-2770	5852
12680	1596	3824	4106	-2762	6053
13812	1840	4428	3342	-3047	6089
12992	1288	4488	3283	-3639	5531
14876	996	3292	2453	-3761	5244
14320	148	3312	3071	-2036	5211
14372	1484	2848	1767	-3071	4220
15400	-644	3520	1801	-1327	3885
14652	164	4024	2203	-297	3686
14952	-796	3612	2225	-1185	3321
15520	-1012	3760	4649	-680	2316
15696	476	4920	4692	-558	1678
16292	-1720	3108	7757	-215	1378
15688	-84	3492	7302	1170	1002
15252	248	3348	4268	554	478
16516	-316	3452	4794	569	726
16680	464	3392	3642	1023	446
15580	308	3892	-399	-100	964
16380	-564	4296	807	715	593
17184	-552	3988	-358	1267	-167
15220	120	7016	3227	2487	-789
15840	648	3800	5527	2567	-768
14564	1496	4296	3082	1148	-673
15252	896	4956	-141	96	-536
16752	1236	3996	-2467	181	-1680
15136	1776	4380	-7257	-1311	-1085
15740	-424	4060	-8459	-145	-1556
15264	736	5956	-6701	269	-2471
16844	-104	2844	-6066	-555	-1637
15576	-1072	4828	-5252	1217	-2518
15436	148	4148	-3591	-411	-2693
16468	-1436	2812	-4338	533	-3415
15444	-28	5268	-5500	132	-4490
15228	-236	3604	-5571	-279	-4996
15336	256	2672	-7232	-350	-5515
15360	312	4924	-7763	-329	-5688
15992	-1100	4916	-4583	717	-5499
15488	1892	3588	-3399	-272	-6202
16708	252	4372	-5616	1352	-4401
14896	1104	6312	-1121	721	-5096
18796	3276	3820	-2798	199	-3419
16320	888	7344	369	2908	-2634
15460	2472	4728	1461	372	-3092
15708	2744	5412	-2479	1124	-2844
15512	1436	5928	-1515	-627	-2647
15512	1196	4916	-983	-1424	-3283
15360	2796	5612	-991	-982	-3529
16316	2544	4088	-1550	-2905	-3618
15512	2216	5404	-1462	-136	-3429
17484	4076	3092	-2190	-2171	-3159
16232	2776	5236	-3356	-848	-2475
17776	3764	4532	-1557	-1082	-2680
17428	3300	4660	-1032	289	-2011
16840	3532	4596	-689	96	-1840
16436	3944	4340	-1165	-208	-1742
18076	3708	4816	-1145	-302	-1170
16312	3092	5360	665	562	-1194
16804	4776	4192	1120	-894	-1289
15792	4144	4120	-895	-1145	-790
15152	3012	4384	-1924	-1466	-1088
16008	4064	4356	-3241	-1921	-1198
14820	3616	4932	-4077	-2608	-1304
16128	3388	4316	-2690	-2751	-1606
15716	3592	4664	-1462	-1983	-1908
16448	3916	4428	-307	-2382	-1712
17216	4804	3944	469	-934	-1804
16828	5148	4348	376	-682	-1345
16960	4296	4356	846	-807	-749
17084	4936	4132	872	210	-743
16384	5156	4260	-434	-289	-275
16828	4460	3892	-1247	266	-54
15732	4356	3712	-1355	454	-256
15332	4656	4080	-1913	-336	-209
15944	4028	3600	-917	-516	-323
15088	5000	3620	-585	-95	-125
15660	5320	3600	-2295	-1240	454
15432	4220	3728	-2227	-335	854
15284	4600	3904	-1710	-764	856
16204	4708	3504	-2193	-650	1201
16036	4156	3884	-1328	-308	1264
16664	4292	3936	-444	-382	953
16332	3992	3580	-220	-264	1200
16600	4460	3340	-416	-130	1182
16496	4512	3692	-1393	-187	1327
16636	3988	3408	-1751	-177	1568
17208	4400	4308	-1853	-109	1721
17624	3548	4504	-769	-572	1823
18636	4184	3528	270	-313	1522
18904	4324	4636	-1069	-313	1839
20524	3316	5348	-480	-58	1465
21592	3408	4376	1100	-17	719
23784	4780	4088	-324	427	250
22896	3064	6028	690	1669	238
24272	3240	3648	2767	1430	-481
22560	4488	4284	1869	4193	185
20780	2240	4056	-53	2781	1083
20836	1952	3244	-1977	5253	1109
18064	2048	4884	-3615	6057	1283
19388	1660	5116	-3139	5955	1758
16996	1008	6940	1337	6752	2334
16116	1196	6264	5831	3940	2522
16460	1604	5328	6319	4508	3108
13032	888	5624	5902	3988	3831
14960	1940	3760	3821	2022	4395
12396	2020	6580	2367	3663	4734
13012	1568	5160	2468	414	5305
11288	2020	6220	2986	-784	5726
12364	2240	5508	4495	-4080	4986
12848	2996	3600	4778	-4731	5940
12128	3168	3704	3121	-4715	5398
13968	2172	2680	4101	-4202	6205
13204	1996	2968	5688	-2881	6819
13716	2348	3360	5326	-3137	6619
14140	888	4148	4983	-2024	6439
13692	1056	2556	6539	-2331	6485
14536	444	3536	5006	-973	5124
14444	1408	3652	4161	-2277	4306
15456	-532	2520	3945	-1686	3660
16560	1508	3316	-2	-321	2850
16848	-1112	3948	546	-350	2464
15964	-876	2832	34	410	1907
16248	-1904	4472	2052	739	1460
17068	-1532	4216	2806	598	1092
17364	-2056	3808	1016	88	485
16812	116	4080	-19	577	-302
15888	-2328	5136	-479	843	-830
15936	-688	4760	-1127	582	-818
16388	-204	5636	-735	353	-1631
16864	-1464	5864	1835	538	-1952
14776	1412	4428	659	-180	-1949
17396	200	5228	-549	720	-2526
15596	1020	4704	-1356	-255	-2803
14492	556	3004	-2417	-889	-3438
15820	808	3972	-5309	-22	-3846
16172	308	2876	-7518	-1267	-3582
15648	1008	3036	-6873	-1240	-2830
15916	468	2720	-7907	-702	-2355
16800	-1124	4740	-4387	654	-2773
16136	320	4468	1359	-93	-3500
15672	872	3828	626	568	-3752
15636	572	3520	-504	-131	-4335
15536	556	3236	-3319	290	-4784
14808	1140	3964	-3483	-1277	-5026
17140	616	3668	-2998	-205	-4825
15148	1768	3284	-2259	-305	-5056
16808	1960	2580	-2849	-1085	-3923
16904	1984	4040	-3223	626	-4680
14972	2172	3576	582	-37	-4212
17640	2864	2760	850	1317	-3293
15384	1816	5800	2257	1388	-4220
16448	3816	2520	3059	117	-3617
16708	3484	4192	427	1684	-2475
14996	2056	4696	-1159	395	-2918
17124	3620	3680	-1469	-677	-3036
16272	3136	5424	-475	666	-2798
16372	2856	3808	314	-1041	-2951
16720	3460	4368	-1563	-306	-3092
17180	3480	5088	-1243	1164	-3286
14536	3320	3620	-1060	-723	-3404
16152	4760	4756	-3516	-845	-3745
14932	3592	5420	-3139	-1065	-4033
15912	4872	4272	-2854	-1640	-4274
15328	5824	4500	-3684	-969	-3458
15672	5180	3980	-3393	-2175	-3323
16452	6036	4260	-3714	-882	-2911
15972	5360	4364	-2506	-1050	-2571
16336	5796	4236	-1967	251	-2593
14884	5388	4544	-107	-74	-2011
16620	7032	3236	-529	-734	-1699
15856	6696	4604	-2206	637	-1160
15024	5924	4972	-1346	-341	-783
16188	7108	3852	-2081	-433	-130
15236	6356	4480	-2874	37	432
15484	5992	5048	-1452	259	755
15408	6340	4456	-853	12	1049
15232	5596	3700	-849	1548	1341
15256	5920	5100	782	2110	1299
14800	5764	4476	303	1051	1876
16720	5820	4212	-1366	1311	2151
15248	4872	5352	-1318	923	2223
15792	5028	5120	-739	351	2122
16112	5072	3640	-2250	-626	2442
15696	4056	5264	-2524	301	2226
15180	3744	5276	-1539	-733	1814
16892	5000	4200	-1835	-1085	1734
16420	4936	5148	-2857	-278	1943
15700	3452	5084	-1836	-990	1899
16816	3896	4352	-1320	-456	1517
15292	4020	4716	-1558	-439	1529
16532	3236	4508	-861	-837	1334
15536	3032	5208	613	275	983
16184	3880	4520	1579	-892	877
16532	4272	4248	1099	-217	1074
16336	3984	4652	-117	-467	1452
15648	3176	5060	-562	-488	1612
16816	4268	4132	-605	-1913	1734
16956	4408	4112	-2125	-1441	2397
17172	2992	4800	-1939	-1832	2414
18280	2752	4200	-555	-1845	1895
19172	3348	3908	-729	-1240	1630
20144	3716	3936	-1587	-926	1451
20948	2756	4340	-1682	-407	1023
21652	2768	4396	-1374	22	108
22320	3284	4788	-2262	695	-438
22596	2672	4704	-1208	1251	-1041
22848	3356	4128	-374	1767	-1239
22848	3304	4568	-482	2351	-574
22160	2932	5148	-181	2733	-273
21568	3124	4580	-1844	3485	392
20576	3828	6016	-2265	4665	811
18516	1368	6996	307	4936	2077
17504	1484	5192	3470	4412	2575
16160	2152	5404	3893	4156	3867
14540	984	4868	3090	4338	5109
13480	-12	4684	2149	4720	5798
13808	808	4760	1143	3814	6441
12380	448	7920	3279	3355	7442
11988	144	6760	7826	300	7242
12116	0	5028	8202	-1931	7279
11720	556	6432	6692	-3184	6287
11932	1508	4800	4169	-6171	4951
12828	1220	3456	-532	-6450	4690
13440	-184	5208	-1448	-5679	4080
14904	884	3056	-706	-7076	3832
13948	224	4264	1562	-5257	3651
14504	572	2908	4369	-5427	3882
14032	352	2976	7465	-4172	3725
15476	448	1496	8170	-3514	4649
15540	-1028	1152	9268	-1085	4247
13872	1500	1432	6612	-1646	2237
15932	-572	2280	2027	-376	1272
16228	28	2288	654	-579	-441
15724	28	2784	-262	370	-1086
17108	456	2964	-1173	345	-881
16132	-340	3856	1132	1699	-957
14404	1232	3364	-2017	963	-1262
15432	1044	3448	-1541	803	-1469
14472	3580	2944	-2319	798	-979
15384	1912	2476	-3035	1305	546
15936	1832	4044	-3208	2057	88
15768	856	4660	-2661	1506	-474
15364	-132	4172	-3396	1693	-1283
16168	-1652	5400	-3585	1669	-1962
15700	-1164	4108	-2856	-75	-2389
15600	-1828	2852	-3961	718	-3624
16972	-924	2992	-6033	-78	-3819
17180	-1720	3528	-3269	983	-3843
16120	-2036	2696	-1993	2229	-4881
17504	256	2928	-2740	776	-4872
16016	-1044	5092	-179	2574	-5222
16424	96	1860	294	1354	-5841
15628	1144	3248	-3489	1085	-5462
16712	1348	4720	-3568	186	-5864
16316	928	3080	-2164	-5	-5488
15760	1660	3300	-3320	1098	-5577
15112	2804	5176	-2960	310	-6028
16140	2212	3328	-1943	946	-5643
16604	3476	5092	-2217	1307	-5403
15344	2456	5208	-570	1441	-5210
16560	4544	4004	104	1399	-5049
15956	4096	5432	-2578	977	-3810
16880	3656	5524	-2765	611	-3385
15728	3856	5520	-2955	-269	-3087
15548	4320	5680	-3995	-924	-2265
15920	4136	6388	-4691	-1694	-1739
15948	3608	5816	-4061	-2393	-1584
15668	4380	5920	-3394	-2324	-1339
17044	4392	5760	-3318	-2638	-978
15704	3416	5808	-2194	-1519	-1090
16340	3744	5336	-1864	-1928	-930
17636	4132	5048	-1604	-1176	-659
15496	3536	5716	-269	-1028	-615
17836	4416	4160	-774	-1995	-534
17212	4188	5036	-1203	-155	-306
17016	4092	4856	-718	-1121	-308
17064	4476	5084	-722	-225	-313
17040	4456	3460	-485	-258	-135
16396	4448	5380	-1009	354	56
16232	3192	4972	1	-166	-203
16208	4392	3844	839	76	-434
16216	4684	4356	-539	-628	-224
15784	3524	4728	-476	-696	-498
15828	4116	4160	-298	-1290	-891
16240	4540	3304	-1258	-1484	-665
15712	4288	4632	-1385	-721	-761
15600	4324	3948	-998	-1598	-1040
15980	4504	3748	-997	-328	-1114
15188	4616	4280	-545	-868	-848
16724	5196	3808	-724	-701	-588
16120	4636	4004	-645	-729	-316
15968	5300	4300	-86	-667	-224
15976	5392	4120	-79	-1449	-33
16600	4836	3248	174	-652	175
14988	4912	3900	-674	-284	447
15796	4396	3676	-1026	-1456	574
15856	4240	3292	-699	-635	381
15924	4488	3644	-937	-1038	612
16204	4548	3900	-1211	-770	834
16556	4516	3612	-682	-1144	822
17448	5136	3236	-691	-381	1224
16324	4736	4012	-1509	-503	1785
17948	4232	3676	-1322	-1095	1603
17252	4020	3524	-555	31	1385
16572	3980	3600	-921	-810	1438
17204	3368	3568	-721	-669	994
17664	3124	3408	559	-548	328
19496	4056	3232	310	294	-260
19280	3884	3960	108	874	-617
20764	4052	3172	-688	1121	-1112
21552	5056	3684	-1780	2205	-1104
23104	6184	4188	-3059	2832	-257
25608	5924	4264	-6084	3577	451
23460	4696	7724	-4840	4693	608
24576	3292	4332	-3963	5145	183
20696	1220	5612	-3147	8114	111
17680	-144	7016	-90	6382	-1086
18428	1944	4956	7850	5494	-1204
16216	3892	4632	10672	5870	-43
14688	4084	5056	7971	4471	1516
13612	3128	4624	6290	2859	3128
14276	5452	4056	2560	2650	4734
11772	4180	6392	3282	894	6925
13232	2800	4784	5668	-547	7873
11260	2528	5624	9996	-658	8741
11420	2668	4820	13260	-815	8799
10044	2988	3392	12270	-704	8378
11164	3624	4364	7663	-1514	8593
13016	2792	3336	5931	-2474	8021
11640	5308	3344	-450	-4933	7696
14480	2448	4572	-964	-5258	7532
13696	1424	2632	2121	-4198	7271
14984	1868	1552	1757	-4144	7102
15556	204	3820	4874	-1301	6968
14256	1740	3556	6200	-1575	5986
14840	-200	3408	6152	-461	4580
14764	2260	3300	3681	-1027	3141
17076	-1596	3388	-1694	-593	1122
14580	1424	4128	-2905	543	-1058
17264	-1832	5496	-3180	1874	-1884
15924	960	4268	1580	518	-1312
16948	-1160	3868	3139	-258	-96
17116	380	2728	2989	-803	432
15744	1016	3692	-899	-799	911
17504	-2196	1212	-3558	416	431
14592	2308	4032	-6396	369	-1446
17120	-2588	1884	-6344	277	-1935
15588	648	4392	-6918	2331	-4571
17196	-1168	1748	-6391	251	-3836
15896	-628	4804	-3890	2935	-5153
16840	512	3404	-2264	507	-4073
17112	416	3412	-2293	1414	-3896
16600	1140	4304	-2028	1987	-3757
16448	1132	4504	-2647	2256	-3349
16448	-524	4636	-1054	2869	-3648
15496	1092	4912	-986	1687	-4631
15476	80	4916	756	984	-4985
15416	1096	3796	782	567	-6077
14412	2440	5196	-738	377	-6685
16184	2624	2656	-813	-437	-6186
14764	3076	2972	-4265	181	-6336
16416	3400	3384	-6161	-22	-5302
15536	3484	4616	-3198	1564	-5391
14852	4600	4332	-2901	242	-4923
16596	3468	5008	-2528	1621	-3974
14576	3884	5660	48	1629	-4460
17152	5944	3096	-3439	740	-3238
16088	3764	7000	-5228	4147	-2351
16644	3872	5224	-1319	3998	-2729
15744	4760	6952	-1801	5340	-2415
14600	4368	8228	-220	2662	-2298
16032	4184	6624	746	974	-2793
14692	5388	7736	439	191	-2857
15108	3844	5980	-600	-1467	-2648
14684	5604	6188	-2637	-1579	-3218
15104	4688	5820	-4961	-1904	-2863
14112	3744	5860	-5124	-1933	-3252
15224	5652	5940	-3103	-2896	-3201
14000	4296	6100	-1868	-2757	-3284
15148	6600	6468	-1768	-3978	-3248
14808	5332	5748	-1810	-4120	-2341
14556	5840	5644	-2166	-4397	-2709
15652	6436	4764	-2228	-4511	-1891
15532	5736	5096	-2139	-2629	-1807
15144	6540	4800	-2895	-2855	-1877
16136	7500	4480	-3800	-1378	-1092
15448	6196	5764	-3046	-1245	-453
15628	6568	5352	-1083	-1626	-59
15944	7512	4748	-1990	-1267	451
15204	6532	4860	-2862	-1265	853
17196	6920	4088	-3911	-510	1248
15964	6464	4692	-4785	-549	1489
16480	4692	4368	-4071	-675	1415
16396	5184	4228	-2985	790	1137
15456	4312	4304	-2380	-245	1360
16312	4180	5196	-1474	1434	1268
15260	4820	5580	78	325	1048
16548	5596	4364	71	214	1449
15360	4808	5592	-802	378	1793
15308	4752	5256	-1044	-684	1525
16160	4400	4260	-2441	-716	1687
14652	3420	5292	-2881	-962	1525
15416	3056	5464	-1462	-1237	1294
15360	3556	4896	806	-1755	1260
16804	5096	5036	422	-1090	1628
15992	3660	6024	290	-808	1862
15892	3708	5544	648	106	1269
17008	4884	4900	-735	451	898
16508	3324	6332	-1392	1356	840
17408	3308	5872	684	505	186
16984	4504	5652	1707	1193	-145
16392	4968	5652	1549	-85	-284
17164	5616	5320	315	-9	-559
17744	6036	5088	-1424	-795	-285
18540	5840	5928	-2027	-283	-76
19876	5740	6060	-365	-675	198
22060	6736	5744	470	219	288
23552	5908	7304	391	560	621
26712	5012	6548	2310	-757	456
26176	5588	7588	4204	2705	404
21976	4832	6516	4396	986	920
21700	5128	4564	-75	3889	2140
17584	1288	5904	-1539	2463	2629
16384	1656	4412	2385	2984	2995
13104	2584	4424	2437	2751	3765
13564	2484	3840	1187	2058	4553
12560	1676	5720	4225	2541	5275
12784	3316	4808	5550	1289	6347
11632	3432	4560	5646	780	7721
11904	2328	4420	3765	568	8631
10488	3704	5232	192	-1237	8584
11388	1940	3692	-4295	-4351	8132
13424	128	4636	-5266	-4671	7178
13056	112	6356	-852	-6173	6408
14440	592	2616	2646	-7192	6322
14680	-396	3388	3804	-5340	5840
14412	428	2800	5651	-4229	4725
14572	-584	1960	6872	-2863	4489
14052	196	2020	8881	-2142	3458
14864	908	2176	7668	-1657	1924
15604	-436	2484	8441	-832	892
15548	552	248	4204	-156	133
15168	1224	3572	1903	174	-505
16220	660	1908	1040	522	-140
15836	836	2084	-2392	1544	-577
16944	256	3248	-140	505	-482
15312	1100	3400	926	2338	-1205
15092	472	3232	-350	1999	-1842
15084	1736	2728	-2545	2292	-3630
14924	2548	3496	-7982	739	-3301
16296	736	4868	-8878	1820	-3394
15164	2256	5488	-6982	839	-3411
16856	304	4104	-4051	166	-2497
16208	-624	5712	1283	1660	-2660
16388	1216	3092	3771	1083	-2579
16340	1568	2368	-931	1206	-1718
15372	568	4528	-2752	421	-2377
17040	1256	2320	-6025	-145	-1957
16548	420	3020	-6771	-822	-1927
15468	708	3732	-8202	-528	-3060
15948	972	3316	-5722	-1592	-3236
17684	156	3284	-3388	482	-2942
14932	216	4240	-741	1917	-3633
16100	1392	3252	-656	975	-3652
15936	160	4572	707	2765	-4330
15368	1444	4416	3379	1247	-4927
16692	2260	3948	651	740	-4636
16464	932	5224	-1186	1360	-4895
15492	2172	3684	-2180	-425	-5358
16972	2540	4760	-3779	1406	-4824
16068	2268	5556	-2181	-398	-4477
17784	4116	4988	410	-613	-4195
16556	4972	5040	-1169	591	-3251
15832	3756	6796	-1641	-1199	-2675
17868	5200	3868	340	-630	-1965
15848	4328	4980	-2610	156	-1172
15720	3392	4988	-2259	-629	-1368
16020	3592	5200	-1068	-394	-1436
15708	3980	5124	-1284	-892	-1703
15664	3680	4848	-857	-1451	-1821
16632	4920	3884	-488	-1516	-1875
16156	4164	4320	-1499	405	-1762
15412	4432	3920	-382	-591	-1859
17332	5560	3688	-224	466	-1656
15144	4004	4744	1138	1242	-1689
16352	5656	2744	225	733	-1468
15712	4788	4580	-1569	1686	-1220
15904	5076	4488	-621	1252	-1499
16092	5768	3708	-1989	1593	-904
15456	5172	5728	-2608	449	-752
16024	4720	4992	-986	924	-774
15412	5216	5188	-839	470	-720
15816	5632	5448	-2013	-563	-605
16120	5300	5072	-2060	-173	-543
15208	4908	4972	-2395	-219	-308
15996	5608	5524	-2383	-1037	-323
16316	5256	5324	-1630	-641	-108
15040	4644	5824	-766	-416	-29
15468	4712	5292	-171	-1028	-225
16124	5752	4656	257	-991	-191
15716	5132	5312	112	-414	97
15276	5288	5040	-148	-1388	244
16044	5608	5020	-1107	-999	297
15324	5096	4276	-2087	-1189	490
15492	4472	5056	-2490	-1360	646
15328	4320	5116	-499	-1853	486
15980	5408	3844	-322	-1562	575
15544	4552	4316	-1765	-1269	795
15916	3948	4860	-177	-1253	274
16448	5328	3624	917	-1060	250
15732	5312	3872	-770	-443	779
15756	4072	4552	-1309	-1223	1046
16540	4584	4104	-1491	-734	593
16124	5016	4072	-2330	-193	764
15812	3848	4956	-1674	-845	908
16244	3664	4608	295	-998	578
16428	5424	3548	156	-426	569
16120	4996	4464	-1804	-713	1255
17576	4264	4352	-1237	-537	1082
17472	4752	4692	-330	34	924
18480	4940	4452	71	-488	1171
19488	5292	4624	1002	642	1040
20000	5528	4260	740	575	1221
20924	5980	4420	-300	1072	1591
20908	4784	4672	-369	301	1573
22596	4976	4236	-1057	197	1633
22044	4020	5544	-893	711	1911
22892	4144	4400	-1132	860	1576
21380	3784	4124	-994	3172	1867
19952	2712	4540	-1681	3610	2385
18656	2060	4652	-89	4004	2588
18576	1796	4604	1209	4372	2774
17628	2036	5744	2126	4379	3143
16368	1236	5024	5391	3565	3577
15232	2708	4472	5405	4277	4612
14488	1448	4856	5106	2817	4926
14904	1892	3764	6182	2647	4883
12312	2064	4468	6043	1702	6591
12288	1312	4396	5206	929	7541
11516	1720	5100	2184	-528	6907
13320	320	6240	3179	-649	6341
11420	704	6588	6894	-1647	5572
14188	2444	4488	4057	-3368	4497
13412	988	4452	3512	-3748	4335
14992	1300	4388	2089	-3331	4024
15460	456	3720	2372	-3184	4287
13852	472	4348	2941	-3464	4344
14236	-932	4348	6879	-2510	4321
14432	1244	3168	8797	-1906	3431
13144	752	3096	7434	-2155	1836
13372	736	2496	5659	-2497	997
16316	2200	2272	4545	-2281	157
15992	1400	2140	2196	-250	-386
15392	2736	2676	-1246	459	-1242
16624	1020	2940	-965	1199	-2051
14460	1648	4152	-2707	1157	-2649
16704	812	2088	-102	380	-2339
15908	2992	2968	-2395	1136	-3401
15836	2968	852	-3014	780	-1292
15560	1920	2284	-7104	2290	-873
13724	2872	3300	-6888	675	87
15544	1404	2484	-3727	-472	-228
15924	612	3704	-4585	1409	-1430
16436	-344	2952	-4269	2282	-1640
15140	796	4000	-6521	2004	-2669
15672	140	5256	-6014	941	-2560
16424	-888	4884	-3350	1997	-3207
15216	948	5120	-3467	1346	-4046
15964	232	4848	-3148	869	-3413
17132	-160	4936	57	1466	-3774
14748	780	3656	-425	499	-4598
16740	2556	4504	-4343	322	-4128
16348	560	5836	-3966	1046	-3994
15548	1788	4536	-2568	22	-4182
17184	2500	5912	-3256	-144	-3450
16348	932	5100	308	-108	-3799
15456	2472	3716	1294	-1417	-3247
17760	2624	4008	-659	-68	-3384
16512	388	3336	-1374	1175	-3521
16748	3360	5036	-3179	1862	-4082
16576	2232	7056	-1735	1223	-3817
16644	2084	6508	2726	1666	-4498
15648	4308	5136	1585	566	-4410
16160	4724	5608	-2461	589	-3802
15492	4120	5488	-2978	-386	-3465
15588	4888	5964	-3491	-26	-2995
15308	4844	6708	-3290	-1050	-2856
16220	5052	5860	-2422	-200	-2783
15332	5324	5752	-1858	-818	-2019
16352	5380	5884	-1614	-469	-1376
15904	4036	6236	-221	-197	-1376
16020	5888	5264	15	-685	-1344
16348	5844	5064	-1230	-1079	-386
16392	3588	6524	-605	167	-317
15500	4920	4836	-816	-952	-1050
16676	5556	5656	-1459	-557	-721
15664	4356	5528	198	-428	-675
15548	5628	4788	204	-438	-672
15112	5640	4916	-1389	-1432	-159
15788	4852	4100	-2777	-1205	-170
15260	4388	4912	-2259	-277	-526
14872	4828	5256	-684	-892	-52
15516	4872	5156	-189	-922	54
15900	5936	4268	576	-206	-56
16004	5672	4928	-1120	389	807
15432	4144	5304	-1393	-547	938
16880	5604	4632	-1619	22	436
15276	5072	4624	-2629	-77	706
15916	4644	4560	-3733	-1008	842
15648	3704	5752	-2762	-627	686
15860	4476	4712	458	-1067	87
15952	5420	3980	481	-536	649
14980	3728	5436	747	-658	903
15884	4520	4032	663	-836	408
15904	5656	3372	-2294	294	899
15056	4068	5144	-4160	-389	1440
15704	3208	5116	-2386	-1363	1174
16240	4380	4212	-1622	-583	834
15276	4384	5064	-2363	-534	1102
16536	3320	5496	-1914	-336	967
17504	3504	5336	-995	196	577
17160	3588	6080	698	365	615
17240	3136	5768	2378	-334	621
17520	4480	5008	2059	73	388
17148	4688	5116	-178	-510	921
18524	4096	4904	-1899	-1216	1159
19172	4092	5372	-2382	-594	1040
19964	3800	5412	-1859	-301	777
20420	4576	5924	-1015	373	257
20632	4152	5444	-389	967	390
21360	3988	5872	-124	2571	165
21796	3500	6904	-107	3874	-479
21424	3884	7028	479	4543	-446
21716	4248	6892	1205	4436	308
19624	2432	7948	5192	4440	942
19048	4496	4952	6972	3168	1655
18148	4732	4692	2980	2857	3137
16004	2312	5440	-67	2634	3948
16128	2676	4480	-839	2387	4671
15260	2424	5592	-610	3596	5937
13132	1272	6028	1005	2938	6426
14384	1416	4924	3315	2075	6954
13368	1744	6700	5677	2654	7324
13244	1076	5760	5858	759	7600
13444	256	4684	5264	-436	7119
13244	1012	6684	5082	-449	6574
13364	1108	4836	4737	-3012	6765
12952	244	4244	3598	-2622	5792
12272	588	5820	3101	-3798	5344
14044	456	4844	3148	-4666	5490
12312	1196	5112	3198	-3888	4498
13828	1652	4352	1377	-4657	3446
14304	156	5340	2530	-5516	3285
14232	1368	3736	4533	-5975	2812
14704	2204	2524	3600	-6182	3427
15536	1560	1628	3990	-4838	3740
15132	368	2160	3248	-4337	4292
16132	100	1492	2259	-2643	3725
15440	984	3564	422	-2297	3703
14812	180	2668	-1754	-1905	3581
15844	-732	3968	-5267	-687	2172
16608	-1276	2332	-3176	-287	364
15504	-1024	3920	-4697	973	-911
16100	-1476	1904	-1545	1148	-2027
15712	-632	3540	-1541	1768	-2408
15896	-544	3464	229	1594	-2002
16440	72	1836	-2035	1008	-1936
16020	-964	2500	-3782	1129	-2192
15820	800	1972	-6196	686	-2350
16028	-2416	1424	-5772	1768	-2363
15288	-1272	1584	-4917	2603	-4122
15220	-1884	2500	-7849	3139	-4747
14848	-2712	3052	-6004	4034	-6393
14648	-816	3404	-5496	2330	-6897
16372	-1972	4988	-3434	2365	-7056
17076	-336	3688	850	2037	-7714
14836	2060	3684	1123	2115	-6791
17256	1200	3296	-1875	2594	-5802
16740	2492	3808	-4962	2887	-5035
16660	752	4440	-9361	2929	-4117
16380	904	7036	-6434	1431	-4755
16052	1212	6012	-2511	785	-4866
16356	1744	5860	-1316	-280	-4980
15304	2216	6476	-495	-504	-4976
16888	3340	4348	-647	-1518	-4974
15284	2664	5680	-1503	-234	-4225
15956	2752	5388	-259	-916	-4530
17224	3924	4624	-211	219	-4034
16936	4228	5616	-266	1511	-3074
16580	4052	5864	1353	136	-2280
17320	4072	6128	3163	198	-1709
15856	5208	6388	5223	19	-1141
17620	6004	4156	1828	-1816	-112
16584	3708	3924	-4709	-1032	459
16660	2204	4996	-6983	-443	-460
17064	2544	5324	-2388	-161	-1393
16364	2928	5928	1468	828	-1816
15860	3632	5668	4791	349	-2039
17052	4568	3532	3922	1462	-2051
13692	4936	5576	796	1394	-1852
16056	5568	5036	-897	-790	-1919
15480	5024	5276	-1460	462	-1454
13636	4328	5312	-2056	-926	-1383
16068	6180	3944	-3300	-1393	-1475
14892	4464	5504	-2591	-351	-725
15364	4296	5320	-335	-1046	-1195
16092	6448	4540	-174	-325	-685
15568	6140	5128	-141	-228	217
16532	6084	4640	-318	205	730
15312	4872	5064	-738	-130	1259
16364	5616	4632	-996	-667	1247
16416	5240	4124	-2147	400	1829
15976	4040	5648	-2096	35	1771
16924	3736	5272	-1104	-305	1166
16788	3896	4420	-673	603	867
16144	4352	5612	-844	18	607
16928	3896	5384	-198	-687	319
16472	4500	4488	-398	-369	183
15588	4780	4864	-1538	-889	383
15856	4228	4788	-1616	-866	439
15244	4028	4784	-1047	-577	227
15064	4292	4544	-1302	-657	20
15368	4008	4368	-1649	-646	-11
15052	3652	4608	-1042	-875	-197
15464	4224	4764	330	-1010	-418
15820	4848	4280	293	-787	-121
16316	5084	4600	-1457	-617	369
16872	4236	5216	-2198	-531	611
17696	4716	5140	-956	-584	580
18396	5128	5080	-1201	12	748
18916	4508	5944	-965	-134	684
20224	4648	5424	233	-197	356
20592	5876	5552	769	520	440
20848	5268	5804	-474	555	724
20452	3588	5380	-228	1204	784
21024	4672	4416	17	292	837
22932	5836	4744	-1114	1818	1444
21020	3316	5936	88	2875	1743
20400	3752	4620	247	2243	1975
20732	4176	4908	-2876	3543	2712
18096	2212	7456	-1397	4832	3370
17240	1668	5812	877	3555	3702
15616	1908	6668	2578	3991	4620
15012	1016	7024	4530	3170	4995
13668	864	5532	5768	3200	5334
15316	1744	5520	6540	3422	6604
12288	936	7236	7133	2632	6993
14364	1200	5016	6383	3185	7682
11532	2852	4508	3584	1541	7552
11000	2032	6484	-941	-1451	7826
13256	-1284	6468	3516	-3269	7550
9944	1492	3864	3980	-5890	6364
14680	100	4036	-2097	-6612	5922
13636	-856	6108	5192	-5884	4453
15480	576	3100	4936	-4442	4438
14828	-816	4880	7150	-3960	3638
15440	-972	3516	11188	-3533	3565
13304	-688	2392	11589	-3274	3453
14172	708	2256	7685	-2908	2617
16128	132	3176	5667	-2882	2131
16308	768	236	3571	-3034	1099
15404	380	2644	-1957	-1299	1270
16132	232	2564	-1440	-916	154
15464	940	2452	-881	602	-888
15912	-396	4132	-49	1012	-968
16892	1292	3796	2892	1197	-1417
15396	1792	4988	1669	1319	-848
16328	580	4248	1220	902	-422
15664	2072	5164	-182	-15	91
14996	736	4064	-2375	-446	63
16024	916	5280	-3421	-495	-1437
16708	-544	2512	-4222	-854	-1594
15360	644	3804	-6786	-486	-3240
15248	488	2552	-7330	-1234	-2934
17424	-1176	2856	-5339	553	-2762
15032	1924	3248	-5035	-637	-3161
17424	164	2388	-4624	-667	-2808
16324	-452	1976	-3282	891	-2850
13904	500	2724	-5307	-198	-4629
16768	104	1132	-5427	203	-5154
14452	-552	1752	-5392	1282	-6205
14376	-352	2264	-5675	2617	-7619
15004	1892	2528	-6141	1560	-8790
15588	884	2744	-4916	2231	-8785
16060	2288	2104	-3153	2535	-7754
17156	3304	3892	-3688	2733	-7093
16172	3132	3228	665	3042	-5759
17500	4260	4476	-262	2918	-4801
15852	3880	5924	-755	2714	-4660
15724	3972	5756	-1570	1050	-4681
14572	4236	6332	-4052	-2372	-4653
16620	5164	6512	-5958	-3008	-4058
15816	4448	6684	-5380	-3229	-3718
17048	5436	5732	-3152	-3745	-2813
15532	4220	6476	-430	-2849	-2418
17576	5704	5084	-4	-1147	-2452
15332	4860	5244	-859	51	-1721
16088	5432	6212	-656	191	-1400
15472	4424	5436	2231	-469	-1337
15732	5580	4760	2338	652	-965
14460	5332	4740	-758	-738	-355
16056	5756	3984	-3877	-856	-240
15972	5216	5224	-4038	-366	283
15232	4252	4880	-1455	-1448	549
16488	6120	3676	-920	-881	461
15864	5432	4848	-2325	-531	758
16036	3748	5044	-294	-302	572
16368	5728	4412	1221	-432	620
16196	5560	3696	-902	-348	908
16572	4364	4564	-2186	-305	779
16800	4112	3492	-2056	-716	709
17800	5460	3008	-2889	-562	893
16804	4324	4908	-1604	-396	647
17348	3900	3720	98	-588	287
17192	5192	2808	-1286	260	128
16336	4236	4432	-2563	702	-73
16356	3568	4076	-1143	998	-602
15992	5220	3652	-350	1154	-561
15580	5348	4532	-1221	883	-87
15388	4240	4660	-1874	343	65
15696	4708	4812	-1473	651	-23
14904	5408	4460	-1395	33	375
15720	5172	4144	-2578	4	992
15444	4092	5504	-1436	-75	944
15760	4640	4624	-234	105	606
15244	5112	4348	-1787	481	1121
15256	3516	5932	-1630	1	1114
15864	3536	5192	140	-44	652
15272	4336	5156	466	241	796
16356	4384	4888	-456	-955	1372
17220	4516	5276	-612	-286	1312
16644	4468	4804	-238	-768	1265
17532	4940	4856	-1740	47	1594
15964	3288	5280	-2056	-199	1972
17288	3768	4224	-1555	-529	1439
16644	3416	5084	-1543	260	1550
17000	2400	4836	-637	-445	926
17644	2788	4668	-32	-10	369
17328	2908	5620	612	756	-196
17360	3076	6284	978	312	-831
19152	3492	6048	-158	-164	-1627
21148	2916	7292	-1238	321	-2187
21788	3404	6876	1341	260	-3054
22080	5912	5672	3227	1188	-2994
22000	8440	4520	3481	464	-1426
22292	7248	4480	638	2742	390
20428	4748	4240	-1734	3347	1476
19516	3668	5184	-2568	4340	1889
18880	3564	6084	-1289	4320	2362
18660	2140	5756	2105	5261	2743
15720	1256	8044	7604	4311	2671
16780	2704	6764	11362	3086	2204
16996	4356	5596	9421	2856	3403
15580	2784	6016	4969	2205	5455
13516	1508	4668	2777	-110	6594
14264	2872	4108	1446	-2870	7316
12332	1548	4772	2451	-2761	7699
11592	1728	3448	3514	-5884	7481
13120	2308	1804	2878	-5207	7277
11904	2056	2484	5861	-5068	7078
12588	2400	1424	6684	-3680	7347
12116	1244	924	6230	-2986	7031
15296	1380	1156	3923	-1552	6271
14224	88	3000	6155	-200	6121
12748	1396	2404	4459	104	5125
16436	-1368	3648	2440	592	4425
14944	1132	3708	5547	-1215	3518
14500	304	3532	1580	-2323	2330
14868	-92	4096	1344	-1943	961
16264	-304	3024	862	-1911	456
16632	1276	2160	453	-119	-547
15064	-140	3528	621	1068	-1208
15808	132	3920	1131	1716	-1738
16116	744	3800	691	1607	-1589
16616	784	3772	682	1102	-933
15556	1732	4376	-1422	181	-246
16892	544	4436	-1391	-342	-77
15752	900	4072	-2015	-70	-317
15552	460	3176	-678	-467	-425
16416	532	3660	-103	628	-715
17844	572	3636	549	1147	-1164
16036	688	4672	1444	1207	-1382
17768	1480	3800	-86	304	-760
16492	1816	5496	-1618	444	-1028
16532	948	2744	-1731	-271	-814
16748	808	3412	-6575	13	-2476
13872	2184	3212	-5308	-1029	-2653
15056	1000	1692	-7509	-96	-3507
15100	1844	5596	-6845	1588	-4971
15624	1672	876	-2460	1084	-4225
14724	2156	2676	-4039	1883	-5044
15068	2132	3444	-4377	309	-4151
16020	1248	4396	-4290	1257	-4524
14960	2060	2112	-5872	86	-4830
15252	1900	3224	-7860	120	-4453
16576	528	5396	-5171	1012	-4469
13952	1376	4048	-1479	125	-5752
16416	2888	3472	-1704	849	-4934
14288	964	4960	-59	1786	-5932
15340	3112	3024	-747	931	-5769
15036	2852	4016	-2382	219	-5362
16524	3408	4848	-2310	996	-5764
14816	3276	3712	-2384	336	-5647
16148	3908	4232	-4934	-872	-5264
15368	3916	5116	-3347	-2319	-5087
17912	3924	3872	-2710	-1692	-4439
16460	4812	4660	-2330	-687	-4258
15696	5264	4820	-3722	-1357	-3817
17668	5340	5732	-2868	-1065	-3667
16008	5444	4832	-155	-878	-2838
15820	6796	5360	-2076	-1818	-2219
16488	5712	4868	-2598	-1320	-1717
14632	6120	4744	-3320	-2143	-1361
16544	5496	5296	-4148	-1963	-806
16208	5504	5244	-1962	-1022	-977
14896	5584	4744	-3404	-1745	-375
17696	6504	5312	-2664	-827	-649
18068	6724	5080	-2227	194	82
17652	5504	5856	-2372	483	340
18076	6936	4804	-523	858	336
17736	6860	4988	-940	997	1311
17036	5968	5576	-774	1005	1786
16148	5828	5100	62	806	1827
15936	5832	4328	-1878	711	1872
14620	3796	6080	-3563	1703	1574
15188	3380	5584	-1308	-79	392
16904	5320	5836	1084	766	362
16216	4908	5904	3777	272	601
16800	6152	3560	3101	-410	775
17032	6216	4420	-987	-150	1433
16100	4980	5088	-2222	-422	1604
15228	4844	3892	-3098	-747	1468
15564	4248	4996	-3699	-753	1443
14416	2292	5060	-338	-1164	676
15308	4188	3692	1319	-922	-70
15048	4796	4944	-11	151	233
14840	4032	4644	875	-523	-128
16148	5828	3264	-39	-336	-72
15760	5420	4700	-2447	-3	698
16088	4052	4700	-1907	-1044	752
16652	4764	3736	-1676	-265	332
16180	4900	4704	-2575	-220	530
16372	3932	5284	-957	275	353
16452	4528	4792	700	374	127
16004	4872	4316	-272	564	516
16296	4704	4528	-2090	306	699
15592	4184	5068	-2212	333	776
15052	4244	5184	-2280	-33	675
15244	3800	4520	-3110	-1060	873
16720	3568	4432	-2920	-820	838
15452	3416	5636	-923	-628	591
15172	3864	5324	560	-1711	377
16308	4672	4148	961	-2035	616
16392	4260	4148	-392	-816	884
15756	3676	4912	-265	-947	941
16120	3688	4100	10	-880	876
16100	4024	3852	-663	-624	1198
16488	4112	3988	-2363	-194	1358
15808	2996	4668	-2639	-327	1552
16608	3156	4412	-1547	-793	1108
16552	3508	4112	-631	-239	969
16612	2980	4016	-764	-179	1001
16200	3112	4364	-347	-399	773
16892	3188	3716	-1446	-944	851
16960	2604	4040	-1280	274	622
16192	2816	3928	-713	-300	269
16884	3040	3308	-1681	-115	645
16208	2512	4576	-1794	495	393
16448	2232	4332	85	-178	-176
16612	3144	3684	453	556	-265
16768	3344	3968	-392	412	169
15868	2360	4960	91	869	-187
15984	2720	4320	1158	-96	-382
16612	3500	3580	-716	430	-47
16188	3112	5036	-1844	327	162
16100	2464	4968	-567	-160	-30
16516	2948	3876	134	-169	-112
16436	3752	4648	-1003	534	160
16088	2532	4948	-1056	-458	377
16888	2172	3980	390	-97	101
16392	3372	3684	-48	460	153
16024	3112	4948	-1241	129	392
16668	2188	4060	405	-251	180
16424	3192	3848	608	440	16
16188	3252	4308	-835	-149	363
16328	2620	4760	-788	-370	146
16500	2456	3672	29	-602	-5
16352	3380	3856	-1350	513	188
15660	2804	4964	-1985	76	332
16652	2076	4084	-442	-208	158
16448	3204	3916	639	377	7
16076	3324	4348	-221	-263	331
16652	2332	3972	204	-445	212
16740	3248	3840	209	-48	19
16664	3644	4092	-1328	359	423
16524	2376	4064	-1051	-171	358
16964	2956	3672	-228	126	238
15616	2856	4416	-322	-568	-20
14904	2728	4704	40	-3821	84
16452	2584	3348	2584	-6821	-385
20340	2212	2596	2730	905	-1970
16072	3840	3564	2727	5812	-2555
15224	3764	4108	450	4310	304
