0	0	0	0	0	0
-14504	-4604	2332	-1816	-1635	-523
-14872	-5004	480	-1888	-1470	-492
-14648	-5928	428	-1424	-626	-320
-15284	-6040	1300	-1134	196	-715
-14820	-5688	1428	-1968	187	-1841
-15812	-6804	2068	-2112	-2221	-2674
-15252	-2552	1472	-565	-1894	3452
-10000	-9544	-2668	4552	11932	2399
-15836	-6408	352	10091	470	-2329
-15780	-1520	276	3971	-339	607
-13540	-3920	-400	-4732	53	747
-14440	-7188	592	-3926	49	525
-14144	-6056	324	-744	-462	949
-14124	-4800	420	-2780	217	696
-14028	-5764	2088	-4503	-152	994
-13880	-7104	1636	-4512	-493	1171
-13788	-8212	2040	-3430	-505	1028
-13884	-8440	3044	-108	-954	883
-13728	-7404	3136	1282	-1788	327
-14208	-7920	2768	490	-2729	-104
-15016	-9072	3564	-253	-3674	-1150
-15844	-9532	3244	435	-4601	-2160
-15624	-8540	3116	-36	-4936	-4013
-15884	-9172	3968	-3314	-4885	-6742
-15288	-9772	5372	-2613	-5414	-8745
-15168	-9492	2844	-2473	-5572	-10678
-14416	-11168	1900	-4633	-5991	-12338
-13516	-11724	3496	-4012	-5261	-13881
-14364	-10892	3576	-1675	-4754	-14700
-14680	-10964	2056	-2058	-5351	-14672
-13524	-12632	1764	-4022	-6234	-14738
-12956	-12716	3996	-2639	-5694	-15848
-13236	-11976	2948	-893	-5170	-16201
-12900	-12228	2040	-2774	-5636	-16374
-11784	-13928	2888	-3122	-5730	-17378
-10904	-14304	3176	-1651	-4605	-17755
-10748	-13612	2712	-1826	-3918	-18422
-10448	-15192	2368	-2028	-3610	-19112
-9620	-15032	3680	-1209	-2835	-20319
-8580	-14992	3056	197	-2892	-20397
-7024	-15688	3092	422	-3134	-20695
-6192	-15792	2900	-184	-2821	-21278
-4644	-14572	4272	-34	-3975	-21108
-2148	-15108	3104	-830	-3763	-20523
-524	-15096	3044	228	-2896	-19577
1416	-13588	3932	-125	-1334	-18415
1860	-12448	5056	843	-1281	-16853
3788	-11788	3308	1888	-1078	-14839
5432	-10708	2416	1394	518	-12522
4536	-11380	5276	-28	-315	-10670
5724	-11604	3396	1017	-1213	-8949
7380	-10000	2888	637	-515	-6868
6964	-10556	4144	-3380	-400	-4971
7728	-12756	4132	-3617	-760	-3410
8676	-12784	3208	-1646	557	-2443
8344	-12048	4216	-2769	1363	-1193
7692	-14324	5060	-2023	-565	-628
9644	-13416	4012	2766	288	-673
8432	-13160	3480	1299	1140	-3
8360	-13404	5520	-97	-536	341
9120	-12688	3840	1031	257	695
7972	-11136	2828	310	810	2070
6840	-12784	4200	-3028	270	3453
6528	-14016	4636	-1916	-713	3933
7240	-11956	3080	91	-2	4993
6132	-11028	3740	-2500	542	6654
4828	-14576	3924	-3432	-1125	7561
5996	-14824	3400	2388	60	7879
4900	-12272	2620	1011	2124	8965
2824	-12500	3452	-5817	41	10818
4360	-15880	1860	-3359	-434	11842
3528	-14880	2132	-1559	4248	11481
588	-13328	3436	-6388	2660	12302
1408	-17296	2732	-6073	-354	13264
2524	-16960	2276	-2621	3050	12577
-836	-15520	3796	-1076	2374	12678
-80	-15280	3580	1253	639	13948
-1336	-16268	2184	-1256	2473	14061
-3244	-18336	3508	-1222	1167	13866
-3416	-17628	2284	-352	2208	13220
-4352	-16796	868	-3061	2302	12688
-3668	-18328	2288	-2458	2874	12423
-4564	-17904	2952	2123	4127	11374
-5632	-15604	1772	1516	3038	10685
-5376	-15380	2256	-77	2795	10480
-5852	-16096	2916	1581	3559	10600
-6748	-14720	2024	1759	3858	10978
-8116	-14444	2788	-805	3366	11152
-8276	-14296	3404	-1745	1618	11025
-7940	-14836	3300	1009	1968	10963
-9180	-13920	2332	604	2220	10938
-10244	-14236	3628	-1728	539	10595
-9232	-14452	2772	788	836	10161
-10208	-12776	1840	441	1684	9790
-12144	-12956	1884	-2989	384	9375
-11772	-13428	1712	-2318	-27	8416
-11152	-11700	2440	450	965	7775
-12044	-10444	2204	-343	1219	7819
-12756	-12148	2044	-1536	-116	7526
-11520	-11596	1260	-31	659	7111
-12540	-9456	2224	-1092	1296	6605
-12636	-9312	692	-3452	751	6824
-13156	-10104	1368	-3644	847	6810
-13516	-8776	2500	-1495	396	6858
-13928	-7388	1540	-1124	-150	6419
-14072	-8492	664	-2642	-142	6653
-14140	-9608	2288	-531	441	6116
-14088	-7328	1252	1389	383	5698
-13972	-7116	1416	-232	354	5764
-13656	-8464	1892	423	829	5385
-14696	-7244	1012	794	454	5130
-13568	-7536	1460	-1397	43	4728
-13696	-7844	3184	-1057	633	3455
-14940	-8132	1868	-1146	180	2524
-14256	-7976	2188	-1075	-801	1976
-14300	-7504	2800	-625	-969	1386
-14048	-7196	1508	-352	-813	1204
-14052	-7252	1344	-65	-721	946
-14048	-6340	1504	303	-1237	1037
-13844	-6536	1748	-71	-960	809
-14500	-6996	1932	-1052	-567	50
-14384	-7044	1520	-1206	-574	-794
-14788	-7224	1676	-1015	-461	-1709
-14304	-7280	1960	-1221	-610	-2416
-14572	-8916	2300	-1671	103	-3792
-14520	-9208	2532	374	215	-4974
-14376	-9396	3024	1000	447	-5837
-13264	-10952	3892	2288	-411	-7053
-13856	-11344	3740	4331	142	-9248
-14340	-10304	2868	4103	-1425	-10127
-13908	-10444	2188	1842	-2490	-10914
-13944	-11508	2732	-169	-2795	-12184
-13772	-11760	3212	179	-2647	-13255
-13840	-11680	2324	-156	-2904	-14037
-13080	-13292	1908	-766	-3761	-15194
-12704	-13312	3432	1191	-4146	-16548
-12316	-12148	2444	1592	-4589	-16896
-11124	-14196	2652	-1003	-4373	-17770
-12020	-14840	2976	-238	-4264	-18821
-10412	-13828	2348	-538	-5149	-18513
-9356	-14720	3840	-2922	-4567	-18924
-8948	-16256	3080	-2749	-3516	-19219
-7208	-15776	2968	-1884	-2431	-19173
-5468	-15756	2792	-1067	-1809	-19302
-5672	-16956	4068	-203	-1865	-19588
-4408	-15568	2444	2143	-2153	-19250
-2660	-14212	2756	1847	-1536	-18591
-2100	-15960	4132	1938	-1411	-18103
-952	-15312	3336	2913	-1009	-17470
512	-13136	3276	1698	-1110	-16323
1504	-13872	4308	249	-648	-15407
2184	-14120	3728	-214	-555	-14404
2856	-12892	3108	-1562	-428	-13250
3584	-12656	4348	-1211	-1176	-11804
5268	-12296	4096	-392	-802	-10508
6224	-11272	4396	-769	-969	-8845
6992	-11040	4052	-1135	-818	-7052
8124	-11736	4648	-322	-437	-5488
8648	-11212	4268	-1238	291	-4408
8076	-13088	3144	-2183	-729	-3228
8836	-13100	2768	-701	145	-2473
8400	-11840	4052	-2296	-97	-1764
8324	-14912	3784	-1710	-845	-1428
9404	-13900	2856	422	915	-1373
8432	-12908	4712	-759	794	-862
9400	-14180	4216	535	89	-781
10076	-12196	3160	1291	1491	-382
8248	-12852	4964	-2220	444	185
9396	-14944	4288	-857	-878	180
9976	-12216	2784	1347	1345	241
7548	-12456	5172	-2113	85	1074
8968	-14928	4192	-1597	-1316	1516
9104	-12820	3124	788	942	1793
7448	-11844	4180	-1221	491	2638
7792	-13880	3712	-2017	-366	3420
7900	-14400	3268	-1180	73	3729
8028	-12388	3336	-568	421	4239
7132	-13120	3668	-1235	391	5029
7460	-14088	3136	-1013	-163	5641
7296	-14868	3596	-1203	311	5839
6828	-13928	3276	-734	450	6147
6444	-13676	3684	-1388	637	6629
5696	-15052	2800	-2531	487	7002
5784	-15424	3260	-1942	1035	7245
4740	-14528	2816	-2191	1294	7689
4172	-15736	2684	-2600	654	8032
4444	-15968	2440	-660	1256	8253
4036	-13768	3360	-412	1494	8920
3124	-14612	2912	-3121	1040	9544
2572	-16552	3032	-910	909	9968
2044	-14448	3448	995	2017	10335
-44	-15328	3676	-2715	274	10806
524	-17060	3112	-1428	-1123	10893
824	-14916	3140	1962	1370	10961
-2720	-15272	3064	-2220	881	11386
-2916	-18396	2508	-2782	-1073	11267
-1056	-17740	2808	1943	1581	11012
-3620	-15216	2684	421	2012	10528
-4164	-17044	3720	-1731	-1191	10768
-1704	-16916	2860	1951	495	10614
-4640	-16616	2936	-650	2101	9766
-5920	-18564	3364	-2932	-923	8762
-3996	-17180	2808	413	-171	7776
-4480	-14116	2756	911	783	7844
-6476	-15576	2788	-1800	-603	8002
-6028	-15344	3144	265	-319	7967
-5492	-11892	1304	1762	1261	9227
-8468	-13004	2660	-3673	1679	9696
-9048	-15740	3332	-3035	-276	9490
-7172	-13484	2048	829	912	9676
-9308	-12676	2796	-881	1381	9900
-10736	-14640	3496	-400	-1	9457
-9392	-13936	2396	2375	1187	9133
-10148	-12212	2488	1150	1603	9047
-11164	-12576	3436	-519	760	8721
-10524	-12164	2784	728	679	8822
-11048	-10956	1932	-250	1499	9215
-12540	-11508	3020	-1596	819	9056
-11840	-10688	2384	-549	1002	9225
-11844	-10468	2872	809	1475	9850
-13644	-11148	2280	1104	943	9478
-13336	-9616	2132	483	674	8665
-13704	-9324	3900	866	2143	7907
-14316	-9068	2296	1101	1738	7195
-13484	-8344	3024	1146	1354	6630
-14188	-8520	3724	1566	1545	6364
-13876	-7704	2644	1025	1174	6339
-14064	-6912	2628	-214	1252	6267
-14836	-6892	3176	-655	481	5973
-14296	-6492	2740	-1476	201	5495
-14592	-6680	3084	-1545	587	5022
-14708	-6596	3332	-1258	-255	4862
-13824	-6264	2488	-1107	-206	4404
-14144	-6744	2160	-463	389	4350
-14712	-7300	3300	626	-25	4034
-15156	-7056	3248	1493	-712	3560
-13852	-6228	2380	818	-1125	2982
-14736	-6552	2732	-75	-316	1962
-14460	-5956	2516	-152	-1016	1088
-14836	-6296	2132	-1476	-616	67
-14528	-6060	2740	-2153	-853	-592
-14260	-6284	2324	-1144	-665	-990
-14040	-6180	2740	-175	-164	-1579
-14396	-6252	2604	286	-298	-2317
-14680	-6204	2424	627	-218	-2801
-14508	-5556	2208	485	-172	-3498
-14220	-6024	3140	-922	212	-4278
-14628	-7620	2204	-822	783	-4796
-14648	-7524	3092	218	327	-5962
-14732	-7772	3708	-304	92	-7367
-14984	-9116	3316	21	-216	-8464
-14568	-8676	3848	604	-391	-9687
-14212	-8620	3680	-890	-1130	-10778
-14052	-10156	4084	-1561	-1954	-11524
-14044	-10660	4120	-450	-2413	-12233
-13724	-10748	4312	-545	-3158	-13382
-13668	-11524	3428	-1758	-3169	-14529
-13744	-12480	3828	-2065	-3985	-15610
-13012	-13384	3868	-1827	-3982	-16788
-12368	-13976	3800	-1648	-4032	-17604
-11416	-15168	3448	-1295	-4313	-18184
-10740	-14344	4144	174	-4172	-18892
-9628	-14256	3452	-271	-4294	-19128
-8520	-15936	3160	-303	-4030	-19137
-7740	-16028	3792	-663	-3487	-19526
-6544	-15400	3840	399	-3490	-19317
-5268	-14984	3424	1051	-2914	-19134
-4392	-15188	3584	-103	-2764	-18632
-3752	-15848	3200	-578	-2659	-18265
-1788	-14856	3084	-120	-2355	-17610
-1396	-15476	3316	-1083	-1968	-17070
-316	-14864	4084	-837	-2118	-16652
1020	-14848	3832	147	-1631	-15814
1892	-14564	3924	570	-874	-15358
2684	-14004	4172	731	-1055	-14476
3984	-12356	4208	853	-1326	-13239
5164	-10724	2444	364	-450	-11281
5276	-12204	4200	-676	-45	-9626
6392	-12004	4008	45	235	-8134
7108	-10020	3748	-643	769	-6281
6728	-11860	3716	-1002	223	-4352
8020	-12472	4480	-999	737	-3399
7852	-12304	4640	-2351	-6	-2471
9280	-12976	4532	-1749	45	-1938
8736	-13368	3856	-1846	785	-1570
8384	-14448	5524	-2148	-275	-1445
9020	-15152	4504	611	-391	-1557
9080	-12588	3444	-147	725	-1480
8084	-14252	4240	-1730	-463	-1172
9556	-14464	3964	1855	390	-1405
8512	-11896	3408	-425	957	-731
8300	-13480	4168	-1842	-733	-151
9640	-13572	3444	1313	1001	-126
8048	-12040	4212	-1676	803	653
8784	-14720	4692	-1559	-378	1191
8740	-13468	4060	12	862	912
7876	-12844	3804	-1664	-411	1619
8788	-14052	4476	-665	-239	2108
8088	-13604	4740	-31	270	2171
7988	-12900	3752	-394	-334	2888
8220	-13192	3336	-1013	389	3767
7008	-13908	4516	-1697	-138	4018
7760	-13548	3244	-450	-379	4421
7184	-12988	3784	-1895	326	5151
6276	-14900	4144	-2672	-1097	5486
7356	-14044	2680	-395	-76	5745
5412	-14068	3436	-2783	416	6435
5208	-16300	3400	-3746	-936	6660
6364	-14780	2600	-1885	-9	6591
5112	-13668	3104	-2449	713	7160
4532	-15496	3384	-2030	-693	7784
4820	-15160	2896	-361	469	7992
3284	-14964	1708	-2637	568	8650
3404	-16404	2756	-3349	-228	9017
3652	-15476	2284	-1603	496	8762
2084	-14976	2940	-2150	167	9269
1892	-14828	2708	-460	-648	10120
464	-15532	2540	-1683	693	10728
-1008	-16444	2208	-3281	-71	10943
-848	-16904	2224	-333	350	11237
-1936	-17128	2584	-1613	787	10733
-3104	-18308	3060	-1647	-253	9865
-796	-16704	2304	3607	388	10219
-3084	-15112	3084	958	2292	9935
-4520	-16940	2392	-728	24	9992
-2444	-16216	2796	3624	762	10078
-4324	-13364	2040	1915	2257	10537
-6560	-14720	3092	-2469	-105	11371
-4948	-16200	2208	-273	134	11320
-6332	-13648	1728	302	2209	11340
-8664	-14312	2920	-2841	-115	12071
-7000	-15248	2964	-231	-543	12257
-8164	-13964	1908	-106	1309	12188
-10184	-13728	2652	-1137	425	12228
-9580	-13972	2812	346	374	12295
-10208	-12896	2192	1470	1200	12306
-11264	-12572	2884	-392	659	12406
-11692	-12716	2500	-303	457	12125
-12064	-12388	2132	-40	699	11733
-13028	-11768	3236	-818	584	10837
-12904	-12248	3028	59	-204	10229
-12112	-11552	3160	2165	556	9627
-12904	-10696	3328	2509	811	8666
-13636	-11200	3332	2863	208	7845
-13288	-9424	3060	3432	531	7174
-13552	-8368	3316	1634	193	6897
-12960	-8464	2644	231	-41	7110
-13612	-8064	2516	-759	-188	7239
-13944	-7808	3216	-1266	-699	7114
-14020	-7708	2664	-502	-221	6552
-14380	-7220	3004	243	113	5978
-14452	-7376	2772	491	49	5438
-14328	-6924	2396	401	-41	4662
-14020	-6356	3124	-16	180	3755
-14436	-6556	2540	-944	526	3106
-14564	-6436	2784	-1581	121	2531
-14348	-6412	3484	-1639	-27	1715
-14328	-6788	3776	-756	633	1031
-14828	-6408	2888	-74	343	454
-14152	-6188	3544	292	120	0
-14092	-6064	3280	1316	378	-45
-13808	-5536	2748	525	350	40
-14660	-5908	2864	-723	-138	268
-13880	-5700	3136	-929	-356	295
-14400	-5852	3180	-710	495	72
-14872	-5832	2860	-1013	-198	-302
-14372	-6192	3564	-200	-24	-678
-14384	-5644	3244	1080	9	-892
-14240	-5588	2988	609	-90	-1474
-14784	-6144	3164	576	331	-1628
-14212	-6092	3048	-507	-508	-1981
-14164	-6756	3372	-1209	-580	-2702
-14440	-7516	3692	-728	-157	-3531
-14604	-7432	3620	-1410	-670	-4224
-14512	-7944	4708	-1112	-1224	-4778
-13692	-8536	5256	-165	-1514	-5922
-14084	-9240	4256	-297	-1803	-7238
-14884	-9532	4640	-1091	-2294	-9155
-14636	-10212	4076	-1557	-2603	-10716
-14112	-11032	3540	-2351	-2827	-12589
-13568	-11920	3832	-2014	-2941	-14167
-13284	-12712	4240	-1056	-3201	-15742
-13196	-12584	3092	-925	-3288	-17014
-12940	-12788	3588	-406	-3387	-17819
-12120	-13464	3744	-1281	-3127	-18602
-13056	-14212	3788	-1960	-3016	-19981
-12504	-14724	3812	-268	-3099	-20335
-10224	-14620	3540	334	-2735	-20521
-9852	-15824	3308	-1002	-1914	-21195
-8732	-16188	3720	-575	-2301	-21362
-6004	-14780	4456	257	-1751	-21119
-5544	-14648	3472	-619	-1168	-21036
-4408	-15472	4672	-522	-1584	-20231
-2280	-13644	4740	1563	-1001	-19271
-1484	-12408	3880	15	-330	-18007
-1436	-14700	3848	-494	-603	-16454
224	-14616	3472	414	-439	-15264
1488	-12476	4680	-2	108	-14045
1660	-13648	3512	-1193	-732	-12890
3840	-13732	3424	-58	-113	-11578
4484	-12072	5632	-454	798	-10489
4220	-13128	4128	-2230	-344	-9138
6648	-14028	4012	-383	-256	-8145
6848	-12460	5920	1030	935	-7652
6500	-11508	4404	-311	-482	-6313
7768	-13492	3612	-1845	-398	-5142
7980	-13364	4540	-1125	517	-5020
7880	-12636	5140	-175	-160	-4240
8316	-12388	3452	-667	-268	-3228
8252	-13332	4572	-2561	47	-2782
8256	-14600	5164	206	107	-2840
8984	-12696	3296	2379	839	-2493
8636	-11764	4440	-896	646	-1593
8436	-14676	5024	-496	-478	-1478
9396	-13196	3476	1569	763	-1688
8416	-11768	4184	-2277	634	-733
8776	-14156	5244	-1929	-205	-55
8920	-12816	4476	-351	896	223
8204	-11856	4336	-1492	268	1146
8432	-13476	4716	-978	293	1776
8512	-13536	4444	-67	269	1996
8216	-13132	3804	-1308	348	2550
8540	-12692	3832	-616	400	3147
7728	-13368	4504	-537	857	3619
7504	-13568	3840	-2793	-31	4222
7668	-14468	3396	-1433	142	4469
7036	-13480	4272	-917	837	4815
7208	-13932	3736	-2873	148	5480
7200	-15104	3404	-1845	540	5778
6004	-14460	3972	-763	1096	5785
5684	-14100	3980	-702	288	6162
6224	-14184	4040	-1874	998	6734
5200	-14860	3120	-2002	1193	7013
4656	-14760	3648	-1343	1137	7517
4172	-13552	3876	-2507	773	8254
3508	-15216	2708	-2750	829	8865
2684	-16492	4136	-722	714	9010
2284	-15112	3368	-2188	1474	9101
1224	-16248	2216	-4449	-6	9252
2736	-17316	3572	1091	694	9204
892	-15048	4016	472	2224	9102
-808	-16492	2748	-3859	-998	9544
1672	-17228	3064	2053	-66	9432
-528	-13948	3412	2105	2661	9761
-3080	-15504	3924	-2685	-614	10669
-852	-16036	2808	476	-300	11132
-2440	-13796	1896	-1061	2667	11910
-5892	-15872	4308	-4743	-390	12412
-3068	-16152	2064	507	-543	12788
-4848	-14484	1428	-846	2705	12845
-7736	-16788	2672	-3289	-263	12538
-5368	-16760	2932	1619	419	12187
-5760	-14436	896	652	3018	12387
-9492	-15728	4192	-1773	1104	11771
-7012	-15332	2596	748	824	11800
-7144	-12840	2940	1	2796	12234
-10636	-14900	3080	-2811	1061	11954
-9492	-15064	3180	-139	614	11164
-9908	-13260	3504	1231	1687	10729
-11672	-13688	3752	1202	661	10186
-10800	-14020	2948	2225	600	9394
-11400	-11868	2572	1729	1583	8389
-11944	-11604	2696	-598	424	8275
-11452	-11936	2992	-694	389	8116
-11696	-10532	2472	207	662	8078
-12632	-10548	2900	-56	837	7975
-12988	-10328	3408	615	626	7515
-13124	-9020	2588	721	1151	7294
-13852	-8652	3272	172	860	7173
-14008	-8824	2960	-770	220	6895
-13944	-8700	3488	-579	391	6245
-13680	-8496	3192	135	376	5594
-13556	-7960	2492	711	326	5246
-14084	-7640	2608	673	41	5250
-13756	-7264	2460	386	31	5313
-13944	-6756	2372	43	435	5355
-14516	-6816	2060	-344	379	5369
-14216	-6480	2612	-369	18	5004
-14312	-6088	2268	-1064	65	5035
-14336	-6156	2488	-2107	221	4595
-14412	-5984	2792	-1891	702	3614
-14584	-6308	3740	-1732	439	2642
-14712	-7024	4068	380	602	1767
-15040	-5792	3280	1308	463	1245
-14996	-5796	3852	522	-299	1359
-14128	-5840	2784	102	-36	1111
-14584	-5296	2696	-780	-445	991
-14380	-6064	3140	-1106	-476	855
-14212	-5928	3040	-568	-648	616
-14232	-5696	2712	-195	-380	194
-14492	-5836	2556	35	-405	-79
-14540	-5580	2396	501	-99	-403
-14696	-5156	2272	-453	-320	-734
-14328	-5548	2596	-557	372	-1062
-14932	-5724	2512	-186	115	-1119
-14192	-5616	2808	-810	-186	-1729
-13840	-6028	3436	-459	227	-2599
-14556	-7044	3752	530	397	-3218
-14452	-6992	3228	1475	108	-3980
-14376	-6804	3760	2522	-301	-4480
-14356	-7060	3668	2104	-76	-5200
-15236	-7800	3560	1185	-751	-5665
-14452	-8368	3988	-424	-1269	-7289
-14736	-9060	4008	-729	-1370	-8942
-14608	-9816	3932	-1469	-1946	-10266
-14056	-11024	4240	-2826	-2602	-11802
-13780	-11868	4376	-1421	-2415	-13543
-13384	-12180	3772	-500	-2523	-14910
-13004	-12472	3748	-1303	-2669	-16018
-13296	-13616	4072	-1419	-3075	-17262
-12392	-14036	3668	-742	-3190	-18181
-12236	-13892	3632	-1212	-3145	-19056
-11656	-14360	4296	-2144	-3742	-19749
-10876	-16036	3596	-2217	-3425	-20371
-10364	-16480	3152	-2713	-2755	-21299
-8936	-15620	5428	-1495	-3367	-21907
-7420	-15664	4272	-512	-2531	-21998
-6068	-16672	3144	381	-2212	-21698
-5200	-16392	4356	1159	-1943	-21684
-3600	-14668	4488	2663	-2047	-21158
-2716	-13816	3132	2318	-1817	-20235
-1692	-14136	2912	-133	-1809	-19246
-640	-14792	3964	-756	-1713	-18201
1292	-13124	3556	-732	-879	-16780
1944	-11336	2828	-2080	-280	-15032
3244	-12308	3060	-2293	-413	-13167
4060	-13212	4292	-1061	121	-11798
5048	-12188	3832	-230	-297	-10476
6672	-11156	3328	66	111	-8422
6472	-10320	4424	-817	535	-6953
6972	-12288	3972	-1213	-726	-5407
8668	-12388	3204	-1112	-433	-4055
8204	-11576	4700	-2370	219	-3061
7900	-13120	3820	-2541	-475	-2256
9044	-13700	2684	-2357	464	-1425
8856	-13976	4488	-2207	470	-1431
8660	-14424	4192	185	297	-1561
8896	-12660	2976	933	1008	-1358
8508	-13028	4100	-517	255	-852
8896	-14372	3728	1685	473	-520
8512	-12024	3648	-413	825	97
8184	-13632	3060	-2081	-602	684
8732	-14404	3864	191	606	720
8240	-13772	4120	-1028	98	927
8676	-13756	3532	-1237	-353	1082
8588	-13524	3312	219	454	1420
7956	-13248	3876	-296	186	1868
8732	-13588	4052	-524	-139	2240
8312	-13100	3628	-434	262	2886
7512	-13316	3852	-787	-70	3508
7532	-14204	3536	-571	-302	3790
7148	-15020	3308	-695	25	3691
7148	-15132	3704	-695	54	3671
7036	-14824	3044	-1000	110	3631
7160	-15824	3224	-798	984	3467
7052	-15112	3784	-732	1457	3072
6908	-13756	3076	-715	1277	3581
6692	-13816	2876	-1363	1063	4607
5564	-13900	4300	-1766	1207	4772
5888	-12816	3800	-958	374	5743
5388	-13312	3176	-2182	927	7181
3808	-14952	4652	-2518	113	7585
4228	-14608	3852	55	64	8338
3364	-14148	3020	-895	953	9191
2200	-15644	4356	-2723	-146	9877
2564	-15692	3324	721	-659	10497
2040	-13968	2092	1780	1360	11303
-1144	-14476	4212	-2507	45	11968
176	-16568	2852	-1394	-1168	12709
628	-14576	1288	1351	2093	13293
-3612	-14876	3280	-5152	1469	13265
-3088	-18956	3200	-2873	-979	13339
-1176	-16436	1708	2070	1675	12904
-5072	-15644	3660	-1848	1627	12514
-4288	-17160	3204	-1765	-897	12542
-3256	-16552	2016	419	1206	12247
-6700	-16012	3020	-1504	1400	11761
-6668	-16220	3732	-1606	-655	11646
-5068	-15112	2888	949	358	11924
-7644	-14588	2476	-253	1482	11901
-9380	-14944	3140	-1454	26	11544
-8100	-14756	2532	986	-28	11617
-9072	-13508	2832	837	1358	11283
-10968	-14364	2688	-907	321	10668
-9628	-13624	2564	226	231	10405
-10012	-12932	1900	726	1379	10378
-11632	-12668	2932	-855	888	9894
-10920	-12936	2832	-136	101	9362
-10596	-11924	2688	1651	1053	9168
-11956	-11088	2568	388	1133	8855
-12824	-10908	2756	250	663	8833
-12204	-9880	2624	881	848	8670
-12864	-9668	3084	370	1231	8495
-12940	-9716	2352	776	1020	8810
-13096	-9320	1876	330	1438	8942
-13456	-8844	3612	47	667	9026
-13336	-8680	2452	790	812	9152
-14448	-7988	2328	549	912	8492
-15036	-6844	3108	-324	593	7424
-15072	-6908	2656	-1675	253	6500
-14728	-7632	3296	-1110	616	5406
-14684	-7088	3140	364	701	4341
-14676	-6504	3172	397	271	3429
-14648	-6804	3504	580	152	2712
-14392	-6096	3100	219	-186	2228
-14212	-6004	2564	-1104	-224	1832
-14328	-5736	2388	-1643	-164	1363
-14812	-6000	2384	-2698	-164	1099
-14376	-6236	2832	-1970	-510	1081
-13896	-5908	2372	-1561	-53	791
-14332	-6024	2664	-1185	-60	683
-14388	-6208	2496	-131	162	526
-14392	-5656	2704	183	53	416
-14424	-5848	2712	-216	181	34
-14676	-6132	2736	64	165	-287
-14336	-5836	2792	554	108	-697
-14324	-5752	2688	-19	62	-1151
-14604	-6056	2516	5	113	-1631
-14512	-5888	2156	-1541	152	-2019
-14972	-7052	2608	-2379	278	-2751
-14664	-7672	2448	-2085	128	-4095
-14336	-8140	3092	-2219	-240	-5610
-14480	-8900	2824	-2192	64	-7511
-14452	-9456	3012	-872	178	-8957
-14332	-9420	3056	-204	167	-10160
-14096	-10728	2788	-551	-283	-11224
-14316	-10608	2688	646	-132	-12513
-14300	-10064	2960	342	-529	-13388
-13888	-11256	2752	-1047	-278	-14645
-13712	-12560	2652	-806	-423	-15709
-13504	-12844	2240	-824	-764	-16661
-13200	-12960	2592	-1900	-1208	-17389
-12704	-14164	2456	-2062	-1250	-18179
-12024	-15088	3156	-289	-1142	-18902
-11036	-15592	2936	650	-900	-19485
-9924	-16296	3308	1996	-1646	-20170
-8592	-16040	4308	4227	-1926	-20834
-7068	-14500	2904	5163	-2261	-20516
-6432	-15132	2660	2274	-2513	-20059
-5516	-16092	3368	133	-2621	-19752
-4280	-14332	3796	1161	-3268	-19308
-3116	-13960	1388	-475	-2992	-18232
-1888	-14764	3540	-1282	-2901	-17234
-1008	-15392	4104	-782	-1974	-16667
436	-12740	2292	1338	-1267	-15236
1484	-13556	2340	289	-1035	-13663
2040	-14152	3604	756	-795	-12558
3448	-12604	3476	1190	-937	-11194
4584	-11740	2304	1616	-1079	-9386
5760	-10900	2592	597	-9	-7325
5716	-11944	4152	-1504	318	-5569
5828	-13292	3212	-1301	-338	-4377
6928	-12660	2376	-941	166	-3136
6580	-13244	3692	-3094	376	-2389
6604	-15712	5004	-904	-463	-2097
7924	-14096	2848	506	807	-1999
6928	-13840	4096	-1326	494	-1552
7156	-15900	4540	948	-159	-1224
7388	-14020	3276	1256	1143	-1624
6720	-14088	3976	-1436	-233	-1091
8088	-14860	4224	-152	263	-968
7096	-13160	3468	-1138	741	-711
7244	-14072	3280	-2524	-664	7
7696	-14780	4236	-1538	639	141
6796	-14860	3636	-1513	153	221
7804	-14316	2712	-76	654	393
6624	-13992	4052	-937	728	754
7004	-15456	3972	-801	-566	816
7556	-14808	3068	638	770	654
6592	-12996	3388	-331	405	1243
7068	-14000	3944	-770	-90	1926
7020	-14660	3036	341	403	2272
6320	-13876	2440	-550	842	2772
5900	-14392	3260	-1617	226	3498
6196	-14808	3372	9	290	3656
5888	-14028	3028	-1150	653	4219
5672	-14236	3944	-3610	94	4747
5684	-15840	4392	-2064	83	4813
6100	-14392	3200	-124	680	5285
4868	-13548	3084	-3800	202	6291
4704	-15548	3540	-2989	-1114	6785
4548	-16016	2120	-124	630	6820
2828	-14048	2440	-1566	560	7382
2232	-15684	3652	-2837	-609	8151
2660	-16240	2012	-257	145	8401
1688	-14988	2148	-539	1325	9096
648	-15384	3668	-1212	36	9544
1676	-16904	2468	1990	713	9809
-368	-15520	2384	155	2177	10000
-1412	-16072	2784	-3621	-521	10236
48	-17916	2304	-96	266	10252
-1656	-15240	2572	787	2238	9894
-3600	-16024	3632	-3456	-268	9855
-1616	-17264	3188	-211	-657	9990
-2084	-15000	1892	2173	1952	10211
-4928	-14536	2840	-1646	842	10605
-4592	-17168	2892	-2809	-569	10651
-3488	-16424	1520	450	1203	10534
-6224	-13976	2192	-2236	1590	10376
-7132	-16424	3244	-2304	-937	10280
-5132	-15360	924	1779	699	10618
-8316	-13696	2980	453	1956	10440
-8468	-14580	2832	986	304	10848
-7576	-13688	2304	3285	1234	11452
-10076	-13540	2700	-40	2617	11379
-10896	-14224	2964	-1101	177	11102
-8540	-12796	2424	637	912	11360
-10428	-12536	2144	-1430	2049	11500
-12264	-13460	3188	-3676	-85	10484
-10496	-12408	2484	-1879	532	9938
-12052	-11728	1952	-2104	1407	9859
-13288	-11756	2892	-2981	-239	9169
-12016	-11908	3396	-426	-224	8275
-12464	-11368	2784	2022	843	8199
-12960	-10500	2788	2631	312	8071
-12324	-9920	2912	4047	-88	7789
-12620	-9272	2340	4701	714	8030
-13224	-8016	2424	4551	724	8454
-14504	-7572	1764	2683	782	8689
-14984	-6992	1568	598	394	8646
-14608	-6432	2748	-637	232	8165
-14860	-6556	2380	-1634	582	7427
-14936	-6844	2840	-1862	369	6721
-14676	-6584	2728	-1642	390	5750
-14956	-6540	2764	-1248	251	4833
-14324	-6640	2736	29	527	3950
-15140	-6176	2452	839	911	3239
-14672	-5872	2536	600	67	2710
-14572	-5544	3112	1319	725	2610
-14132	-4704	2932	487	776	2794
-14472	-5180	3184	-168	-221	3272
-13976	-5416	3360	-59	85	3669
-14828	-4988	2644	-88	-354	3708
-15120	-4896	3304	-1069	-816	3329
-14716	-5660	3204	-148	-582	2550
-14936	-5300	2576	390	-253	1136
-14896	-4984	3008	-497	-626	-65
-14532	-5608	2844	-401	-713	-881
-14380	-5628	2396	-58	-420	-1777
-14668	-5396	2628	-901	-382	-2679
-14620	-6084	2532	-2376	-315	-3696
-14416	-7392	3000	-2660	-416	-5379
-14776	-8348	3084	-1991	214	-7433
-16020	-9464	3224	-1079	-273	-9299
-14884	-9020	3376	-968	-1206	-11819
-14148	-9572	4312	-1460	-668	-14022
-15040	-10724	3508	-633	-332	-15252
-15224	-10476	3188	-708	-1357	-16258
-15412	-10532	4156	-589	-2241	-16811
-14900	-11096	3848	-858	-2310	-17859
-14800	-11960	3112	-548	-2249	-18767
-14728	-12620	3820	-96	-2416	-19342
-13608	-11856	3920	12	-3182	-19771
-12512	-13432	3856	-692	-3791	-20132
-11500	-14140	3500	297	-3529	-20460
-10312	-13752	3600	-673	-3872	-20538
-9060	-15176	4476	-1154	-3914	-20288
-7884	-15276	2924	365	-2980	-20134
-6972	-15112	3264	-489	-2660	-19971
-5328	-15252	3936	190	-2741	-19410
-4560	-15104	2664	1192	-1979	-19079
-3888	-15120	2760	575	-2062	-18253
-2496	-15880	3984	-20	-2248	-17975
-1152	-15352	3648	1074	-1645	-17383
740	-12928	3092	1287	-1066	-15902
1468	-12456	3100	-799	-583	-14665
2700	-12128	4688	395	-727	-12726
3388	-10748	3748	861	-93	-11063
4512	-10672	2208	-731	-665	-8424
5044	-11688	3900	-1382	-153	-6415
5552	-12104	4424	-1844	-692	-4732
6092	-13112	3536	-1876	-272	-3882
7112	-13324	3696	-2144	336	-2663
6540	-14412	4896	-1061	212	-2229
6520	-14252	4140	-177	-349	-1834
7064	-13596	3548	121	-261	-1220
6500	-14824	4912	-813	181	-1002
6892	-15312	3828	-1506	-617	-1056
7576	-14752	2764	342	189	-725
6360	-13520	4344	-773	884	-380
6748	-15236	4372	-1668	-946	-69
8176	-14252	2780	588	546	44
6820	-12060	3220	-721	1588	1010
6104	-13916	4268	-1343	-333	1902
6748	-14488	3232	-771	408	2217
5716	-13820	3308	-788	414	2852
6196	-14192	3508	-723	465	3705
5488	-14372	3368	-680	981	4200
5352	-14260	3340	-1562	467	4997
5552	-14216	3712	-1462	872	5595
4988	-14380	3832	-1180	1031	6271
4732	-14060	3160	-1220	674	7035
4076	-14808	3340	-2155	1212	7681
3884	-15016	4200	-25	949	8155
2924	-14788	3380	-179	1548	8536
1908	-14676	2808	-2532	1192	9226
1872	-15356	3860	-827	492	10077
1332	-15312	3028	-269	2118	10461
-1088	-14608	3156	-4438	1376	11053
-416	-16804	3924	-4321	-376	11459
332	-16016	2764	-614	2336	11818
-3764	-14916	3348	-4918	1361	11874
-2932	-17876	3516	-3705	-1465	12056
-1172	-15572	2596	3505	1363	12248
-5020	-13652	2184	-2894	2008	12693
-6160	-16676	2648	-5809	-1456	13006
-3320	-15292	2632	648	-145	12991
-6732	-14032	1500	-4550	2030	13118
-9208	-17688	3484	-5400	-3106	12683
-5432	-16592	2092	2188	-1564	12200
-7680	-13320	2164	1628	1019	12255
-9704	-14144	3024	-317	-978	12597
-7508	-14008	796	2040	-280	13304
-9940	-12192	2520	1561	1279	13366
-11436	-11948	2136	-285	-240	13931
-10860	-12760	2076	226	-480	14286
-12276	-12028	1244	-267	775	14285
-14404	-12120	2920	-1195	-273	13383
-12924	-12152	3052	1074	-177	12549
-13000	-11012	1984	1628	1062	11995
-13724	-10824	3168	727	550	11401
-13192	-10112	2936	1594	753	11049
-13852	-8912	3088	1120	985	10726
-14292	-8304	3404	316	268	10293
-14528	-8216	3564	365	23	9614
-15108	-7860	3808	379	-129	8768
-14912	-7492	4072	361	-462	7679
-14872	-6912	3308	421	80	6443
-15248	-5728	2636	-77	-458	5405
-15088	-6240	3368	-1648	-997	4427
-14540	-6204	3364	-1359	-920	3827
-14312	-5944	2292	-861	-808	3559
-14708	-5276	2768	-1003	-1136	3201
-14840	-5736	2676	-787	-1224	3139
-14736	-5168	2240	1077	-797	3043
-14444	-4100	2264	855	-335	2788
-14936	-4596	2404	489	200	2366
-14984	-4240	1940	1222	212	2353
-14640	-3572	2664	654	255	2087
-14960	-3748	2660	127	455	2059
-14648	-4024	3336	269	362	1898
-14728	-3992	3400	740	976	1578
-15056	-3504	3580	653	440	1236
-14724	-4284	3552	827	518	888
-14744	-3976	3796	1422	602	422
-14964	-4068	3356	935	478	237
-14496	-4016	3136	574	-39	-195
-14820	-4380	3392	-74	9	-810
-14792	-4172	3020	-123	-378	-1278
-14624	-4176	2372	-1180	-94	-2040
-14800	-4708	2488	-2031	-146	-2899
-14756	-4928	2568	-1714	142	-3685
-14952	-5012	2492	-2733	477	-4981
-14628	-6436	3356	-3003	-135	-6077
-14152	-7020	3440	-1732	471	-7233
-15040	-7744	2956	-2001	194	-8518
-15524	-8352	3156	-2135	-580	-9783
-14964	-8592	4096	-977	-688	-11684
-15312	-9200	2948	-1224	24	-13434
-15644	-9984	2848	-1392	-444	-15019
-14992	-9784	3548	-892	-683	-16167
-14360	-10968	3060	-1248	-746	-16655
-13792	-11736	3428	-1167	-792	-17474
-13916	-11972	2976	-2002	-432	-17891
-13072	-12776	4104	-1260	-1344	-18234
-12640	-14152	2856	-1020	-345	-19028
-12716	-14968	3260	62	-1248	-19335
-10564	-14480	4192	987	-1958	-19935
-9804	-14556	4168	2805	-1513	-19869
-9908	-15992	2820	1711	-1406	-20403
-8868	-16848	3596	1314	-2105	-20706
-6424	-15260	4148	1703	-2152	-20487
-5552	-15200	3548	523	-1388	-20114
-4604	-14464	2852	465	-1510	-19454
-3064	-14200	3584	-376	-1508	-18641
-2184	-14408	3448	-921	-1887	-17412
-1008	-14508	3580	-916	-2086	-16523
-144	-14120	2488	-1262	-1349	-15062
652	-14320	3676	-2214	-1252	-14616
2096	-13344	4368	1300	-731	-13309
2680	-12300	2448	-134	143	-11731
3548	-12744	2824	-2238	-1703	-9878
5816	-12888	3920	1254	-855	-8871
5380	-10920	3224	744	703	-7455
5384	-11880	1856	-3342	-1616	-5059
7860	-13540	2912	-2698	-816	-3907
7036	-12244	4048	-1266	1004	-3160
5972	-13516	1800	-2460	-852	-2002
8084	-13992	2704	-1022	163	-1358
6716	-14104	4892	545	896	-926
6784	-14772	2632	82	-662	-450
8028	-14624	2924	-284	318	-193
7344	-14368	4004	-379	397	33
7388	-14652	2584	-1197	71	160
7828	-14544	2988	-1918	400	300
7508	-15152	3788	-870	296	382
7284	-14728	3040	-633	-86	322
7264	-15288	2420	-418	270	421
7088	-15152	3348	-45	410	375
7416	-14664	3428	-487	140	119
7432	-14956	1912	221	658	402
6896	-14080	3644	-578	1074	607
6896	-14896	3520	-736	-107	730
7628	-14444	2620	666	500	924
6840	-13396	3148	-689	773	1632
6704	-14444	3676	-1343	-70	2221
6752	-14760	2424	223	517	2436
5916	-13792	2748	-1245	769	3019
5820	-15008	3632	-2260	-416	3369
6436	-15808	2944	-6	429	3361
5348	-14284	2688	-1068	904	3813
5308	-15312	3588	-1662	-368	4151
6252	-15180	2548	796	622	4340
4720	-13908	3160	-181	1390	5021
4472	-14576	3092	-2510	-48	5782
5140	-15304	2280	-432	210	6124
4068	-13956	2940	430	1900	6740
2280	-14224	3116	-2806	353	7482
3160	-16928	1760	-2461	-536	7939
3028	-15160	2396	-1284	1227	8064
916	-16040	3104	-4966	165	8595
1836	-16144	2044	-1706	-639	8864
2356	-14544	1968	327	1955	9416
-992	-14892	3816	-2213	1304	10189
-656	-17508	2832	-467	-1179	10535
-236	-16104	1968	2141	1918	10421
-3856	-14980	2644	-2030	1089	10553
-2704	-17452	3012	-1674	-1339	10891
-1628	-17168	1436	1374	1714	10628
-4868	-15200	2508	-1741	1345	10182
-4096	-16268	2792	-2368	-1287	10186
-2744	-16648	1752	1642	620	10291
-5472	-15224	2236	1243	1799	10263
-6504	-14800	3156	-670	-263	10510
-5436	-15816	1908	735	214	10652
-7304	-15424	1580	-197	1913	10342
-8760	-14484	2952	-2476	290	9822
-7388	-15592	2304	-1674	-258	9754
-7656	-14264	1344	-1328	1042	9661
-9460	-14352	2316	-3751	101	9303
-8724	-15272	2468	-1132	-782	8890
-9160	-14308	2176	-195	911	8412
-10212	-13688	2840	630	174	8077
-9240	-13328	2224	3203	174	8327
-11108	-12860	2084	2899	1483	7826
-11584	-11884	2644	2103	555	7268
-10740	-11508	1936	1703	580	7356
-11364	-11248	1580	7	1031	7510
-12316	-11020	2532	-1479	243	7316
-11948	-11384	2884	-523	-96	7226
-11424	-10596	2436	1623	114	7431
-11936	-10056	2168	2819	254	8024
-12404	-9704	1892	3967	353	8881
-12644	-8456	2032	4565	1263	9111
-14136	-8128	3180	3676	2210	8399
-15092	-8116	2124	2970	2124	7977
-14684	-7412	2252	1624	1586	7450
-14504	-6984	3260	390	1247	6944
-14516	-6772	3428	-58	1188	6778
-14588	-6836	3092	-561	998	6683
-14444	-6468	4128	-905	221	6170
-14544	-6212	3616	-542	509	5750
-14832	-5752	3412	-243	194	5617
-14952	-4920	2972	-454	-207	5744
-14976	-4500	3176	-698	-580	6168
-14852	-4648	2796	-799	-747	6407
-15164	-4456	2480	-1161	-901	6527
-15052	-4520	3060	-1642	-1203	6242
-14864	-5128	2684	-1583	-925	5566
-14996	-4896	2756	-1029	-720	4660
-15040	-5192	2608	-912	-481	3844
-14476	-4928	2908	-116	-634	3013
-14792	-5140	2788	203	-180	2218
-14728	-4832	3040	877	-47	1524
-14652	-4740	2912	474	110	684
-14568	-4584	2792	227	-126	-363
-14484	-4692	2864	-13	217	-1502
-15064	-4172	2956	-383	-37	-2293
-14788	-4436	2908	-1113	464	-3128
-15040	-4876	2676	-1099	77	-3643
-14276	-4652	2516	-1141	-108	-4559
-14872	-5064	3052	-1638	569	-5509
-15148	-5984	3160	-2283	231	-6615
-15016	-6640	2808	-3304	170	-8652
-15628	-7556	4096	-3408	170	-10781
-15596	-8612	4812	-2990	-405	-12726
-15548	-9836	3612	-2917	-888	-14355
-15828	-10068	4692	-3002	-1670	-16515
-15540	-11364	4612	-2653	-2241	-18023
-15832	-12484	3736	-2563	-2033	-19622
-15044	-12592	4356	-2124	-3099	-20916
-14008	-13740	3864	-691	-2361	-21702
-13860	-13924	3272	395	-2259	-22431
-13488	-14556	3188	-798	-2775	-23216
-12272	-15580	2944	285	-2695	-23667
-10340	-13908	3548	1697	-2290	-23703
-10140	-15476	2036	-1117	-2198	-23842
-8260	-16964	2688	-688	-2661	-23670
-6092	-15136	3644	1400	-1955	-23500
-5028	-13756	3376	2052	-1694	-22638
-4520	-13996	2404	642	-1995	-21571
-2308	-14396	3304	203	-2015	-20167
-868	-14292	4148	1939	-1211	-19027
-220	-12184	2676	2006	-136	-16920
380	-11232	2144	-955	-564	-14783
1912	-12896	3892	-994	-675	-12552
3420	-11656	3832	1341	554	-11049
3920	-10252	2580	-372	91	-8468
5312	-11328	3284	-2247	-697	-6124
6120	-11740	4636	-1336	-184	-4417
6084	-11644	2864	-2160	-346	-3093
7176	-13728	2900	-3689	-794	-1683
7188	-14272	5132	-2190	185	-1317
6380	-14252	3772	-1775	-460	-1051
7264	-14492	2472	-1662	-362	-510
7100	-15092	4364	-333	576	-492
6696	-15028	3956	675	-158	-350
6776	-14604	2384	-468	-349	-88
7192	-14664	2988	-370	-196	76
7332	-14468	3752	525	219	231
6568	-14956	3088	-1507	-50	516
7384	-14984	2664	-720	139	462
6796	-13476	3416	398	1011	826
6420	-13476	3180	-797	125	1839
6308	-14136	3292	-770	602	2511
6076	-13736	2920	-821	697	3222
6152	-13688	3648	82	389	4054
5708	-13760	3464	-135	909	4983
5312	-13196	2868	-412	631	5888
4728	-14572	3796	-1135	842	6633
3700	-16776	3544	-1468	657	6680
4112	-15752	2736	-1201	258	6760
4064	-15280	3156	-1590	865	7105
3044	-16024	3792	338	1225	7387
2276	-14536	3472	-1767	950	7860
2584	-14224	2720	-4403	-111	8666
2492	-16172	3028	-164	631	9495
204	-15244	3112	-829	2405	9367
-964	-15420	2912	-5762	-392	9891
780	-18264	3024	-1393	-1056	9843
108	-16856	2632	3463	2622	9135
-2536	-14460	2912	-651	861	9515
-1640	-16752	3316	-1184	-1340	10102
-736	-16220	1652	4157	1307	10245
-3584	-13548	2660	-106	2519	10510
-4904	-15772	3008	-5543	-714	10858
-2984	-17676	2368	-2222	14	10526
-4012	-15724	1892	-643	2659	10469
-6764	-15952	3260	-3863	652	10356
-5284	-17328	3144	-822	-380	9960
-4636	-15244	2424	3798	1998	9980
-7860	-14272	3116	2271	1839	10107
-8060	-14844	3256	1922	5	10135
-7124	-13952	2628	2831	1262	10303
-9188	-13256	2248	-478	2253	10437
-10280	-14252	2964	-2613	664	10256
-9444	-14452	2892	-1229	762	9737
-10348	-13860	3092	-685	1133	9173
-10192	-13260	3368	-201	203	8783
-9452	-12720	2920	1362	710	8945
-10604	-12012	2596	1448	1224	9283
-11692	-11436	3112	399	705	9322
-12212	-11620	3492	-197	468	8916
-12320	-11436	2952	-86	667	8439
-12812	-10412	2760	-273	651	8125
-13320	-10644	3220	-1288	-73	7600
-12396	-10132	3260	-385	-81	7143
-12888	-9476	3216	403	546	6954
-13320	-9176	3100	891	104	7089
-12932	-8360	3248	1474	-89	7422
-13488	-7752	3320	1373	174	7980
-14052	-7124	2756	888	178	8330
-14596	-6536	3144	35	-60	8539
-15200	-6912	2888	-1237	-494	8388
-14916	-6996	3068	-1624	-664	7738
-14984	-5860	3248	-1659	-604	7059
-14988	-6256	3260	-2454	-867	6399
-14240	-6756	3028	-1939	-833	5407
-14644	-5984	2856	-895	-257	4640
-15084	-5992	2760	-928	-741	4019
-14560	-6004	3040	-795	-580	3403
-14388	-5520	3200	-126	81	2939
-14904	-5036	2268	-296	446	2758
-14844	-5048	3028	-569	-495	2537
-13752	-5292	3136	305	-31	1980
-14388	-5256	3344	1261	861	1552
-14924	-5036	3176	1519	538	1383
-14908	-4616	2296	1790	961	1574
-14648	-4048	2600	1400	755	1518
-14800	-4508	3188	296	166	1191
-14252	-4628	3376	1286	444	590
-15136	-4272	3092	1073	633	-151
-14816	-4084	3416	-215	146	-669
-14736	-5388	3484	-472	29	-1000
-13876	-4936	3828	480	-145	-1376
-14700	-4784	3632	-209	-87	-1914
-15128	-5184	3280	-1590	-1029	-2543
-14276	-6084	3456	-2607	-947	-3921
-14660	-7236	3392	-3066	-663	-5840
-14872	-8068	3624	-3597	-640	-8693
-15104	-9908	3992	-3113	-955	-11873
-16388	-10804	3380	-1893	-352	-14568
-16512	-9976	3640	-1398	-1447	-16160
-14692	-10404	4184	-2244	-2241	-17632
-14468	-11584	3800	-1706	-1200	-18644
-15240	-12272	3484	-1080	-1160	-19478
-14784	-12248	4424	-367	-2674	-20229
-13788	-12380	4108	-1145	-2625	-20976
-13520	-14356	3992	-1658	-2422	-21836
-12588	-15308	3260	-701	-1873	-22354
-11748	-14872	3860	-635	-2048	-22873
-11136	-16136	4252	-903	-2501	-23399
-9120	-15520	2708	1552	-2222	-23401
-7804	-15120	2908	-564	-1626	-23440
-6664	-16084	3068	-807	-1832	-23002
-5064	-16612	2532	251	-919	-22960
-4268	-14404	4264	784	-270	-22139
-2764	-12660	4212	-535	-1372	-21174
-124	-13060	3044	443	-1677	-18903
1824	-10724	3460	1370	133	-16736
2388	-8796	3816	314	388	-13800
3224	-8428	3004	-325	-192	-10625
4668	-9184	2052	-1677	-42	-7329
4608	-11472	3000	-3749	695	-4839
3880	-13612	3720	-3645	-526	-3659
5548	-13272	2724	-979	-364	-2261
5680	-13120	3120	-2540	960	-1268
5348	-16144	4596	-2025	-57	-407
6844	-15552	4304	447	567	-547
6336	-13308	3132	1232	1134	-26
6076	-13892	3516	-6	579	771
6520	-14092	4300	-902	82	1267
6228	-14608	3440	-644	-236	1947
6336	-13588	3148	-374	612	2597
5132	-14040	4124	-1041	291	3236
5296	-14580	3212	-1360	-178	3858
4748	-15740	2348	-1427	501	4225
4584	-14452	3400	1141	858	4439
4160	-13728	2880	263	1177	5451
3152	-14900	3076	-2701	204	5996
3764	-16348	3112	-1577	5	6464
3624	-13688	3464	-391	1853	6895
2104	-12412	3348	-3390	904	8217
1792	-17532	2756	-3095	-833	9338
2296	-16256	3792	1866	1300	8871
36	-14912	3668	-49	1316	9284
-164	-17628	2452	-859	-14	9264
340	-17980	3108	-426	1646	8744
-268	-15400	3292	-1326	1606	8587
-800	-15720	3180	-1478	707	9011
-376	-15440	2784	-885	1223	9268
-2220	-15012	2520	-5509	1546	9612
-3500	-17860	2872	-4008	-406	9646
-1956	-16164	1980	726	1540	9330
-4628	-15464	2792	-3268	1861	9168
-5292	-17952	3676	-1725	-722	8852
-2580	-15848	2168	3945	812	9029
-5540	-14284	3040	2029	2438	9222
-7284	-15796	4104	743	-698	9207
-4604	-14916	2936	3840	-104	9511
-6024	-13048	2056	2884	1861	10158
-9020	-13636	3448	-2511	418	10302
-8412	-15212	3380	-2143	-984	10142
-7568	-13920	2036	-159	813	10187
-10456	-13704	2888	-2407	867	9962
-9540	-13848	2956	-942	-939	9732
-9076	-13532	2708	1948	591	9618
-11204	-13136	2308	2034	1379	9418
-11268	-12616	3028	732	449	8970
-10740	-12284	2824	587	676	8681
-11576	-11808	2660	-30	1199	8256
-12016	-11336	3228	-650	533	8059
-11472	-11240	3816	123	97	8157
-11672	-10812	2856	1226	941	8509
-12736	-9844	3368	1039	769	8459
-12600	-9508	3524	1288	465	8709
-12888	-9072	3176	1275	1016	8899
-13944	-8520	2948	664	611	9038
-14068	-8128	3220	-401	-11	9036
-14252	-8040	3112	-1003	79	8616
-14628	-7968	3300	-1083	-302	8024
-14316	-7764	3428	-1057	-467	7501
-14140	-7280	3344	-989	-470	7083
-14440	-7156	3088	-258	-405	6807
-14932	-6356	3048	258	4	6736
-14592	-5976	2768	469	-114	6513
-14984	-5488	2640	1100	631	6212
-16008	-4500	2536	1898	365	5888
-15356	-4256	2648	987	-146	5471
-14420	-4136	2804	972	487	4729
-14960	-4224	3108	478	922	4356
-14848	-4672	2944	897	634	4444
-14564	-4276	2848	972	722	4398
-14508	-4360	3308	858	522	4358
-14484	-4588	3192	1051	942	4094
-14664	-4372	3528	1351	884	3242
-15044	-4260	3356	1182	614	2301
-14612	-4236	3404	1023	636	1217
-14796	-4228	3348	696	549	164
-14752	-3924	3412	114	99	-580
-14468	-4260	3372	-525	26	-1072
-14416	-4128	3428	-815	-215	-1636
-14532	-4152	3448	-2060	-662	-2352
-14880	-4520	3576	-2891	-1191	-3104
-15192	-4916	3296	-4127	-1289	-4472
-14996	-4876	3180	-6401	-1333	-6674
-15432	-6892	2956	-8112	-1605	-9138
-15312	-8388	3108	-6809	-1209	-11334
-15128	-8748	4104	-5223	-812	-13121
-15264	-9800	2764	-4282	-637	-14456
-15104	-10720	3480	-2146	-1057	-15938
-14856	-11252	4440	873	-24	-17183
-14652	-11420	3880	1958	125	-18122
-15408	-11788	3296	1665	-203	-19394
-15316	-12240	3804	1697	-1395	-20346
-14240	-12328	4468	786	-1505	-21151
-13496	-12808	3864	-862	-1717	-21691
-13312	-13876	3652	-2120	-2294	-21557
-11996	-14176	4540	-1450	-3195	-21972
-10672	-14604	4296	-1738	-2985	-22391
-9608	-15316	3528	-1293	-2766	-22271
-7952	-15284	4272	-495	-2588	-21603
-6896	-15204	4480	464	-1854	-21394
-6096	-15104	3496	1581	-1458	-20482
-4412	-14248	2732	586	-1821	-19501
-3284	-15584	4084	-128	-2207	-18675
-1916	-14208	3972	1585	-1937	-17818
-932	-13640	1164	-721	-2010	-16988
812	-14072	2996	-1389	-2172	-15392
2720	-12716	4772	213	-2058	-14165
3404	-11296	2460	424	-1229	-12104
4432	-11304	2176	-692	-719	-10290
6176	-11588	4288	-768	79	-8530
5872	-12080	2660	-1091	514	-6742
5768	-13364	2148	-1536	-13	-5437
6840	-12756	4212	-296	94	-4910
6672	-13204	3012	-1016	21	-3881
7200	-13504	3148	-772	-434	-2742
7872	-12728	3644	-411	667	-1923
7160	-12636	4372	-1921	287	-854
7704	-14472	3176	-1262	-95	-56
7768	-13792	4004	-149	1125	235
7304	-13800	4044	-1342	-224	881
7784	-14672	2976	-743	-12	1079
7176	-14180	3436	-256	1112	1221
6752	-13896	4080	-377	5	1562
7096	-14584	1992	-790	130	2160
6580	-14164	3048	-439	977	2545
6484	-13544	3512	10	438	3112
6828	-13616	2660	-955	868	3827
5980	-14576	2692	-1694	1127	4660
5760	-14144	3820	-511	903	5130
5612	-14324	3272	-634	1480	5599
4784	-15164	3056	-1123	1371	5985
4888	-14972	3452	-553	1207	6682
4024	-15200	2824	-2344	1863	7020
3628	-15584	2616	-1694	1177	7224
4060	-14872	3796	710	1691	7790
2464	-14916	2980	-2521	2132	8242
1868	-16228	2840	-3817	-9	8385
3604	-16268	3144	1714	1248	8551
900	-15540	2880	-199	3296	8828
-700	-15960	4540	-3323	-86	9104
1792	-16112	2428	-102	164	9420
152	-14468	1736	-1879	3601	10019
-3644	-15344	4708	-7127	863	10473
-1656	-16488	3144	-3071	-1711	10893
-1044	-15312	836	-1654	1504	11299
-5024	-17080	3704	-2797	144	11193
-4292	-16856	3904	987	-2263	10988
-2328	-14088	1928	3526	132	11660
-5176	-12876	2160	212	1334	12913
-7108	-15068	3640	-1847	-919	13558
-5800	-15604	2116	941	-584	13784
-7900	-13916	2740	349	892	14048
-9488	-14528	2832	-993	-974	14022
-8808	-14564	1712	-966	-573	14138
-9732	-14168	2460	-1611	223	13624
-10780	-13644	3252	-1772	-765	13164
-9500	-12948	2888	-491	-1053	13538
-10984	-12760	1716	-1676	411	14004
-13392	-13220	3276	-1497	-981	12881
-12000	-12708	3580	1878	-546	12186
-12060	-11156	2772	3761	1188	12423
-13612	-10148	4296	4271	705	12702
-12740	-9400	3140	6323	895	13717
-14056	-9020	2216	5410	2527	13640
-15972	-8316	2900	4086	1775	12443
-15192	-7828	2812	2963	1081	11195
-14784	-7032	2656	565	1220	10052
-14924	-7184	3232	-861	826	9016
-14364	-7128	3600	-580	520	8037
-14548	-6840	3620	-23	962	7070
-14680	-6340	4000	152	496	6191
-13856	-6344	3836	574	247	4918
-14344	-5972	3580	2057	1518	3385
-15868	-4832	3188	2548	1335	2367
-16008	-4468	3252	1481	378	1882
-15308	-4608	2780	1425	813	1479
-15400	-4000	2688	1025	632	1501
-15028	-3612	2724	68	641	1753
-14920	-3836	2828	-948	240	1902
-14444	-4072	2988	-579	643	1725
-14856	-3888	3056	-242	720	1608
-14804	-3728	2820	140	792	1429
-15468	-3684	2556	285	1211	1019
-15360	-3212	3028	418	771	634
-14940	-3300	3052	780	1094	311
-14748	-3316	3224	1305	1254	163
-14916	-3104	3052	1169	801	306
-15248	-3268	3344	918	-7	551
-14152	-3260	3140	342	-273	157
-15268	-3520	2864	-60	288	-208
-15040	-3576	3364	-979	-811	-479
-14516	-4344	2896	-1782	-812	-1166
-14968	-4360	3344	-2141	-885	-1856
-14704	-4968	3460	-3051	-1138	-2739
-15284	-5804	4064	-2444	-797	-3899
-15072	-5504	4340	-1623	-1444	-5072
-14388	-6412	5048	-2028	-2123	-6657
-15104	-7432	4480	-1912	-2125	-8567
-15696	-7780	3968	-2735	-2940	-10747
-15528	-8772	3528	-5443	-3351	-14021
-16192	-10292	2452	-7068	-2923	-17351
-16976	-10984	4716	-7191	-3171	-19696
-14944	-12688	3116	-6144	-3640	-21132
-15028	-13588	3620	-4465	-3199	-23396
-14972	-13084	4692	-923	-3513	-24025
-13676	-13508	4040	-387	-3068	-24618
-13596	-14388	4512	864	-3379	-24683
-12608	-14600	3172	692	-3485	-24446
-11924	-13952	4448	-48	-4408	-24399
-9736	-13916	4264	-1475	-4405	-23802
-8988	-14844	2964	-3352	-3257	-23157
-6384	-14232	4428	-3166	-2946	-21894
-5424	-15696	3476	-3336	-1306	-21358
-4624	-15584	3016	-1337	-669	-20429
-2684	-12896	3748	1050	-1534	-19141
-988	-12504	2912	379	-1677	-17319
464	-12220	3092	1052	-1008	-15475
2344	-10192	2976	847	-1082	-12819
3456	-9664	2836	-429	-657	-10106
4420	-9540	2088	-1460	-442	-7335
4716	-11488	2688	-2846	151	-5023
4716	-12580	2988	-1914	222	-3107
4820	-12256	2448	-2488	240	-1730
5416	-14120	3284	-2086	352	-185
5908	-15512	3404	-1288	1021	449
5624	-15956	3492	-1469	1078	304
5968	-15892	3476	367	446	85
6004	-15376	3384	-122	1713	-213
5396	-15564	3968	-1791	486	-339
6036	-16596	3436	-159	454	-324
4864	-14620	3944	-144	945	-603
4996	-14720	3152	-1021	-353	-147
5312	-15952	3280	-1168	554	113
4472	-15636	3624	-82	448	252
5072	-14384	2696	200	438	745
5140	-14192	2888	-1023	676	1620
4668	-15424	3356	-584	567	2158
4976	-14220	2808	38	958	2533
4464	-13672	2744	-1516	737	3324
4712	-14640	2964	-1748	504	4069
4688	-14600	3124	389	956	4731
3396	-13632	2472	75	1304	5681
2492	-15076	3188	-2010	236	6577
3256	-16688	2924	-624	844	6818
2140	-15424	3028	-637	1935	6827
1248	-15336	2572	-3455	976	7535
2024	-16932	3912	-799	568	7814
1836	-15400	4304	4907	2988	8031
104	-12916	1236	4250	3995	9488
-964	-12896	2512	-1482	3451	11024
-2028	-16692	3988	-1430	1882	11440
-584	-15660	1820	717	2888	11615
-2928	-14524	3044	-4352	3581	12085
-4496	-16096	4180	-7753	131	11999
-2324	-18264	3132	-3717	-208	11527
-3800	-16628	2788	-391	2385	11254
-5628	-15492	4028	-2284	1026	10980
-4884	-16816	2752	-1165	271	11128
-5300	-16568	2220	2660	2038	11043
-7304	-14132	3588	3245	1862	10381
-7492	-14316	2232	1409	770	10549
-7708	-14352	2504	862	1065	10554
-8212	-13564	2068	-86	1504	10735
-9612	-13364	2084	-2300	1430	10881
-10204	-13692	2660	-3499	258	10731
-9948	-13628	2512	-3452	583	10848
-10104	-12572	2916	-2730	547	10741
-10804	-12504	2108	-3449	440	10832
-11264	-12748	3060	-2592	-52	10804
-11480	-12204	2736	-748	159	10700
-12368	-11132	2264	150	120	11081
-13004	-10748	2688	-211	-276	11248
-13020	-10380	2748	-125	-58	10751
-13924	-10036	2752	1107	159	10277
-14156	-8912	2848	1611	-108	9972
-14052	-8648	3012	1737	-492	9528
-14184	-8548	2800	3124	-162	9367
-14676	-7500	3096	4186	-71	8822
-14756	-6748	2688	4329	-10	8265
-14912	-6364	2692	3369	-63	7529
-14784	-6156	2804	2751	-25	6878
-15132	-5588	2160	1591	242	6132
-15056	-5984	2744	166	-524	5512
-14440	-5940	2604	-224	-271	4660
-14736	-5648	2392	-1437	-257	3912
-14048	-5548	2752	-2068	-348	2730
-15048	-5728	2416	-1856	547	1973
-15696	-5744	2688	-1745	155	1689
-14460	-5280	2720	-1292	125	1277
-14760	-4936	3228	-823	671	962
-14744	-4804	2884	123	361	1006
-14492	-4480	2968	267	560	688
-14696	-4400	3356	424	458	619
-14248	-4364	3024	767	424	522
-14628	-4640	3016	756	403	351
-14856	-4684	2788	714	248	208
-14484	-5160	2912	166	-244	-121
-14196	-5740	2616	-412	113	-1000
-14788	-5764	2188	-1291	244	-2002
-14740	-6304	3060	-2987	-235	-3364
-14560	-7680	3140	-3215	-219	-5215
-14464	-7872	3260	-3023	-78	-7285
-14852	-8336	3672	-3330	-163	-8874
-14888	-8872	3132	-3074	-745	-9881
-14496	-9104	3248	-2753	-872	-11234
-14528	-9012	3496	-2220	-548	-12616
-14996	-10208	2940	-2406	-835	-13638
-14840	-10672	3052	-1725	-1039	-14806
-14548	-10800	3604	-1039	-961	-16222
-14516	-11880	3104	-508	-948	-17058
-14504	-12664	2428	-876	-1094	-17575
-13492	-13272	3460	-1070	-1806	-18784
-12216	-13540	3644	491	-1449	-19329
-12128	-14596	2632	838	-1109	-19536
-11112	-14932	2660	722	-1647	-19608
-10596	-15032	3340	189	-1974	-20286
-9756	-15716	3116	-565	-2109	-20783
-8452	-16100	2836	207	-2115	-20885
-7124	-15828	2560	-685	-2109	-20655
-5924	-16360	3304	-1655	-1993	-20659
-4764	-16404	3232	590	-1876	-20677
-3104	-14776	2908	2002	-1205	-19873
-1708	-14296	2748	-250	-1392	-19188
76	-14448	2532	-166	-1468	-17980
1496	-12460	2552	1494	-199	-16505
1832	-10136	2984	521	-120	-14660
3160	-11224	2436	-819	-1062	-12007
4160	-11984	1872	-872	-130	-9687
4492	-11744	2932	-2823	-245	-7884
5320	-12680	3528	-1180	-266	-6178
6012	-11756	3136	-698	644	-5114
6320	-12756	2100	-1432	206	-3409
7100	-14296	3852	-1196	480	-2613
6784	-14040	3848	1028	452	-2147
7048	-12816	2516	196	356	-1384
7440	-14024	3088	-1607	252	-606
7568	-14796	4020	-1079	862	-267
6848	-14292	3396	-1318	360	-89
7268	-13600	2956	-635	249	424
6444	-14232	3772	-77	648	921
6472	-14564	3340	7	-249	1458
6956	-13556	2076	-148	220	2254
5888	-13992	3272	-991	869	3011
5512	-14536	2728	-985	181	3508
6284	-14192	2120	-1224	531	4137
5676	-14652	2516	-1360	770	4795
5524	-14924	3724	-333	551	5090
4876	-14736	2800	-1752	766	5304
4620	-15580	2272	-2379	476	5707
4636	-15216	3724	-1249	760	6226
3980	-15076	3284	-1742	1003	6547
3396	-14796	2720	-2641	508	7009
3180	-16040	3464	568	-160	7317
3276	-14860	3200	3093	1143	7723
1168	-14732	1628	-1428	1114	8533
400	-17412	3268	-2101	-734	8564
2328	-16200	1916	1830	967	8631
-212	-15028	2676	-1359	2713	9014
-1424	-16400	3096	-3739	-455	9336
852	-15676	2940	1110	65	9777
160	-14080	2612	2552	2842	10260
-3196	-15224	2972	-1236	1224	11287
-3108	-17240	3124	-2239	-382	11343
-2088	-16820	2136	654	1334	11030
-4768	-15872	3560	-841	1596	10525
-5180	-17364	3380	-3358	-351	10151
-3196	-17108	2408	-72	25	9829
-5156	-16124	3716	2291	1699	9285
-6316	-15580	3600	2546	456	9020
-5556	-15152	2660	2831	700	9108
-6880	-14424	3396	2719	1409	9153
-6812	-13384	2568	1246	1239	9797
-7936	-13408	2456	-1341	1491	10390
-8936	-13356	3220	-2408	817	10827
-8688	-13008	2912	-1875	140	11274
-9908	-13924	2576	-1876	984	11247
-11760	-13548	3656	-744	435	10576
-10760	-12676	3140	908	604	10496
-11064	-12732	2840	1866	1327	10688
-12204	-12332	2396	715	1363	10358
-12256	-11404	3580	402	708	9889
-11452	-11208	2800	639	1028	9805
-12296	-10960	2848	2	1094	9300
-12624	-10592	2832	-682	155	8771
-12372	-10868	2820	-728	215	8524
-13268	-10404	3104	-131	362	7601
-13136	-9420	3088	193	148	7256
-13068	-9200	2928	83	151	7081
-13352	-8500	2976	459	146	7053
-13712	-7784	3200	413	210	7262
-14096	-7192	3300	134	34	7638
-14284	-6728	3008	-35	-77	7888
-14704	-6480	3144	-352	-157	7872
-14732	-5976	3292	-108	-181	7447
-15236	-5312	3316	128	16	7372
-15572	-5164	3420	110	-387	7293
-15316	-5380	3584	183	-658	6652
-15032	-5048	2924	776	-169	5559
-15492	-4588	2868	60	-108	4495
-14760	-4752	3128	-634	-559	3718
-14508	-4784	2504	-148	124	3051
-14736	-4436	2776	32	31	2669
-14344	-4524	2460	527	-15	2736
-14356	-4284	2892	1322	693	2340
-15528	-3932	2508	942	743	1872
-15404	-3888	2864	333	450	1346
-14888	-4128	3236	18	565	638
-14536	-4112	3036	134	974	-27
-14552	-3836	3460	-412	517	-441
-14764	-4416	3584	164	434	-524
-14748	-3588	3492	62	103	-603
-14760	-3856	3664	-857	121	-915
-14968	-4404	3728	-679	-249	-1496
-15048	-4316	3676	-215	-105	-2183
-15296	-4260	3016	-1554	-710	-3065
-14400	-4876	3176	-3110	-1198	-4044
-15184	-5640	2940	-3530	-596	-5264
-14812	-5536	2520	-4569	-961	-6670
-14732	-7004	2800	-5679	-537	-8526
-15424	-8364	3152	-4913	-126	-10052
-15368	-8716	3804	-3981	-476	-12048
-15348	-10060	3584	-3652	-390	-14394
-15812	-11176	3828	-1683	-217	-16430
-15224	-11292	4136	-323	-721	-17762
-14060	-11392	4240	-17	-803	-18669
-13992	-12360	3512	726	-964	-19239
-13520	-12512	3760	865	-1201	-19383
-13420	-12940	3380	-684	-1787	-19699
-12784	-13676	3460	-1514	-2209	-20725
-12192	-14528	3132	-1485	-1957	-21187
-10956	-14988	3236	-2263	-1820	-21347
-10012	-16756	3196	-2469	-1789	-21837
-8840	-16948	3576	-99	-1163	-22433
-7552	-14656	3588	2656	-1356	-22141
-5472	-14052	2900	2005	-1494	-21126
-5132	-16616	2268	-93	-797	-20751
-3704	-15324	3740	1264	-438	-20627
-2368	-13544	2904	739	-333	-19372
-1312	-14812	2544	-1144	-1227	-18501
396	-15532	2524	-2020	-587	-17639
1608	-13584	3400	-1129	4	-16867
2492	-12092	2652	48	306	-15065
3320	-11796	2912	-201	538	-13309
4440	-11436	3088	-23	386	-11154
5408	-10956	4100	210	807	-9098
5996	-10708	2356	-178	545	-6825
6204	-11632	3136	-2116	795	-4887
6400	-12760	5096	-1551	-62	-3510
7272	-12636	3612	-1342	-263	-2351
7728	-12784	2772	-2625	-313	-1285
8124	-14124	4048	-1560	-29	-634
7788	-13644	3984	-18	45	-272
8620	-13184	2996	-858	-387	324
8452	-13548	2816	28	806	602
7096	-13460	3576	261	388	1047
7616	-13688	3008	-385	-466	1706
7616	-13744	2904	-620	399	2335
6844	-13272	2840	-1301	543	3049
6364	-13656	2972	-1456	300	3874
6572	-14388	2988	-475	546	4487
6484	-13516	3236	408	803	5216
5688	-13832	3424	-247	636	6127
5908	-14428	2572	588	670	6887
4628	-14944	3176	-1267	1676	7077
4092	-15092	2792	-3745	-365	7459
5472	-15808	3324	-131	113	7722
4152	-14948	3416	1172	2894	8124
1724	-14456	3636	-2057	64	8792
3448	-15856	3288	329	-1002	9217
3768	-14880	1992	5339	2277	10000
-640	-13288	4504	-982	2242	11021
-100	-15840	3660	-2934	-1450	11944
1896	-15420	1696	1774	1615	12572
-2664	-14468	3620	-2515	3904	13096
-3788	-17140	4168	-3759	-1230	13286
-120	-17448	2476	1721	79	13148
-3504	-15528	2452	1019	3629	13026
-5904	-15460	4268	-2480	-188	13068
-3668	-16932	2652	-989	40	12987
-5260	-16932	2400	-231	3155	12416
-7908	-15756	3796	-3988	951	11698
-5864	-16668	2588	-2860	-164	11583
-6180	-15628	3076	1454	1755	11180
-8336	-14012	2924	250	1258	10809
-8216	-14640	3180	-977	299	10918
-7704	-14008	2536	1206	1214	11223
-9680	-13412	2488	-172	2450	11193
-11296	-13544	3664	-1991	704	10529
-9316	-13332	3088	-531	682	10488
-9844	-12484	2068	-93	1966	10731
-12132	-12472	4092	-778	128	10379
-10716	-12552	3352	1085	-562	10260
-11560	-11320	3308	2310	525	10076
-12960	-10632	2828	786	361	9785
-13320	-10300	3436	-353	-434	9435
-13144	-10072	2552	-499	-230	9132
-13700	-9128	2840	-1177	-199	8976
-13928	-9028	2584	-2526	-609	8864
-13336	-8744	3032	-1986	-841	8633
-13532	-8624	3080	-1021	-357	8515
-13924	-8104	2800	-149	-345	8473
-14084	-7240	2768	424	-211	8402
-14696	-6828	2848	479	-227	8273
-14876	-6596	2404	307	-96	7802
-14992	-6064	2404	-88	-1	7016
-14980	-6052	2480	-1112	-83	6140
-14616	-6176	2792	-1040	144	5222
-14720	-6084	3328	-964	133	4314
-14724	-6428	3288	-696	188	3711
-14452	-5724	3132	-49	229	2977
-14584	-5240	3576	-112	387	2306
-14980	-4948	2728	-392	688	1957
-14912	-4264	2504	-741	81	1901
-14728	-4008	2824	-1180	225	1818
-14848	-4072	3196	-1039	305	1751
-14964	-3988	2632	-853	643	1890
-15116	-3908	3004	-35	252	2143
-14480	-4196	3600	96	307	1866
-14784	-4480	3008	1253	786	1528
-14888	-3932	2852	1090	501	1169
-14424	-4508	3252	263	195	645
-14836	-4904	2948	431	335	-49
-14444	-4128	3024	-237	-146	-566
-14660	-4884	2988	-1426	236	-1271
-15464	-5040	2304	-1146	-44	-1656
-14508	-4556	3140	-2132	-485	-2305
-14532	-5944	3032	-2390	251	-3245
-15264	-6536	2784	-1424	231	-4446
-14932	-6240	2728	-1822	-4	-5923
-14728	-7536	2408	-2353	-27	-7325
-14440	-7932	2872	-1125	508	-8959
-14684	-7636	2480	-1222	659	-10096
-14392	-8920	2656	-1566	22	-10806
-14700	-9568	3012	-314	-69	-12153
-14992	-9096	2564	-132	672	-13701
-15896	-9988	2832	-831	254	-15037
-15404	-10864	2748	-179	-222	-16389
-15032	-11124	3048	20	-269	-17483
-14536	-11540	3260	13	-545	-18258
-13512	-12128	3344	-140	-572	-18606
-12404	-13236	2724	-183	-807	-18687
-12132	-13972	3200	-456	-852	-18792
-11252	-14664	4052	10	-1487	-19293
-9692	-15216	2812	1155	-1176	-19259
-9416	-15476	3240	996	-1270	-19430
-8040	-15352	3980	1712	-2139	-19474
-6572	-15500	2600	1977	-1928	-19423
-5704	-15496	2100	1251	-1424	-19164
-4956	-15360	2592	-391	-1563	-18745
-3616	-15812	2876	-540	-1558	-18451
-2536	-15508	2492	274	-934	-17996
-1480	-14864	2476	-1159	-888	-17088
-652	-15932	3068	-1695	-1212	-16457
820	-15304	3412	473	-676	-16202
1768	-14188	3080	557	-268	-15379
2744	-13700	2376	-590	-441	-14236
4224	-13852	2780	-1239	-129	-13257
4492	-13068	2824	480	551	-12496
4712	-12136	2128	-9	603	-10700
5552	-12060	3376	-2146	-213	-9357
7344	-11792	3716	-2127	-178	-7715
7720	-10776	2016	-1825	150	-6201
7832	-12052	3632	-2251	788	-4425
7648	-11828	4528	-1775	290	-3311
7908	-12780	2620	-1130	-658	-2223
8496	-13156	2696	1109	249	-1310
7736	-12980	3956	-159	-164	-402
8600	-14132	2968	-672	-1120	-51
9164	-13532	2168	1365	383	326
8408	-12552	3164	-273	477	1039
8228	-14400	3344	-1217	-164	1327
8800	-13752	2212	-223	-30	1484
8736	-13004	2168	-1364	18	2030
7808	-15168	3492	-1683	-59	2264
8168	-15132	2816	-150	-239	1901
8484	-13080	2032	-514	306	2250
7400	-14488	2880	-1753	481	2624
7284	-15388	2836	-355	190	2482
7824	-13500	2548	-654	92	2761
7580	-14324	2776	-933	253	3641
6476	-14956	3560	-431	-63	3822
7028	-14500	2464	-559	-521	4116
7240	-14304	2332	-322	568	4502
6100	-14868	2968	-846	563	4852
6112	-14844	2488	-814	-31	5118
6012	-14872	2068	-852	436	5353
5340	-15316	2924	665	250	5429
5112	-14400	2216	-196	801	5925
4688	-14980	1568	-2405	786	6785
4024	-16096	2768	-1174	967	6913
3776	-14664	2240	-1051	1276	7226
3420	-15100	2156	-4929	435	7891
2908	-17920	3548	-2799	272	7581
3208	-16548	2000	-88	1347	7408
1736	-15464	2632	-2614	584	7693
1192	-17796	2884	-1090	-747	7593
2044	-17268	1632	1298	680	7213
136	-15780	2876	-1793	396	7002
324	-17032	1632	-1340	-932	7275
888	-16128	1588	1868	551	7409
-1364	-15620	2280	-1503	582	7295
-608	-16572	2244	-1208	-1285	7567
932	-14964	1036	2415	917	8216
-2552	-14924	1860	-1262	2795	8624
-3856	-16224	2160	-2131	284	9205
-1996	-15224	1372	293	884	9581
-3728	-14844	1344	-1719	2607	9800
-6152	-16152	2576	-3417	-325	9859
-3600	-15824	2372	701	-698	10032
-4456	-14192	1332	402	1341	10402
-7444	-14620	2972	-1687	-395	10772
-5608	-14604	2224	1452	-1235	11448
-6416	-13668	1004	1750	1345	12179
-10392	-13960	2544	-1758	240	12465
-9228	-14724	2604	-245	-1447	12288
-8204	-13672	1600	1748	827	12303
-11544	-13724	2284	-780	471	12096
-10392	-13640	2768	527	-1357	12007
-8916	-12608	1932	3326	723	12283
-12196	-12024	3272	3086	1068	11833
-12140	-11728	2664	2511	17	11961
-11484	-10376	1484	2624	1295	12479
-13336	-9572	2008	-1371	1941	12499
-14564	-10128	2840	-3646	297	12469
-13684	-9820	2552	-3404	-18	11966
-13904	-9488	2504	-3341	248	11801
-15052	-9784	2296	-3635	-144	11055
-14744	-9104	3180	-2153	-717	9860
-14536	-8828	2988	628	187	8677
-14784	-8188	2488	2322	-7	7637
-14312	-7992	2352	3120	204	6853
-14304	-7280	2272	3941	522	6242
-14484	-6680	2364	3685	836	5580
-14328	-6344	2536	2871	913	4746
-14832	-5764	2600	2109	1116	4049
-14876	-5920	3752	1607	678	3287
-14836	-5584	4148	2090	657	2237
-14892	-4424	2704	2502	756	1263
-15132	-4148	3364	1338	172	361
-15272	-4248	3372	609	-425	129
-14632	-3924	2444	-12	-501	314
-15172	-3880	2380	-1305	-617	520
-14952	-4312	2820	-2063	-1366	690
-14660	-4444	2304	-1460	-565	695
-14884	-4012	2232	-1597	-456	589
-14836	-4408	2484	-1993	-496	593
-14908	-4756	1976	-789	-26	353
-14868	-4180	2396	-17	-10	197
-14628	-4104	2308	173	290	-130
-14792	-4436	2388	735	513	-385
-15008	-3720	2412	790	793	-518
-15292	-3832	2404	294	586	-347
-14596	-3840	2340	341	509	-276
-15012	-3540	2772	-124	815	-380
-14984	-3808	2924	-87	242	-231
-14944	-3756	2620	45	808	-279
-15128	-3492	2708	38	356	-249
-15196	-3784	2956	-397	352	-168
-14716	-3712	3420	-84	-283	-274
-15148	-2180	2092	-6021	343	-938
-15684	-8436	4196	-2360	-9652	4382
-10088	1768	1848	-5502	-7212	8676
-18828	-5508	4048	-7447	-1017	4415
-15776	-3188	3532	-5204	-5922	-804
-14200	-4272	3692	-3999	-2777	-960
-13572	-3192	3588	-1632	-802	-7
