0	0	0	0	0	0
-13456	-5012	1648	779	-1344	677
-14576	-3452	652	-313	-206	-754
-16212	-4924	1524	-707	-263	-259
-15600	-3636	1560	-907	-1530	-766
-16064	-3824	1892	-2518	-1883	-2421
-16788	-4624	2048	-4618	-4222	-2745
-11824	-6848	-2016	-146	-579	4087
-13152	-9884	-1848	4467	10998	1908
-20036	-1912	104	9300	357	-1443
-13440	-164	-600	-1546	-3069	993
-13256	-5328	972	-7346	1616	429
-16484	-7544	1896	-854	-472	382
-14488	-4328	260	1649	-791	530
-14936	-3836	648	-1000	342	-57
-14952	-4764	1372	-1033	-112	-69
-14668	-4564	1016	-103	268	-207
-15468	-4704	656	368	-6	-133
-14356	-3812	808	-348	-509	216
-14372	-3832	1160	-1910	118	597
-15052	-5416	2780	-2575	-408	1023
-15524	-5580	2372	-50	-1528	1293
-15792	-4628	3196	552	-2616	1180
-17104	-5092	4712	-758	-3434	217
-16856	-4912	5416	190	-5126	-1090
-16396	-4328	6192	-486	-5564	-3047
-17732	-5276	6516	-2947	-5901	-4641
-18428	-6300	6772	-3817	-7512	-5483
-18276	-7328	8640	-1866	-9530	-6186
-17892	-6380	8880	-1535	-11388	-6067
-17624	-6436	8440	-4266	-13857	-5893
-17708	-7844	9256	-4174	-15879	-5830
-17092	-7976	9460	-1634	-17456	-5484
-17716	-7172	10332	-1945	-18018	-4882
-17572	-7196	9644	-3316	-19540	-4226
-17344	-7872	9932	-3586	-20270	-4086
-15692	-8632	10432	-2564	-20668	-3885
-15320	-8328	10000	-1158	-19585	-3558
-14900	-8220	9256	-1502	-19971	-3151
-12676	-9028	10380	-444	-19882	-2907
-11084	-7448	9888	1896	-18311	-2555
-10676	-6960	8900	-516	-17560	-2274
-8696	-8588	10432	-160	-17658	-2019
-6388	-8176	9940	2677	-15983	-2335
-5572	-6928	9672	1927	-14851	-2689
-5660	-7664	10172	633	-13970	-3335
-3764	-7416	10264	1486	-13843	-2606
-1872	-6868	10448	440	-11944	-2889
-2224	-8372	9304	286	-10132	-2806
-1688	-7200	9400	1977	-8849	-2357
-1200	-5836	8468	292	-8218	-2119
-648	-8320	9360	173	-6522	-1870
-336	-7304	8896	2575	-5069	-1885
-1552	-5532	9652	586	-3753	-1551
-872	-7368	10724	-621	-4085	-1840
240	-6244	9392	622	-1880	-1724
-1324	-6692	12032	-1894	-431	-1503
308	-6932	13048	-1827	-1139	-1605
640	-6364	10580	-3592	149	-1688
1064	-6232	11864	-2116	344	-1828
1532	-6172	13012	-4021	1605	-1052
2000	-8700	13904	-1962	2196	-429
1332	-6948	12524	-176	2579	-87
1508	-6800	12740	-402	2381	127
1756	-6520	12772	1370	2471	270
1976	-6984	12816	155	3487	750
1548	-6952	14716	-272	3838	534
1896	-7136	12464	-2134	3554	909
-364	-9496	13748	-1322	4620	1705
72	-7612	14664	-525	5046	1833
-308	-9068	14100	-3188	5240	2060
-1532	-10896	13932	970	5844	1701
-2288	-7836	13512	3557	5948	1214
-1912	-6656	12940	2071	5339	1204
-2204	-8076	14044	1015	6885	1238
-3400	-6884	12260	-44	6524	1730
-2388	-7972	13976	-1559	5944	2297
-4312	-8660	13292	1664	8273	1765
-5320	-6560	12440	1060	6809	2061
-3260	-8472	13480	-324	6847	1260
-6300	-8704	12696	2908	9378	459
-6424	-6600	12132	2213	7892	464
-5492	-6932	11956	-778	7910	445
-7548	-8932	12980	-510	9252	807
-6736	-7212	12672	269	9001	1001
-6808	-7028	11064	-2244	9405	952
-9136	-8820	11980	-902	9152	1429
-8084	-7212	12520	1103	9608	1381
-8692	-6964	11704	190	10409	1458
-10296	-7576	10884	-392	10046	1620
-10272	-7688	11736	239	9121	1928
-10432	-8036	12688	2694	11489	1677
-11576	-5824	8564	1117	11536	1357
-12340	-7312	11752	-2215	8975	1596
-10660	-9268	11632	1398	10351	1333
-12340	-7004	11416	3429	11636	751
-13664	-6004	9072	49	9407	970
-12916	-7744	11764	151	8429	984
-12380	-6868	10336	2299	10419	32
-14664	-5888	7916	1499	9833	-147
-14012	-6572	10512	427	7983	187
-12900	-6912	9012	1047	9079	-493
-14560	-6208	8276	1627	8330	-367
-14092	-5368	6872	-132	7165	-120
-14108	-6404	7780	-1037	6874	464
-13668	-5796	7544	-822	6741	321
-13844	-6492	6488	-1336	7162	490
-14880	-6920	6492	-122	7005	614
-15100	-5460	6944	1168	6450	82
-14868	-5292	6252	235	5816	-250
-14804	-6548	6528	-534	4758	590
-14236	-5760	6708	422	4347	811
-14760	-4256	5740	-2244	3921	774
-15232	-5956	5792	-3321	2900	1187
-14356	-6692	5800	-1116	3208	1279
-14512	-5332	4856	-582	3470	1039
-14856	-6024	5128	-217	2645	919
-14460	-6736	4884	2883	3137	735
-14724	-5568	3712	3340	2661	765
-14104	-5304	4072	2356	1818	717
-14064	-5604	3416	2220	2221	755
-15072	-4948	2948	561	1775	855
-14664	-5528	3640	-1219	663	723
-13952	-5952	3920	-1551	805	528
-14392	-6368	3968	-1051	699	406
-14628	-5436	3956	-1008	162	175
-14844	-5876	3872	-1720	-307	199
-14372	-5928	4260	-703	-671	324
-14420	-4960	3816	-973	-312	229
-15100	-5424	4608	-2132	-1283	323
-14500	-6128	5832	-1736	-2037	174
-14996	-5420	6628	-1897	-2053	-307
-15984	-5260	7564	-2814	-3883	-854
-15592	-6048	9232	-2428	-4935	-1657
-16932	-6000	9696	-1758	-5736	-2030
-17036	-5996	9924	-1618	-8457	-2052
-16028	-6292	11004	-1601	-9722	-1791
-16528	-6664	10672	-987	-10539	-2067
-16784	-7356	10680	-205	-11983	-2596
-17064	-7792	11080	1258	-13586	-2621
-16520	-6844	10456	402	-14379	-2457
-17092	-7696	9900	-1107	-15936	-2278
-15676	-7760	10260	-781	-17542	-2433
-15508	-7804	11044	-1709	-17104	-2666
-15936	-8508	11156	-2534	-18577	-2626
-14092	-8712	10220	-2831	-18648	-3216
-13264	-8828	10940	-2084	-18677	-3571
-12348	-9184	10556	-327	-16838	-4038
-13020	-7976	9864	899	-17086	-3831
-10096	-7684	9968	1585	-17092	-3876
-8860	-8204	10444	3578	-14183	-3294
-9040	-6284	10712	5374	-13344	-2456
-7820	-6336	10504	4418	-13608	-1316
-6348	-5888	11872	6339	-13090	-497
-5024	-4788	10924	4662	-12606	258
-4924	-5196	11564	3424	-11693	170
-3712	-4496	9940	2138	-11923	1088
-2828	-5172	12160	546	-10633	1074
-2000	-5284	10360	302	-10067	1276
-936	-6104	11788	41	-8512	963
-436	-5596	11352	1301	-7800	1013
492	-5476	11520	281	-6322	893
548	-5216	11708	-359	-5584	837
1020	-5792	11104	-82	-4771	792
1024	-5156	11956	-697	-3598	1024
1732	-5972	12588	-970	-3024	850
2300	-5852	10820	-191	-1627	1033
2412	-7336	13988	1165	481	952
1552	-6112	12780	3524	812	60
1512	-4988	13640	1371	757	-195
1820	-5876	13072	1229	954	-436
1400	-4484	13944	-19	1624	-811
1292	-4968	14060	-2827	1752	-907
1164	-5712	14648	-2577	1990	-1206
1472	-6368	15544	-2095	2744	-1273
896	-5732	15624	95	2905	-1598
748	-5152	15696	-1667	2257	-942
892	-6324	16520	104	2556	-1115
580	-4320	15672	-1092	2552	-871
564	-5864	15444	-2355	2120	-534
284	-5928	15260	-1125	2477	-393
144	-5428	15968	-1375	2497	-117
524	-6208	15564	-953	2907	238
392	-5848	15684	-928	2355	565
380	-6812	16064	-501	2923	835
-440	-6024	16184	-90	2759	655
-772	-6340	15488	-274	2823	217
-1084	-5944	15372	-537	2505	27
-844	-5928	14704	-1436	2656	-68
-1216	-6072	14716	-1835	3078	-366
-1068	-6432	13680	-1724	3588	-305
-1272	-6164	13620	-1576	3848	-356
-1736	-6436	13944	-1656	4062	-315
-1456	-6420	13560	-747	4823	-908
-2824	-6480	13188	-1430	5690	-915
-2540	-6208	13504	-878	5483	-976
-2604	-5856	12236	-2406	6300	-697
-4400	-6880	13780	-1481	7115	-341
-3528	-5636	12188	-1125	7264	-354
-3800	-6024	12712	-2266	7577	158
-5708	-6336	12964	-1222	8339	679
-4604	-5540	13120	-2256	7826	1153
-5204	-6996	13244	-1921	8891	1435
-8016	-6796	12112	-905	9474	1977
-6596	-6288	13456	-935	8338	2131
-7708	-6528	12916	-800	9774	1563
-9180	-5028	9588	-2686	8613	1153
-8008	-7444	13676	-4077	9102	1720
-9380	-7500	12056	-2156	11289	1788
-11188	-6940	11568	-4089	8687	3171
-8324	-9724	14012	-722	10443	3312
-11060	-7884	10152	2348	12356	2929
-12328	-7144	13164	1729	10234	3161
-10564	-7412	12768	3440	11381	2600
-13120	-5792	9524	2285	10641	2289
-12340	-6440	10804	388	9058	2766
-12504	-5980	12356	-221	9917	3130
-13256	-6436	10436	-2425	9276	2978
-13900	-7696	11636	-515	8028	3536
-12788	-6736	11508	1163	7931	3219
-13912	-7352	10608	2428	7873	2792
-13548	-5772	10480	3696	7921	1697
-14796	-4772	8272	1701	7262	1650
-13920	-6008	9156	773	5072	1575
-12340	-5568	10144	1747	6812	524
-15176	-5120	8344	1241	6227	-288
-15284	-5664	7176	1270	4051	-298
-13536	-4760	6572	1355	4209	-41
-13736	-4672	6412	281	5787	-704
-14672	-5808	6160	1400	5853	-1441
-14572	-5176	6672	3388	4896	-1932
-14220	-4152	5568	2559	4030	-1834
-14244	-4468	4696	1907	3577	-1377
-14004	-4152	4788	512	4208	-872
-15248	-4124	4776	-1075	4272	-644
-14784	-4384	4916	-1931	3701	-317
-14652	-5264	4268	-1074	4090	-12
-14500	-5596	4540	152	3572	310
-14160	-5276	4576	1370	3937	387
-15156	-4864	4488	1313	4050	40
-15456	-4796	3924	1195	3192	-394
-14392	-4276	4256	1006	2741	-1142
-14344	-4608	3620	-488	2717	-872
-14528	-5320	3520	-1037	2574	-257
-14444	-5340	3372	-1091	2069	342
-14224	-5436	3976	-945	1911	362
-14336	-5792	4188	58	2460	93
-15228	-5656	4136	401	1874	-37
-14580	-5692	4508	1073	1087	-365
-14564	-5080	3876	1488	833	-568
-14676	-4304	3228	159	259	-659
-14976	-4608	3776	-1284	-227	-510
-14848	-4876	3872	-2260	-841	-330
-14976	-4600	4308	-2524	-1077	-583
-15044	-4344	5192	-3263	-1188	-888
-16084	-5384	6804	-2810	-1734	-942
-16340	-4332	7592	-2375	-3194	-1260
-15928	-4500	8588	-3762	-4796	-1306
-15120	-5864	9852	-2936	-6434	-1398
-15960	-5724	9964	-2596	-7546	-892
-16676	-5552	11108	-3490	-10397	-291
-16460	-6524	11496	-4178	-12168	-304
-17960	-6632	10920	-4005	-13498	-583
-18392	-7452	11024	-4273	-15749	-713
-17324	-7992	11588	-3166	-17014	-1399
-18460	-8364	11536	-2485	-16860	-2071
-19332	-7860	11652	-2258	-19113	-3026
-16800	-8404	11612	-2495	-20308	-4275
-16688	-8544	11800	-1172	-19556	-4893
-16656	-7440	11320	-1300	-20461	-5449
-15124	-7664	10960	-1590	-21717	-4859
-12044	-7904	11144	168	-20997	-4467
-12208	-7848	10352	1712	-19299	-3122
-11768	-7120	9992	2265	-19631	-1961
-9356	-6580	9684	2210	-19198	-806
-8440	-7148	9176	2937	-17487	-83
-7856	-6892	9860	3772	-15925	306
-6336	-5980	8892	2646	-16329	943
-3944	-6192	9440	2133	-14456	1640
-3540	-6528	10048	1507	-12715	1605
-2088	-6148	9512	1681	-11949	1541
-1024	-6212	10536	1728	-10113	1017
-924	-5992	10328	1423	-9030	528
384	-4796	10516	210	-8500	156
1180	-5456	10152	-1524	-6302	-408
1064	-5268	10228	-975	-5504	-316
2600	-5652	11692	-2333	-4525	-138
2692	-6940	12060	920	-2489	-1358
2268	-5220	10580	1399	-1385	-689
2568	-5768	13436	1849	-1024	-871
3188	-5128	12276	2549	151	-890
2132	-4768	13196	469	988	-676
2440	-4512	13532	-559	682	-866
2388	-5192	13796	-2023	1495	-577
2300	-6320	14680	-252	1516	-795
2648	-4756	14116	239	1750	-222
2828	-6580	16224	1523	2801	352
1708	-5656	14532	991	2905	532
1772	-6680	16504	5	2292	255
2236	-6392	16080	1520	2270	94
1532	-5516	16040	2003	2894	-284
1200	-5300	15664	866	2452	-173
1032	-5212	16472	-172	2159	-428
1148	-5864	15424	-977	2321	-457
560	-5464	15504	-894	2356	-651
1092	-5892	15536	-1122	2402	-756
320	-5632	15472	-317	2801	-1049
728	-5540	15388	-921	2840	-994
96	-5596	14892	-599	3001	-1181
296	-5296	15080	-974	2968	-1025
204	-5504	15332	-774	3571	-856
-152	-5256	15112	-757	3493	-524
-408	-5164	15032	-1034	3724	-533
-796	-5356	14636	-692	3965	-523
-1020	-4600	14716	-777	3985	-954
-644	-5152	15284	-1225	4626	-706
-1300	-5544	14840	-843	4793	-408
-1296	-5380	14752	-192	4819	7
-1804	-5000	15212	-259	5241	461
-2424	-4672	14052	-1424	5196	681
-2320	-4660	14788	-3080	4857	1246
-2364	-5408	14272	-3302	5776	1797
-3508	-6188	14804	-2653	5759	1920
-3712	-6108	14888	-1586	5807	1806
-3572	-6564	14600	-734	6209	1480
-4736	-6568	14560	761	6922	1622
-4812	-6104	13332	1013	7009	1679
-5828	-6016	12956	715	8395	2104
-5696	-5784	15040	787	8576	1907
-6032	-6648	12596	1615	9398	1678
-7092	-6132	15484	3541	8219	1065
-6228	-5148	14416	4224	8418	689
-7992	-3972	13912	1648	8602	917
-7940	-4736	14412	-603	7355	1180
-8360	-5240	13784	-434	7543	1446
-9048	-4780	14472	-1177	6823	1642
-9124	-5688	13944	-1298	6690	1689
-8928	-5420	14012	-205	6602	1526
-9268	-5576	12864	135	6789	1496
-10328	-4996	13344	399	6181	1334
-9392	-5268	13056	300	6103	925
-10896	-5688	11564	1018	6995	852
-10724	-4856	12136	969	6135	352
-10456	-5608	11448	1030	6979	92
-12320	-5008	11208	1868	6867	-49
-10896	-3824	10816	498	5731	-145
-10936	-5720	11108	608	7016	-536
-12268	-4948	10544	2780	7219	-1152
-12196	-3716	9632	1391	6991	-1401
-13172	-4748	9820	1088	6874	-1261
-12352	-4104	10296	1153	6492	-1396
-12656	-4792	9440	117	7217	-1312
-13720	-5428	9168	1561	7035	-1050
-12640	-4176	9964	1449	6648	-748
-13044	-4480	7920	505	6941	-1271
-14084	-4432	8552	1115	6140	-1035
-12900	-4160	8568	344	6020	-1397
-13836	-4980	8744	-398	5750	-1310
-14428	-4192	7756	-267	5117	-1205
-14580	-3904	7524	-2461	4021	-172
-13672	-4812	7560	-2821	4126	23
-13668	-4492	6764	-2938	4735	24
-14604	-5132	6424	-2121	4441	281
-14320	-4836	6264	-766	4322	-9
-14100	-3892	5792	-872	4331	-810
-14736	-4248	5896	-1460	4995	-769
-15436	-4620	5968	-1629	4663	-444
-14712	-4636	5732	-1713	3914	-131
-14788	-4192	5728	-1416	3922	107
-14876	-4384	5272	-1626	3730	142
-14972	-5008	4952	-1174	3708	451
-14668	-5224	5216	-78	3925	265
-14572	-4672	4572	1347	4096	193
-14944	-4756	3920	1519	4059	280
-14624	-5416	4132	2819	3880	129
-14516	-4812	4252	3685	4181	374
-14808	-4940	3284	3265	3916	734
-14808	-4760	2784	2892	3549	612
-15100	-4260	2992	1517	3045	303
-14836	-4616	3220	489	2954	165
-14768	-5052	3524	147	3402	-187
-14912	-5216	3764	417	3107	-637
-15068	-5048	4364	1410	2402	-773
-14812	-4764	4608	1623	1581	-924
-15036	-3608	6152	227	151	-573
-15268	-2896	7264	-3410	-914	-508
-15688	-4476	6908	-6036	-1943	-942
-16552	-6216	8516	-3941	-3713	-1711
-16964	-5184	10432	-1398	-5492	-2885
-17164	-3808	10768	-3026	-7736	-3132
-17360	-4648	11344	-4469	-9751	-3266
-17364	-5008	11472	-4986	-11447	-2994
-17880	-5964	12148	-4504	-13915	-2914
-18044	-6016	9788	-2849	-15331	-3193
-18032	-6320	10368	-2620	-17138	-3519
-17936	-7312	10104	-1721	-17458	-3343
-18220	-7224	10140	-1483	-18151	-2886
-16792	-7628	9820	-863	-19047	-2843
-15432	-8528	10832	1307	-18775	-2506
-15656	-7768	10360	2797	-18455	-1710
-15396	-7268	10260	2034	-19568	-905
-13160	-7500	9780	2171	-19184	133
-12584	-6656	9928	1299	-18173	1182
-11648	-6404	10132	77	-18402	1245
-10616	-6844	9588	-245	-17666	1410
-9560	-6620	10752	251	-16435	1504
-8644	-5320	9408	-175	-15723	1239
-7284	-6036	10788	-1388	-15337	1103
-6208	-6088	10508	80	-14135	909
-5260	-4624	10092	-1803	-13732	1627
-4372	-5812	11516	-4107	-12261	1659
-3088	-6336	12648	-6000	-12899	2020
-1060	-6724	11952	-5531	-11515	1700
-980	-7396	12344	-3563	-10091	1845
-668	-7692	11688	-1897	-8557	1336
-852	-8312	11768	-1478	-8416	541
604	-7768	11544	897	-6964	-182
988	-7544	11696	1398	-5747	-750
1328	-7168	11620	2564	-4237	-1071
1740	-5592	11648	677	-4160	-800
2000	-7000	11772	584	-3178	-693
2540	-5852	11600	1489	-2312	-407
2080	-5244	12056	-785	-1343	-32
2800	-6940	13328	-536	-1280	-255
2532	-6464	12372	1186	-157	-630
2400	-5724	13580	510	139	-725
2128	-6080	13540	314	395	-950
2436	-5532	13220	-749	713	-484
2192	-6240	14764	-1490	1577	-210
2076	-6496	13308	-1568	951	-108
2608	-6996	14836	-1142	1751	114
1624	-6980	14780	-234	2329	-119
1984	-7140	15176	129	1958	0
1432	-6788	15540	689	2694	-310
1664	-6932	15740	704	1852	-343
1328	-6748	15084	1070	2906	-18
1136	-6020	15408	100	1943	119
1884	-6744	14564	-271	2531	504
592	-6288	15284	690	3266	270
692	-6452	14660	-649	2347	-6
652	-6628	14708	160	3409	-378
640	-6040	15096	-838	3429	-512
252	-6644	14868	-778	3296	-521
320	-5940	14728	-896	3458	-292
-32	-6624	14796	-1323	4038	-63
-584	-6564	14672	-588	4121	-299
84	-6488	14636	-854	3592	-381
-1192	-6676	14604	338	4911	-440
-1376	-5920	14600	-671	4100	-551
-632	-6636	14180	-1555	5201	-412
-2440	-6688	14320	-566	5373	-321
-1356	-6724	14948	-300	4755	-202
-1608	-6896	14836	352	5829	-301
-2240	-6428	13480	582	5458	-232
-3124	-6640	13604	448	6735	226
-3952	-6292	14824	-382	5725	855
-1944	-7132	14880	-1076	6515	885
-5572	-7664	13948	1160	7811	1274
-4400	-5528	15540	963	6052	1182
-4100	-6256	14372	-1082	6490	1193
-5996	-7248	14580	-127	7283	1255
-5776	-5752	14072	-3	6757	1096
-5144	-5768	14308	-1789	6640	1106
-7104	-7520	14036	-573	7510	1360
-6752	-6096	14680	941	6782	1140
-5712	-5676	13244	-500	7459	1547
-8564	-6884	14168	-62	7169	2025
-7396	-6172	13780	377	6736	1769
-8084	-6072	13832	-366	7310	1712
-9176	-6768	13600	-821	6878	1471
-9188	-6500	12984	27	6728	1096
-8852	-5760	12312	-1133	6709	951
-9060	-6988	12968	-1684	6916	798
-10588	-7184	12000	518	7388	775
-9816	-5416	11576	677	6624	386
-10064	-6516	11520	190	7213	620
-10836	-6272	11504	2039	7868	384
-11240	-5052	10772	1595	7744	-49
-11628	-5560	11128	1685	7586	128
-11220	-5496	11304	1437	7585	373
-12180	-5704	9532	819	7644	853
-12292	-5388	11452	810	6779	1107
-12060	-5784	10400	741	7411	379
-13496	-5484	8696	162	6218	1094
-11792	-4968	10456	-55	5836	935
-12928	-5676	9488	49	6696	293
-14364	-5000	9388	236	5378	-107
-13556	-4008	9548	-543	4203	-930
-13332	-4560	8440	-1384	4709	-1043
-13536	-5392	7072	-1168	4639	202
-12200	-4120	6620	-2526	4442	1827
-12820	-4240	6112	-5066	4871	3107
-13732	-5868	7028	-5308	4525	2762
-13472	-6864	7324	-3046	5703	1833
-14672	-6140	7620	-936	6144	1033
-14644	-5924	7756	-329	4946	367
-13624	-6868	8008	2146	4974	-241
-14236	-5908	7152	4341	5987	-409
-14544	-4996	6328	3905	5124	-95
-14400	-5376	5600	3143	5018	-21
-14788	-4820	5220	3410	5171	-319
-14712	-4360	4464	2897	5208	-911
-15396	-4412	3952	2409	5305	-1526
-15620	-3900	3680	1199	4411	-1798
-14564	-4024	3716	-437	4483	-1693
-14408	-5076	3752	-405	5342	-1280
-14864	-5300	3920	804	5434	-599
-15012	-4936	4180	1930	5004	-95
-14696	-4876	4272	2568	4530	190
-14280	-5304	3604	3150	4139	207
-14648	-4900	4300	3893	4052	10
-14984	-4188	3932	2831	3298	-125
-15048	-4732	3600	1076	2642	-46
-14756	-4724	4772	716	1700	-495
-14980	-3628	7252	-2019	141	-368
-14908	-4492	7376	-5317	-1427	94
-14456	-6544	7116	-4393	-2533	-441
-15632	-6644	8264	-1102	-2833	-1453
-16916	-5856	9328	1062	-4942	-1887
-16448	-4188	9348	641	-6551	-2477
-17168	-3336	9168	-1785	-8004	-2708
-17768	-3796	9252	-3914	-10139	-2477
-17376	-5124	10620	-4858	-12380	-2279
-17000	-6644	11180	-3733	-12188	-3080
-19024	-8528	11880	-976	-11681	-3240
-19240	-9432	14196	3261	-13820	-3939
-16712	-7280	10728	5187	-16220	-4323
-17980	-7724	11536	3742	-17924	-3782
-17060	-6880	11744	3399	-19807	-2414
-16404	-6720	11068	761	-19671	-1759
-16540	-6404	9408	-1680	-21525	-437
-14132	-7864	11184	-2413	-22214	-600
-14020	-8208	10816	-465	-21190	374
-13100	-7484	9888	-633	-21617	597
-11232	-8080	10552	264	-20611	595
-9808	-7112	9804	2075	-19276	1097
-8612	-6024	8736	1435	-18531	1505
-6624	-6804	9672	400	-16906	1853
-5124	-6612	10328	1991	-16363	2245
-4004	-5112	8016	1463	-14874	3248
-3816	-5028	8704	-4124	-12966	2821
-3108	-7056	11728	-4568	-11385	969
-1964	-7576	8928	-3050	-10812	-811
-408	-6224	9780	-1090	-9919	-2319
520	-5652	10028	-1307	-7724	-2632
1536	-6436	11120	157	-5190	-2131
1120	-4244	9772	317	-4875	-1240
2388	-4816	10900	-1603	-4144	-839
2576	-5932	11420	-387	-1729	-392
2188	-5404	12168	-698	-1729	171
3068	-5768	11672	-930	-1006	253
2316	-6000	11940	-1080	130	526
2384	-6624	13476	-351	519	56
2744	-6092	12676	-1144	1254	92
1884	-6924	13172	-583	1952	-256
1860	-6588	13472	861	1989	-553
1644	-6088	14576	-395	2870	-261
1944	-6980	15228	-606	3148	-329
1540	-6812	15172	-118	3624	110
1388	-6964	15896	1345	3104	57
1056	-6124	15888	1343	3362	204
812	-6148	16028	302	2620	181
980	-6008	14748	-2	3174	282
-204	-5760	16056	-1624	2507	490
1200	-7312	15292	-1249	2817	427
-504	-6616	15252	502	3729	188
40	-6040	15188	-669	2685	346
108	-6856	14820	260	3629	-158
-740	-5760	13984	-134	4181	334
-976	-5612	14972	-1677	3469	345
-12	-6908	14340	-1742	4471	241
-2404	-6260	14108	-640	4859	515
-420	-6604	14664	-1686	4149	421
-2576	-7656	15100	-35	5629	612
-1680	-6136	14992	115	4359	598
-1968	-7444	14888	197	5966	399
-3208	-6468	14380	928	5033	209
-2440	-6112	14652	-1049	5307	589
-3348	-7040	14512	-1119	5398	419
-3264	-6484	14252	-1440	5433	291
-4156	-6872	14560	-1193	5687	210
-3724	-7032	14648	-688	5800	92
-4972	-6560	13700	-38	6274	201
-4744	-6372	14364	-508	5643	250
-4416	-6584	13828	-346	6693	384
-5648	-6144	13372	-562	6541	567
-5904	-6160	13580	-1418	6289	825
-6000	-6624	13080	-1770	6481	801
-6684	-7352	13504	-1409	7034	1046
-7304	-7292	13792	-518	7465	785
-7560	-7440	13544	-83	6944	551
-7460	-7632	13380	1152	7063	437
-8020	-6712	13228	1172	7635	429
-8592	-6300	13268	-437	7212	601
-8588	-7360	13268	-955	6936	392
-8784	-8028	12980	680	7198	230
-9296	-6564	12440	1688	7353	-154
-10112	-5720	10900	-748	6830	-187
-10140	-7344	12708	-1395	6870	-42
-10096	-7768	11676	338	8091	-830
-11468	-6420	11112	557	7116	-772
-10188	-6400	11732	-446	6263	-825
-10360	-7568	11632	-68	7250	-394
-11512	-6012	10500	204	6813	302
-10764	-5580	10880	-2384	5416	412
-11236	-8256	10972	-1191	6378	781
-12032	-6660	10876	1490	6678	761
-12232	-4912	9072	-717	5181	1210
-11584	-7108	10228	-1014	5364	1150
-12216	-6696	9992	1209	6616	606
-13224	-5788	8616	471	4621	1105
-11216	-6388	9332	952	3811	1587
-12204	-6356	8656	1576	5568	2023
-13856	-5856	8284	1226	5586	2180
-13284	-4988	7572	283	5278	1816
-13568	-5404	7292	-1230	4654	2176
-12884	-6316	7512	-368	4968	2047
-13260	-5512	7672	916	5746	1426
-14120	-5108	6528	-499	4952	1109
-13472	-6028	6548	-586	4461	945
-14032	-5932	6180	-14	5383	1666
-14340	-5216	5484	-332	5373	1440
-14384	-5636	5684	-504	6073	937
-14820	-5488	6044	777	6308	225
-14848	-5016	5828	1084	5767	-279
-15016	-5656	6572	2291	5214	-785
-14240	-5420	5732	4164	5817	-1078
-14792	-4536	5060	4568	6411	-1243
-15144	-3860	4600	4381	6443	-908
-15036	-4848	4120	2882	6311	-730
-14876	-5456	3772	4256	5824	-602
-14952	-3684	3748	5447	5353	-673
-14920	-3620	3344	3777	4994	-547
-14420	-5040	3464	3129	4522	-220
-14484	-5056	3736	4681	4876	-297
-15252	-4024	3060	4790	4970	-533
-15576	-4604	3548	3793	4042	-465
-16320	-1388	10768	1938	87	474
-15552	2280	7004	-9159	-1905	1069
-14424	-4660	2604	-17033	-2236	1048
-14200	-10660	2940	-8317	-1937	542
-14196	-7364	4744	1796	-820	26
-15680	-3676	6116	1995	-2199	-766
-15676	-5504	8532	-460	-4099	-980
-15408	-6396	9352	617	-4537	-1301
-17156	-4024	9808	600	-6215	-1461
-17716	-2292	11076	-1619	-10033	-1201
-16912	-2944	11276	-5845	-12728	-330
-16796	-5528	11832	-5318	-14364	183
-17592	-6156	11400	-1344	-14281	-302
-18240	-5444	11192	-1158	-16208	177
-17104	-7148	11596	-1228	-16930	-615
-18396	-8336	12180	-205	-16369	-1747
-18848	-7036	11768	1323	-18663	-2917
-17440	-6180	11480	-790	-20462	-4082
-16364	-7084	12332	-2100	-21096	-4322
-16144	-6276	11536	-3972	-21195	-4143
-14428	-6904	11968	-5702	-22197	-4218
-11940	-7888	12008	-4031	-21235	-3451
-10816	-7908	10904	-3277	-19598	-2046
-10220	-8164	12016	-2900	-19398	-182
-8936	-7488	11476	-2188	-18250	418
-8776	-7736	11884	678	-17186	348
-7812	-6916	11804	2313	-17083	-308
-6200	-7056	11252	2588	-16245	-1113
-5340	-6888	11092	4103	-15062	-1607
-2544	-5244	9540	4571	-14924	-1088
-1392	-5900	8704	3042	-12185	-902
-1388	-5660	9204	2533	-12246	-235
1292	-5552	8228	741	-11226	51
1348	-6472	9484	-426	-7976	-241
2060	-6972	8908	558	-7946	-441
2340	-5860	10320	909	-5238	-1672
3140	-5936	10688	481	-4596	-1725
3048	-5256	10324	842	-1926	-2546
3020	-4564	10728	-434	-2145	-2624
4004	-3944	10944	-1253	-1582	-1598
4056	-3972	11760	-3089	396	-571
3648	-4424	11624	-4591	797	0
3380	-6868	13476	-3146	1670	-155
3524	-6676	13808	821	2396	-334
3504	-5788	15552	1959	3150	-589
2840	-4964	14100	1814	3538	-643
2844	-4484	15100	251	2626	-324
2820	-5100	15880	-809	3303	279
2400	-5548	16680	-1673	2782	431
2268	-6136	16200	-210	2629	337
2192	-5380	15860	-472	2701	736
2312	-6196	16476	-208	2556	721
2124	-5916	14408	270	3247	1128
1528	-5680	14640	-677	2505	1261
1968	-6176	14060	-203	3331	1505
1512	-5340	13048	-234	3908	1709
844	-5796	13928	-1748	4453	1703
312	-6632	13592	-1790	4911	1451
380	-6012	13924	-1116	5204	780
-400	-6284	14644	-1182	5941	566
-336	-6060	13880	-894	5782	301
-1332	-5864	15028	-630	6853	533
-1048	-5348	15104	-2061	6532	639
-1280	-6616	15276	-2959	6443	811
-2532	-7044	15380	-641	7295	1065
-2700	-5224	14296	-1232	6402	1068
-2536	-6436	14628	-3052	7105	1024
-3684	-7052	14340	-1674	7671	1140
-3496	-6560	14636	-1229	7279	958
-4624	-7136	14424	-449	8001	1120
-5328	-6412	14728	-880	6886	1590
-4048	-6464	14628	-1855	7677	1373
-6400	-7008	13676	-1275	8089	1193
-6444	-6992	14148	-192	7258	956
-5944	-6176	14032	-1445	7585	1185
-6984	-8332	14964	-1516	8525	1469
-7688	-7304	14256	1069	8635	1394
-7552	-5664	13196	-935	7012	1304
-7488	-7580	14584	-1262	7908	1629
-8620	-6932	12364	-1040	8607	1863
-9576	-6404	12880	-2573	7229	2425
-8472	-8228	13204	-1289	8217	2173
-9904	-7388	12696	1168	8573	1540
-10108	-6300	12644	114	6942	1709
-9836	-6992	12964	259	7851	1446
-10640	-6176	12356	-383	7495	1036
-10484	-6712	10860	-2264	6603	1424
-10504	-7624	12752	-1513	6586	1505
-11216	-7244	11264	-968	7184	1051
-11840	-6928	11312	-1528	6033	1434
-11084	-7488	10432	-1298	6458	1050
-12256	-8056	10736	798	7238	798
-12028	-6312	8984	472	6538	195
-12180	-6808	9500	-1285	5545	-404
-12260	-7964	10288	202	6431	-1279
-12704	-7276	9048	1300	6881	-2069
-13064	-6416	8320	951	5481	-1490
-12008	-5948	8988	868	5209	-692
-12012	-5780	8016	463	5954	-96
-12796	-5696	7160	201	6002	591
-13000	-5092	7284	-286	5979	1443
-13540	-5392	6892	-1260	5690	1977
-13876	-5956	6732	-1306	5043	2594
-13292	-5820	6644	-25	5176	2427
-13780	-5456	6948	274	5544	2176
-14144	-5956	6304	-469	4821	2358
-13920	-6628	5924	-246	4672	2121
-13904	-6256	5520	332	4833	1773
-14652	-6216	4936	38	5143	980
-15060	-6272	3904	-329	5646	12
-16216	-5676	3904	-25	6216	-994
-15476	-4920	3644	-286	5275	-1899
-13832	-5928	3740	-170	5895	-2703
-14408	-6560	4036	1998	6875	-2608
-14344	-5660	3936	3958	6857	-1881
-14108	-5448	3772	4348	6578	-1112
-14208	-5692	3284	5561	6606	-422
-14632	-5208	3544	6103	6270	-270
-14988	-5056	3336	5514	5959	-101
-15320	-5304	4192	5703	5617	31
-18072	-2108	15424	3688	-364	736
-15992	1140	8672	-6173	-2552	1497
-13948	-5584	1908	-14698	-1171	1724
-15032	-12068	3824	-4065	-1861	361
-14148	-7632	4040	7308	-1210	-142
-14984	-3656	4288	5830	-2490	-999
-15024	-4644	6376	941	-3956	-872
-14608	-6276	7724	-363	-4170	-1745
-16928	-5420	8488	487	-5122	-2186
-18516	-3440	10176	-1261	-8359	-1965
-16952	-4120	11596	-4704	-11318	-1643
-17516	-6224	11800	-4529	-12594	-1754
-18008	-5332	12008	-2429	-14443	-1587
-17072	-4716	10724	-2810	-16670	-1509
-16728	-6504	11356	-4436	-17687	-1114
-17192	-8204	12144	-3485	-18248	-810
-17848	-7992	10696	-2601	-19707	-982
-16420	-8604	11208	-1605	-20590	-1637
-15820	-8480	10544	-1218	-20433	-1911
-15992	-9104	11344	-951	-20459	-2215
-14336	-8068	10272	-704	-20876	-2002
-12904	-8152	10476	-2101	-20350	-2248
-11696	-9352	11528	-890	-19863	-2472
-10908	-8548	11444	237	-18081	-2799
-10460	-7876	10428	-90	-18953	-2628
-7572	-8276	11504	-24	-18376	-2765
-6804	-8100	10728	1546	-16619	-2892
-5716	-7456	9656	3157	-16642	-2863
-4320	-6444	10768	3473	-14854	-2809
-2728	-5836	9360	2273	-14274	-1764
-1268	-5684	10104	1578	-13068	-842
-840	-6036	9796	1767	-10625	-653
-4	-5256	9484	523	-10707	29
1808	-6772	10584	57	-9491	-42
1900	-6176	8376	1386	-6728	298
2372	-6672	10184	-544	-5344	-367
2260	-6560	9900	1287	-4263	-1044
2868	-4900	9016	-729	-3060	-1315
3368	-5504	11272	-2731	-1512	-1640
3932	-6180	11140	-2890	-737	-1166
3532	-6996	12208	-983	647	-1382
3732	-6064	12472	464	1084	-1399
3684	-5724	12592	327	2083	-1601
3244	-5404	12732	-445	2748	-688
3360	-5420	13844	-620	3048	-495
2768	-5684	13984	-1273	3320	-13
2500	-5928	15120	-1247	3092	441
2732	-6168	15236	-1206	3434	696
2168	-6248	15536	-1175	3309	1082
2140	-6648	15576	-890	3340	1126
1460	-6680	15256	115	3270	1197
1700	-6012	15668	-1165	3083	1598
1256	-7148	15648	-1471	3590	1173
640	-6404	14300	-1417	3129	1360
1364	-6616	15184	-2158	2903	1437
532	-7228	15532	-1625	3574	1675
1240	-7180	15116	-1529	3252	1646
-228	-7460	14580	-351	4355	1878
480	-6880	14948	-373	3212	1522
176	-7980	13988	14	5522	1697
-748	-7356	14280	738	4069	1585
-132	-7384	14484	137	5485	1625
-1828	-7540	14176	-17	5114	1397
-776	-7412	13640	-670	5195	1077
-2228	-7504	14184	-671	5919	670
-2208	-7392	14076	-1184	5601	242
-2632	-7452	13016	-1234	6620	189
-3728	-7004	14296	-1826	6188	110
-2988	-7248	13644	-1722	6366	90
-4156	-7212	13936	-1333	7497	97
-4732	-7312	14032	-1056	6832	756
-3480	-6780	13544	-563	7557	940
-5880	-7024	13784	-256	7726	1225
-4500	-7432	12872	358	7889	1136
-6592	-7116	13424	980	9534	1235
-6336	-7192	13692	-198	8162	1030
-6580	-8104	13644	618	9051	1186
-8492	-7736	14296	838	8540	1172
-7464	-6984	14824	94	7788	1027
-8000	-7408	14244	-1082	7917	767
-8776	-7976	14076	-25	7487	1163
-9360	-6124	13740	513	7313	949
-8472	-6592	13924	191	6459	890
-9028	-7308	13232	2632	7226	1263
-10220	-5564	12676	2251	5588	1612
-9120	-6008	12648	591	5828	1822
-10104	-5756	11544	-113	6908	2155
-10348	-5980	11360	-1555	5901	2381
-10416	-7168	11784	-526	6389	2157
-11256	-6656	10752	906	6571	1833
-10968	-5400	9692	-372	6046	2197
-10760	-6112	9980	-1686	6676	1742
-11372	-7412	11048	-84	6844	1612
-12260	-5688	10248	203	5890	1796
-11792	-5516	10732	-1218	4107	975
-11808	-6508	10084	-1123	5131	1067
-12956	-6076	10052	-1583	5285	1220
-12592	-6464	9228	-1763	4839	877
-12560	-6552	9416	-416	5212	924
-12900	-5916	8212	-445	4738	959
-12628	-5728	8208	-1349	4161	1258
-12596	-5924	8204	-1246	5419	1158
-12964	-5652	8904	-979	5619	656
-13296	-5860	7480	-1162	5076	794
-13220	-6688	8888	375	4263	810
-13008	-5980	8256	2181	5245	652
-13924	-5600	7152	2280	5509	531
-14104	-5508	6536	1720	5042	740
-14396	-5556	6596	1768	4971	474
-14780	-4968	6140	1510	4537	-279
-14280	-4668	5852	727	4333	-758
-13692	-4944	5620	-132	5044	-961
-14112	-5472	5288	319	5662	-877
-14408	-5020	4916	1302	5661	-491
-14412	-5056	4864	2004	5589	-675
-14304	-5340	5212	3002	5870	-759
-14284	-5100	4716	3631	5899	-695
-14260	-5532	4704	3955	5572	-540
-14236	-5544	4956	4830	5910	-740
-15404	-4904	3748	4775	5598	-1653
-15936	-4872	3320	3925	4490	-1989
-14952	-5140	3476	2953	4394	-1761
-14876	-4968	2396	1865	5084	-2058
-15040	-4672	1800	556	4622	-2245
-13924	-5408	2140	301	4535	-2140
-13760	-5868	2428	1399	4916	-1871
-14768	-5404	5556	4475	4198	-1102
-16980	1372	12984	458	-327	816
-15092	2952	4860	-11825	-2202	2685
-14724	-6812	196	-20123	-105	2625
-16004	-15056	3500	-4580	-2644	1085
-13508	-7988	4232	10164	-215	99
-15148	-2564	4760	7795	-765	-1154
-16364	-5116	8312	1496	-3132	-1209
-15476	-5612	7648	2884	-4573	-1159
-17176	-2684	8824	2860	-5997	-76
-16944	-572	8604	-2052	-9740	2031
-16172	-2456	9236	-9305	-11872	3627
-16604	-5444	9540	-8406	-12712	3838
-17904	-4852	9100	-5460	-13397	3860
-18176	-5676	10152	-6942	-14778	2732
-17556	-7360	10344	-5450	-15876	1089
-17832	-7172	11000	-2798	-16428	-496
-17072	-7112	12024	-1049	-16546	-2224
-18072	-7064	11632	-1007	-17118	-3373
-17516	-7716	12772	-426	-19833	-4335
-15932	-7240	11752	59	-19738	-4663
-15196	-7424	11984	146	-20490	-4628
-14496	-6672	11468	169	-19864	-3595
-12856	-6296	10904	-337	-20883	-2651
-10720	-6836	11380	1197	-19343	-1834
-10928	-6308	10872	2121	-17568	-1015
-10012	-5504	9888	1204	-18085	-236
-7124	-5768	9620	1237	-16785	317
-5572	-6112	10140	2494	-13142	963
-6396	-6160	10392	2487	-12140	1160
-4980	-6308	10868	4636	-11728	1153
-3332	-4724	11780	5643	-10909	1125
-3440	-3516	11956	4612	-9434	827
-2736	-3460	11452	1944	-9189	1181
-1344	-3512	12160	-127	-10067	1862
412	-4504	11372	441	-7873	1419
-496	-3900	10828	-1411	-7323	1833
1672	-5492	12168	-1446	-6482	1187
1224	-4764	9952	-927	-3965	356
2060	-5364	11788	-1819	-3791	-75
1520	-4316	11704	-1115	-2353	-904
2852	-4448	10292	-2914	-1956	-565
2364	-4744	12436	-1396	202	-1565
2128	-4768	11636	-1589	1358	-724
2516	-4948	12384	409	2652	-601
2388	-4884	13028	2302	4911	-321
192	-4804	15132	3986	5349	-116
868	-3284	14124	4574	4821	-558
-8	-2824	16472	3482	4177	-854
396	-2404	16272	1176	4605	-260
-152	-2960	16836	-1340	4531	117
-284	-3184	16504	-1794	3393	561
-168	-4304	17188	-1442	3424	962
-556	-3760	16048	3	4078	579
-1040	-3808	16296	-1446	3771	1274
-768	-4716	15364	-377	4234	1160
-1772	-3908	16164	-18	3884	1097
-1068	-3704	15256	-1075	4382	1003
-2292	-4588	15848	-1798	4212	1172
-2132	-4132	15588	-1891	4264	964
-1896	-4372	15444	-2765	3890	776
-3568	-4972	15024	-2846	4731	951
-2836	-4696	15200	-2694	4075	536
-2584	-5052	15008	-2709	5280	375
-4004	-6068	15480	-923	5941	520
-4128	-4924	15292	690	5356	257
-3400	-4124	14508	471	6002	-38
-5404	-4532	14516	-745	6341	601
-4592	-4636	15260	-951	5695	269
-4872	-4276	12684	-1299	6892	444
-5960	-4588	14444	-2477	5923	713
-6344	-5780	14352	-1923	7043	430
-6744	-5032	13960	-1488	6639	81
-5968	-4824	13732	-1830	7126	-309
-7748	-5764	13476	-1689	7866	429
-8436	-5676	14480	392	8421	134
-8216	-4840	12332	12	8102	56
-8304	-5512	13804	291	7591	529
-8540	-4716	13444	786	8372	549
-9520	-5164	14384	318	8230	776
-9812	-5456	13536	940	8152	755
-10412	-4400	13508	851	6875	856
-9008	-4760	14016	-204	7005	635
-11200	-5380	12432	309	7869	775
-11828	-4172	12444	-859	5710	774
-9900	-5736	13052	-1391	6348	97
-11464	-6000	11916	1372	7640	-258
-12292	-4844	11236	1365	6150	-889
-11404	-4908	11424	1315	6202	-1132
-12428	-4616	10276	829	6691	-1306
-12300	-4432	10408	-28	6034	-1576
-12200	-4400	10480	-1121	6442	-1522
-12656	-5224	10080	-1226	5870	-1350
-12112	-5420	10344	554	5939	-1150
-12112	-4024	9760	1672	5931	-1294
-13076	-4172	9352	16	5035	-250
-12876	-4212	9380	-78	4626	240
-12924	-3972	8540	-387	5519	217
-14024	-4340	8448	-592	5309	482
-14268	-4060	8752	-155	4790	733
-13520	-3724	7552	-883	4248	458
-13548	-4892	8232	-703	4173	1142
-13540	-4332	7400	760	5205	1603
-14240	-3496	6896	-437	4866	1600
-13952	-4244	7016	-1389	3994	1621
-13508	-5024	7012	-115	4653	997
-14860	-4760	6844	937	4820	484
-14784	-3968	6568	381	3827	38
-14352	-4716	6472	-426	3994	-277
-14116	-5208	7116	828	3972	-598
-14136	-5032	6508	1737	4498	-1311
-14840	-4820	6268	2579	4113	-1368
-14500	-4496	6036	3010	3390	-1150
-14336	-4168	5064	2377	3619	-910
-14448	-3944	4156	694	3184	-374
-14660	-3920	3724	-724	3504	-437
-15096	-3740	4228	-1758	3261	-565
-15204	-3484	4404	-4066	3131	-909
-15404	-4208	4024	-5022	2615	-1284
-14320	-5444	3556	-4667	3056	-1721
-15372	-5740	2984	-4234	3886	-2245
-14844	-5244	2440	-3389	4096	-1585
-14112	-5668	1704	-1754	4581	-1170
-13320	-5744	396	726	5020	-600
-13700	-4524	1896	656	4848	-904
-14296	-4424	1884	574	5370	-711
-14856	-5828	968	228	6037	-397
-15432	-7244	1888	2019	6212	-878
-17136	-4336	6848	6188	4361	-514
-19240	1920	17164	-1383	-3062	457
-14304	424	4100	-9979	-2734	2480
-13588	-8648	748	-14033	2038	1113
-15864	-13236	2316	2173	-363	-337
-13748	-5724	1984	13099	-469	-1474
-15092	-2788	1928	7415	229	-1567
-16004	-6496	5012	3486	-1122	-1548
-15332	-6096	5416	6445	-2941	-1869
-15560	-2532	6124	5456	-3545	-1351
-17532	-2012	7212	523	-5801	-131
-17112	-2984	10432	-2623	-9421	733
-17384	-4172	11672	-3134	-10326	-427
-20632	-3912	9664	-3405	-11393	-1464
-19716	-5156	11664	-3584	-16251	-2216
-16960	-6220	11792	-1553	-16873	-1178
-16972	-5444	10672	-2297	-17568	377
-17388	-7608	10972	-2527	-19034	1018
-17320	-7836	11616	135	-20024	2056
-18164	-6040	9872	-1139	-20903	2405
-17756	-7056	10596	-3510	-22419	1621
-16296	-7400	10156	-3129	-22207	1228
-16208	-7260	11132	-3677	-20817	205
-16028	-6252	11024	-3028	-21093	-370
-12508	-6624	12768	-3021	-21851	-1556
-10888	-5968	11460	-667	-20599	-774
-9004	-6840	11648	-188	-19716	-636
-8784	-6712	10768	2727	-18654	413
-7184	-5484	9056	986	-18600	1615
-5624	-5388	7868	-1047	-17399	2119
-4776	-5952	8776	-2296	-15717	2084
-3676	-5912	7828	-3522	-13361	1369
-2616	-6500	8052	-4483	-12236	422
-748	-7260	10120	-1340	-10249	-1176
408	-6124	9492	494	-8267	-1208
732	-6104	9932	868	-5380	-2376
860	-6376	11096	2151	-5298	-2398
1408	-4300	9924	2987	-3780	-2104
1496	-3112	10256	-1554	-3160	-2154
2360	-4828	10352	-2724	-2086	-1145
2852	-4700	12304	-2817	-797	-525
2744	-5448	12352	-1997	485	442
2128	-5720	13236	-893	758	121
2652	-6644	12368	-171	1731	584
1320	-6028	15224	816	2671	16
2612	-5396	12724	-410	2000	-191
688	-6220	14280	-421	3456	-534
1856	-5632	14320	-1291	2855	-127
1376	-6156	14696	-1220	3783	160
524	-6472	15924	-543	3955	450
932	-5988	15032	-301	3183	558
424	-6292	15716	-615	4046	912
248	-6244	15352	-710	3442	945
280	-6568	14960	-729	4290	989
-1160	-6176	15000	-818	3861	1044
464	-6328	14380	-1651	3553	781
-1416	-6904	14388	-757	5412	859
-1292	-6428	15300	-1396	4310	831
-652	-7140	14380	-762	5410	-34
-3196	-6964	15120	279	5130	5
-1520	-6396	15588	-166	4721	-320
-2404	-6276	14280	-390	5942	-573
-3716	-6476	14752	-819	4906	-12
-1980	-6512	15524	-1045	5326	-436
-3072	-6820	15636	-321	5461	-780
-2900	-6476	14028	-756	5270	336
-3616	-6392	15204	-156	5589	694
-3312	-6764	15320	-480	6076	860
-5004	-6792	14340	-197	6248	873
-4408	-6316	14480	-827	5050	1068
-5408	-6864	14428	-508	6524	1093
-5916	-6132	13780	-1421	5699	871
-4556	-7336	14584	-1564	6052	801
-7060	-7308	14112	7	6850	1084
-6236	-5988	13544	-724	5280	1016
-5364	-7188	13868	-641	6856	1079
-7168	-6796	13108	-80	6745	1009
-7980	-6840	12964	-430	6127	1660
-7204	-6924	14140	613	6741	1091
-8192	-6640	11396	152	7730	639
-8800	-6684	11360	-348	6718	1637
-8648	-6872	13432	670	7897	1760
-9064	-5832	11656	-5	8328	589
-10028	-6108	11484	-1490	7135	1307
-9924	-5776	12684	-1357	7181	1409
-10072	-6272	13344	-1955	7103	1725
-10396	-6904	12092	-1479	7388	1717
-11740	-5104	10968	-1250	6588	1997
-11496	-5340	11768	-3522	5058	3084
-10668	-6732	11892	-3197	6289	2911
-11992	-6196	9992	-2441	6739	2810
-12052	-6752	11256	-1906	5063	2435
-11672	-7164	10676	753	5805	1886
-12664	-6084	10060	1538	6276	1313
-12128	-5976	8772	600	6136	893
-12728	-6236	7636	985	6681	1322
-12796	-5460	7196	3	6400	1930
-12604	-5700	7620	-1356	6655	1986
-12584	-6840	8100	841	7500	1134
-13632	-5564	8188	3293	7891	418
-14908	-5080	7444	2477	6352	781
-13760	-5040	7672	2117	5227	1128
-13404	-4360	6916	1530	6673	1288
-14352	-5132	7700	720	6538	869
-14080	-6380	7892	2439	6674	115
-15012	-5924	7408	5872	6926	-413
-15440	-5156	6680	6586	5837	-364
-14628	-4980	6104	6720	5527	-221
-14308	-4068	5352	5796	6193	-335
-15116	-4260	6024	4391	6505	-379
-14836	-4544	5904	4218	5963	-1177
-15324	-4156	5452	4915	6166	-2674
-15732	-3736	5856	5375	4910	-3276
-14644	-3576	4976	4692	4075	-3157
-14336	-4236	4052	3928	3578	-2352
-14424	-3436	3492	3397	3015	-1291
-14372	-3104	2880	1215	2836	-535
-14972	-3488	2452	-998	3138	87
-15496	-4104	2084	-2617	3103	583
-15352	-4792	2340	-2385	3333	454
-14868	-5340	2348	-1406	3310	28
-15120	-4684	2452	-433	2709	-232
-14988	-4960	3212	-522	2257	-523
-14188	-5124	3492	349	2858	-703
-14724	-4004	2656	-464	3264	-596
-14932	-5092	3504	-1251	2740	-419
-15524	-3800	7260	-587	809	193
-15548	-356	6584	-7046	-1369	650
-15192	-4820	4216	-13098	-1886	455
-15112	-9924	4308	-5735	-2105	-535
-14680	-7244	4972	4475	-1282	-1423
-16304	-4576	7028	5798	-1821	-2431
-16200	-3760	7316	2833	-3990	-3139
-17060	-4440	8904	954	-5571	-3441
-17200	-4196	9524	529	-8355	-3126
-17128	-4124	11676	-1994	-10542	-2143
-16916	-4588	11456	-3651	-12712	-1673
-17336	-5000	10688	-4779	-14450	-1738
-17468	-5848	11060	-4649	-16084	-1555
-17044	-6452	11148	-3753	-16986	-1383
-17108	-6468	10616	-2229	-17553	-1378
-17924	-7272	11060	-785	-18582	-1118
-17436	-6592	11324	914	-19626	-356
-16772	-6552	11872	-583	-20184	445
-15024	-6888	13164	886	-20477	-31
-15480	-5828	10980	-249	-19841	587
-15880	-6616	10316	-1441	-21226	979
-12228	-6080	9144	-2236	-20976	366
-12232	-6796	9616	-2850	-19281	191
-10628	-5756	6876	-3178	-19029	494
-8596	-6132	8588	-4698	-17643	-55
-6400	-6792	9232	-4148	-16242	-412
-5744	-6552	7956	-4188	-13604	-828
-4672	-7532	11100	-3490	-12858	-765
-2960	-7520	10184	-279	-11427	-735
-2472	-7776	10692	603	-9432	-902
-1820	-8080	10012	3932	-8112	-806
264	-8088	12404	7811	-5833	-1063
-1508	-6080	10536	8020	-3730	-1093
-1516	-4692	10212	3349	-6566	-503
1080	-5432	11780	1523	-4565	-510
400	-4688	10576	-1353	-3269	-345
-156	-5132	11000	-3914	-3198	-189
1876	-6224	12396	-4740	-2529	-802
1444	-7076	11876	-3337	-294	-1209
1172	-7296	13552	-1848	358	-887
1464	-6648	13448	458	791	-1480
1108	-6104	13256	1480	1754	-1355
716	-6124	14200	1447	1976	-1254
624	-5064	13724	1043	1960	-540
856	-5620	14148	-509	2589	-316
-260	-5896	14180	-353	2964	-94
72	-5780	14716	-1553	2835	-49
-620	-7204	15508	-530	3641	-541
-632	-5960	15324	221	3444	-858
-1044	-6544	16352	8	3744	-899
-668	-5584	15428	665	3447	-1180
-1264	-5720	15576	-825	3107	-650
-956	-6036	16032	-345	3150	-470
-1356	-5008	14880	-1895	2987	-33
-1284	-6464	15488	-2209	3491	163
-1532	-5928	14344	-1682	3185	73
-1344	-6440	13664	-1485	3918	352
-3128	-6464	15176	-1022	4383	564
-1912	-6284	14072	-1537	4613	92
-2596	-6968	13684	-1443	4740	206
-3756	-7100	14544	-91	5308	537
-2696	-5456	13892	-551	5602	11
-3560	-6964	13724	-1986	5759	505
-4292	-7308	14284	262	6372	440
-4160	-5648	14052	-303	5782	460
-4356	-6720	14436	-1506	6172	498
-5396	-6832	14100	-1255	6770	814
-5712	-6784	15056	-1636	6200	1172
-4784	-7000	15068	-1733	5909	1041
-6104	-7828	13856	-461	6865	1180
-7056	-6416	14808	252	6032	1252
-5576	-6624	13700	-1503	6234	752
-7328	-7468	13308	-532	6713	990
-7760	-6844	13852	-7	6299	941
-7524	-6492	12496	12	6778	614
-8120	-6420	12548	-512	6625	892
-8224	-6856	12928	-78	6955	825
-8552	-6732	12840	821	6923	618
-8868	-6384	11916	957	6999	666
-9900	-5616	12204	-716	6498	1091
-9100	-6772	12524	-2481	6377	1265
-10228	-7288	12720	-1203	6940	1549
-10500	-6168	10392	-1398	6210	1610
-9948	-7120	12192	-926	5830	2610
-9576	-7020	12576	1289	7857	2278
-12016	-5992	8692	401	7268	2794
-10384	-6116	12136	-185	5276	2930
-10500	-6424	10496	585	7494	3010
-13020	-5752	10272	3	6180	3258
-11072	-5492	10996	-1530	4874	3108
-11776	-7036	10836	-1362	5818	2717
-12464	-7608	10344	1530	5226	2155
-11932	-6108	8888	1440	5070	1642
-12800	-7456	9564	1983	5923	421
-12984	-6568	9608	5595	6990	-1041
-13868	-4792	7328	4933	6727	-1323
-13708	-4932	7868	3805	5081	-1536
-12864	-4444	7432	4436	6207	-1652
-13596	-3668	7060	2678	6588	-1187
-13868	-3868	7212	-273	5978	-141
-13176	-4600	7992	-1077	5270	-41
-13240	-4588	6656	-1129	5775	107
-13904	-4692	7552	-2159	4825	700
-13440	-4968	7956	-2919	4486	1547
-13364	-5444	6992	-3197	4327	2178
-13520	-6032	7112	-1976	4053	2594
-14204	-6052	6720	-389	4911	2090
-16232	-5656	6112	40	5698	837
-16264	-5904	5408	-386	3771	-921
-15516	-6060	5236	1300	4785	-2918
-15372	-5144	5052	3416	5055	-4454
-14800	-4012	4012	3023	5348	-5335
-15364	-4320	3528	2244	5552	-5656
-14952	-4320	3660	2596	4533	-5096
-14192	-4060	3028	2388	4830	-4271
-14932	-4400	3208	2378	4477	-2869
-13876	-3420	3320	2763	3942	-1380
-14020	-3420	2548	868	5152	-252
-15204	-4972	2724	-158	5017	546
-14924	-5412	2740	1271	5032	1174
-15068	-5808	1680	1065	5623	1055
-15212	-8592	3908	4042	5395	322
-16152	-6324	10980	8259	1242	-12
-15280	-2388	9008	2420	-2168	-693
-13468	-4868	2124	-5135	-1255	-484
-14824	-8648	668	-3927	39	-499
-14156	-6820	728	452	-965	-97
-12784	-3388	1028	-948	-1137	-252
-14252	-4160	3068	-5011	-43	84
-14440	-5064	4336	-4255	-1202	697
-15256	-4432	3624	-3531	-947	1293
-16844	-4304	7684	-2075	-2863	1834
-15968	-2648	9768	-792	-3881	2159
-17548	-2616	10920	-1600	-5539	2186
-17776	-2644	9616	-1464	-8789	2795
-18180	-3576	11264	-1611	-11355	4367
-17508	-4252	11504	-320	-12972	5519
-18892	-4496	10964	-2425	-13693	5556
-19556	-5664	11276	-4159	-16104	3829
-19904	-6812	10584	-3636	-17126	1561
-19872	-7072	10972	-3002	-18578	-761
-19040	-6984	11192	-3566	-19584	-2733
-18380	-7208	12128	-3594	-21122	-4373
-17144	-6408	11248	-3213	-21539	-4739
-16308	-5364	9900	-4118	-22889	-3824
-13564	-6756	11880	-5324	-22850	-3557
-13976	-6016	10576	-3708	-20380	-2447
-13180	-5780	10460	-6442	-22029	-1567
-11680	-8340	11320	-3757	-19847	-1860
-10328	-6892	10488	-543	-19060	-1185
-8512	-7972	11272	987	-17553	-921
-8312	-6172	10876	3166	-16463	-692
-5852	-4776	10348	1212	-17842	66
-3484	-5880	9620	1798	-14897	-87
-4236	-5276	10276	1434	-13423	248
-3340	-3792	8384	-463	-14075	486
-888	-4940	8940	-5904	-12632	77
120	-6928	9692	-3159	-11324	-531
1540	-6628	8564	-2212	-7994	-878
792	-7244	10628	-683	-6552	-1668
2516	-6216	9916	1275	-6142	-1972
2892	-5772	10588	212	-3678	-1667
3020	-5864	11160	2269	-3185	-1862
3520	-4460	10428	570	-1951	-1090
3464	-5296	11576	-770	-1625	-844
3980	-5156	10696	-622	-981	-617
4188	-5156	10900	-1829	514	-322
2992	-5936	10284	-2303	1574	-92
3324	-6500	12476	-2216	1682	-256
4076	-6388	11976	-1345	3818	0
2072	-5828	12696	-69	4533	-418
2280	-6644	14444	240	4603	-349
2184	-6256	15028	1106	5466	-632
820	-5880	14428	-402	5289	-46
1196	-5996	15784	-751	4185	346
1424	-6404	15416	-1822	5205	607
-240	-6828	16872	-990	4888	900
1036	-6276	15232	-1036	4112	761
-84	-7076	16184	-976	5416	726
-724	-7044	16316	132	4107	427
776	-6356	15148	-967	4533	531
-1852	-7052	16072	245	5040	660
248	-6244	15764	-1085	3859	781
-692	-7340	14444	-775	5300	829
-1928	-6928	15876	135	4389	655
-608	-5764	13976	-1437	4648	427
-2380	-7008	14704	-2651	4835	763
-1556	-7096	14044	-1874	4739	698
-2080	-7008	14216	-1848	5466	753
-2592	-7384	14132	-990	6019	1265
-2952	-6900	14024	-638	6292	1288
-2540	-7112	14148	-1438	5816	1427
-5136	-7608	14200	-164	7340	1705
-4172	-5980	13604	-948	5714	1478
-4148	-8140	13480	-1675	7641	1599
-6116	-7776	13884	192	7701	1746
-4948	-7172	13724	-404	7458	2074
-5996	-7932	15008	1491	8506	1790
-5912	-6248	12080	1776	8163	974
-7680	-7096	14084	91	7678	1643
-7368	-6800	14292	1039	7520	1162
-7636	-5956	13740	110	8114	595
-8436	-6824	13056	-967	7934	314
-9380	-6596	12972	226	7210	396
-8100	-6444	13400	7	7317	498
-9060	-7096	12852	920	8719	372
-10228	-5424	11104	589	7704	364
-8996	-6340	13260	-470	6599	587
-9308	-6904	12080	236	8697	580
-12212	-6096	10852	220	7765	821
-10744	-6444	12264	-519	7036	842
-11104	-7052	11692	843	8647	687
-12864	-5512	10100	1082	7958	553
-11792	-5108	10608	-844	6570	306
-11672	-6412	9828	-608	7978	226
-13020	-5420	9336	307	7943	688
-11636	-4944	9580	-2514	6448	1036
-11792	-7916	9644	-1159	7724	1289
-13208	-6940	9220	2717	7966	1819
-12552	-4856	8220	1631	7296	1692
-13200	-6156	7888	-52	7169	2258
-13360	-6948	8080	1565	7349	2404
-14068	-5728	8112	2288	8102	2087
-14628	-5332	8184	1171	7385	1817
-14396	-5280	7808	1383	6298	1390
-13976	-5192	7468	1433	5928	878
-14028	-5612	7248	1793	6117	1027
-14372	-5584	7084	1603	5983	373
-14456	-5380	6484	2461	5801	41
-14680	-5152	6608	2962	5885	-538
-15052	-5032	6208	3674	4992	-1178
-14600	-4604	6096	4452	4925	-1723
-14940	-4104	5476	3839	4926	-2186
-14936	-4400	5140	3452	4458	-1599
-14788	-3972	4508	3181	4488	-1256
-15084	-3720	4008	2072	4493	-777
-15284	-3600	3152	484	3867	-739
-15148	-3340	2904	-253	3519	-1023
-14844	-3176	2596	-2037	3714	-1201
-14836	-4164	3216	-3083	3833	-1021
-14312	-4484	3692	-1893	3646	-903
-14732	-5008	3064	-1703	4410	-676
-15008	-5616	3300	-1023	3988	-286
-14552	-5952	3188	186	3621	-126
-14536	-6012	2424	1646	4116	-106
-15284	-6044	2256	3124	3499	-49
-14932	-4688	3160	2660	2364	-167
-16192	-2356	5536	-935	-97	-16
-15740	-2108	5144	-7771	-2492	532
-13984	-5512	2240	-8898	-1975	575
-14452	-7744	696	-4374	-444	221
-14660	-6284	1360	-219	-529	-226
-14084	-5184	832	77	-335	-341
-14664	-5972	1788	-1088	-247	-135
-14408	-5596	3900	-475	-488	-403
-14628	-4452	4124	-1666	-43	-822
-16392	-5580	4400	-3142	-829	-1169
-16472	-6988	7760	-1048	-2971	-1693
-15496	-5336	7624	1204	-3717	-2033
-16488	-5876	8976	591	-5007	-2257
-17356	-6876	9468	3310	-6882	-2369
-18144	-4764	10236	4426	-9090	-2512
-17188	-4792	10300	2457	-11831	-2781
-16356	-5768	9296	905	-12500	-2012
-17240	-5756	9784	-316	-14184	-907
-17364	-5812	9920	-998	-15929	136
-16460	-6244	9836	-1653	-16868	244
-17536	-6824	9928	-1874	-16892	585
-18328	-7188	10028	-1189	-18346	571
-16732	-6352	10604	-1222	-18607	110
-16884	-6696	10472	-2438	-18732	-507
-14992	-7440	10972	-2740	-19590	-910
-14420	-7312	11740	-1433	-19274	-663
-12752	-5440	11540	-204	-20091	-414
-13240	-5452	10008	-2602	-18185	95
-11716	-6336	10988	-4026	-19855	599
-9276	-6464	12212	-3703	-18324	646
-9448	-6244	12052	-2473	-16885	-149
-8268	-6952	11808	-1699	-17172	-48
-6864	-6588	11008	-1080	-16540	-252
-4352	-6512	11824	-1784	-16383	-256
-4076	-6428	10264	-2142	-13734	-177
-3648	-6544	10484	-3635	-14344	-6
-1580	-7112	8956	-3126	-13619	167
-400	-7160	9268	-3316	-11860	-474
420	-7444	8900	-2665	-9634	-587
1228	-6984	8288	-3214	-8775	-1119
1916	-8064	8780	-2433	-7042	-1731
2412	-7776	9544	-41	-4998	-2290
1988	-6648	9304	413	-3400	-2480
2240	-6160	9784	-1571	-2222	-2117
3304	-7068	10580	-1291	-1272	-2145
3248	-6732	10084	-439	237	-1990
3128	-6588	10420	-653	1249	-1098
3448	-6568	11168	230	1620	-564
3424	-6164	11028	-1216	2851	210
2564	-7024	11744	-1706	3892	1076
1744	-7440	12240	-230	4423	1254
2016	-6228	12544	-1784	4297	1280
1152	-8744	14428	-2284	5394	1274
1232	-8016	13940	-322	5180	906
936	-8060	14604	-870	5357	757
216	-8024	14284	-350	5444	762
448	-7824	15168	-1057	4903	827
112	-8280	14672	-957	5600	640
-1056	-8192	14216	-1077	5437	848
-388	-8288	14944	-916	5058	906
-1352	-8184	14528	-1079	5785	909
-1276	-8264	13512	-1383	5743	736
-1960	-8656	14348	-939	5925	845
-1576	-7964	13752	-805	5978	411
-2700	-8624	14284	-1008	6481	769
-3012	-7816	13788	-576	5978	845
-2640	-8068	13336	-1788	6241	1170
-3980	-8312	13868	-1275	6707	1658
-3160	-8412	14300	-1936	5979	1593
-3700	-9776	13184	-323	7853	1675
-5656	-8220	14748	223	6470	1742
-4216	-8928	13908	-580	6617	1725
-5580	-9116	14212	712	7786	1721
-6200	-8416	13868	388	7044	1835
-5872	-8788	14532	181	6436	1910
-5988	-8784	13284	715	6669	1919
-7512	-8328	13772	1084	6699	1937
-7064	-7704	13544	10	6312	1650
-6984	-8196	11840	-261	6424	1322
-7900	-8808	12920	929	6456	1341
-7436	-7860	12440	1041	6750	1149
-8152	-7868	11636	128	6569	1516
-8504	-8588	12408	1135	7148	1751
-8920	-7804	11756	2055	7161	1225
-9140	-7112	11760	1700	6481	1149
-9548	-7304	11680	1152	7293	1525
-10468	-7120	11868	1281	7235	1172
-10304	-6456	10180	117	6522	1423
-10480	-7552	11780	-289	6712	1720
-10336	-7760	11132	913	7870	1135
-11344	-7176	9976	1012	7288	839
-10580	-7420	10680	473	6376	874
-10960	-8016	10444	1875	6981	766
-12108	-6524	10368	2344	6671	297
-11916	-5988	9984	799	6263	26
-12748	-6868	8720	390	6308	12
-13116	-6628	9816	1462	5517	-51
-12464	-5716	9120	1273	6124	-472
-13092	-6028	8412	867	6117	-868
-13156	-6348	9008	2138	5682	-795
-12096	-5368	9632	3024	5349	-658
-12480	-4744	7784	1476	4726	709
-12796	-4756	7460	-815	3258	2048
-12716	-4872	7296	-2926	3342	3434
-13000	-5576	7060	-4817	3814	3595
-13496	-6980	6932	-4681	4590	3149
-13976	-7788	7208	-1611	5654	2244
-14404	-7240	8104	1845	5407	996
-14116	-6128	7060	2616	4201	219
-13836	-6576	6956	3805	3557	-364
-13528	-5340	6228	4324	3966	115
-13524	-4156	5428	1528	3776	665
-13272	-5088	5200	-243	3472	1270
-13640	-5288	4592	508	4547	1655
-14944	-4688	3644	343	4627	1688
-15076	-5048	3444	-1110	4123	1713
-14668	-5760	4284	-140	4447	1062
-14732	-5524	3584	1779	5722	-58
-15520	-5040	3712	2581	6011	-1120
-14856	-4928	3488	3233	5896	-1631
-14744	-4772	3536	3833	6287	-2292
-14924	-4504	3356	4141	6301	-2142
-14732	-4288	3680	3530	6117	-1813
-14388	-4664	3620	3319	6088	-1185
-14692	-4904	2636	3930	6514	-388
-15272	-5548	2912	5851	6447	-133
-14824	-4720	2504	7807	6336	-285
-16416	-3068	6336	7100	4712	-494
-18540	1460	13308	-2033	-1010	758
-14628	88	2472	-13910	-3154	1830
-14408	-8788	316	-15228	-851	437
-14364	-11392	3080	1436	-1800	464
-13820	-4068	1832	8378	-535	-164
-14796	-3156	3712	1746	-784	-19
-14168	-7380	6968	775	-2028	96
-14352	-7776	6884	6022	-1060	79
-17528	-5380	8392	8077	-2298	-87
-17912	-4348	9076	6482	-5397	-527
-17940	-4660	9760	4871	-7925	-660
-17404	-4576	10368	4917	-9945	-1067
-18440	-2976	8876	3224	-10987	-1621
-19076	-2684	9720	108	-14150	-1693
-17828	-3416	9472	-1801	-15704	-1380
-17548	-3328	9824	-4518	-16662	-1079
-18284	-4916	10620	-4591	-17689	-800
-17384	-4224	10220	-4024	-18927	-191
-16432	-5112	10808	-4814	-19058	-243
-16328	-5544	10508	-3894	-19671	388
-14912	-5740	11572	-3837	-19535	442
-14920	-7072	13156	-2099	-19173	-145
-14880	-6964	12352	-670	-19100	354
-14196	-6584	12500	183	-20269	455
-12000	-5384	11696	-384	-20171	529
-11248	-5444	11428	-1173	-18292	481
-9792	-5668	10948	-2459	-18647	416
-8660	-5880	10656	-1509	-18030	600
-7300	-5224	10448	-1882	-17884	979
-5692	-5516	10864	-2802	-16177	902
-4704	-5328	10260	-3076	-15773	864
-2856	-6432	11304	-3694	-15393	-331
-1188	-5824	9008	-2674	-14721	-404
1004	-5840	8068	-7840	-14160	-116
736	-7672	11332	-10727	-11668	-1570
-808	-13020	10612	-5514	-10057	-2297
2576	-8852	9180	3785	-8539	-4585
3848	-5808	10444	4101	-4914	-4482
3156	-6328	10956	5261	-4317	-3234
4540	-6028	9872	5922	-2115	-1431
3208	-3556	11100	4818	-218	-99
3532	-2572	12040	107	-1100	1493
2780	-4564	12160	-3563	-1056	1680
3832	-6460	12860	-3841	-994	1901
3860	-7392	14120	-2343	694	1719
3344	-6960	13248	577	1178	796
2840	-6008	14080	62	1977	485
3392	-5800	13816	-114	1631	520
3080	-5940	15168	-1259	1999	674
2884	-6992	14836	-934	2306	981
2508	-5876	15576	-796	2166	1104
2644	-6884	16228	-1868	1734	1235
2528	-7344	15504	71	2401	741
2420	-6672	15400	645	1688	1045
2412	-6520	15556	993	2260	1171
2000	-5856	14764	327	2161	1230
2156	-5860	14652	-1125	2080	1477
1780	-6064	14192	-1752	2214	1432
1908	-6812	13912	-2481	1965	1551
1792	-7320	14612	-1363	2459	1479
1908	-7208	13508	-378	3370	1226
800	-6916	14560	-487	3614	1151
908	-6888	14060	-940	3529	1003
732	-6832	14368	-1193	3934	1092
272	-6924	14464	-1332	4141	973
216	-6956	14176	-1249	4131	1007
-140	-6868	14420	-2130	4610	1091
-1148	-7664	15028	-1667	4652	1437
24	-6564	14136	-1354	4834	1266
-1564	-7376	14256	-2353	5541	1920
-1316	-7732	14884	-1525	5182	1853
-1628	-7356	14212	-1124	5995	1849
-2544	-7872	14704	-1094	5873	1603
-2684	-7744	13676	261	6139	1437
-2596	-6780	14164	-641	5718	1479
-3652	-7944	14448	-1173	6834	1952
-4108	-6960	13412	-956	6654	1411
-3988	-7784	14096	-1862	6194	1405
-4588	-8576	15332	733	7667	1465
-5380	-6368	13932	1030	7139	1029
-5268	-7764	14308	699	7001	1170
-5448	-6884	13512	1919	7819	1543
-6892	-6712	13480	389	7637	2630
-7440	-7420	14144	887	8007	2767
-6768	-6300	12400	-197	7763	2221
-7052	-8144	13768	-1104	7512	2607
-8556	-8412	12912	1561	9200	2066
-8912	-6176	12496	797	7361	1553
-7764	-7488	13296	-945	7428	778
-9220	-8036	12544	1217	9058	521
-9796	-6416	11856	708	7200	470
-9320	-7596	13096	629	7885	383
-10436	-7084	12196	1841	8818	116
-10908	-5540	11248	805	7398	363
-10176	-7072	12092	223	7715	-238
-11728	-6740	11164	2614	8701	-202
-11848	-4548	10584	389	7067	-286
-10968	-5864	10696	-1499	6670	-142
-11908	-6500	10892	104	7550	335
-11796	-5476	10084	206	7276	609
-11812	-5696	9436	-915	6891	1219
-12180	-6372	9172	-538	7266	1618
-12036	-6440	9928	1284	8003	1348
-13528	-6188	8068	2005	8734	1306
-14516	-5832	8324	2228	7014	1596
-12860	-5624	9512	1821	6364	1144
-13532	-5692	7960	1214	7253	1034
-14420	-5500	8380	668	5833	1270
-13360	-4924	8600	-366	5216	1005
-13612	-5832	8156	-787	5279	788
-14500	-5724	8048	442	4853	1410
-14232	-4452	7740	237	4176	1708
-14028	-5640	7148	-1489	3704	1589
-13984	-6728	7136	551	4086	917
-14544	-5768	6792	2920	5029	361
-14620	-5048	5964	3633	4891	-371
-14992	-5284	5328	4921	5011	-1026
-14708	-4864	5604	6370	4432	-1936
-14320	-3848	4752	6225	4293	-2218
-14360	-4028	4576	5814	3777	-2173
-13716	-3712	4408	5664	4666	-1776
-15332	-3404	3652	4045	5248	-1469
-15060	-3328	2760	918	4270	-1291
-14876	-4408	3352	-882	4146	-1392
-14840	-3932	3552	-803	3891	-898
-14904	-4172	3444	-1630	3595	-798
-14984	-5204	3352	-919	3368	-536
-14992	-4592	3596	466	3511	-522
-15356	-4724	2804	599	4396	-866
-15508	-4988	3320	1347	4356	-951
-14592	-4508	2428	1559	4373	-849
-14560	-5100	3280	1443	3899	-411
-15548	-3548	8684	2180	1347	897
-15512	720	8256	-7100	-1440	1152
-14568	-5200	3472	-14886	-1953	1100
-15296	-12312	4080	-4748	-1877	-39
-14380	-7664	3876	7200	-160	-905
-16184	-2988	3820	6241	-1027	-2199
-15700	-4384	6076	2803	-2988	-2374
-14940	-4064	6340	2819	-3287	-1747
-15852	-2592	7784	1310	-5355	-309
-15276	-2268	8440	-1512	-7870	1130
-16252	-4188	11172	-3043	-9005	1997
-17032	-5728	10996	-1204	-9956	1614
-18636	-5264	10488	209	-11037	1239
-18532	-5820	10700	821	-13705	334
-17236	-5584	10204	1215	-13818	-199
-17232	-4508	10248	-772	-14679	-257
-17008	-4968	9920	-2688	-16062	27
-16408	-5252	10780	-3567	-17660	42
-16000	-5704	11920	-4187	-18705	110
-15892	-6020	12284	-4339	-18743	-312
-15660	-6616	12904	-3855	-19473	-843
-14736	-6996	12292	-2014	-19268	-1073
-14164	-7104	12756	-114	-19137	-1373
-13024	-6152	11876	1773	-18585	-837
-12524	-6996	12196	3484	-18291	-801
-11156	-4548	11492	4557	-17800	-73
-9576	-3392	11136	525	-18944	476
-7984	-5152	12888	-846	-18036	1215
-7048	-4376	11196	-911	-16626	1197
-5792	-4716	11868	-3261	-16875	1618
-4220	-5784	11992	-3357	-16568	1360
-2484	-6396	10652	-1764	-14512	1160
-1928	-7060	11532	1116	-13817	1083
-636	-6376	10612	3518	-12085	1201
452	-5944	11396	3298	-10000	813
420	-5288	10256	4181	-8212	732
1888	-4260	10620	3423	-7164	875
1240	-4116	9132	1250	-5036	611
1924	-4064	10652	-562	-6268	-103
3624	-4012	9100	-2057	-4384	-44
3120	-4244	9392	-3603	-2641	-273
3968	-4416	10220	-4326	-1642	47
4364	-4976	10956	-4647	81	-418
3268	-5788	11048	-3316	1919	-257
3448	-5968	12424	-1079	3021	-725
2792	-4740	12396	-260	4418	-379
2616	-4856	14368	-996	4542	-175
2260	-5692	15576	-185	5104	-689
1548	-4488	14584	-99	4883	-278
1900	-4572	16328	-1585	4319	51
1560	-5156	17096	-2110	4953	355
864	-5836	16148	-1577	4427	537
608	-4848	16508	-1007	4365	885
1216	-5064	16584	-1749	3678	819
476	-5976	15660	-1607	5404	1435
-276	-5492	15592	-1223	4350	1388
-100	-5744	16048	-1287	4740	1860
-804	-6068	16404	-672	4627	1555
-304	-5584	14524	-1173	4603	1444
-1660	-6228	16116	-1112	4746	1833
-1388	-6048	15672	-1098	4359	1479
-1500	-6184	14480	-1411	4905	1043
-2348	-6668	15568	-1145	4866	1350
-1692	-5920	14984	-1345	4653	900
-2424	-6176	14332	-2041	5534	1188
-2964	-6660	14768	-1628	5470	776
-2432	-6320	14636	-1707	4967	735
-3328	-7140	14472	-1280	6051	799
-4080	-6872	13680	-195	6122	360
-3760	-5956	13416	-824	6245	383
-5492	-6892	14736	-1376	6692	845
-4132	-6880	14328	-1888	5729	361
-4468	-7372	13740	-595	7806	718
-7352	-6988	14580	757	7259	1433
-5044	-6092	14156	-706	6695	453
-6708	-7208	12864	-390	7884	1013
-7716	-6960	13760	1598	7657	1078
-6720	-5696	13688	943	8107	317
-8116	-6440	13356	842	7904	30
-8248	-6332	13388	1690	8163	-86
-8548	-5292	13332	1262	7792	-204
-8664	-5240	13644	-616	7130	463
-9532	-6104	13500	-1181	7811	982
-9680	-5764	13200	-1012	6883	749
-9956	-6068	13004	-1302	6444	881
-10600	-6432	13816	-736	6327	907
-10544	-6012	12024	-618	6316	498
-10576	-6040	12456	-325	6569	659
-10912	-6208	11648	310	6542	557
-11124	-5616	10188	-639	6092	798
-10028	-6460	10876	-1267	6510	784
-11264	-7408	10452	1160	8553	990
-12704	-5524	9032	2134	7882	1147
-11740	-5456	9956	919	6599	533
-11444	-6736	9980	2184	7791	37
-12508	-5780	9032	3148	8460	-616
-13724	-3988	7576	1180	6863	112
-13244	-5144	8964	-736	5908	-196
-12576	-6168	9560	657	7183	-890
-14188	-4660	7348	228	7059	-274
-14344	-4644	8184	-1496	4665	-183
-12584	-5388	7568	-1775	5348	215
-13260	-5800	6776	-826	7143	574
-14020	-5424	6984	268	7496	472
-14364	-5756	7424	1813	7118	77
-14088	-5016	6232	3079	6671	-267
-15104	-4932	6912	1962	5230	102
-14384	-5224	6760	2095	4943	-349
-14400	-4564	6128	1263	5603	-663
-14804	-5048	5468	244	5343	-711
-14584	-5788	6044	496	4818	-641
-14084	-5796	5688	1899	5220	-872
-15256	-5684	4980	2261	4784	-1314
-15644	-5580	4764	3066	3784	-1676
-14836	-5336	4332	3539	4210	-2077
-15200	-4924	3324	2677	4783	-2357
-15116	-4504	2988	1330	4134	-2816
-14100	-4560	3076	496	4109	-2890
-14092	-5460	3020	676	4823	-2760
-14440	-5452	2804	1333	4790	-2008
-14372	-4448	2852	776	4029	-1004
-13956	-5256	3220	1055	4334	-300
-15632	-5588	7400	2021	2658	666
-16228	-2920	12728	-793	-1306	917
-14544	-3232	4448	-7394	-1243	952
-15040	-7132	1504	-8952	-715	784
-14500	-7228	1868	-5933	-958	393
-14424	-7244	1500	-4213	-1447	-463
-13040	-7476	3140	-2334	-1603	-854
-12856	-6668	5304	-1885	-746	-1402
-15448	-7536	5420	-394	-1020	-1388
-15904	-6340	7900	3301	-3998	-1212
-14844	-4204	7556	2280	-4890	-921
-16940	-5128	10080	-4	-6338	-13
-16508	-5464	11536	273	-9437	-130
-17280	-5240	11392	-2177	-10182	-537
-18768	-7064	11588	-3152	-12674	-1858
-18276	-7836	11472	-1396	-14532	-2317
-17380	-7408	11260	-200	-16015	-2245
-16992	-6440	10600	-838	-16990	-2273
-17316	-7712	11176	-470	-18506	-1801
-16420	-8236	10652	2074	-18560	-1097
-16688	-7412	12928	3001	-18170	-199
-16360	-6720	12436	2666	-19066	-223
-16152	-7412	12644	2366	-19292	165
-15176	-8284	14532	4473	-20068	384
-13552	-7628	13804	6200	-19035	679
-14096	-6432	10660	6305	-19405	1570
-12488	-5996	11556	4567	-20499	2162
-10716	-5428	10604	2806	-19412	2446
-9576	-4756	8960	-332	-19282	2210
-7700	-5584	9772	-1864	-19256	1627
-5576	-4600	8900	-2152	-17815	1296
-3136	-3652	7436	-4522	-18236	711
-2468	-5388	7280	-6722	-14950	799
-1468	-6512	7376	-7745	-14363	-524
-248	-9200	8308	-5030	-11963	-1531
1820	-7428	8492	-173	-9745	-2403
2420	-7540	9116	2300	-6197	-3474
2016	-6304	9264	4485	-3242	-3295
2604	-4076	9800	4043	-2466	-2982
3588	-2348	9408	602	-1528	-1789
3408	-3404	11172	-2505	-824	-977
3712	-4316	11376	-3777	103	561
3732	-5228	11704	-3247	73	-39
2996	-6184	10776	-504	2463	530
2132	-5232	12232	-950	2743	316
3156	-5616	11836	-622	3959	352
1788	-6084	13596	-95	6380	285
1736	-6588	14292	2015	6066	-295
1160	-5612	14896	2420	6564	-95
884	-5100	15372	1577	6085	75
60	-4940	15372	-15	6259	352
-376	-4600	16144	-2381	5340	363
-228	-6024	16452	-3439	4881	577
-500	-6208	15980	-2604	5560	672
-1164	-6056	16348	-2342	4987	162
-860	-6248	16104	-2688	4704	374
-1324	-6432	15348	-1871	5292	752
-2156	-6156	15932	-2265	5250	609
-1616	-6496	14876	-2184	4972	194
-2516	-6188	14484	-1760	5615	622
-2972	-6044	15172	-3234	5247	668
-2256	-7584	15344	-2567	5439	399
-3316	-6572	14176	-1594	6103	892
-3520	-6304	15200	-2697	5052	1388
-2764	-7324	14468	-2815	5977	1006
-4956	-7204	14412	-2176	5796	1704
-4472	-6740	14472	-2738	5463	1430
-5408	-7004	12852	-2717	5718	1594
-5992	-7576	14400	-2268	5430	2181
-4240	-7204	14056	-2001	6330	2122
-5588	-8104	13964	-1477	6789	2432
-6828	-8588	13780	720	7020	2622
-6112	-7088	14308	430	6223	2509
-6644	-7860	13244	-858	7060	2194
-8480	-8372	13048	-346	7323	2313
-7560	-7820	13564	-1079	6311	1712
-8004	-7972	12256	-1024	7496	1154
-8824	-7484	12672	-1273	6297	796
-8116	-7832	13844	-1415	6812	448
-9200	-8204	12256	-225	7477	276
-10004	-7008	12148	-8	6234	517
-8632	-7684	13072	184	6468	-60
-9872	-7696	11676	1556	8167	577
-10864	-6800	9232	899	7276	603
-10876	-7384	11748	816	6798	1013
-10800	-7444	11100	1486	8418	371
-11788	-7324	11168	2421	7176	-329
-10000	-6992	11968	3600	6383	-1340
-10144	-6116	11136	4624	6946	-670
-11572	-4808	10424	3070	6422	651
-11340	-5076	11212	495	5594	1232
-11192	-5432	10072	-1513	6005	2049
-12420	-6424	9536	-1388	5664	2174
-12312	-6180	9808	-1018	4775	1662
-11932	-5844	8372	-2265	4336	1821
-12420	-6668	8560	-2919	4245	1669
-12664	-7236	8532	-1901	4924	952
-13508	-7172	8112	-1261	5020	-516
-13224	-7344	8444	-835	3596	-681
-12000	-7472	8124	430	4416	-522
-12896	-7300	7576	1809	6206	-91
-13320	-6640	6696	3605	6533	-172
-12792	-5768	7212	4683	6877	-277
-13184	-6120	6744	5071	8012	-220
-14028	-6396	6448	6917	7782	71
-14100	-5212	5968	8486	7213	106
-13972	-4100	5604	6779	6617	-111
-14472	-5176	5488	4682	5979	297
-14228	-5116	4916	4317	5849	380
-14372	-4156	5068	2482	5569	12
-14832	-4376	4828	440	5176	-496
-15072	-4896	5308	-676	4581	-805
-14800	-4668	5092	-794	3889	-1517
-15028	-4580	5332	-801	3662	-1961
-15132	-4760	4988	-697	3051	-1995
-14828	-4740	4456	-645	2669	-1467
-14652	-4804	3548	-1286	2777	-1447
-15316	-4616	3260	-2138	2639	-1419
-15176	-4984	2380	-3188	2019	-1560
-14360	-5180	3096	-2890	1978	-1508
-14132	-4784	2888	-3083	3186	-1550
-14560	-5316	2224	-4074	3634	-1490
-14460	-6852	2668	-2345	3716	-1198
-14480	-6940	3008	486	3393	-892
-14544	-6136	6324	1865	1568	-714
-15300	-5900	11404	2253	-1573	-863
-13944	-4852	4300	-380	-1191	-651
-14472	-5104	2624	-3238	-72	-490
-14644	-5476	2984	-2417	-376	-74
-14120	-4964	4408	-2216	-1525	631
-14140	-5388	6036	-1999	-2860	1782
-14780	-4792	7132	-1536	-3704	3016
-15744	-4748	8312	-1482	-4523	2923
-17172	-6512	10708	-510	-5422	2404
-17784	-6560	11092	1862	-7595	1780
-17500	-5560	11112	3608	-10297	1479
-17488	-5496	11744	3781	-11415	1010
-19016	-5512	10728	2711	-12667	788
-18660	-5188	11352	-150	-15818	239
-18836	-5876	11176	-3112	-16828	-708
-18764	-6468	11692	-2822	-19332	-1130
-17264	-5988	10980	-3142	-20248	-1521
-16964	-7216	11972	-2333	-20854	-2373
-15376	-8112	12044	1869	-19262	-2703
-16016	-8708	12312	8504	-18960	-2321
-14848	-4692	11988	11593	-18458	-155
-14972	-2860	10188	6351	-19761	1793
-12312	-4544	11528	2029	-20113	3180
-12020	-4144	11048	956	-18274	3870
-10628	-3676	10372	-2706	-20035	3995
-8576	-5400	11308	-3865	-17842	3557
-8296	-5668	10440	-3569	-17553	2712
-5396	-5900	11284	-2821	-16383	2300
-4812	-5380	11696	-3308	-14802	2138
-3420	-5536	12456	-3308	-14298	1513
-2224	-6112	10804	-1690	-13344	1493
-12	-6864	13204	1689	-12101	1552
-1584	-5036	11160	4969	-9643	1268
320	-4452	10828	4616	-11609	1373
2068	-3840	8816	4394	-9133	1695
2136	-2660	9292	1519	-7037	1550
2632	-3596	8356	-1702	-5878	2456
3112	-3716	8992	-2921	-4130	1619
3364	-4580	10296	-2628	-1770	1397
3128	-4796	10080	-2567	-1116	513
3728	-4992	10388	-1041	561	181
3348	-4356	12184	-404	2654	-325
2732	-3684	11668	-1243	3794	-228
2364	-4308	14000	-3176	3716	-114
1940	-5208	13900	-2287	4543	-246
2100	-4748	15856	-2296	4844	39
1272	-5392	16828	-1824	4994	-300
1308	-5396	16788	-822	4264	276
1180	-4864	17424	-236	4276	-138
688	-4728	17092	-764	3813	-117
604	-4644	16208	-1688	3487	510
708	-4480	16104	-3106	3206	681
52	-5672	16596	-4240	3675	915
-108	-6312	15424	-3282	2614	765
948	-6128	15872	-2637	3675	525
-1308	-6644	15372	-1634	4255	457
8	-5688	14364	-1310	3249	83
-244	-5636	14388	-1660	5028	308
-1592	-6088	15048	-2207	4303	467
-824	-5900	14220	-1879	5161	211
-2104	-6016	14032	-2666	5702	403
-1548	-6144	14144	-2989	4901	436
-2728	-6688	13548	-1678	6246	409
-2952	-6144	14948	-2308	5578	847
-2188	-6532	14172	-2599	6613	733
-4432	-6716	13592	-2251	6838	970
-4076	-6988	15196	-1780	6522	1246
-4004	-6276	13948	-2039	7014	1294
-4448	-7292	14156	-2779	6828	1450
-5352	-7884	13864	-992	7748	1669
-5856	-6788	14720	-560	6736	1747
-5428	-6664	13808	-1593	7386	1403
-6896	-7684	13504	-1791	7816	1635
-6836	-7500	14424	-83	7355	1723
-6648	-6288	13412	135	7786	1410
-7332	-7032	13200	-1583	7355	1496
-7904	-7808	13880	-838	7621	1868
-8120	-6860	13064	-118	7426	1868
-8864	-7232	13028	-1123	7766	1628
-9356	-7604	12244	-1309	7750	2017
-9344	-7928	12496	-296	8048	1949
-9252	-7544	13548	1149	8218	1559
-9868	-6372	11044	1270	8365	1271
-11040	-6780	12664	702	6276	1159
-11304	-5900	10676	1294	7867	1601
-11544	-6064	10928	-593	5993	1801
-10132	-7184	11656	445	6859	1375
-12120	-6312	9532	1403	7616	1588
-13068	-5420	8504	-918	5619	1449
-12132	-6272	9532	-2520	5954	1125
-12108	-7380	9392	-1110	8218	-70
-13404	-7064	7612	-145	7875	-330
-13276	-5784	7832	-889	6141	566
-12252	-6348	8784	-905	6304	127
-12848	-7120	8008	2043	8297	-449
-13908	-5684	8092	3830	8148	-659
-13860	-4764	7424	2552	6585	209
-14020	-5304	7592	1641	5731	1176
-13156	-5664	7344	1774	5897	1347
-14048	-5700	6868	2520	7611	1621
-15308	-5100	6212	2589	7227	1142
-15028	-5280	6292	2671	6523	-321
-14744	-5488	5904	3993	6899	-1819
-14964	-5436	5180	5182	6974	-2144
-15228	-4424	5148	5210	6586	-2223
-14780	-3868	4588	3783	6085	-1853
-14840	-4080	4600	2294	6343	-1523
-15192	-3784	4560	1032	5913	-1107
-14608	-3868	4300	-647	5125	-877
-14720	-4828	5112	-15	5127	-882
-14964	-4520	4124	592	4977	-580
-15268	-5520	4364	454	4138	-67
-14624	-5692	4748	3137	3975	-23
-14656	-4320	3556	2901	4352	-50
-15904	-4472	7064	2301	1864	53
-15864	-1060	10656	-3446	-1103	912
-14788	-1884	4884	-13145	-1977	1195
-14632	-9192	3408	-10910	-2165	191
-13788	-9368	3232	-308	-1003	318
-14828	-4932	4480	3713	-1237	-130
-14952	-4320	5284	1725	-2761	-380
-14448	-5696	6904	17	-3172	-367
-16132	-6316	8168	1010	-3068	-327
-16476	-4616	7732	895	-4991	-486
-16020	-5216	9116	-758	-7129	-964
-16260	-5180	9916	-19	-7444	-746
-17228	-5208	10352	-1461	-9469	-269
-16360	-6132	10052	-577	-11411	-847
-16940	-5552	10656	-168	-11868	-1353
-17776	-5120	10408	-1143	-13982	-1505
-17284	-5408	9952	-3421	-15614	-1462
-16568	-6000	10848	-4588	-16491	-1747
-16580	-6608	11340	-5074	-16932	-1596
-16488	-7144	11704	-4758	-18187	-1809
-16324	-7508	11436	-4047	-18581	-1570
-15092	-7640	12036	-2881	-19516	-1374
-13236	-7616	11092	-1744	-18239	-1101
-13724	-8396	12668	573	-17856	-1278
-13652	-6712	11880	2056	-18056	-1593
-12100	-6752	12764	1683	-18850	-2499
-11340	-5016	10900	1014	-18154	-1970
-9640	-5584	12000	-2154	-19176	-2043
-8296	-5828	9992	-1586	-17790	-1442
-6476	-4572	10116	-4961	-18101	-24
-5204	-7272	11544	-6673	-16621	-821
-4096	-8796	9400	-3033	-14830	-912
-3616	-8300	10152	-580	-13238	-1531
-3016	-7024	8656	565	-12745	-1506
-984	-7568	10188	789	-11720	-2320
-88	-7060	9400	2883	-8832	-3217
1104	-5896	8804	2267	-7976	-2487
1368	-5596	9176	2698	-5600	-2674
3348	-5172	10340	1515	-6240	-1430
3612	-5060	9216	1373	-3584	166
3408	-4200	9352	-701	-3841	932
3928	-5552	9340	-2980	-1444	2076
2804	-6044	9616	-2611	-490	1978
3776	-7020	11048	-3469	644	2270
2988	-7896	11680	-942	2571	1265
2976	-7336	10960	550	2417	800
2188	-6852	13380	730	4301	261
1956	-6300	12864	-856	3934	220
2248	-7044	13784	-1306	4142	404
1576	-7144	14328	-744	5198	584
1480	-7016	14392	-1232	4117	1144
1104	-7636	15712	-1183	5075	1432
564	-7028	14196	-198	4503	1435
372	-7168	15072	-1113	4956	2087
-368	-7292	14752	-887	5001	1858
-340	-7688	15044	-1005	4716	1398
-452	-7780	14852	-737	5376	1396
-1144	-7616	14852	-429	5485	1253
-1244	-7364	14660	-911	5320	1352
-1372	-7596	15188	-935	5656	1447
-2120	-7644	14688	-695	5509	1484
-1916	-7244	14480	-335	5490	1486
-3128	-5860	13924	-2535	5231	2238
-2260	-7844	15108	-4594	4440	2293
-3172	-8600	14484	-1983	6446	2901
-3596	-8328	15436	-1106	5230	2617
-3832	-8456	14516	455	5759	2504
-3904	-7964	14496	1250	5469	2600
-4180	-7444	13408	1252	6634	2993
-6092	-7540	14180	528	6241	2981
-5116	-7944	13824	-13	6099	2412
-6088	-7732	13584	606	6927	2205
-6420	-7572	13936	38	6229	1919
-5872	-7844	13940	179	6485	1636
-6484	-7740	13700	887	6335	1408
-6584	-7788	12992	1550	7008	1173
-7828	-7256	12592	1692	6963	1238
-8080	-7300	12604	696	7171	1254
-8576	-7948	12056	1665	8099	1233
-9036	-6744	11752	1521	8480	741
-9288	-7528	13132	1231	7749	276
-8264	-7140	12292	2387	8419	-589
-10348	-5952	10812	2061	7849	-420
-9816	-5548	11864	-200	6466	-353
-8864	-6272	11832	-363	8040	87
-11048	-5516	9212	-843	8664	1213
-11624	-5644	11232	-1556	6888	1858
-10304	-6240	12912	-79	8386	1577
-11780	-5144	10376	-55	9461	704
-13552	-6456	11656	97	6721	709
-12000	-6472	10780	3029	6984	339
-12564	-4976	10712	2732	7730	365
-13412	-5228	9788	497	6729	949
-12420	-6004	9032	259	5894	1540
-12520	-5608	10176	416	6253	1904
-12572	-5828	9168	-671	6046	1633
-13204	-6920	8456	45	5809	1572
-12764	-5544	8756	1425	5321	1565
-13316	-4588	7432	-1386	4783	1479
-13468	-5972	7636	-3028	3497	1103
-13324	-6420	7460	-2098	4621	1037
-14392	-5760	6548	-2224	5236	176
-14436	-6444	6508	-2653	4475	-50
-12900	-7000	6452	-12	5328	-949
-13196	-6584	5928	1866	6647	-1239
-13624	-6760	5736	3535	6440	-1393
-14384	-6796	5884	5626	7712	-1465
-15648	-5248	4880	7440	7185	-1483
-15108	-3976	4656	6017	5470	-2241
-14620	-4756	4480	4469	5367	-2468
-14964	-4804	5404	4162	5271	-2034
-14612	-4068	3868	2656	4974	-1844
-14592	-4448	4028	445	4388	-1341
-14652	-5296	4360	1058	4319	-1103
-15912	-4984	3100	1348	4453	-587
-15580	-4972	2740	1568	3082	-467
-14112	-5100	2880	2148	3575	-835
-14140	-5132	3476	2870	5157	-1120
-14900	-5176	2520	3259	5566	-1408
-15072	-5684	2772	3643	4975	-1235
-16624	-2952	11304	5340	1595	119
-16468	2392	11680	-3886	-1634	676
-14148	-2784	2324	-15959	-1232	869
-15040	-12556	3304	-7819	-1977	-517
-13280	-10264	2032	6636	485	383
-14064	-4816	1716	10659	407	-592
-14008	-3388	3640	5722	-626	-127
-13908	-4988	4480	1303	41	259
-16148	-5652	4892	1340	-30	878
-16716	-3768	7852	922	-2947	120
-16080	-3468	8600	-1527	-4767	-890
-17004	-4884	9616	-3003	-6217	-1150
-16568	-5768	10840	-2058	-8279	-1044
-15700	-5352	10700	-1094	-9852	-721
-16080	-5764	9680	-884	-10590	-459
-16300	-6848	10760	-363	-12355	-432
-16184	-7152	11116	920	-12510	-255
-16968	-6540	11004	1437	-12850	-561
-18104	-7116	10052	329	-14509	-557
-16372	-6612	10636	1201	-17259	-384
-15136	-5272	10264	802	-16432	-702
-16716	-5440	10284	-1074	-16536	-285
-15484	-5636	9860	-3307	-18608	-165
-14000	-7096	10796	-2414	-17913	-189
-13808	-6092	9768	-2479	-17714	-407
-12708	-7016	12168	-3057	-18163	-1609
-12104	-6484	10980	-2916	-17768	-2263
-10328	-7024	11492	-4343	-19105	-3409
-8592	-7844	12472	-2974	-17736	-3118
-8164	-7732	13224	-1312	-15615	-2845
-7936	-7492	12540	-217	-14798	-2866
-6648	-6288	11724	1730	-15502	-2385
-4720	-5832	11616	1829	-15459	-1499
-3748	-5332	12796	1724	-13543	-524
-2800	-4400	10260	-270	-13371	655
-1876	-5708	10944	-2377	-12768	1425
-1060	-6164	11180	-779	-11772	1418
528	-6036	10492	-680	-10974	1782
1008	-6684	10536	-663	-9305	1054
2092	-7188	10456	-19	-8557	947
1940	-7012	9812	2398	-5086	1213
2072	-5336	10476	221	-5337	929
3264	-6736	10740	-1079	-4009	571
3416	-6848	9540	544	-2614	282
3104	-5820	11308	1169	-668	170
3488	-4472	10192	-1163	-848	371
3052	-6332	11128	-2785	833	614
2808	-6652	11572	-1510	1593	754
3112	-5904	11272	-1992	2782	682
1832	-7264	13360	-2290	3806	602
2852	-7360	13804	-1247	4461	534
1276	-7628	14244	610	5626	40
1748	-6436	14452	487	4152	-321
1000	-7052	16432	341	5143	-344
1272	-6556	15432	229	4487	-524
560	-6224	15636	-379	4681	-242
388	-6372	16188	-1430	4336	-78
484	-6816	15740	-1444	4159	9
176	-6144	14624	-1462	4547	421
-404	-6756	15336	-2231	4300	692
152	-6968	14508	-2672	4655	564
-792	-8040	14844	-1751	5137	862
-664	-6904	14152	-768	4668	507
-992	-7312	13880	-1806	5165	743
-1928	-7220	13852	-1099	6021	1054
-1296	-6520	13472	-3066	5430	1048
-3228	-8756	14104	-1956	7347	1521
-3244	-7796	14452	269	6503	1382
-2124	-7036	14416	-905	6973	1574
-3152	-8268	13176	587	7171	1592
-4868	-7820	14020	2511	7611	2301
-4612	-5748	14700	913	6974	2040
-4352	-6612	14084	-2816	6821	1792
-6600	-9052	13932	-962	7994	2175
-6476	-6532	13712	296	7050	1900
-5436	-6724	13864	-3454	7218	2182
-7272	-8948	13692	-2178	8107	2204
-6656	-7320	13800	-210	7100	2511
-6820	-7144	14136	-546	7545	2360
-8332	-8124	13480	95	7338	2423
-8428	-7528	13968	1476	7036	2358
-8144	-6436	12036	443	7172	1946
-8952	-7520	11832	-128	6904	2526
-9124	-7492	12992	1888	7436	2576
-9668	-6204	11200	1148	7816	1706
-10200	-7052	11088	207	7361	1236
-10252	-7228	12176	1592	7561	756
-10392	-6472	10732	1779	7947	401
-10920	-6364	11220	1335	7538	421
-11180	-6056	11220	643	7637	744
-11456	-6076	9608	-214	7466	828
-11828	-6928	9432	374	7660	889
-11836	-5752	8964	612	8430	1191
-13160	-5220	7384	-1697	7981	1946
-11728	-6820	9684	-2047	7445	1927
-11644	-7680	10320	1447	10373	1469
-14456	-5996	8740	2800	8832	1377
-13920	-5464	9240	1849	6358	501
-13608	-5584	9280	2254	7358	-48
-14144	-5088	8308	1792	7591	-493
-14012	-4740	8192	466	6675	52
-13728	-5252	8552	176	5286	850
-13244	-5560	8068	1091	5163	1046
-13792	-5460	7284	1632	5802	1241
-14832	-5588	6928	1268	5715	1317
-14344	-5784	6932	1498	4990	573
-14208	-6400	6496	2838	5708	-548
-15104	-6032	6176	4348	5421	-1030
-15080	-4996	5484	3109	3956	-711
-14216	-5028	5376	1498	3232	-737
-14160	-4948	4760	1069	3664	-1091
-14748	-4368	4228	-84	4269	-2210
-15580	-4800	3904	-396	4777	-2953
-15412	-4304	3168	123	4301	-3340
-14564	-4816	3204	-55	3903	-3723
-14500	-5096	4240	2403	4137	-3408
-14160	-4052	3548	3721	4590	-2822
-14560	-4496	3828	3890	4364	-2290
-14296	-3984	4156	5840	4523	-1111
-14948	-3268	4044	2792	4790	-562
-15612	-5932	3432	944	4089	-431
-15732	-6208	7596	2551	1238	172
-15344	-5132	12440	2274	-2268	99
-13236	-4320	4704	-1446	-377	0
-14832	-4588	1660	-4319	424	330
-14624	-5712	1380	-5487	-1820	430
-13564	-6932	1176	-2486	-1748	457
-12960	-5428	1272	-1613	-155	528
-14004	-5712	2016	-3249	54	213
-14340	-6540	2488	-2457	-44	427
-13812	-6320	2972	-928	224	228
-15016	-4500	5024	-976	570	188
-15668	-4468	6188	-4052	-109	533
-16496	-6152	6724	-4078	-2096	781
-15788	-4960	8964	-2826	-4394	63
-15632	-4932	10424	-2344	-4703	-1001
-16664	-5336	9348	-3033	-6488	-1141
-16384	-6704	10784	-2818	-8949	-1377
-16668	-7568	11632	-88	-10029	-1726
-16632	-7540	11328	410	-11908	-2595
-17340	-9648	11832	2481	-12600	-3808
-18348	-8140	11588	5694	-13244	-3576
-18036	-6296	12032	5511	-15240	-2999
-17920	-6180	12756	4047	-16833	-2394
-17788	-6092	13160	3786	-17947	-1475
-17228	-4996	13048	3289	-19389	-456
-16468	-5532	13364	1999	-20541	322
-15868	-6148	12268	3218	-20359	1198
-16144	-6132	11760	4702	-20806	2593
-14672	-5508	11344	5067	-20563	4380
-13156	-5268	9456	4391	-19402	4865
-10980	-5472	8896	2708	-19096	5683
-11368	-6024	8764	2466	-17750	5580
-8492	-6036	10316	1082	-18256	4901
-7044	-4264	7964	-971	-16314	4511
-5852	-6188	10972	-3489	-16105	2535
-3884	-6804	9732	-1197	-14432	1729
-3160	-6940	11052	-254	-13212	50
-1316	-5108	9676	1798	-11918	978
-644	-3620	10396	1699	-9308	152
732	-3788	11192	1230	-8309	1105
-132	-2684	9324	-978	-7098	1179
2400	-4600	11948	-1810	-6395	743
2192	-3488	10820	-142	-3366	860
1804	-4316	11872	-1679	-3062	511
2344	-3348	11912	-126	-3035	277
2992	-4676	13328	-1404	-1023	397
2748	-3672	12056	694	-534	372
2660	-2784	12888	-1660	29	839
3332	-4692	13184	-913	392	1333
1608	-3588	13304	-1023	2458	1775
2284	-4420	13580	-2695	1348	1490
1884	-5300	13748	-1541	3455	1584
1332	-4852	15544	-696	3447	841
1020	-5492	14872	-405	4482	310
552	-5036	16104	634	3842	-649
900	-4012	15912	151	3889	-1046
32	-4492	16716	-482	4195	-1161
488	-4000	16180	-1285	3965	-644
292	-4464	16920	-1135	4090	-282
-388	-4692	16196	37	4629	240
-224	-4236	16208	453	3841	10
-1000	-3748	15608	-1005	3994	447
-752	-5072	15988	-1457	4161	172
-1420	-3968	14996	-1540	4735	0
-1388	-4980	15652	-3340	4009	15
-2160	-5508	15404	-1149	4788	-505
-1764	-3920	15568	-2059	4188	-616
-1980	-5568	14776	-1784	5635	-879
-3516	-4988	15012	-433	4653	-338
-1156	-4596	15128	-1372	5207	-405
-4148	-4784	14800	-1819	6480	160
-3416	-4852	15300	-1595	4685	132
-4168	-4108	13980	-1451	6247	78
-5472	-4848	15488	-2356	5557	355
-3540	-5092	15256	-1463	6016	303
-5236	-4860	14680	-1550	6982	609
-5976	-6060	15852	-46	5733	845
-4504	-4304	13680	322	6288	939
-6168	-5528	14668	-1429	6623	1393
-6076	-5900	14380	-406	6977	1647
-7336	-4932	13196	-1195	7057	1719
-7372	-5956	13684	-545	6905	1150
-7068	-5336	12960	-291	7684	940
-8564	-5912	13512	-829	7746	874
-8892	-5952	13616	398	8027	675
-8472	-4524	12988	571	8070	277
-8900	-5248	13004	-702	8149	259
-10496	-6072	12228	-68	8400	994
-9760	-4280	13476	605	7697	563
-9728	-4320	11752	-2284	8372	457
-11668	-7020	11632	-1003	8440	365
-10956	-4088	12260	1031	7659	285
-10760	-4220	11304	-2817	7660	545
-11876	-7044	10792	-1136	8539	687
-12240	-3688	10348	-71	8297	768
-12268	-3296	9884	-4918	6873	1433
-11916	-6652	8928	-4171	7341	1923
-13304	-5272	10144	-2395	7614	2811
-12664	-5796	10036	-3916	7623	2150
-13484	-7652	8376	153	9200	1335
-14476	-5004	8636	1830	8057	928
-13508	-4780	8408	-268	6537	673
-13408	-6540	7780	87	7406	-107
-14864	-5904	6932	1836	8269	303
-14968	-3832	7372	476	7336	35
-14220	-3792	6732	-2843	6641	-351
-14888	-6160	6752	-3264	6349	-488
-14620	-6472	7288	-286	6238	-548
-15372	-4800	7728	609	6663	-1195
-15568	-4824	6884	-1104	5581	-1500
-14784	-6292	6204	81	5337	-2079
-15124	-6036	5720	2785	5770	-1880
-15044	-4612	4764	4136	5618	-1060
-15292	-4092	3348	2517	5290	-827
-14856	-4744	3652	2045	4441	-1085
-13752	-4004	3628	1726	4525	-1315
-14624	-4408	3240	245	4945	-1055
-14588	-4724	3976	483	3869	-422
-14620	-4372	3484	76	4469	-237
-16088	-3932	6096	-242	3520	382
-17388	-1520	14276	-3227	-1411	1624
-14228	-2200	6724	-8529	-1651	1278
-14192	-7516	1920	-8768	449	663
-15040	-9036	1196	-1260	799	-38
-14312	-6660	300	3612	730	-610
-14276	-4840	1032	2223	-152	-643
-13564	-5288	2632	-605	224	-856
-14712	-5636	4168	-1416	527	-656
-14596	-4720	3920	-2140	-395	-81
-14456	-4440	2964	-3050	7	99
-14820	-5824	2280	-1104	107	253
-14416	-5540	2468	1869	423	446
-14908	-4884	2272	1905	624	394
-15088	-6212	1712	1348	28	229
-14680	-7980	2664	4876	108	-335
-14932	-5796	2440	6703	955	-350
-15100	-4896	2076	3781	-274	-822
-14468	-6024	2424	2161	-798	-1077
-14040	-6072	2544	2810	-338	-867
-14208	-5488	2380	2855	88	-627
-14012	-4760	2716	1413	-167	-270
-13964	-4892	2712	617	-26	43
-14608	-5456	2228	480	57	144
-14288	-5636	2260	653	-132	10
-14460	-5292	2684	112	266	-213
-15220	-5492	2928	138	136	-87
-14704	-5008	2564	-177	-548	91
-14060	-5352	2924	-915	-488	-65
-14380	-5700	2844	-1191	-35	-268
-14612	-5564	2816	-702	-112	-191
-14316	-4984	3332	-1129	-227	50
-14304	-5420	3128	-1845	-96	113
-14396	-5888	3244	-617	-277	-127
-14112	-5132	2972	-1264	200	3
-14752	-5900	3148	-2300	-453	-427
-14076	-6412	3104	-704	-890	-157
-14224	-5576	2528	-164	179	-101
-12140	-4996	2700	-2342	816	-2060
-13512	-5456	2788	-3746	1733	-2284
-14368	-4728	3140	-4666	2863	-4294
-16220	-5512	2812	-7644	-1494	-4732
-17600	-6992	3116	-6278	-7969	-1643
-15256	-7504	3396	-3395	-10149	2248
-8960	-9280	2908	5134	50	2065
-14596	-4800	3140	3788	2572	0
-14088	-5776	3612	1237	814	-1210
-14592	-7424	3636	1821	-1705	-774
