0	0	0	0	0	0
-12604	-7208	7840	-3154	-664	-1230
-12032	-5656	7172	-2455	1412	453
-13512	-7792	8252	-728	2384	694
-13512	-6068	8728	-243	1264	515
-13296	-6932	9244	-971	739	3498
-10784	-4820	13040	-1725	278	-958
-1984	-14788	5336	-4031	3701	-1517
-16864	-8436	5368	8330	2613	-1854
-12464	-3460	4804	1783	-1788	-529
-12624	-7724	4580	-1503	1055	101
-12816	-7580	5068	1358	82	0
-12460	-5164	5572	-289	930	398
-13052	-6224	6600	-2969	199	782
-12396	-6468	7044	-1481	484	590
-13788	-5904	7456	-980	594	594
-13360	-6092	8020	-780	121	719
-13136	-7192	7532	-148	453	692
-13312	-7664	6536	635	1413	768
-13748	-7904	7240	1127	1510	426
-13500	-8664	7668	1864	1440	-89
-14988	-7952	8596	572	2085	-1807
-15956	-9744	8480	1314	1291	-4290
-16588	-9028	8208	3603	1292	-6504
-17544	-8712	8652	4143	-163	-8629
-17144	-8044	9528	3165	-1933	-10856
-16216	-7720	9440	2032	-3394	-12030
-15908	-8500	9476	290	-4109	-12601
-15616	-10344	9668	-652	-5233	-13139
-14608	-11364	10048	-173	-5968	-13739
-14284	-12176	9876	-782	-6605	-14315
-13076	-12100	9408	-454	-7402	-14750
-11092	-11916	9336	-467	-7485	-14480
-9664	-12080	8700	-1133	-7584	-13490
-9224	-13256	8744	708	-7872	-12841
-8320	-11572	8568	3752	-8786	-12572
-7352	-11840	8352	2731	-9061	-11619
-6236	-12980	7680	6520	-9939	-11252
-5656	-10692	7528	6221	-9904	-10167
-4840	-12900	7724	7072	-10128	-9714
-3828	-10796	6644	7761	-9916	-9332
-2608	-11396	6924	6908	-9592	-8456
-1464	-11556	7208	4455	-8790	-7731
-756	-11212	6976	5702	-8176	-8003
-192	-10992	7876	3277	-6912	-7690
604	-10892	8248	3165	-5882	-7870
608	-10704	8528	2761	-4914	-7592
1328	-8768	9828	2807	-3958	-7302
2220	-8192	10384	420	-3395	-5844
2516	-9432	9976	3183	-2930	-5123
2748	-6616	11480	4616	-3260	-3854
3660	-6276	12284	2388	-3317	-1977
3148	-8584	11040	4640	-3318	-1006
4684	-5896	12192	4280	-3423	57
4700	-7412	12680	2245	-3624	683
4940	-7696	11996	2550	-3726	882
4628	-8120	11960	2432	-3263	858
5056	-7412	12424	725	-2936	718
5412	-8316	11916	1390	-2523	219
6064	-6548	11532	-339	-1983	351
6216	-7800	11024	-361	-1330	580
5580	-6880	11168	-1797	-471	770
5536	-7724	11400	-2186	1096	999
5652	-6884	10692	-2541	1706	1591
4064	-9740	11448	-1617	2616	1926
4076	-6716	10780	-1283	3172	2271
3512	-8252	10564	-2887	3262	3279
3204	-6336	10548	-1722	4152	4386
2520	-6112	10228	-5360	4246	6375
2644	-10056	8844	-5344	3588	6897
444	-9912	8608	-2014	4363	6822
196	-9348	12908	-2251	4395	7208
2476	-8972	11760	-8951	4564	8855
-3496	-16444	9264	-4881	4886	8164
-672	-10388	11976	-2130	4624	8139
1504	-9696	13420	-8019	4842	9649
-5028	-17960	11184	-5777	5184	8286
-2108	-10032	11040	1096	4572	8731
-908	-10132	13560	-7636	5011	10383
-3936	-16196	11720	-4713	5672	9929
-5696	-12764	9564	1243	6328	8918
-3668	-10568	12328	-561	5658	9426
-4144	-11092	11836	-6275	7309	10643
-7504	-16904	9728	-3082	7194	9402
-7236	-12800	10320	5113	7025	8313
-7700	-10700	12420	270	7340	7872
-9116	-14176	12136	-1703	7321	7018
-10308	-12872	10588	3660	6730	6058
-9240	-9220	10332	2437	5863	5914
-8716	-9404	11480	-1904	6238	6651
-9368	-10888	9960	-1845	6132	6894
-9772	-9412	8760	-1565	6217	7063
-11400	-10452	10056	-1555	5684	6777
-10716	-9260	9516	-1055	5239	6624
-11504	-9404	9056	-2340	5065	6028
-12500	-11052	9392	-64	4432	5134
-11728	-8344	8928	2236	3576	4951
-11440	-7692	8764	-116	3088	4961
-12200	-9244	9408	-2	2671	5048
-12420	-8168	8492	746	2280	5063
-12648	-7436	8284	-1185	2213	4753
-13024	-8960	8552	-617	1515	4413
-13028	-7564	8060	1886	570	3891
-12356	-6292	8084	572	539	3807
-13224	-7020	7516	-319	808	3691
-13752	-7144	7228	1135	947	2839
-13824	-6244	7412	722	1439	2079
-14024	-7232	7800	513	1491	992
-14104	-6096	9304	-60	1634	299
-13388	-5368	11940	-3505	8	31
-12480	-5192	12508	-7840	-305	289
-12536	-6584	11724	-9528	-141	58
-13392	-10448	9812	-8506	324	-1435
-14120	-11048	9396	-1950	-131	-3513
-15092	-9976	9052	771	-983	-5591
-15168	-9628	9572	2512	-2289	-7127
-14612	-7776	9572	964	-2446	-7933
-15348	-9612	10252	-4574	-2789	-9358
-15552	-12504	10336	-5468	-3673	-11467
-15364	-12000	9756	-4647	-4840	-13007
-14580	-12984	10148	-6226	-6761	-14341
-12116	-13368	9640	-5988	-8032	-15158
-10464	-13432	8952	-4812	-8240	-15633
-8820	-13448	8672	-3735	-7969	-15798
-7612	-13132	7932	-590	-7978	-15545
-6740	-13280	8216	1498	-7885	-15305
-6196	-13368	8160	3720	-7629	-14892
-5596	-13068	7240	6979	-7528	-14474
-4492	-11304	8224	6143	-7037	-13049
-4716	-12608	8664	4550	-6564	-11743
-4364	-13536	7088	6338	-6008	-11097
-2648	-10840	7876	7720	-5578	-10315
-1360	-11656	8852	4804	-4275	-8762
-1184	-11796	7976	4493	-3762	-7472
-648	-12248	7532	4460	-2588	-6618
708	-11320	8356	3004	-1907	-5892
992	-13348	8112	4542	-1526	-6134
1356	-10288	9468	4640	-1450	-5939
1992	-8676	10272	1834	-1633	-4926
1788	-10276	8776	2245	-2107	-4351
3156	-6848	9564	558	-2302	-3368
2608	-10068	9904	653	-2642	-2983
2700	-9480	9800	2004	-3134	-2669
3148	-7436	10604	3301	-3813	-2519
3484	-11876	9624	-402	-2998	-2075
3796	-9492	10048	3907	-3250	-2229
4396	-7780	11728	1724	-3175	-1475
4320	-9792	10476	202	-2836	-1130
4280	-9952	10272	796	-1825	-677
5584	-8484	11392	-633	-936	212
4600	-8920	10824	-1166	-260	963
5248	-9440	10252	-424	515	1561
5552	-8296	11256	-1970	1682	1998
4388	-9960	9664	-1619	2311	2262
3952	-9264	10204	83	2247	2381
3556	-8840	11004	-966	2768	2511
2512	-10332	9272	-93	3016	2518
2964	-8316	10880	2840	2067	3226
3580	-6812	10640	-92	2142	4445
108	-10500	9812	-475	2381	4807
2744	-8552	9184	2324	1532	5598
2264	-10492	10860	-608	2891	5900
1648	-7100	9740	-1402	3227	6039
912	-13016	8996	-4229	3980	7061
-292	-14244	11000	555	4327	6318
436	-8184	12612	-2665	4855	6178
-952	-14156	11364	-2585	5134	7336
-2248	-13436	11764	2185	5496	6636
-1564	-11420	13124	3965	4834	6202
-1628	-12660	13732	2319	5682	6920
-4224	-10900	14112	1232	5312	6775
-4952	-11612	12424	1748	4866	7188
-4292	-9368	12588	1212	3914	8034
-4732	-9700	14240	-6294	5089	9173
-6908	-12884	11484	-5973	5305	9243
-6096	-11184	11000	-2715	4493	9513
-5144	-10380	12720	-6397	5104	10375
-6972	-12456	11296	-7057	5834	9971
-7148	-12832	10104	-2774	6020	8981
-6656	-10872	11288	-303	6529	8769
-7736	-9332	12516	-1483	6927	9397
-9308	-11396	10284	-2322	6693	9213
-10360	-11948	9740	-704	6679	7917
-9764	-11060	11356	2183	6610	7547
-10968	-10040	11316	1024	6180	7248
-10424	-8336	8596	-1137	6707	6545
-12512	-11468	10028	-402	6486	6195
-11232	-8572	10448	2966	5863	5806
-12556	-6692	10220	-810	5482	5671
-12796	-8216	9816	-1746	4742	5390
-13236	-7932	8896	156	4268	4536
-13548	-6820	8716	245	3339	4064
-14028	-6648	8196	-1132	2504	3897
-13776	-6184	7108	-2240	2186	3648
-13768	-6968	6216	-3302	2653	3024
-13488	-7556	6976	-1575	3158	1863
-13272	-7040	7616	-532	4118	598
-14264	-6528	12204	1919	2394	-394
-13032	-3080	14244	-2483	-757	311
-11900	-5444	11592	-7744	-1264	1429
-11876	-9156	9340	-1957	-1266	1048
-12260	-8292	6340	1651	-199	774
-13080	-6968	5528	1055	-160	453
-12960	-7504	7440	403	-292	-161
-12924	-6500	8188	-1136	-262	-139
-12636	-5960	8148	-4048	-352	328
-13444	-5468	8472	-6913	54	551
-14832	-8312	9296	-7502	-1344	-276
-14032	-8376	9916	-4345	-2416	-1817
-14892	-7844	9916	-5961	-2507	-3563
-15352	-10696	10536	-5855	-3339	-5996
-15520	-11640	9720	-2310	-4179	-8522
-14744	-8640	9100	-631	-5290	-9531
-13772	-9792	9200	-3623	-6159	-10043
-13296	-13268	9360	-171	-6752	-11194
-12544	-10372	9316	1880	-6710	-11739
-11720	-10464	9644	-2822	-6786	-11670
-11892	-15532	9256	-997	-6831	-12732
-10364	-12400	9304	3469	-7121	-13509
-9500	-11624	9844	200	-6907	-13228
-8668	-14840	9800	200	-6736	-13237
-8068	-13648	9056	4640	-6278	-13550
-6640	-11880	10048	2619	-6323	-12699
-5344	-13216	9000	2801	-5973	-12301
-5316	-11980	8688	3613	-5447	-11521
-3552	-10956	8876	2338	-5635	-10304
-3440	-12400	8348	3322	-5167	-9790
-2500	-9968	8436	2990	-4799	-8675
-2324	-11332	8376	1681	-4527	-7525
-2264	-12024	8444	2731	-4751	-6904
-1688	-10992	8400	3308	-4430	-6530
-1200	-11452	8308	970	-4308	-5789
-504	-12616	8192	2818	-4095	-5951
188	-10568	8736	2402	-4148	-5907
1192	-10092	9704	638	-3900	-5101
1488	-9760	10176	952	-4265	-4210
2484	-8752	9404	-2120	-4187	-2951
2388	-11392	8772	-505	-4447	-2708
3192	-10428	9384	3316	-4536	-3288
4604	-7008	10584	1348	-4036	-2536
4268	-10116	9544	-1145	-3695	-1818
4732	-10016	9416	4687	-3730	-1872
5224	-5440	10296	2132	-2466	-982
5436	-8484	9688	893	-2053	-90
5108	-7148	9920	657	-366	967
5488	-8480	9852	-930	542	1987
5292	-8600	8916	-1946	2340	2426
4240	-9356	9524	-102	2892	2808
4084	-8944	10536	-1051	4042	3043
3152	-10616	9696	-1736	4832	3145
2196	-11816	10336	2238	4700	2501
3372	-7400	10604	3032	3827	2207
864	-9160	11064	-2877	4352	2836
1388	-10360	9788	1127	2555	3640
3908	-6736	9136	-1487	2270	4729
-44	-11732	9540	-2428	3259	4510
-964	-11564	9072	2773	1619	4400
1156	-9052	10576	-2188	3307	5473
-1836	-12736	11984	-5908	3305	6508
-620	-13988	9164	-2544	2781	6698
-1836	-14432	10696	-1354	4236	6020
-1424	-9020	12692	-3310	4995	6819
-2672	-15124	12232	-9249	5062	7140
-3456	-18016	10820	1636	4706	6655
-2128	-7348	11344	706	5644	6935
-4148	-11892	13360	-11866	6888	8554
-6924	-18500	9996	-2614	6047	7938
-5988	-10228	10112	1081	5464	7225
-4108	-11528	12020	-6073	6115	7885
-7552	-16068	10964	-3809	6321	8124
-7100	-11100	8752	586	5962	7863
-6504	-10680	10628	-220	5538	7793
-7212	-11960	11004	-2073	6527	8387
-9276	-13672	9700	-101	6205	7640
-9336	-11668	8364	3151	6286	7304
-9404	-11280	10464	1514	6659	6953
-9596	-11944	10240	1467	7032	6537
-10420	-10520	8784	2004	7247	5873
-11212	-10232	8568	1998	7246	5779
-10772	-9736	9040	2842	6031	6059
-11296	-8608	8728	2210	5855	6280
-11976	-8080	8168	-1479	6139	6041
-12552	-9708	8580	-336	5567	5721
-12496	-8296	8608	1502	4935	5787
-12428	-6760	8460	-827	4360	6200
-13436	-8636	8132	-1268	3417	6365
-13172	-7308	8268	690	2354	6244
-13276	-6612	8472	162	1955	6465
-14204	-7280	7460	-1274	1857	5894
-14384	-7196	7460	-743	880	4867
-14184	-6724	7804	283	684	4206
-14704	-6488	7072	-923	902	4199
-14184	-7324	7012	-1528	468	2997
-13716	-7476	7924	169	533	1587
-13832	-5788	9000	-3028	746	613
-13584	-7124	8700	-3914	-701	-188
-12708	-6852	8128	-2283	-744	-561
-12572	-6452	7972	-1278	-1078	-635
-12348	-7040	7368	-497	-721	-781
-12932	-6328	7400	947	-519	-917
-12820	-5832	8260	-486	-124	-877
-12996	-6532	7840	-2865	752	-1087
-13908	-7160	7432	-2986	1179	-1568
-14312	-7544	7348	-3255	1128	-2371
-14024	-8292	7208	-2426	569	-3082
-13792	-9228	7864	-1019	503	-4191
-14288	-9080	8396	-724	474	-5736
-15596	-9540	8484	-492	-190	-7633
-15200	-9384	9016	293	-2685	-8397
-13564	-9436	9856	-761	-3741	-9084
-13560	-11172	9516	1887	-4655	-10033
-12620	-9492	9468	3285	-5384	-10303
-12736	-9436	9656	2177	-6340	-10320
-11956	-10116	9196	3034	-7603	-10107
-11264	-10216	9428	4279	-7762	-9889
-11388	-10084	9268	3501	-8167	-9537
-11076	-11236	9180	3142	-8818	-9348
-10508	-11184	9192	3773	-8957	-9516
-9308	-11048	10180	3693	-9370	-9175
-8836	-12180	10852	2028	-9050	-9389
-8244	-12916	10172	3668	-8960	-9653
-7280	-11204	10284	3629	-9105	-9451
-6224	-11772	11016	1666	-8743	-8984
-5540	-13104	10308	3722	-8163	-9165
-5096	-10820	10276	3995	-7736	-8908
-3976	-11404	10924	2029	-6859	-8379
-2888	-11564	9900	1707	-6281	-7957
-2564	-11528	9580	2866	-5725	-7711
-1444	-11256	10432	2026	-4768	-7440
-708	-10072	10328	1504	-4075	-6757
-200	-10032	10032	265	-3074	-6051
44	-11480	9960	-313	-2496	-5680
364	-10404	10348	290	-1906	-5403
996	-10240	11056	411	-2056	-4953
996	-9444	10584	-671	-1365	-4423
1228	-10636	10640	597	-2055	-4154
1292	-10188	10524	1231	-1827	-4050
1944	-10368	11436	2216	-1935	-4088
2028	-10584	11972	3507	-2150	-4298
2556	-8752	12092	3386	-2363	-3889
2744	-9196	12656	4699	-2986	-3784
3020	-6272	12708	3365	-3410	-2955
4136	-6476	11592	1632	-3909	-2077
4732	-6688	10648	3296	-3822	-1357
4828	-4048	10832	1763	-3128	-357
4828	-5800	11176	1253	-2247	442
5524	-4560	9784	-1299	-1185	1221
5740	-7912	9944	-283	-256	1482
4856	-5172	10580	-1178	987	2024
4840	-9372	10756	-2914	1633	2286
4732	-6676	10364	-1755	2991	2277
3740	-8748	10920	-1462	3653	2514
3648	-6316	11740	-1660	3656	2762
2824	-10124	10564	-2232	4104	3141
1696	-8344	12108	1771	3615	3229
2908	-6288	12508	-1816	2481	3905
948	-10600	10304	-3901	2848	4426
1668	-8896	11096	-50	1577	4925
1352	-10040	12456	-2669	2245	5115
-400	-8880	10840	-4132	2322	5693
56	-12808	12208	-9922	2371	6660
1436	-11316	11232	-4659	2985	6794
-2468	-11044	11000	-7735	4251	7277
-1676	-14344	11968	-7156	2921	7518
8	-13232	12416	-3248	3715	7639
-2992	-10332	10440	-4335	5678	7968
-3768	-15344	12500	-6654	4228	7424
-1728	-14844	12556	-564	5517	7149
-3388	-8672	9568	-106	6970	7989
-4980	-13964	11860	-8014	6499	8530
-5096	-16296	11556	972	6326	8158
-5792	-8624	9748	2359	7542	8345
-6072	-10784	10156	-5061	7060	8672
-6384	-14672	10096	-3111	7569	7975
-8000	-11212	8628	1465	7791	7999
-9068	-10180	9804	-3417	8054	7961
-8572	-12932	10908	-3602	8104	8622
-10556	-13552	9788	-1164	8564	7952
-11048	-10536	9360	2035	7559	7416
-10792	-10976	10128	776	7489	7232
-10936	-11248	10324	1471	7846	7309
-11320	-10480	8996	2301	8043	6769
-11724	-9036	7948	2421	8521	6463
-12168	-9396	8772	1844	8210	6117
-12648	-9384	8768	1666	8185	5877
-13280	-7268	8288	-384	8239	5719
-13668	-7784	7904	-2939	7660	5583
-13844	-8016	7016	-1909	6083	5004
-13968	-7968	7120	-2353	5099	4159
-14736	-8812	6816	-768	3695	3238
-15012	-7196	6580	-972	3083	2420
-15976	-8340	8228	-1232	659	1463
-14936	-7272	9420	-2009	-1555	1050
-14460	-6576	8036	-3959	-1993	870
-13704	-7532	6232	-3060	-2701	485
-12364	-7520	5040	-443	-1116	-182
-12948	-6200	4544	2125	439	115
-13028	-6012	5280	316	-312	316
-12752	-7208	6292	-529	-1	240
-12508	-7368	6804	-1455	307	509
-12688	-7360	6592	-2604	144	852
-12928	-7856	6624	-3633	110	636
-13656	-9304	7676	-1703	-57	-29
-14212	-6440	8504	-1348	-1076	-233
-15200	-6332	6612	-6463	-2264	-274
-15808	-10540	6888	-4433	-4862	-1737
-13628	-7888	8964	775	-4717	-3389
-13736	-5872	9992	-3346	-4492	-3967
-14020	-9360	9352	-6750	-5205	-4259
-13868	-12220	8868	-3875	-5032	-5513
-14200	-11636	10036	-45	-5588	-7377
-14112	-10968	10456	-752	-5984	-8810
-14160	-12220	9756	-479	-6447	-9912
-13832	-14056	9060	3580	-7138	-11469
-12552	-11600	9964	6454	-7744	-12034
-12320	-10900	10004	2693	-7812	-12183
-12044	-14564	9548	4322	-8426	-12400
-10656	-11620	9824	5167	-7598	-12577
-10816	-13164	10872	1400	-8301	-12537
-8688	-14032	9360	3504	-8072	-12604
-8652	-13740	9532	5098	-7684	-12556
-7768	-14088	9696	5040	-7709	-12597
-7288	-14128	9104	8561	-7964	-12578
-6212	-11384	9744	8357	-7494	-11784
-4916	-9736	9036	7408	-7626	-10389
-3540	-10100	8896	5286	-7042	-9103
-2756	-8644	7712	5378	-6511	-7489
-1196	-8304	8004	2784	-5868	-6089
-548	-9680	8056	3812	-5187	-5468
164	-9568	8744	4224	-4486	-5160
264	-9400	9640	2741	-4033	-4466
1400	-9888	8988	3333	-3633	-4290
1344	-10012	9572	4324	-3394	-4331
1820	-9468	10424	3827	-2709	-4207
2172	-9688	10728	4692	-2563	-4397
2172	-9132	9860	3538	-1787	-4720
2384	-9864	10836	7639	-1797	-5703
2968	-4708	12648	5071	-1418	-5447
3316	-3752	13712	-2013	-844	-3538
3344	-5944	12860	-3077	-1106	-2220
3456	-4576	12900	-1500	-869	-1426
4300	-3628	14296	-2480	-1199	313
3892	-5932	13956	-2815	-1417	1675
3668	-9232	12784	3204	-2343	1829
5340	-4456	13200	5220	-1516	1553
3868	-8808	14388	1586	-1429	1609
5336	-8324	12732	1452	-726	993
3428	-8816	12808	807	257	309
4476	-6140	14148	-1646	1024	133
4096	-8068	13036	-3534	1409	148
3044	-9008	12744	-923	1728	-404
3604	-7236	13348	-77	1419	-509
3240	-7120	13752	223	1306	-758
2776	-7400	12664	-1297	1149	-268
2812	-7236	11704	-618	1411	242
2816	-6572	12788	-2393	1383	810
2156	-7892	12824	-3613	1564	1666
720	-7716	12300	-4492	1069	2436
2816	-8924	12120	-5259	647	2705
676	-9944	13020	-3052	1466	2423
2280	-6452	11924	-4064	469	3179
2084	-10240	11616	-6312	988	3443
1420	-10104	12020	-1457	995	3579
1936	-6992	12308	-4305	1119	4547
2236	-10164	12404	-8747	1325	5905
-956	-14576	11528	-4842	1804	5434
1604	-10008	11300	-229	586	5180
2116	-9680	12360	-6249	3011	6026
-1720	-13400	10960	-4170	2688	5965
-412	-11748	9628	-2230	2163	5878
684	-10948	11028	-3275	3630	6933
-2272	-10032	11164	-7437	4893	7592
-2816	-14712	10072	-6069	3763	7553
-2020	-11180	11112	-2875	4653	8492
-3368	-9624	11312	-11105	4994	9243
-4464	-18120	9600	-7468	4736	8634
-4128	-13016	10720	1036	5464	8881
-4040	-9912	12712	-7826	5761	10027
-6872	-17112	11512	-8349	6068	9721
-7824	-15856	10000	174	5891	8958
-5684	-10984	11184	541	5675	8845
-6648	-13660	12028	-4654	6324	8691
-7788	-13624	9928	-188	6863	8042
-9348	-11820	10388	1563	6456	7154
-9180	-11180	11188	-471	6521	7315
-9728	-11568	9148	-1377	6500	7232
-9468	-10952	8232	1773	6183	7121
-8996	-8752	8344	1244	6705	7574
-10696	-11204	-11236	-9828	8104	2839
6359	7748	-11740	-8256	7804	869
6603	7674	-13216	-10292	8200	470
5642	7088	-12260	-9260	8128	3272
4614	7211	-13124	-8692	7808	-392
5469	6807	-14080	-10368	7928	1039
5393	5542	-13872	-8768	6960	4273
6060	3637	-15156	-7104	6916	2985
5417	2669	-16012	-8320	11288	368
377	1261	-12568	-6536	12072	-1366
-2017	1272	-12200	-5696	7876	-4148
-804	1488	-12184	-7608	6200	-2606
-292	1820	-12704	-8120	5944	1978
1083	1271	-12824	-6592	6196	2833
971	839	-13892	-6924	7244	-273
1020	179	-13660	-7392	7792	-387
-99	-329	-12780	-6340	7112	-600
396	-621	-12848	-6544	7464	-548
119	-1164	-13092	-7312	8808	-687
-547	-1702	-12952	-6572	8572	-657
-1247	-2041	-14300	-8712	9156	-576
-2492	-2636	-13872	-8552	9980	2799
-4556	-3316	-14616	-8272	11816	1689
-6102	-4035	-13716	-9808	12064	1315
-7950	-5604	-14164	-10384	12388	1890
-9163	-7454	-13636	-10240	12604	1499
-10822	-8847	-12960	-10580	13408	681
-11918	-9980	-12232	-10788	13064	-346
-12410	-10991	-11996	-11384	12936	129
-12947	-11881	-11652	-12248	13088	646
-13411	-12633	-10788	-11764	12856	1887
-13832	-13208	-10084	-11200	12604	1486
-13367	-13326	-8892	-11804	12084	2339
-12681	-13508	-7356	-10856	11652	3605
-11372	-13093	-6452	-10580	12144	1133
-10031	-12073	-5624	-12180	11168	1499
-8382	-11815	-4244	-11228	11556	2559
-6988	-11020	-3324	-10968	11604	922
-5398	-10254	-2440	-11172	11236	675
-4677	-9276	-1896	-13600	10384	4362
-4078	-9098	-752	-10040	10868	7733
-3903	-8201	-220	-9900	11368	4156
-3448	-7129	696	-10316	9688	4561
-3384	-6124	792	-10208	9436	6381
-3501	-5570	1456	-8064	10692	5700
-3775	-4774	1988	-9132	10820	3181
-4022	-4089	1988	-9660	10164	4682
-4862	-4262	2676	-9196	10252	5934
-5632	-4801	3376	-7184	11276	6981
-6120	-5096	3924	-6704	10692	5193
-6369	-4889	4988	-6184	11172	6809
-6654	-5008	5412	-3072	11600	4147
-5959	-4464	5568	-4564	11444	2344
-5553	-3441	6716	-3324	10980	3139
-4497	-3112	6596	-1748	11584	2304
-3867	-2126	7456	-984	11880	-173
-2546	-514	7164	-2476	10828	-134
-1732	540	6956	-1812	11408	51
-125	1655	7436	-2740	11652	-1499
555	2792	6632	-4848	11808	-2514
1861	3463	5820	-6072	12368	-1484
2583	3449	6400	-5404	13280	-2234
3184	3493	5608	-6260	13268	-2239
3621	3615	4784	-5888	11764	-2942
4170	3753	4580	-7028	13168	-174
3534	3554	4752	-5468	13792	495
3457	3594	4024	-4924	13384	-2544
2800	4195	3408	-8052	12668	-2627
2500	4423	3788	-7160	13868	-1353
2603	4361	3284	-7500	13596	-2317
2392	4547	2880	-9476	12924	-4435
2516	4962	2880	-9088	13648	-2517
1674	4560	4596	-4120	12728	-6635
3498	5252	1332	-13008	13120	-9778
3581	5474	3144	-12036	12916	-2081
2744	4730	2092	-4992	11800	-3899
4895	5360	1176	-6292	12032	-10762
5248	7822	772	-12664	12468	-12718
4868	8215	-464	-9736	9724	-5904
7186	8099	-1708	-7412	10152	-11839
7561	9923	-2280	-16780	10708	-12981
6450	9357	-2132	-14136	8444	-705
9245	9048	-4484	-8748	10264	-5640
9911	9884	-5084	-16940	13704	-11626
8135	9113	-3184	-15456	10232	1542
8658	9090	-7048	-9948	9140	-2348
10906	8862	-7104	-15324	12440	-833
8107	7853	-6092	-11536	11308	2286
10243	8532	-8888	-10924	11024	-3205
9258	8599	-9492	-14668	11316	601
9630	7857	-11236	-11472	13620	4146
7837	7300	-10040	-10612	11740	-764
7400	6903	-9556	-12440	10024	2829
6385	6994	-10516	-9120	10676	6085
5140	6830	-11052	-6848	10820	3867
4508	6865	-10904	-9484	9816	3409
4479	7018	-10296	-7952	10136	3384
5414	7282	-11780	-8228	10188	-713
6859	7447	-12432	-8812	10536	440
6592	6507	-12180	-7764	11268	1846
5875	6135	-12880	-8668	10664	43
5415	5048	-12028	-8472	10448	2203
4953	3828	-12868	-6536	9484	2493
4477	3543	-13172	-6364	9692	1520
3356	3098	-12996	-5880	7356	222
3640	2870	-13572	-6216	7428	191
3099	2675	-13676	-6532	6864	-1088
3309	2360	-13500	-5404	7936	755
2981	1366	-15272	-3120	7484	-1380
2547	1509	-15032	-3492	8636	-4967
-432	1737	-12272	-4916	9432	-6369
-1126	1677	-12316	-7184	8644	-5221
-83	1406	-12852	-7768	7116	-1997
294	1241	-13040	-7248	7400	633
323	944	-13660	-6604	8180	332
240	359	-13392	-6972	8260	-714
106	-525	-13780	-6636	7924	-400
-89	-818	-14392	-7136	8296	92
-1290	-1927	-14248	-6736	8924	750
-1861	-2806	-14252	-5540	10040	1071
-3241	-3748	-13964	-3808	9888	-50
-4573	-4103	-14692	-4296	10104	-3508
-6360	-4044	-13320	-6820	12040	-5598
-7660	-4182	-14520	-8000	12152	-7932
-6938	-4717	-14280	-10592	12152	-8211
-7239	-7047	-14420	-13132	12892	-2957
-7583	-9849	-13408	-11984	12148	1760
-8415	-11411	-13184	-12664	12032	1726
-9008	-12998	-11936	-13488	-11212	-11452
11752	7070	-9245	-14491	-10540	-11208
11112	4822	-9147	-14510	-9872	-10348
11012	4485	-8786	-13999	-9000	-10148
11712	2738	-9161	-13679	-8068	-9512
11288	743	-9398	-13109	-7080	-11296
12196	52	-10466	-12278	-5012	-11280
11648	-1126	-9779	-11435	-4980	-12428
10284	-1243	-9186	-10837	-3808	-13132
9840	1786	-8841	-10914	-1768	-11812
9188	5251	-7250	-11064	-808	-10676
8992	6531	-5917	-10517	-352	-9632
9068	6242	-4505	-9339	240	-9088
9452	6147	-3185	-7989	596	-8848
10780	5847	-1484	-6940	592	-8536
10844	3535	-856	-5577	108	-9384
11272	1267	165	-4304	-124	-9096
11000	3033	384	-3375	948	-7500
10476	1463	341	-1952	1280	-8500
10052	2042	786	-1039	1472	-8728
11180	3536	1324	-910	1736	-6896
11776	916	1299	-80	1948	-7932
11736	1011	229	114	2168	-7696
12108	1528	-75	-202	2240	-7340
13064	1610	-1465	-403	2984	-7220
13012	-503	-2267	-721	3020	-7856
13452	1145	-3372	-1772	4620	-4616
11972	-557	-3902	-2092	4008	-7932
12720	-464	-3240	-2417	4700	-4700
12848	444	-2272	-1887	5076	-5272
13092	-1501	-1371	-660	4140	-7032
13124	-224	6	-156	3708	-7604
12840	1376	979	474	4092	-6652
13616	925	1879	946	3008	-7104
12860	194	2764	1222	2948	-6308
12508	17	2935	1359	3092	-6816
12508	78	2658	996	2764	-7032
12396	-428	2833	570	1748	-7348
12376	-956	1887	375	3352	-7160
12080	-766	868	66	844	-8020
12756	21	381	-147	2180	-5032
12168	-2633	27	542	2832	-9468
11656	-4945	-582	1317	652	-10120
12076	343	-770	482	3268	-5828
11720	-2213	-684	843	2816	-10824
12960	-3707	398	1781	-284	-9852
12684	-1278	346	1292	2004	-7176
12812	-4141	468	2262	3932	-8956
12924	-7894	1605	4294	-756	-12156
12412	-7892	2960	4223	816	-11900
13372	-4785	2649	4854	1820	-8776
13576	-9673	3678	5811	-992	-14464
10932	-11150	4641	5550	-252	-15604
10884	81	4452	4635	744	-9004
13548	-377	5755	5514	-2980	-11676
13388	-8051	5623	6747	-2972	-13860
9888	-4435	6121	6034	-2476	-11976
11812	162	7056	5887	-3576	-10092
13476	-4032	8254	7593	-5680	-12916
10188	-6519	8598	8137	-5232	-12516
10472	-3604	8528	7506	-5580	-11416
11328	-1404	8716	7764	-6120	-11408
10792	-3562	9328	8396	-7048	-13948
10508	-838	9253	8334	-7712	-11308
11940	2742	8795	8018	-8956	-8948
11580	-1643	9236	8114	-8756	-11640
10092	-490	9136	8422	-10136	-12776
11000	789	9627	7978	-10080	-10444
11248	1544	9690	6937	-11908	-9728
9112	-103	10054	6668	-11340	-9908
10144	1281	9350	6221	-11036	-9932
10328	3216	9209	5995	-11720	-9400
8788	2759	9003	5798	-11512	-9536
8024	3739	8500	5565	-12324	-9904
8044	4130	7952	5435	-12700	-9432
7684	4129	7235	5264	-14524	-9056
12908	2342	5198	4649	-13672	-6544
13464	-4040	1766	3742	-14024	-6952
10200	-9857	-441	2722	-13056	-9744
7552	-6834	-1892	1894	-12324	-8968
6972	689	-793	626	-13428	-6492
6536	3457	271	-123	-14228	-6660
7428	3830	2	-801	-13896	-5600
8344	3405	-320	-1078	-12976	-4512
7840	-141	-343	-220	-12380	-6248
6736	-2880	492	575	-13208	-7816
7776	-1632	506	242	-13168	-7472
9236	-1209	-264	-116	-13748	-7748
9532	-3453	-1256	-833	-14252	-9012
9768	-3970	-2580	-2368	-14760	-9932
10028	-2262	-3966	-4129	-14400	-9392
9624	-1163	-5508	-5382	-14036	-9872
11084	-1922	-6476	-6441	-13760	-10620
11004	-1991	-7041	-7830	-13608	-10032
10152	-2715	-7350	-8848	-13124	-11932
10364	-2686	-7709	-9573	-12204	-11720
11392	-1741	-7828	-10377	-12496	-12024
11344	-3221	-7764	-10886	-11940	-13364
10636	-574	-9098	-11807	-10384	-12056
11412	1259	-9097	-12501	-9752	-12440
11712	-312	-9104	-12060	-8916	-13104
10436	1313	-9672	-11995	-7700	-14316
10176	2752	-9458	-11998	-7028	-13516
9932	5746	-9723	-11497	-4592	-12436
9736	5248	-9319	-10659	-4976	-12580
8684	5849	-8208	-10145	-3524	-11052
7960	5240	-7755	-8739	-2744	-13556
9492	7311	-6184	-8595	-1936	-9460
10752	6281	-5285	-7493	-2400	-12340
10156	5114	-5573	-6446	-2316	-13024
10760	9864	-6443	-6863	-1888	-11124
12144	9630	-6857	-6381	-656	-11180
11312	8845	-7185	-5725	-148	-11304
10916	10363	-7216	-5404	1312	-7632
12064	10800	-6857	-4538	2256	-7476
11884	4342	-6282	-2376	3104	-8348
9924	6650	-5340	-1711	4124	-4468
11676	5305	-4209	-450	4160	-4388
10988	603	-3806	1628	4516	-5188
9144	1003	-2456	2406	4892	-2868
9724	-3534	-826	3617	4740	-916
10552	-10336	571	5557	3464	-4872
10848	-12756	268	5596	5328	-8616
6324	-13691	2315	4269	3980	-8676
12404	-3412	1215	3044	3704	-5120
15552	-3254	144	2560	3884	-8044
12136	-3655	-930	1840	3608	-10376
11988	1940	-511	443	4544	-7352
13508	981	124	341	3168	-9076
12852	-1774	1065	720	3452	-9188
12104	-928	1485	737	3072	-10148
12444	1515	2242	114	2460	-9200
12824	3198	2562	-238	2192	-9044
12396	4033	1605	-157	1564	-9728
11856	4822	2045	-812	2264	-6280
12760	4414	1174	-312	1828	-8380
11916	-222	2406	53	1140	-8352
12164	2212	1828	-7380	12648	-1730
1766	1200	1368	-9620	12616	-415
1774	1189	1208	-7916	11800	332
1614	1464	2912	-7748	11936	-2739
1144	2214	144	-9824	11628	244
2592	2749	1264	-5344	10932	-96
3058	4255	2540	-6744	12136	-4388
3325	5807	-2604	-13224	12568	-734
3604	5740	-788	-9304	12360	1155
2989	5519	552	-9944	12824	-2542
3258	5993	-2188	-11872	12740	-1352
3978	6161	-636	-9948	12464	-2386
3867	6854	-1048	-9716	13308	-5254
5677	7325	-4180	-11884	12324	-5829
6829	6992	-3508	-11456	13032	-4286
6820	6807	-3360	-10576	13108	-4547
8188	7120	-4948	-12808	13608	-4258
9193	7429	-7144	-12676	13700	-1373
8472	6280	-6144	-9908	13560	1693
8040	5516	-7060	-9376	14136	-881
8122	5899	-8264	-9016	12232	-3515
9004	6901	-9612	-8932	13508	-2236
7049	7515	-9996	-7704	14056	-4508
5682	8451	-9544	-9028	11692	-8292
5380	8642	-9960	-11660	12456	-4782
5894	8437	-9920	-11148	13352	-2131
6040	7797	-10108	-10412	11340	-2789
6725	6807	-10768	-11104	11076	1713
7216	4974	-10196	-10128	12124	5782
7076	3446	-10840	-8392	11564	3800
7392	2810	-10444	-7732	9340	1684
8089	2803	-11400	-8544	9732	2619
7704	2566	-11544	-7060	9584	3221
7084	2629	-13344	-6592	8600	132
6124	3150	-13476	-7268	8236	-1306
5135	3371	-13692	-7344	8296	-1037
4312	3263	-13952	-7288	7848	-1401
4795	2941	-15092	-6628	9816	499
2686	1721	-14268	-3856	12548	-3907
1120	1131	-13480	-5252	11416	-9011
-920	1224	-11456	-7248	9036	-6346
-1249	1189	-11904	-7668	8148	-3979
-645	989	-11684	-9216	7540	-1275
-484	414	-12568	-8680	8028	-307
187	-148	-12960	-9064	8860	522
-514	-939	-12856	-7068	8692	121
-283	-1443	-14348	-8148	9092	-2833
-708	-2606	-13908	-9312	9124	-1459
-1734	-3837	-13972	-7708	-13644	-8076
9176	-3099	-2898	-5972	-13244	-9016
9744	-4443	-2210	-6957	-14356	-12016
10308	-4253	-2834	-8784	-13920	-12344
10544	-1428	-3927	-9340	-13672	-11532
10456	-2108	-4813	-10655	-13920	-15176
10308	-1281	-6136	-12737	-12400	-13080
10680	4236	-7245	-13195	-12436	-12536
11560	285	-7995	-13857	-10960	-13228
-10172	-11108	10696	4960	-9239	-13935
-9044	-12732	10888	5371	-6952	-12668
11388	6195	-9461	-12549	-6896	-12276
11612	6589	-9301	-11048	-6180	-13336
10836	6943	-9378	-9841	-4684	-13080
9756	8671	-9141	-9477	-3440	-11764
10624	7361	-9223	-8217	-2824	-13476
9156	6928	-8349	-7523	-2036	-12636
9256	11264	-8727	-7259	-808	-9876
9020	9429	-9011	-6710	1072	-11064
7988	8199	-8710	-6287	1656	-9680
8308	10433	-7825	-6228	1248	-6632
9448	8217	-6557	-5289	1484	-7236
10320	4621	-5354	-4268	1796	-7108
10928	5804	-4255	-3364	2524	-4744
11440	4041	-3502	-1788	2492	-5580
12804	3175	-3320	-474	2880	-3808
11700	919	-3225	966	4120	-6564
10260	3110	-3444	1065	3928	-3172
11896	2753	-3486	617	4532	-4192
12652	-259	-4050	716	5200	-5580
10948	-349	-4004	868	4484	-3852
10964	830	-3268	454	6388	-3628
12016	-524	-1687	931	5264	-5052
11732	-2198	-1015	1283	6356	-5364
11848	-1859	373	1311	5244	-5284
12780	-2939	1438	1378	5640	-5492
12668	-4699	2197	1483	4400	-7248
11720	-3865	3012	1236	4780	-6952
12472	-2632	3285	714	3408	-7016
13196	-3117	3312	961	3656	-7168
12456	-3823	2493	1061	2360	-8408
12924	-2247	2692	683	3044	-6008
11100	-2345	1977	1075	2256	-8160
12780	-3321	1865	980	4116	-5588
11984	-3781	1211	2233	2824	-8800
9860	-6907	1630	2462	2004	-10576
11452	-1068	578	2211	3620	-7024
11964	-5750	1437	3183	1052	-12088
12324	-6112	1346	3393	1848	-11928
10904	-4610	2023	3393	1392	-11932
13580	-3371	1985	3499	1464	-8264
13776	-6631	2538	4674	188	-14048
11500	-10819	2915	5544	-604	-17532
12060	-4287	2564	4166	1376	-12548
13492	-2441	3520	3758	1116	-11432
12880	-9187	4704	4858	-1480	-15388
10644	-5215	5734	4358	-492	-10652
11520	-1925	6353	4497	344	-10476
11864	-5468	7948	6391	-3540	-13112
12340	-5302	8453	6884	-4156	-13724
10156	-2604	8648	6397	-2984	-11072
10660	-1798	9266	7303	-5036	-11220
11936	-4930	10165	8150	-6140	-13412
10736	-6628	10645	8357	-6792	-12924
8456	-2911	11319	9074	-7856	-11360
9784	-2420	10822	9356	-7552	-11152
10248	-2538	11135	9799	-8612	-13016
7808	-1024	11799	9949	-10584	-12752
8412	3078	12104	9166	-10572	-10896
9240	3323	10510	8640	-10352	-10740
8820	2352	10370	9027	-11448	-12052
8216	2977	9713	8876	-12160	-10244
9112	6149	8236	8441	-11556	-8152
9012	2939	7412	8685	-13356	-9112
8144	-62	6726	8554	-14712	-10324
8236	1526	5368	7475	-13852	-8208
8484	2599	4492	6888	-14472	-6928
7772	-1917	5148	6637	-15208	-7924
7492	-2950	5536	5997	-15488	-8372
7932	1012	4878	4210	-14912	-5988
9272	245	3287	3235	-14424	-6608
9412	-4270	1213	3191	-14172	-7524
7136	-6036	223	3046	-14084	-8480
5072	-4131	-483	2212	-13096	-7772
4796	-1774	-104	1240	-13092	-7448
4764	-1364	754	187	-13652	-7916
5616	-833	820	-398	-13388	-7432
7148	-1134	-337	-635	-13172	-7028
7168	-2651	-338	-962	-13784	-7612
-14984	-8620	7844	-3668	-769	-2877
-15896	-9644	7480	-2554	-1294	-4839
-16732	-10556	8360	-299	-2537	-6725
-16644	-10024	9512	641	-4068	-8380
-16432	-9948	10020	-72	-5158	-9734
-16344	-10892	9760	-1239	-6162	-11418
-16164	-12120	9560	1103	-7652	-12404
-15468	-12032	10508	707	-8882	-13010
-14780	-12088	10076	71	-10408	-13162
-13728	-12936	8916	-94	-10823	-13599
-11968	-12776	8700	2040	-11565	-13478
-10332	-12220	8908	2374	-10772	-13215
-9816	-13632	9156	2707	-10469	-12715
-8468	-12676	8508	5352	-9261	-12345
-8416	-13772	9476	7006	-8434	-11348
-7480	-12720	8428	9898	-8342	-10152
-6716	-12400	7956	8844	-8758	-8230
-5556	-13280	7204	11260	-8938	-7322
-4292	-10760	6844	11480	-8422	-6470
-2696	-9244	6812	10284	-8384	-5240
-2644	-11100	6576	8222	-7855	-4371
-864	-10220	6688	12333	-7710	-4423
-920	-6908	9092	8043	-7178	-3278
104	-7840	9376	4571	-6447	-2484
-468	-8000	9200	3673	-5732	-1651
540	-7056	10880	2255	-5535	-994
1412	-6708	11812	1023	-5239	-201
1000	-7024	11516	1280	-5835	971
2616	-7736	10116	4034	-7054	711
4196	-6312	14000	5069	-7554	492
4184	-5212	15068	1035	-7489	1568
3504	-7948	12392	-91	-7528	1928
3476	-8192	12212	2811	-7250	523
4244	-4136	14300	3913	-6366	735
5120	-5336	15664	-681	-5433	2682
4752	-7812	12196	-328	-3887	3164
6076	-6876	12916	4200	-2940	2225
6780	-4824	13640	1980	-1514	1636
6512	-6584	12608	1163	-1014	1147
6084	-7196	11800	1853	408	-225
6376	-4708	12288	-13	1378	-1267
5548	-6140	13476	-1782	2627	-1387
4472	-5552	13008	-3355	3436	-1163
3532	-6884	11692	-2934	3893	-1915
4464	-6396	11736	-703	3762	-2177
2244	-5492	13156	-611	4064	-1758
2764	-4856	11728	-2941	3357	-1073
2744	-5808	10820	-3699	3708	1
-212	-6208	11320	-3114	3449	405
2016	-4704	11448	-3301	1294	1086
3408	-6120	10088	-6067	1682	2723
1104	-7236	10704	-5727	1707	2961
3240	-8316	12008	-5303	2028	2924
4780	-9152	12024	-7719	3040	4804
184	-13112	11352	-5408	3540	4549
848	-11348	13320	-3926	3008	3808
1460	-10556	13960	-4407	3674	4494
-76	-11928	11600	-7619	4363	5604
-1860	-13764	13148	-3086	3867	5276
660	-10368	12440	-5693	4554	6509
-2884	-13776	11780	-8121	6102	7008
-1752	-12100	12768	-4393	7303	7085
-1856	-11268	11528	-8722	8963	8310
-7068	-16692	11868	-5862	8722	7421
-3924	-12168	11984	-1896	8873	6786
-4148	-11572	11800	-5528	10103	7825
-7120	-13060	11356	-4106	10305	7369
-7192	-11804	10196	-1387	9988	7363
-7060	-10848	12028	-3619	10573	8664
-8672	-11212	11576	-5176	10654	9266
-9572	-12360	10396	-3120	10449	8899
-8448	-12656	10420	919	10554	8830
-9956	-10328	11796	2084	10207	9134
-11896	-10672	10696	1345	8719	8323
-12244	-11248	9548	3755	7937	7278
-11044	-10732	10508	6752	7541	6906
-10600	-8508	9988	5305	8302	7651
-12920	-10748	8664	3674	8256	6960
-13040	-9244	8680	6617	7944	5377
-13828	-7808	12568	6672	6773	4532
-13492	-4896	14132	-1957	4426	4642
-13476	-7704	11712	-7814	2229	5077
-12860	-10540	8160	-1466	1782	3928
-12956	-7876	6456	3601	2073	2640
-13236	-6568	5572	3570	2426	1835
-14272	-6624	7604	3393	2178	594
-13920	-6012	8436	1001	1312	166
-14036	-6016	7604	-2373	444	-262
-13032	-6224	7200	-2454	150	-642
-13156	-6348	6364	-1334	73	-369
-13056	-6260	7752	-930	-194	-534
-12884	-7040	9060	-2547	-473	-882
-12980	-7984	9468	-3116	-769	-1692
-14060	-7008	10440	-3674	-1609	-1861
-15052	-7932	9428	-7212	-2455	-1928
-15320	-12632	10220	-3173	-4672	-4104
-13944	-9436	11212	2906	-4653	-6882
-15716	-8652	11160	-1547	-5346	-8737
-15380	-10624	11412	-2740	-6240	-9772
-15772	-11528	10864	-2851	-6166	-11571
-15932	-11300	10920	-2385	-7375	-12370
-14628	-10852	10440	-4698	-7932	-12092
-13492	-12128	10236	-6304	-8028	-12099
-12912	-12188	9040	-4616	-7115	-12610
-12528	-12924	8708	-5538	-7721	-13046
-10272	-15700	8068	-782	-8207	-13575
-9144	-14668	8824	3189	-7968	-13591
-8576	-13792	8616	2904	-8411	-12585
-6916	-15560	7892	7496	-8481	-12590
-6160	-13048	7864	11066	-9188	-12395
-4328	-12872	8452	8862	-9030	-10848
-3636	-15456	8452	13234	-8937	-10820
-1960	-11596	8920	14188	-9933	-10008
440	-10672	9464	10985	-8400	-8510
-148	-8544	8296	9606	-8004	-6510
100	-8920	7648	6229	-8329	-4363
2056	-7272	7988	7882	-7388	-3613
1672	-5296	8916	5904	-7527	-2117
3008	-6320	8160	1951	-7203	-745
3224	-7556	8364	7179	-7959	-897
4588	-1304	8092	4212	-7687	-553
4488	-7756	6572	1854	-6732	-1327
4296	-5088	9240	6539	-5582	-2081
5644	-2784	12268	650	-4107	-36
4968	-6140	11804	-4058	-2383	1118
5324	-7716	10652	-2338	-1335	1588
5760	-6460	13920	-107	-206	1437
6128	-6224	13924	-2946	510	2289
5896	-8192	12248	-110	870	2332
5340	-7332	13048	2047	1200	1441
5404	-5748	13144	722	1467	1043
4576	-7604	12820	-44	1590	1199
4392	-6680	11904	-1149	1935	873
4096	-8012	11992	-1503	2262	468
2720	-7368	12204	-341	2294	284
4652	-5588	11752	-2474	1568	1119
1864	-8316	11388	-2435	2354	904
2564	-4068	11524	-1900	1317	1545
4948	-5516	10732	-7362	1960	3921
116	-10448	10360	-5224	2242	4174
1860	-9200	10916	-2784	778	4175
3380	-8680	12388	-5683	1774	5075
424	-12512	11720	-6471	2342	5049
2452	-12424	11188	-5202	2300	6072
756	-12652	11936	-3600	3536	5760
1140	-9568	13268	-2087	3851	6014
400	-10992	11952	-6010	5197	7708
-1696	-15096	12400	-3851	5607	7475
-1292	-12176	13000	-584	6263	6648
-3168	-12476	11668	-3524	6532	6992
-2640	-13536	11876	-4252	6211	6967
-2900	-12692	11456	-1521	7039	6747
-4220	-11816	11536	-2312	7046	6970
-3924	-11592	12088	-5353	6929	7260
-5004	-12128	11104	-3556	7515	7689
-6656	-12376	10800	-3661	7198	7769
-5980	-12660	11220	-2545	-7220	-12220
11580	-1847	7963	7323	-8320	-12668
11704	-1313	7877	6818	-8172	-13032
11084	78	7848	6468	-7980	-12008
11320	1913	7765	5923	-8460	-10540
10684	1567	7935	5954	-9204	-10960
10628	1589	7565	5996	-9368	-10256
10440	2239	7620	5933	-10252	-9888
10504	342	7292	5700	-10288	-10644
10448	1260	6818	5497	-11444	-9840
10956	1834	6562	5014	-11572	-9368
10888	1114	5803	4344	-11944	-9516
10088	777	5505	3856	-12144	-9476
9892	2400	4234	3546	-11728	-7504
9420	2005	4056	3620	-11872	-8528
8624	1226	4075	3396	-11956	-8100
8436	2211	4060	3233	-11676	-6592
8068	-789	4721	4126	-11904	-8152
8032	-3504	4974	4649	-12228	-9100
7500	-1214	5139	4344	-12604	-7188
7592	-844	4445	3785	-13444	-7120
7732	-2795	3479	3523	-13224	-7204
7664	-2580	2245	3343	-13836	-6792
7156	-2037	1788	2840	-13960	-5664
7048	-2329	1014	2555	-13592	-5828
6424	-3496	927	2313	-14016	-6348
5996	-2711	1315	1960	-14028	-6108
5520	-1119	1543	1547	-14000	-6372
5508	-725	1925	1224	-13768	-6856
5588	746	2096	727	-13764	-6920
5988	1842	2223	77	-13520	-6600
9116	1380	433	-459	-12960	-6132
9124	-2309	-684	-207	-12244	-6860
8196	-3489	-1645	307	-12620	-7416
6680	-1999	-560	224	-13660	-7148
5436	-452	-43	-190	-13652	-7276
5056	534	-52	-667	-13948	-7348
6132	1880	-312	-1412	-13856	-6600
6492	1639	68	-2302	-13960	-7128
5688	492	287	-3308	-14320	-7080
5264	246	381	-4225	-14776	-7464
7468	268	-662	-5140	-14636	-5844
9288	-2136	14570	-20283	5345	26146
26344	-14090	4328	-29498	22740	-31449
-23308	14577	-27419	10440	30937	7466
30974	30958	12512	2247	-12074	-11477
27386	8424	-22307	-16185	-2866	-12244
-32251	22497	-1831	2248	-2862	-13782
-28653	23771	-24364	22729	-3880	-21716
-20207	26068	-814	29896	29902	23087
26377	18128	-26414	2252	-9010	-19156
14600	8910	31953	-18224	-10034	6187
4102	-4658	-817	-28459	-21298	23083
12549	-8755	-14129	-23334	-25394	-22742
4096	-25649	13519	-17187	-30516	-8405
-28157	-2608	-23344	5337	-7724	-11760
9296	2975	-13603	-10269	-3536	-11880
9012	2618	-11838	-9350	-2044	-11456
7448	4935	-9358	-7809	-1060	-11224
6984	5031	-8375	-6306	1308	-10828
6888	7433	-6890	-4991	1436	-10216
7168	6780	-5343	-4062	1812	-10640
7220	6013	-4427	-3662	2092	-10664
8180	6155	-4093	-3610	1596	-9684
8704	4375	-3498	-3805	2404	-9932
9456	4896	-3647	-4034	3004	-7464
10020	4364	-3612	-3925	3644	-5336
10256	2264	-3056	-3137	3168	-4324
10940	-322	-3403	-1737	3260	-5196
11368	-3287	-3659	-259	2832	-8760
10560	-2499	-3625	-174	2440	-9672
10720	-119	-4100	-786	3840	-8816
12384	842	-3492	-1055	3888	-7360
12860	-1627	-3319	-159	4736	-8384
11072	-1421	-2826	355	4664	-9952
12344	2846	-1879	-138	5568	-4824
13452	1330	-1320	650	5540	-8604
12420	671	-821	949	4828	-8348
12416	1926	15	439	5820	-6260
12204	813	611	-76	4940	-7644
12160	536	1116	-530	4972	-7064
11588	-1784	1705	-464	4120	-8308
12008	16	1821	-567	3344	-7284
12684	-941	2219	-241	4116	-7060
12492	-1085	2392	211	3228	-7812
11908	-1317	2183	717	2936	-8044
11020	232	2198	310	3692	-6892
10940	332	1863	521	2816	-8112
10928	-915	1954	617	2600	-6980
10592	-612	2094	961	2352	-6616
9948	-3210	2079	2157	1264	-9856
10380	-3939	1363	2355	2336	-10444
10700	-812	1202	2402	3548	-7772
11464	-2309	2325	3182	2240	-10104
1008	-12352	10532	-2181	3103	3921
2320	-9904	11836	-2776	3192	4468
1512	-10956	13356	-5979	4480	5508
236	-12128	12428	-8120	4646	6551
-832	-14020	11124	-5309	5526	6264
-800	-12360	14208	-2445	5882	6347
184	-10888	13176	-7486	6470	7730
-4940	-17332	12444	-7379	7664	6225
-5664	-16048	11844	309	7046	5378
-2144	-13244	12612	-130	6548	5557
-4456	-10620	11876	-2725	7911	5531
-3568	-11728	9564	-1202	8786	6444
-3840	-10632	11396	1577	8782	7336
-5088	-8768	11672	1258	9318	8154
-6524	-8304	9604	-2329	10087	9363
-8384	-12176	11424	-864	9300	10013
-8568	-11600	12960	1873	8559	9828
-10192	-11008	11004	213	9527	9950
-11636	-11040	10588	2034	10035	9306
-11116	-9060	10792	3567	10261	8848
-11824	-8072	9464	916	11051	9208
-13588	-8776	9848	938	10684	9095
-14088	-7524	10396	1905	9734	9367
-14968	-6488	9828	348	8807	9226
-16244	-6748	9724	-1607	8063	8283
-16888	-7072	10300	-2397	6897	6427
-15956	-6328	9380	-2932	5260	4242
-14752	-6380	8616	-3993	3635	2678
-15204	-7920	8548	-4324	2175	1562
-13044	-7328	8960	-6676	644	1224
-12900	-6844	8932	-10219	248	1701
-12316	-7848	6664	-9877	-441	1547
-11932	-9080	6156	-5934	410	894
-11920	-7732	7308	-3478	1729	39
-12624	-8452	6884	-4485	2334	-317
-13944	-10720	6968	-200	971	-1199
-13620	-8260	8324	1847	-41	-2567
-14968	-8700	7304	-350	-634	-4362
-15472	-11440	6736	1549	-2070	-6352
-15204	-11548	7920	4340	-2417	-8352
-15728	-9296	9412	3938	-3736	-9474
-15028	-8672	9220	1714	-4781	-10598
-15864	-10688	9836	1027	-4486	-12238
-16568	-10752	9972	1661	-6192	-13035
-15644	-10956	10032	640	-8549	-13585
-14368	-11224	10780	1599	-9572	-13734
-13604	-11044	10728	1270	-10290	-14004
-12780	-13040	10504	53	-10886	-13709
-11696	-14292	10080	1823	-11656	-13606
-9860	-13292	10760	4877	-12106	-12625
-8320	-12608	10604	4118	-11551	-12096
-7484	-14600	9464	4531	-11111	-11560
-5808	-13536	9840	9190	-10657	-11016
-4908	-11052	10088	7959	-10335	-9587
-3996	-12100	7776	6954	-10036	-8261
-2196	-12712	7236	10562	-9210	-7460
-1924	-9396	8000	10875	-8655	-6183
-884	-10056	7480	8572	-8616	-4713
-296	-10220	7452	11065	-7769	-4376
648	-7240	8700	9868	-7281	-3274
1144	-8292	8976	5456	-6265	-2246
2208	-8276	9440	6438	-5634	-1608
2124	-6560	10480	4791	-5115	-1132
2900	-7420	11592	3465	-4720	-535
3556	-6524	11112	3195	-5221	-289
4612	-7396	11484	4423	-5581	-772
4472	-4968	11904	3558	-4897	-1169
4272	-5020	12628	1943	-4743	-1104
4992	-6096	12772	921	-3905	-1067
4276	-6528	12384	1456	-3831	-1731
5752	-6124	12160	964	-3327	-2248
5084	-4788	13240	932	-2386	-2289
4728	-4580	12828	-1683	-1374	-1416
6068	-4992	12576	-2236	-147	-824
5356	-4436	12904	-2175	599	7
5380	-5168	12956	-2858	1424	710
6144	-5240	13188	-3148	1834	1184
4664	-7204	12440	-2520	2805	897
4976	-5692	12356	-2063	2731	580
5124	-5820	12760	-3813	2906	878
4068	-6636	10812	-4977	3275	1232
3180	-7692	11852	-3152	2641	1267
3704	-6508	13204	-4097	2491	1343
2272	-6100	12692	-4988	2276	2074
4476	-7012	10104	-6959	2160	3377
2828	-9980	10936	-3385	2257	3246
3308	-7836	11856	-3935	1759	3511
3260	-10280	10992	-6605	2201	4340
1148	-10500	11588	-5111	3272	4296
1616	-11600	12120	-7049	2786	5186
1152	-11764	12044	-7471	3603	6299
-1040	-12724	12280	-8000	3549	5824
532	-13112	11212	-7625	4018	6118
-392	-15632	12788	-5692	5393	5942
-1392	-12000	12080	-4622	6664	5489
-1500	-11868	9676	-3529	6716	5688
-2360	-13752	12064	-1722	7131	6146
-2668	-11656	12040	-4400	7588	6973
-3176	-11216	10316	-5161	8032	8019
-5352	-12544	10176	-4889	8424	7622
-4768	-13440	11400	-4411	7673	7854
-4564	-12220	9852	-4758	8394	8981
-7092	-13192	10624	-5707	8862	8668
-8060	-14468	10360	-2658	8143	7486
-5856	-13540	9108	-299	8089	7715
-10232	-14132	10084	-163	8588	7652
-10588	-11732	10404	1007	7846	5861
-10160	-11904	9424	1838	7518	5623
-8572	-11048	9020	1648	7530	6321
-9576	-11420	9336	-152	8171	6561
-10068	-11148	8344	1085	8633	6004
-10700	-10728	8892	3870	8082	5464
-10184	-10060	10368	4812	7433	5751
-12524	-9920	8560	2476	7137	6127
-12268	-9732	8468	3126	6383	5282
-12684	-9596	9396	5373	5367	4104
-11884	-7672	8660	3632	5158	4376
-12788	-8560	7948	1234	4481	4921
-12280	-8132	8412	2530	3673	4883
-12688	-6068	12032	-466	2192	5348
-13264	-5848	11592	-9632	1355	5693
-14040	-10684	8644	-9269	308	4407
-13288	-9236	7588	-3443	576	2805
-14336	-8780	5736	-1903	433	1025
-13840	-9408	5172	1980	190	-105
-13064	-7712	6292	2575	72	-887
-11780	-7216	7328	28	42	-1302
-12316	-7088	7192	-2478	399	-712
-12264	-8012	7496	-2536	185	-754
-12828	-8604	7904	-1863	-74	-1319
-13384	-8948	7624	-1286	-700	-2529
-13572	-8812	8080	-967	-1068	-3388
-14212	-9948	8588	-1221	-1376	-4502
-14108	-10480	9160	938	-2491	-6295
-13464	-9316	10844	932	-3428	-7067
-13376	-9540	10244	-1004	-4258	-7453
-14028	-10676	10448	-933	-5603	-8146
-12660	-10236	11252	-166	-6894	-8020
-13460	-11872	10720	-1773	-7520	-8924
-13632	-13544	11520	827	-8854	-9885
-13316	-12824	12380	1021	-9327	-10671
-13780	-14964	11568	1563	-10580	-11829
-12576	-14040	11044	3754	-10966	-12459
-11784	-13184	11196	3518	-11578	-12588
-10548	-14136	9864	3598	-12056	-12478
-8724	-13492	8836	3123	-11681	-12548
-7236	-13952	10264	3761	-10062	-12227
-5328	-12812	10124	5677	-8571	-11591
-4504	-11936	7532	4957	-8181	-10002
-2624	-13964	8268	10807	-8242	-9192
-1644	-10020	9464	14047	-7276	-8064
-732	-9092	8576	10036	-7615	-5875
424	-12536	6372	11619	-7856	-4980
1256	-10032	6980	15318	-7870	-5206
2088	-6336	9472	10299	-6653	-4590
2664	-5212	10000	3217	-5164	-2741
1148	-9116	9348	2020	-4143	-2063
2028	-5644	11100	4270	-2919	-1716
2660	-5336	13760	1251	-2712	-49
2864	-6648	12300	2605	-3152	894
2528	-6892	12520	4839	-3960	1243
4068	-5104	13436	6700	-5553	1087
3768	-5232	12240	4810	-5783	1285
3772	-6228	11728	4460	-5212	1356
5120	-4152	12536	4043	-4137	1378
4396	-4980	11936	3393	-2841	1231
6768	-2976	12708	2279	-1630	991
6284	-3708	13396	-743	-594	1004
6412	-4316	12100	-732	231	264
7024	-3668	12452	-1457	867	-471
4648	-6040	13048	-1823	2017	-1346
4628	-4524	14224	-2523	2275	-1539
3688	-5640	14576	-4796	2997	-807
3580	-5708	13104	-4476	3061	-384
2784	-6944	13708	-3875	3194	-430
3476	-5012	14620	-3727	2707	76
3656	-5836	12520	-5682	2230	702
2300	-7724	13164	-4306	1908	396
4108	-6132	12332	-4026	1321	495
3104	-7400	12088	-5549	1775	90
2440	-7796	13244	-4609	969	421
3376	-7264	11868	-5956	988	922
1768	-8324	12928	-4563	1308	875
2904	-8244	12284	-6002	1070	2379
1440	-11324	12844	-4758	1187	2151
912	-9708	14492	-1456	555	1810
2148	-9424	14096	-4666	36	2907
1696	-10896	13580	-2825	-773	3342
3524	-9184	13528	-1640	-698	4457
1660	-10872	13060	-1131	314	5243
1832	-9828	13920	-1010	115	6032
2880	-9304	11596	-4510	2060	6918
-1236	-11720	12352	-4689	3351	6906
964	-10924	12372	-3046	3528	6982
708	-9796	11548	-7879	5337	7529
-1836	-13212	11256	-7688	6304	7186
-1776	-12908	12116	-4031	6479	6850
-1652	-11416	11340	-3725	6787	7268
-3276	-11988	11140	-3465	7139	7242
-2128	-12136	11488	-49	7314	7384
-3800	-10252	11540	-554	8452	7952
-5156	-10196	11156	-2791	9085	8566
-5844	-12292	10408	-3944	10018	8805
-7112	-13072	11452	-1114	10384	8502
-7260	-10408	10712	-973	10858	8419
-8420	-11320	10400	-3238	10900	9006
-8844	-12300	10740	-57	10346	8971
-10044	-10428	10548	305	9743	8825
-11540	-10288	9352	-2173	9687	8557
-11552	-12160	10192	428	8622	7694
-11444	-10736	11200	2616	8603	7435
-12468	-9440	10020	489	8432	7148
-13616	-10516	9588	-275	8418	5961
-13692	-10668	9972	3512	7402	4227
-13748	-7864	9156	3001	7680	3176
-14376	-8924	8772	1277	6856	1799
-13788	-8624	9020	4417	6936	542
-14792	-6360	15512	3856	3617	419
-12804	-4204	15392	-3019	576	851
-12648	-6468	10316	-6748	-1032	896
-11800	-8464	7276	-2457	-502	480
-12068	-7904	5884	-655	1505	-103
-12128	-9184	5532	-774	2397	-863
-12396	-9888	7896	1584	1632	-1502
-12028	-7568	9596	-925	1347	-1511
-13004	-8664	8908	-5053	995	-2232
-13976	-12468	8592	-3747	-142	-4503
-14168	-12092	10784	1235	-2216	-6187
-13488	-9912	10880	-1112	-3480	-7118
-13852	-11408	9080	-2160	-4981	-8482
-12468	-11836	8276	1164	-6021	-9035
-11560	-11592	8844	3357	-6254	-9196
-11612	-10860	9324	2943	-5882	-9434
-12272	-11268	9392	2932	-6096	-9964
-12068	-11948	9724	5185	-6448	-10484
-12284	-12636	11724	7097	-6939	-10981
-12964	-11604	11624	6745	-7869	-10551
-11656	-12180	11704	6689	-9323	-10583
-10756	-10756	11900	6316	-9180	-10118
-9060	-10988	11768	5208	-9642	-8965
-7732	-10756	11156	3515	-9448	-7624
-6976	-12364	10980	3792	-9973	-6981
-5712	-12660	10444	4851	-9501	-6576
-5000	-11804	9952	5153	-9343	-5881
-3564	-12060	10108	5379	-8491	-5082
-4224	-11608	10244	5613	-7914	-4380
-2884	-10100	9796	5359	-8408	-3170
-1740	-10472	9616	4941	-7507	-2270
-752	-9596	9104	5802	-7465	-1412
32	-9064	9652	4722	-6487	-480
816	-9072	9444	4040	-6734	170
776	-9608	10400	6272	-6204	-63
1100	-6880	11368	3912	-6379	458
1808	-9176	11696	1827	-6000	750
2068	-8820	12300	3868	-5626	466
2852	-7420	12636	2932	-5801	288
3600	-7128	12588	2415	-5468	-182
3604	-6524	12352	1886	-5538	-222
3828	-6340	11668	1289	-5950	-1150
5872	-4004	12324	-64	-5577	-1820
5804	-4380	12124	-1626	-4864	-2337
5284	-6136	11080	335	-3875	-3287
5804	-3364	12128	1841	-2880	-3339
6160	-3392	12488	-1791	-1758	-1728
5344	-5604	11216	-905	134	-263
5464	-4636	12444	-1053	1744	697
5088	-5372	12980	-2135	2689	1616
4132	-6824	13168	-2668	3625	2229
4628	-7092	12756	-3312	4126	2049
3180	-8452	13132	-2691	4028	1392
3864	-6840	13520	-2610	2947	968
2904	-9004	13368	-3819	3345	313
2796	-8024	14016	-2942	2135	-23
2844	-8752	13072	-3915	2019	-7
1788	-9132	14300	-2581	2196	-319
2980	-7304	13636	-4528	1548	677
1636	-11004	12460	-2842	2102	352
1780	-6920	13444	263	1310	510
3960	-7572	-12	-10104	12156	-3181
2605	2010	1764	-9072	11532	-2832
1627	2421	2692	-7696	12312	-4854
2494	3221	616	-9684	11516	-7510
2564	3859	1256	-11568	9572	-5416
2622	4025	944	-8772	11300	-4621
3068	4240	448	-7020	10924	-11473
3735	6212	-1632	-13948	9296	-11706
3903	6420	824	-13952	9852	-5004
4998	5673	-300	-10016	11772	-5990
5687	6449	-1624	-15400	10204	-9592
5060	7195	-2528	-17908	11016	960
5165	5804	-1240	-9940	10992	1492
6099	5883	-1668	-11544	10804	-4617
6137	7362	-4060	-14396	10880	-1282
7239	7449	-5388	-10772	10556	-708
6718	8099	-4304	-10412	9712	-4805
6598	9808	-8360	-13972	10692	-5774
7946	10075	-7656	-11976	8660	-3852
7301	10777	-7084	-9840	9144	-3726
8431	11558	-9684	-12328	10400	-3626
8859	11323	-11140	-14068	8020	-2672
8079	10224	-10492	-13332	8860	1801
7442	10085	-11040	-11980	10120	2453
8136	10237	-12152	-10528	8796	1783
8423	9573	-12552	-10856	9252	3471
8422	9234	-14068	-9940	9224	2913
8186	9079	-14192	-10272	9552	1918
7120	8016	-13860	-8232	8484	1948
7638	7336	-15388	-8748	8604	-1173
7675	5437	-15160	-10628	8648	839
6762	2875	-15092	-8956	7632	3547
5472	1001	-14368	-7364	6920	2879
4158	81	-14188	-8424	7776	4276
3210	-859	-13368	-6512	10764	5151
294	-1172	-11796	-5016	11156	434
-1118	-201	-11596	-6208	8156	-2603
-840	516	-12176	-7324	6616	-691
-126	1135	-12632	-6972	5568	-119
848	1149	-13164	-7248	5932	-2446
1204	690	-13608	-8828	8000	-3568
458	-7	-13132	-9072	7760	-2280
-350	-1546	-13396	-7712	7480	-2982
-523	-3987	-15684	-11472	8104	-2516
-1484	-6353	-14800	-11300	8760	24
-2473	-7283	-14568	-10188	10096	-2008
-3080	-7809	-14852	-11184	9784	-3935
-4007	-8833	-15116	-12732	10752	-2162
-4982	-10697	-14548	-11200	11252	-1620
-5716	-12396	-14668	-11800	10072	-3433
-6797	-13004	-13900	-14512	10180	-108
-8278	-13614	-12704	-11196	10056	1482
-8473	-14003	-12900	-13488	10140	-2523
-8310	-14238	-10940	-15572	8276	525
-9035	-13962	-8928	-13648	8056	2082
-8128	-13042	-8908	-15872	8820	4471
-7494	-12663	-7412	-14408	8480	7152
-6786	-12221	-7384	-15828	8472	9482
-6913	-11473	-5556	-13284	7168	11235
-6982	-10400	-4236	-12424	7656	11141
-7265	-8807	-2780	-10520	7540	10982
-6828	-7473	-2512	-10656	7548	7602
-6567	-5673	-856	-11048	7668	9371
-6537	-4541	-1176	-9640	7576	8990
-6553	-3578	-204	-9228	7904	9285
-6751	-2738	336	-9912	8112	7726
-6235	-2126	712	-7928	7796	7123
-6106	-1440	1144	-7980	8500	5625
-5511	-1458	1488	-8468	8612	4075
-5368	-1743	2648	-7924	9904	2977
-5255	-1772	1324	-8576	11292	2051
-5059	-1975	3152	-8096	11320	1420
-4552	-2031	3188	-7184	12716	3236
-4183	-2041	3120	-5284	12888	507
-4249	-1231	3908	-7280	12196	1276
-4266	-797	3832	-6352	13072	1515
-3672	-367	4632	-6308	13876	-447
-3231	247	5232	-7716	11868	-589
-2850	133	5176	-6252	12548	1940
-2054	-548	6052	-5132	13360	-1145
-1302	-367	5888	-6108	11824	-1851
3	19	5480	-6916	11212	-1792
788	-98	5568	-6656	12288	-1001
1756	-353	4572	-6660	13208	-2772
2502	216	3076	-7552	12328	-3546
2989	812	4180	-8064	12596	-2943
3003	782	2728	-8724	13520	-2565
3007	1011	2240	-6816	13312	-2242
2388	1602	3740	-7008	12368	-4249
2032	2534	1688	-10344	12532	-3196
2351	2544	2724	-5944	11636	-3361
1739	3227	3016	-7872	11196	-7035
1255	4263	1364	-11244	9644	-5831
2379	4104	1548	-11048	10148	-3145
2096	3769	2984	-8208	11740	-4592
2216	4193	1184	-11324	9260	-7789
3380	4700	-480	-14520	8476	-1955
3585	4205	1940	-10196	10812	1439
2552	3814	1600	-8912	10456	-3627
4163	4862	-2320	-12860	8380	-2661
5432	5948	-1624	-11940	10864	-1182
3773	6468	-2104	-9004	11772	-6551
5975	7579	-4380	-10452	9292	-11686
6187	9756	-4704	-15820	9824	-10000
6678	9679	-3320	-13136	12588	-3972
7694	10423	-6104	-10792	10828	-9800
7990	12344	-7164	-15032	10788	-8113
7251	12080	-5928	-13656	10184	-1189
9280	11610	-8772	-13692	9464	-3941
9860	11960	-9380	-14600	10096	-1802
7794	12019	-9176	-11464	9032	-863
9247	11402	-11524	-11464	10092	-2170
9057	11030	-12268	-12588	9716	-4365
8680	10380	-12908	-13104	8944	-4328
8183	9884	-12628	-10784	8708	-3296
7558	9410	-12452	-11688	9516	-3149
6706	8224	-11568	-11092	8728	-2093
6582	7266	-13184	-11524	7732	-1125
6359	6511	-12200	-10608	7704	1456
4957	6107	-11952	-9024	7044	1422
5937	5997	-13260	-8832	6248	684
5696	6202	-13308	-8564	5472	919
5850	6057	-14232	-8872	6424	1830
4974	5664	-14060	-7880	5192	1426
4760	4954	-15260	-7912	4328	1954
4607	3961	-15652	-7312	5180	3521
3527	2991	-16060	-6968	7408	2187
2934	1827	-15976	-7668	8764	-1234
76	785	-14656	-8804	8448	-960
-1309	-979	-13116	-6412	7128	1267
-757	-1561	-13580	-6528	6124	-373
665	-1803	-14040	-8448	4840	231
1224	-1894	-14540	-8508	5308	2937
508	-2463	-14656	-7424	6828	1325
-87	-3820	-16584	-9196	7712	1063
-1331	-5305	-16292	-9324	8212	607
-3718	-6523	-15636	-10252	8936	-1289
-4904	-8194	-16908	-12032	9176	220
-5231	-9931	-16508	-11544	9100	11
-6856	-11563	-16240	-13064	9140	-772
-8479	-13392	-14784	-14452	8100	-369
-8602	-14990	-14848	-14532	8712	851
-8215	-16245	-12976	-14196	8040	-191
-8714	-17195	-11744	-15252	8176	1445
-8032	-17665	-10828	-14440	8672	4418
-8131	-17722	-9064	-12052	8948	4907
-8745	-17099	-8172	-13184	8296	4976
-8700	-15842	-7624	-14432	7144	10597
-9228	-14886	-6412	-10868	9148	12815
-9589	-13157	-3852	-9884	7616	10163
-9375	-10521	-4488	-11620	7192	9976
-8533	-8477	-1912	-10756	6876	13026
-1760	-8812	8464	11385	-7537	-4703
-356	-9716	7796	8330	-6535	-2748
-844	-11248	7132	9521	-5639	-2100
580	-9024	9212	9487	-5036	-1374
64	-7796	9760	5975	-4569	-130
580	-9632	9648	4518	-4596	604
820	-8828	10516	4686	-4626	523
1140	-7664	11744	4034	-5677	860
1036	-8584	11900	2997	-6575	894
1248	-6940	11320	4058	-7961	984
2524	-7076	11496	1970	-8392	1146
3520	-6516	11860	2685	-8769	981
4948	-6240	10584	-619	-8587	807
6360	-6296	9680	1121	-7723	-495
7780	-5920	10212	1015	-5870	-1882
8900	-4256	10120	-838	-3544	-2100
7456	-5808	9860	-1904	-1090	-2149
6552	-7024	10384	-1690	1448	-2439
5748	-5396	12268	-2862	3273	-1600
4780	-7564	13044	-6130	4841	162
3192	-8640	12236	-4926	6228	841
3860	-7312	12124	-3780	6372	1328
2724	-7924	14064	-4692	6547	2258
3972	-6368	12020	-5802	6635	2889
2348	-9492	10960	-3464	5686	2577
3076	-6780	11172	-1358	4932	2266
4040	-7804	11252	-3087	4975	2151
2020	-6580	10204	-2217	5317	2436
3488	-7928	7784	-5060	5049	3643
756	-11748	9740	-1947	6361	2374
200	-6932	11612	-505	5229	3200
2028	-8488	8776	-10056	5260	5641
-1852	-15780	8100	-4618	6100	3704
-1740	-13116	10464	5090	5183	2913
556	-7156	11836	-5232	5912	6036
-4072	-14196	11004	-9490	7497	6746
-5884	-15292	9776	-837	7100	5725
-3536	-10436	13724	-2807	7158	7018
-6680	-12144	13872	-7168	7822	8792
-8468	-15424	11712	-7027	7507	9272
-8296	-15452	14048	-1878	6299	8364
-7688	-10448	14240	-2803	7329	8328
-8052	-12240	12008	-7037	7281	9371
-7868	-13916	10984	-4298	7589	8849
-7536	-10808	12136	1402	7222	8762
-8836	-9904	11868	-2717	7338	9257
-9604	-12404	9428	-4826	7571	8742
-10132	-11556	9832	1555	7723	8550
-10764	-9756	10092	473	7259	8123
-11040	-11064	8220	-2335	8107	7614
-11212	-10796	9392	1457	7879	7669
-12176	-9576	9480	1989	7049	7455
-12604	-9648	8952	611	5929	7006
-12868	-8888	8704	2080	5666	6809
-12924	-7008	8668	721	5349	6535
-13704	-8296	8080	-1857	5441	5781
-14436	-8344	8060	-1445	4429	5470
-14032	-6656	7652	-3088	3579	5149
-14120	-7708	7304	-3462	3098	4353
-13468	-6920	5836	-1800	2951	3958
-13868	-7812	5608	-1703	4457	3148
-14440	-8552	6512	2963	5214	2051
-15412	-6408	10508	3179	2226	1163
-13280	-5864	10620	-2146	-872	139
-12964	-8328	8960	-1420	-836	-687
-12608	-6244	6000	1820	232	-424
-12904	-5848	5032	-258	636	-307
-13424	-8040	5716	1179	512	-762
-13056	-6084	6688	1387	681	-1221
-14612	-6228	6948	-2336	1110	-1461
-15508	-7844	7040	-2582	-158	-2812
-14608	-8720	7016	-1271	-1151	-4590
-15152	-8740	7984	-367	-1578	-6221
-15212	-8412	8536	-161	-2863	-7178
-14504	-9060	8496	-1124	-3858	-8078
-14328	-10528	9312	-984	-4497	-8437
-13972	-10524	10216	-294	-5577	-8978
-13868	-10664	9760	-317	-5948	-10069
-14496	-11216	10308	1173	-7123	-11139
-14184	-11780	10888	1443	-8648	-11523
-14632	-11088	10672	1785	-9865	-11681
-14072	-11140	10424	157	-11242	-11840
-12068	-12904	10164	1024	-11599	-12018
-10912	-11832	10684	3209	-11129	-11906
-10276	-12236	10112	710	-11100	-10970
-8292	-14104	9268	3965	-10251	-10514
-7632	-12764	9404	7353	-9294	-10224
-6016	-12096	9328	7222	-9353	-9260
-4676	-12892	8624	7415	-8579	-8050
-4688	-12416	8068	8988	-7488	-7497
-2860	-10944	8800	9157	-6558	-6607
-2600	-10128	9252	7060	-5362	-4942
-2100	-11144	8980	5969	-4655	-3763
-1484	-9672	9556	7775	-4835	-3156
-844	-7784	9888	5009	-4718	-2175
-536	-9844	9692	3705	-5194	-1565
-152	-8596	9800	3290	-5106	-1101
-416	-8932	11200	2264	-5517	-921
104	-7312	10896	-625	-6238	-477
1104	-10116	10348	413	-6101	-619
1908	-8176	11372	2510	-6255	-943
1748	-8384	11572	975	-6559	-1039
3276	-8184	10752	3159	-6071	-1268
2796	-7208	11804	3064	-5397	-1467
4264	-6732	12124	906	-4617	-1098
4392	-7476	11728	1434	-3440	-981
4564	-5288	13208	531	-2098	-859
6160	-5100	12080	-910	-1021	-150
5372	-5712	11496	378	-234	-82
5916	-4392	11804	-349	1161	-363
5000	-6172	11452	-1599	2197	-259
3824	-6892	11412	-1286	2954	-172
3204	-7284	12052	-1895	3699	-266
1864	-7964	12556	-2622	4260	-225
1876	-7272	13496	-3093	4100	413
2640	-6272	12188	-4901	3862	1174
816	-10396	12600	-2617	4036	1126
972	-7624	13424	-1517	2888	926
2548	-9004	12032	-2664	2428	1040
-652	-8812	12472	-559	2132	1031
924	-7124	12348	-4251	1183	1878
1036	-9988	12480	-6244	1870	2188
4	-10824	10876	-5156	1836	2731
596	-10276	11916	-3146	1464	2151
816	-8644	12636	-3664	1474	2574
236	-11164	10392	-5021	1782	4085
-128	-12648	11664	-594	1410	3084
140	-8852	13108	-72	2314	3373
40	-8856	11300	-6525	2351	5948
-2104	-15208	11080	-3759	2997	5090
-1096	-10748	12088	1565	3282	4607
-140	-8248	11684	-6006	3630	6717
-2388	-14524	10136	-5359	5520	7006
-3856	-10940	10644	-1220	5489	6579
-1544	-8456	10920	-5299	5314	8372
-3356	-12208	10332	-9090	7874	9263
-6180	-13404	9884	-5855	8723	9627
-5128	-10904	10088	-4139	7909	10430
-6732	-12260	11024	-6236	8423	10781
-9096	-14000	10496	-4406	8462	10410
-9192	-13388	10952	-1106	7807	10051
-9212	-12052	11352	-1435	-11300	-13056
10156	-1863	8642	9335	-11680	-12744
10956	3174	7411	8762	-11712	-10260
10016	2496	6984	8224	-13068	-10432
9440	154	6867	7457	-12160	-10152
9224	2079	6817	7190	-12176	-7780
9264	2093	7751	7333	-12824	-7824
9116	-769	7259	7541	-13480	-8756
8856	-505	5828	7576	-13404	-7132
-13340	-7100	9160	26	4854	6837
-14440	-7520	8440	-619	5205	6432
-15076	-7272	7244	-933	4226	5175
-14660	-7928	6932	172	3816	3440
-14388	-6484	5836	1203	3418	2936
-14180	-6692	5372	482	2968	2357
-13916	-6380	6252	2001	3123	1875
-14788	-5052	10040	-1263	633	1552
-13352	-5164	10516	-6166	-1177	1208
-13576	-6516	8764	-5436	-1367	845
-13312	-6320	6340	-2163	-1472	774
-13680	-7056	4872	449	-798	740
-13884	-6676	4800	1958	-889	729
-13376	-5904	5804	-616	-336	843
-14040	-6876	6848	-2679	344	1104
-12560	-6504	6724	-510	145	812
-13108	-5512	6352	1432	220	625
-13340	-5412	5944	1467	-1247	178
-13280	-6440	6108	1587	-1764	-484
-13644	-5084	4224	779	-1420	-1161
-13908	-5168	5020	-2052	-1743	-938
-13460	-6024	5780	-2531	-528	-581
-13156	-6372	7232	-1744	94	-137
-12672	-5368	7936	-1141	669	227
-12808	-5916	7812	-1527	377	159
-13280	-5868	6548	65	-950	350
-13576	-5936	6096	-1304	-1498	441
-13584	-6136	5836	-2180	-1726	388
-13316	-6292	6224	-2914	-1754	-288
-12888	-6428	6552	-2003	-1871	-770
-13068	-6084	7484	-410	-1879	-834
-12476	-5820	7128	-863	-1410	-586
-12732	-6448	7464	-940	-1411	-391
-12388	-6452	7328	-1231	-706	-370
-12948	-6308	6332	-297	-429	-140
-12952	-6276	6716	-654	-509	-205
-13048	-7136	6708	-980	-431	-377
-12636	-7032	6668	-296	-545	-302
-12072	-5768	6720	-1635	-1374	-967
-12760	-6772	7620	-3028	-1418	-49
-13664	-8120	7884	-1190	780	496
-12792	-6536	7712	2591	247	-215
-11900	-5364	7036	1206	461	-869
-13668	-6792	6740	161	379	83
-12696	-7140	6824	1753	127	-499
-13360	-6108	7064	763	-846	-516
-12956	-6124	7580	-1253	-1563	-22
-12856	-9464	5520	-1438	-2154	-118
-12516	-4328	6944	1542	-287	-1283
-12312	-7916	7536	1178	2422	-868
-13132	-6148	6652	2995	1979	-1155
-13588	-4928	6296	490	-13308	-6448
