0	0	0	0	0	0
-16260	-3776	6168	2550	-8304	-839
-15116	-4064	3232	2166	-8293	-2228
-13612	-4036	3728	622	-5148	-1980
-14964	-3748	4804	982	-4397	-1257
-15192	-4392	5280	253	-4305	-688
-14920	-3776	6092	-2097	-3757	-1967
-11620	6436	3632	-4977	5848	8505
-11956	-9576	4144	3225	9977	2391
-14952	-5128	3448	5284	9746	3586
-17468	-1304	3896	2721	938	-424
-15112	-3076	3052	-2474	-3173	486
-13324	-5136	2720	-1281	-1296	317
-13632	-3940	3152	474	1187	-114
-14940	-3116	3184	-1026	1398	-512
-15236	-3952	3340	-1591	123	-724
-14668	-3720	3540	-228	317	-376
-14428	-2784	3672	-266	1171	-313
-14788	-2780	3996	-844	1031	-211
-14352	-3108	3876	-730	847	172
-14212	-3416	3584	-817	1292	265
-14328	-3696	3388	-584	1661	603
-14496	-4160	3064	131	1922	870
-14304	-3868	2796	1362	2195	1219
-14108	-3796	2580	1593	2811	1122
-14040	-3904	2256	1729	3261	1216
-13920	-3712	1920	1989	3883	1317
-13760	-3372	1992	2180	4210	1397
-13260	-2924	2112	1381	4808	1333
-13468	-3044	1848	742	5767	1373
-13692	-2656	1428	216	5909	1490
-13632	-3020	1600	69	5282	1223
-13228	-2796	1676	564	5694	978
-13768	-2424	992	277	6453	454
-14584	-2860	712	619	5662	515
-14148	-2656	868	1730	5213	838
-13672	-2308	692	1867	5598	761
-13564	-2580	52	2448	5569	531
-13720	-2400	-276	3691	5409	890
-13796	-1648	-588	3645	4835	1023
-13380	-1732	-1148	2386	3605	633
-12780	-1448	-1788	1930	3447	385
-12756	-744	-2632	-209	4291	-218
-14160	-1652	-2912	-2412	4789	4
-14188	-1848	-1988	-2216	2859	659
-11928	-1344	-3136	-3581	2887	613
-13096	-1356	-3268	-4716	6779	599
-16564	-2672	-2436	-3540	6312	1661
-15556	-2296	-3484	-1119	1745	2876
-15208	-1556	-4404	-1766	5119	2565
-17872	-884	-4372	-1553	4195	3319
-16604	-1760	-4316	-1171	980	3053
-16928	-2236	-4072	861	4837	2726
-19676	216	-5008	645	3748	2712
-18316	-736	-4820	-126	-607	1912
-16244	-916	-4380	-108	639	950
-18048	0	-5188	-1476	2137	-23
-18308	-180	-4780	-1139	-760	-129
-16280	-388	-5088	-852	-453	61
-16256	-32	-5932	-2539	257	362
-16272	-1484	-5088	-2025	60	43
-15424	-16	-4872	-610	310	565
-15484	-76	-5080	-2778	1266	111
-16000	-1740	-4516	-1532	1180	803
-15528	-1260	-4592	837	1055	1077
-15272	-216	-4676	816	1495	846
-16340	-1084	-5236	172	1194	431
-16124	-916	-5088	1938	193	526
-15472	40	-5096	1016	561	235
-15868	-648	-5152	-402	764	49
-15672	-840	-5392	-11	773	-104
-15616	88	-5132	-464	914	-20
-15704	-856	-5220	-1513	371	-83
-14800	-692	-4916	-662	22	-200
-14692	-68	-4820	-1007	398	-522
-14884	-744	-4956	-1026	279	-389
-14548	-268	-5048	35	125	111
-14216	-388	-5304	-286	-5	174
-14240	-580	-5272	125	717	94
-14720	-176	-5424	-150	884	292
-15384	-524	-5436	-144	720	271
-15408	-568	-5216	180	809	363
-15460	24	-5316	-1194	602	320
-15716	-1164	-5344	-1192	508	233
-15940	-460	-5724	85	703	333
-16860	12	-5504	-1245	575	166
-16908	-812	-5488	-1514	-29	137
-16496	-908	-5568	58	178	179
-16920	-444	-5840	-15	1005	-148
-18152	-144	-5656	-884	185	-43
-16880	-1156	-6064	-69	-1452	-154
-16400	-36	-5972	644	-43	-511
-17308	540	-6792	-1175	-129	-1016
-17168	-208	-6020	-1231	-805	-731
-16536	200	-5852	-1494	-194	-441
-16404	-428	-5840	-2705	-375	-451
-16304	-1056	-5480	-1584	-453	-346
-16524	-236	-5548	-1173	-373	-432
-16772	-80	-5144	-1209	-1709	-402
-15512	-876	-4712	-1109	-2460	-1028
-15308	-996	-4484	92	-2021	-1293
-15296	-88	-4148	-573	-2627	-1695
-14816	-744	-4620	-1869	-3380	-1734
-14592	-1556	-3528	-1398	-3241	-1519
-15308	-1448	-3812	-1716	-2849	-1360
-15624	-1400	-4548	-1486	-3599	-1632
-14356	-828	-3052	173	-4708	-1699
-13404	-200	-2896	-1211	-3579	-2763
-15152	-1740	-3340	-1032	-2598	-3309
-15592	-1432	-3196	1928	-4441	-3088
-14220	-368	-2928	967	-5364	-3216
-14052	-1628	-2680	-72	-5101	-3846
-14012	-2620	-2572	2340	-4987	-3732
-13376	-1340	-2472	3797	-4059	-3414
-14292	-700	-2912	139	-3015	-3372
-14108	-2020	-2784	-2495	-5425	-2707
-12896	-4076	-1812	104	-5425	-2659
-13716	-2548	-1740	607	-2494	-3231
-15484	-1776	-1548	-1693	-3790	-2641
-13280	-3432	-952	-2662	-6795	-3198
-12108	-3736	-620	-713	-4510	-3700
-13920	-2760	-164	-876	-2446	-3883
-14660	-3036	-168	-2422	-5205	-2994
-12428	-4168	988	-1858	-6217	-2803
-12040	-3660	684	-869	-2509	-3087
-14644	-3392	728	-1337	-1139	-2980
-15224	-4296	1428	-61	-4338	-1864
-13376	-3672	1472	366	-4640	-1344
-13708	-3728	1416	-824	-2664	-1363
-14872	-4200	2064	-276	-3401	-827
-14088	-3680	1940	149	-4209	-370
-14416	-3828	2664	-1376	-3450	-523
-15184	-4628	4692	-1887	-4655	-227
-14116	-3936	3840	-3515	-4366	58
-14444	-4828	2744	-5064	-2977	-596
-14672	-5236	2468	-2380	-3303	-208
-14444	-4508	1836	-1698	-2745	-190
-14804	-5172	1576	-899	-2619	402
-14212	-4492	1680	40	-3177	729
-13548	-4004	1732	-1550	-2246	585
-13980	-4900	2584	-2527	-1683	663
-13444	-4740	3496	-3560	-1458	644
-13480	-5180	4200	-5632	-455	104
-14336	-6044	4776	-5884	399	343
-14540	-5892	4592	-5479	-355	1023
-13748	-6352	4560	-4694	-1385	783
-13568	-7204	4004	-1768	-215	279
-14264	-7092	3912	1418	738	92
-14492	-5404	3876	2322	218	51
-14576	-5180	4008	886	240	-663
-14552	-5552	4036	1568	111	-535
-14416	-4896	3728	1953	705	-502
-14608	-4216	3148	1049	670	-366
-14836	-4624	3716	216	127	-269
-14460	-4820	3104	353	446	-60
-14452	-4640	3204	284	726	129
-14304	-4784	3456	-68	515	107
-14432	-4988	3024	46	1318	158
-14544	-4880	3292	199	1216	360
-14192	-4772	3152	152	1469	619
-14352	-4756	2728	282	1961	765
-14572	-4860	3076	795	1937	926
-14124	-4740	3140	1192	2130	907
-13944	-4580	2400	1317	3048	962
-14228	-4324	2032	917	3400	1043
-14168	-4456	2320	1001	2374	1222
-13116	-4444	2044	1171	2770	941
-13100	-4516	2508	2084	4521	632
-14004	-3636	2320	1711	4944	895
-14060	-3536	1768	115	3636	1517
-13312	-4208	1864	-589	3398	1367
-12604	-3972	2020	221	4171	994
-12788	-3560	1956	-445	5135	678
-13212	-3524	1060	-1259	4804	765
-12532	-4384	1484	-189	3711	406
-12000	-3648	1224	1834	4597	302
-12728	-2768	-400	77	5537	-21
-13180	-4208	52	214	3692	467
-13248	-3664	-484	1831	4618	1379
-13768	-2512	-1312	-320	4194	1501
-13664	-4032	-1456	-1537	3343	1158
-14688	-3552	-2068	-82	4703	1719
-15320	-2392	-2268	-1740	3630	1225
-14820	-4080	-1936	-1487	3766	733
-15616	-4120	-1640	1022	6500	1143
-16568	-2700	-1876	976	5253	1603
-15072	-3528	-2448	1058	3833	950
-15588	-2924	-2992	2417	5537	692
-16336	-2576	-2312	2194	3476	1099
-15088	-3480	-2724	2739	2899	1257
-15472	-2924	-3780	2677	5022	1234
-16472	-2000	-3712	1285	3700	1831
-15120	-2756	-3656	765	2501	2272
-15224	-2316	-3972	1179	5525	2401
-18288	-1652	-4420	-920	4909	3461
-16884	-2156	-4796	-1573	1068	3854
-15192	-2360	-5296	-705	2360	3466
-16096	-1512	-4684	-661	3375	3001
-16348	-2156	-4828	148	2688	3107
-16140	-1692	-4532	1035	2954	3215
-15384	-1248	-5328	-171	1754	3107
-15904	-2112	-5536	237	3104	2556
-17832	-984	-5816	1006	2132	3378
-16092	-760	-5772	-399	-525	3239
-15096	-2048	-5600	-926	1605	2368
-16704	-1064	-5924	-114	2611	1629
-16272	-892	-5264	-120	1089	1356
-15908	-800	-6104	-1216	2081	883
-16168	-668	-5924	-1784	974	735
-14912	-1464	-5804	-1292	608	742
-15292	-944	-5300	-819	1822	453
-15624	-336	-5512	-1418	866	267
-14476	-1412	-5460	-1259	510	66
-15060	-972	-5476	-101	1035	51
-15240	-692	-5696	-796	42	-297
-15000	-752	-5564	-482	206	-273
-15328	-380	-5840	-989	428	-236
-15568	-464	-5808	-1299	232	-198
-15564	-756	-6116	-995	65	36
-15756	-364	-6020	-705	196	-254
-15828	-140	-5836	-1203	201	-587
-16304	-640	-5676	-848	-2	-546
-16300	-460	-5340	-394	-438	-643
-16360	-556	-5484	-1201	-719	-828
-17232	-1032	-5660	-642	-607	-692
-17224	-536	-5448	39	-2010	-252
-16000	-280	-5376	-1062	-2295	-762
-16332	-436	-6148	-1472	-1779	-1311
-16948	-276	-6256	-1075	-2502	-1605
-15844	-52	-5364	-1147	-3312	-1271
-14884	-468	-5316	-1571	-2086	-1491
-16140	-488	-5224	-1379	-1484	-1059
-15524	-504	-4976	-941	-3589	-666
-14136	-568	-5000	-835	-2983	-1060
-15364	-1008	-4848	-600	-1887	-1117
-16180	-1076	-4900	705	-2995	-718
-14540	-904	-4036	515	-3402	-809
-15544	-1520	-4192	-26	-1662	-1236
-16192	-1512	-4316	6	-3122	-1074
-14852	-2032	-3680	112	-3769	-632
-14744	-2224	-3088	1212	-3024	-318
-15236	-1524	-3572	580	-2879	-405
-13968	-1628	-4176	-475	-5135	-747
-13988	-2380	-3172	-116	-3406	-1795
-15348	-1268	-2688	631	-3721	-2176
-14592	-908	-3056	-1380	-5216	-3019
-13908	-2468	-2360	-1741	-5071	-2948
-13888	-1984	-1340	-907	-4210	-3559
-14888	-1816	-1924	-2158	-3403	-3376
-15572	-2732	-1412	-1961	-5093	-2288
-13544	-3036	-664	-823	-5922	-2302
-13672	-2572	-400	105	-3144	-2790
-15488	-2600	-544	273	-3113	-3238
-15932	-2836	-884	1848	-5346	-2740
-14112	-2528	-96	1743	-6625	-2710
-13268	-2632	-88	976	-4857	-3231
-14292	-3008	-64	522	-4131	-2888
-14196	-3108	-64	332	-4740	-2168
-13384	-3116	868	-470	-3859	-1640
-13884	-3396	1496	-1374	-3037	-1718
-14316	-4040	436	-1043	-3773	-1856
-14360	-3704	1144	76	-3293	-2115
-14984	-3416	1928	-143	-2806	-1875
-15136	-3748	2268	-1078	-3826	-1624
-13996	-4220	2316	-587	-3959	-1543
-13476	-3556	2188	-520	-2416	-1889
-14896	-3776	1880	-794	-2002	-1452
-14368	-3780	1856	-814	-3509	-363
-13380	-3952	2624	-892	-2368	-121
-13860	-3860	2400	-778	-1206	228
-13988	-4388	2720	-792	-1254	228
-14016	-4156	6336	644	-1387	650
-13784	-2120	4868	-1929	-286	753
-15716	-3368	3616	-6329	-898	942
-14896	-5556	3248	-4817	-3850	964
-12856	-5752	2196	-1473	-2356	732
-13548	-5372	2548	914	500	221
-14532	-4532	3016	1584	333	376
-13968	-4244	3348	-409	-18	709
-14248	-4620	3788	-2904	520	880
-14576	-4904	3632	-3965	511	565
-15048	-5028	4264	-3824	348	548
-14576	-5048	3956	-2039	-740	67
-14520	-4372	3352	-1190	546	-483
-16052	-5004	4092	-1281	-89	-154
-14872	-4708	4180	-1060	-2307	183
-13796	-4352	3080	-2445	-568	-371
-14812	-5156	3144	-2087	64	-36
-14568	-4164	3312	-1587	-271	500
-14096	-4344	3268	-2197	-182	422
-13792	-4584	3716	-1203	1006	67
-14608	-4600	4600	-272	1395	197
-14672	-4252	4340	275	1081	237
-14320	-4372	4620	-157	517	577
-14412	-4996	3640	123	1125	197
-14636	-4840	3604	1377	642	892
-13400	-3696	3220	1451	529	730
-13816	-4372	2412	486	2210	500
-14544	-4844	2416	2054	1835	903
-13336	-3460	2136	1946	1949	1060
-13408	-3724	2588	1092	2979	567
-13828	-3836	2084	1670	3761	543
-14480	-3480	2104	1643	4300	823
-14200	-3172	2276	1030	2890	1224
-12932	-3144	2176	-136	3290	656
-13400	-3616	1740	-705	5353	390
-14440	-3924	2492	344	4975	668
-14864	-3796	2180	1496	4698	1021
-14384	-3020	516	167	3957	1248
-13336	-4552	1424	506	3119	672
-13724	-3792	1736	3398	5614	511
-16180	-2232	-56	835	5215	901
-14352	-3300	-492	-1133	186	1083
-11372	-3848	-480	383	2034	-79
-13824	-2744	-800	126	6966	-425
-15884	-2524	-668	-1620	4017	147
-13756	-3728	-1020	-1255	2536	835
-12856	-3664	-1396	-239	5394	604
-14764	-3224	-1628	-329	6593	393
-15200	-3916	-1496	383	4939	795
-15484	-3960	-1668	2240	5398	1307
-15060	-3320	-1536	2596	5138	1291
-15648	-2968	-2696	2667	6091	1543
-15576	-2436	-2628	1945	4827	2222
-15640	-3216	-2588	2069	4712	2319
-15320	-2632	-2744	3137	3799	2514
-15124	-1504	-3948	1069	4445	2091
-16592	-1748	-3664	-493	3630	2079
-15116	-1932	-3464	-1367	1370	2360
-14492	-2368	-4136	-1504	4123	1894
-17232	-1820	-3848	-1008	4577	2503
-16168	-1788	-4240	-1839	1333	3116
-14084	-2744	-4128	-922	2192	2535
-15524	-1752	-3748	158	4970	2149
-16924	-1028	-3928	148	1969	2952
-14260	-2604	-3592	1164	84	2945
-14144	-1876	-3956	3423	3049	2779
-17004	364	-4616	1383	2895	3194
-17092	-1672	-4424	-617	-1042	4211
-14904	-2404	-4740	2637	-1091	3871
-16508	720	-6544	518	2287	2588
-16832	-180	-5720	-2148	-1763	2085
-13780	-1588	-4924	191	-1242	961
-14008	432	-4808	997	2324	-279
-17080	244	-5592	-1151	2372	-523
-15768	-1424	-4792	120	-1033	548
-14180	-1592	-4352	557	964	388
-17512	-660	-5716	-63	2715	740
-16988	-376	-5920	1932	-2303	1496
-13400	-432	-6068	1988	-2042	972
-13820	-172	-5932	1022	834	-324
-15672	312	-5380	1209	1089	-522
-15288	80	-5624	328	773	-268
-14716	-80	-5692	-421	1379	-427
-15392	16	-5792	-962	1507	-299
-16144	-576	-5828	680	836	-170
-15992	812	-6424	256	102	-27
-15632	588	-6648	-2260	-596	-198
-15040	-1252	-5792	-958	-209	-374
-14892	-312	-5304	582	1529	-490
-14956	-352	-4968	-608	1783	-760
-15080	-1024	-5000	-363	1802	-504
-15096	-1236	-4552	847	1431	-223
-15264	-1140	-4184	837	1283	-3
-15796	-176	-4456	213	1229	259
-15812	-524	-4976	-1334	-875	473
-14564	-1300	-4588	-608	-770	139
-15648	36	-5280	-457	89	-133
-15708	-556	-5564	-1268	-1241	-56
-15332	-508	-5428	-714	-834	167
-15200	112	-5696	-2120	-689	-150
-15680	-1184	-6340	-1606	-507	-616
-16552	-304	-6192	496	-487	-612
-16844	164	-6140	-1078	-1264	-531
-16456	-1108	-6000	-753	-1200	-410
-15944	-640	-5696	117	-375	-442
-16256	-308	-5728	-900	-471	-542
-16020	-952	-5724	-552	-781	-269
-16032	-1068	-5384	346	-676	195
-15560	-1276	-4660	542	-886	58
-15460	-1692	-5736	1739	-378	-128
-15792	-204	-5264	2197	-103	-588
-16344	-132	-4964	343	-776	-1089
-15756	-848	-4744	548	-1359	-1206
-15912	-56	-4772	-188	-518	-1493
-16600	176	-4640	-2309	-2444	-1182
-14616	-840	-4848	-3357	-3569	-1551
-15152	-1028	-4888	-2891	-2134	-2007
-16128	-860	-4328	-3585	-3931	-2503
-15580	-1168	-3620	-4348	-4268	-2735
-15412	-1876	-3084	-4935	-3738	-2724
-15416	-2484	-3160	-4424	-4323	-2832
-15380	-1960	-3096	-3721	-4309	-2867
-14636	-1592	-2876	-3885	-5905	-2799
-13588	-2424	-2996	-2756	-5512	-3016
-13688	-2056	-3272	-895	-5181	-2921
-13440	-2284	-2820	-1074	-5553	-3077
-14432	-3248	-1560	-1161	-4120	-2668
-15024	-2568	-1784	-834	-4637	-2455
-13944	-2676	-2200	-1008	-5072	-2832
-13872	-3164	-1008	387	-4274	-3252
-14788	-2308	-1276	898	-3876	-3272
-14464	-2808	-1756	332	-4917	-3476
-13412	-3320	-920	1315	-5201	-3250
-13328	-3012	-100	1186	-3827	-3110
-13800	-2944	-204	774	-3762	-2975
-13724	-3032	-640	-153	-4198	-2608
-13096	-3556	484	13	-4666	-1922
-12984	-3280	444	-80	-3183	-1757
-14240	-3312	732	-774	-2590	-1273
-14540	-3324	992	-1173	-3229	-435
-14132	-3736	756	-1928	-3441	-280
-14232	-3956	804	-1438	-2492	-767
-14900	-3608	1432	-637	-2230	-756
-14984	-2988	1900	-2565	-3166	-360
-14820	-3628	3172	-4577	-4097	-426
-14200	-3640	2956	-5570	-3814	75
-14408	-3620	2656	-7166	-3449	-88
-14832	-5276	2440	-5285	-3549	153
-14496	-5208	2624	-1765	-3224	622
-14160	-4612	1964	-1076	-2458	328
-14568	-4704	3024	-672	-2072	76
-14096	-4780	3536	-69	-2166	266
-13340	-4416	2364	-207	-1339	165
-14560	-4176	2844	-1435	-240	-102
-14692	-4660	3160	-1969	-2074	810
-13456	-4636	1864	-2483	-963	419
-14980	-4932	2552	-2330	354	231
-14708	-5044	3412	-1342	-524	47
-13964	-4572	2880	-1417	654	-102
-14776	-4192	4028	-2209	933	64
-14728	-4616	4728	-2247	163	337
-14396	-4780	3620	-2061	587	285
-15092	-4992	3672	-1596	530	384
-14980	-5484	3524	-679	-461	317
-14432	-5380	3108	-225	192	-98
-14964	-5088	3072	-103	178	-180
-14304	-4496	3732	120	-338	-226
-14264	-4484	3500	-259	661	-280
-14676	-4276	3316	132	361	13
-14336	-4504	3024	32	281	55
-14320	-5052	3544	1310	1026	202
-14348	-4272	3332	2535	1535	370
-14340	-4008	2840	1819	1717	418
-14248	-4192	2564	1700	1778	660
-14220	-4352	2464	2112	2091	709
-14072	-3968	2236	2952	2643	799
-14024	-3020	1464	1776	3442	733
-14580	-3632	1012	347	2774	1028
-14128	-4304	1364	1348	2384	1249
-13388	-3200	1468	1127	3684	1087
-14140	-2960	1244	-1130	4992	1008
-14924	-4560	1304	-986	4449	1199
-14184	-3956	1404	1000	4468	1283
-14152	-3144	1112	165	5291	962
-14396	-4344	1488	485	4545	773
-13424	-4196	1008	2898	4197	922
-13208	-3216	940	3041	5309	378
-14676	-3664	368	2694	5859	504
-14668	-3872	612	3514	3981	763
-12852	-3500	404	4030	4122	213
-13872	-3464	0	3717	6960	-423
-16156	-3068	120	3477	5172	445
-14936	-3032	-172	2753	2374	785
-14032	-3016	-732	1856	3177	464
-14364	-2248	-1256	486	2392	225
-13848	-2692	-1644	-600	1408	61
-14052	-2904	-1608	-1188	2114	215
-13908	-3080	-1696	-1950	1783	75
-13272	-3452	-2080	-1147	2111	138
-14004	-2552	-2276	-1171	4125	152
-15524	-3348	-2040	-1113	2579	977
-13520	-3504	-1948	527	1468	1575
-13556	-2904	-2924	594	4605	1330
-16708	-2856	-3076	943	4445	1963
-14808	-3312	-2740	2535	736	2493
-13080	-3288	-2716	4741	4342	1681
-17108	-1424	-3612	3951	6334	1744
-17420	-1852	-3680	1860	323	1817
-13664	-2696	-4628	3041	394	2016
-16368	556	-4720	1396	5499	2514
-18992	-148	-5100	-4836	892	4284
-14256	-3268	-4260	-3899	-1686	4770
-11648	-1984	-4312	-1070	3506	4265
-16688	-144	-3636	-3138	8732	3769
-20204	-1932	-4232	-2713	2262	5014
-15744	-2572	-3876	854	-1142	4518
-13892	-460	-3960	2972	1495	3370
-16680	-1200	-4204	444	3392	1856
-18692	-2736	-3984	2531	465	2675
-15328	-476	-4052	3139	-1399	3070
-13564	-1348	-4404	-677	721	2228
-16608	-2468	-4108	765	3856	2078
-17384	488	-4128	1192	-17	2519
-14876	108	-4444	-1218	-933	2151
-15272	-464	-5040	-3449	-15	1626
-16176	-692	-5164	-2036	-609	813
-15940	-268	-5260	-442	-1018	1005
-14700	-32	-4956	-273	-920	595
-15260	-352	-4860	-264	918	-450
-16532	28	-5688	1879	279	-591
-16176	636	-5312	2633	-264	-638
-15896	864	-5516	2151	-60	-842
-15924	600	-5384	1654	46	-826
-15796	916	-5564	1873	302	-459
-15756	1668	-5488	-130	213	-312
-15548	172	-5120	-1376	-252	-301
-15244	228	-5048	-222	522	-289
-15996	988	-4892	-840	816	-212
-15844	424	-5360	-1287	146	-83
-15724	216	-4736	-582	383	-90
-15304	364	-4600	2	229	-310
-15432	84	-4496	-88	530	-338
-15736	172	-4988	407	423	-300
-16076	240	-4768	363	630	120
-16568	20	-4580	515	161	363
-16068	388	-4708	123	71	355
-16296	228	-4664	-1073	279	187
-17020	-656	-4668	-174	248	194
-17200	192	-5012	266	193	266
-17492	316	-4872	-788	-72	93
-17944	-332	-5220	-180	33	299
-18576	40	-5128	1161	-293	178
-17456	1136	-5640	825	-1655	213
-16292	448	-6032	-404	-1546	-23
-16052	272	-5348	26	-1480	230
-15356	460	-5132	-725	-798	234
-16084	180	-5032	-1583	115	490
-15720	-36	-4304	-1995	-944	662
-14812	96	-5036	-2798	-998	334
-15896	124	-5336	-3264	-584	-137
-15376	-140	-4948	-3368	-2907	-7
-14492	-440	-4920	-3400	-2128	-677
-15312	68	-4704	-4599	-2256	-914
-15440	-1200	-4532	-5430	-2684	-1641
-15592	-1456	-4304	-3763	-2305	-1958
-16456	-116	-4208	-4018	-2704	-2568
-15084	-1248	-3976	-4912	-4606	-3397
-15076	-1816	-4028	-2711	-2778	-4128
-16168	192	-3536	-1638	-3255	-4393
-13480	-308	-3468	-3603	-6302	-4592
-12000	-1928	-2380	-2895	-3652	-5379
-15084	-780	-1900	-1911	-712	-6139
-15848	-584	-2088	-2562	-5664	-5477
-13048	-2044	-1572	-2492	-6947	-5673
-13212	-1608	-1180	-1295	-3872	-5748
-14896	-904	-972	-2565	-5278	-5332
-13464	-2312	64	-2737	-7737	-4640
-12456	-2388	1000	-832	-7009	-4240
-12260	-1192	-8	-2543	-6383	-4235
-12792	-2212	480	-3987	-7101	-4083
-12848	-3564	2040	-2181	-7248	-3116
-12064	-3136	1768	-1226	-6623	-2177
-12508	-3268	1588	-2544	-4419	-1778
-13716	-4004	2640	-2190	-4623	-1117
-13352	-3892	2208	-1294	-4352	-547
-14064	-3944	2268	-1560	-3567	-138
-14584	-4264	3156	-1381	-3763	-134
-14268	-4312	3192	-415	-3423	-361
-14212	-3956	2804	373	-3279	-558
-14024	-3496	2808	140	-2300	-972
-15464	-4032	2672	42	-1437	-282
-15048	-3880	2792	75	-3973	739
-13352	-3796	2364	-811	-2046	238
-15120	-3960	3040	-549	-275	487
-15604	-3164	2448	-1294	-1936	868
-14348	-3596	2520	-2592	-2231	1061
-13872	-3884	3472	-2232	-1449	949
-14456	-3268	3980	-2398	-55	909
-15272	-2868	4392	-4269	-1135	1444
-14100	-3176	4016	-6184	-2437	1426
-13648	-4356	4636	-6188	-628	584
-14344	-4780	4604	-3217	5	1017
-14316	-3824	3264	-2686	258	782
-15328	-4952	4308	-1612	268	1202
-14440	-4272	4076	489	-403	1466
-14072	-3300	2828	-823	434	918
-15088	-4484	3336	-248	155	611
-14468	-3716	3908	836	-54	990
-13996	-3116	3116	-1607	1193	148
-15448	-4600	3276	-1531	1140	142
-14796	-3720	3584	-437	343	127
-14084	-3248	3448	-1935	1018	-668
-14884	-4196	4300	-2125	1286	-680
-13964	-4108	4552	-1264	406	-321
-12772	-4144	3588	-406	1338	-738
-13440	-4080	3940	1375	2544	-644
-13656	-3848	3600	2203	1831	-411
-12888	-3896	3196	2247	1662	-354
-12700	-4540	3352	2997	3430	-834
-15056	-4392	2972	4666	5719	-443
-15376	-3064	1780	3680	3066	442
-14532	-4036	1724	2035	3121	117
-14648	-4128	1856	3460	3975	392
-14448	-3640	2044	3311	4575	-215
-15012	-3584	1748	3662	5723	-147
-14800	-3160	1444	3189	4674	-268
-14248	-3704	844	3212	4447	-522
-15188	-3840	728	4052	5652	-417
-16196	-3488	504	4102	4122	737
-15284	-3512	-28	2293	2858	762
-14328	-3060	-124	1795	2569	815
-13936	-2176	-884	-48	3589	131
-14892	-3232	-400	-381	4076	204
-14188	-2772	128	249	3754	886
-12892	-2048	-1020	-1613	3968	954
-13468	-3376	-976	-2488	5368	451
-13772	-3260	-32	105	4040	1554
-12120	-2412	-392	-127	4046	1386
-12044	-3100	-708	71	5015	938
-12740	-3316	-1584	1943	4888	760
-13276	-2820	-1168	2807	5138	1074
-12864	-3124	-1420	4275	3096	1824
-10976	-3304	-2308	5782	3684	1127
-13480	-2712	-2792	5990	8778	1196
-16972	-1780	-2996	4531	5422	3167
-14012	-3824	-3136	4291	1823	3268
-14980	-2788	-3352	5866	8984	3112
-19592	-92	-4556	2201	5159	4406
-16220	-3040	-3308	890	880	3037
-15784	-1976	-3844	3880	5818	3029
-20192	-140	-5128	1079	4529	3089
-18116	-2744	-4548	408	-790	3927
-14496	-2288	-4608	2322	989	3607
-16208	-244	-5568	192	3997	2703
-17424	-860	-5488	-2117	1319	2733
-14980	-2068	-4540	-312	59	2893
-13712	-796	-4380	-474	2881	1786
-16404	-412	-4468	-2893	4245	1390
-15648	-1392	-4124	-1777	319	2208
-14000	-1276	-4500	-495	2866	1721
-18004	-640	-4040	-208	4384	2121
-18524	-908	-5568	430	-1126	2978
-14672	-316	-6300	132	-2218	2166
-15188	-1144	-5768	-750	435	840
-17892	-520	-5460	1968	657	248
-16556	1680	-5612	56	-981	229
-15552	-356	-5920	-2557	-337	-161
-16064	-676	-5568	-1056	504	-100
-16440	652	-6396	-2568	228	-61
-16528	-480	-5708	-2674	-394	-28
-15508	320	-6056	-2957	83	-31
-16080	-668	-5944	-3235	707	-528
-16916	-612	-5984	-208	721	-302
-16144	640	-5740	-464	26	-450
-15548	-520	-5764	-1001	281	-792
-15728	-1096	-5136	1177	1063	-614
-15928	388	-5688	1774	888	-448
-15260	928	-6740	-1306	-435	-273
-14512	-860	-6636	-2158	-596	-218
-14476	-240	-5852	-985	557	-787
-15000	596	-5816	-1822	1618	-1090
-14984	48	-5868	-2401	1859	-1244
-15532	-352	-5108	-1778	2610	-1421
-16368	-80	-5632	-985	2079	-1362
-16304	-152	-5516	-193	1105	-1545
-16092	-56	-5208	190	912	-1838
-16296	-88	-5380	892	675	-2031
-16568	104	-5396	661	48	-2111
-16040	-144	-5184	174	-474	-1871
-16228	-300	-5648	-780	-83	-1626
-16764	-828	-5108	-1514	-1227	-1595
-15824	-832	-4732	-1652	-2011	-1660
-16068	-788	-5396	-2714	-1454	-1808
-16104	-1216	-5144	-2751	-2824	-1453
-15312	-1392	-5208	-2329	-2851	-1727
-15468	-1372	-5720	-1872	-3307	-1690
-15540	-1472	-5104	-2143	-3728	-1877
-14672	-1628	-5036	-2273	-4526	-1848
-15124	-2168	-5352	-2335	-3431	-2178
-15492	-1624	-4356	-3049	-4066	-1896
-14408	-1976	-4136	-3686	-4499	-1929
-13180	-3104	-3316	-2390	-3403	-2151
-14244	-1888	-3936	-1090	-1792	-1779
-14796	-1400	-3320	-2393	-3552	-1794
-13104	-2680	-2504	-1735	-4853	-1633
-13144	-2596	-2408	279	-2972	-2072
-13772	-1604	-2656	284	-3502	-2163
-14072	-1728	-2412	-900	-3547	-2741
-14240	-2256	-1864	-732	-3972	-2454
-14180	-1912	-2376	-1137	-4676	-2546
-14020	-2284	-2672	-2164	-4636	-2642
-14848	-2464	-1420	-1498	-4597	-2069
-14020	-2412	-1140	-2001	-5364	-2389
-13728	-3244	-1924	-1527	-4934	-2602
-13756	-3008	-1592	111	-4765	-2575
-13792	-2664	-688	295	-4256	-2070
-14180	-3276	-940	552	-4237	-1395
-14184	-3036	-952	251	-3949	-885
-14812	-3404	-824	250	-3853	-313
-14388	-3100	-196	290	-3773	-178
-14632	-3472	712	516	-2689	-124
-14820	-3360	1132	1172	-2044	11
-13844	-2976	1080	214	-2676	-48
-14412	-3272	1548	-510	-2391	-403
-15296	-2876	2076	-1001	-3085	-131
-15328	-3304	1496	-2619	-4015	153
-15108	-3436	840	-3066	-4446	-72
-14888	-3332	876	-3597	-4299	-497
-15628	-3808	1052	-3065	-3413	-422
-15572	-3100	976	-3354	-4287	38
-13836	-3020	1336	-4700	-4420	-158
-14124	-3720	2004	-4904	-2185	-400
-14736	-3092	2036	-4984	-2256	263
-14408	-3068	2196	-6373	-2262	362
-14340	-4208	3112	-5258	-1815	448
-13860	-3660	2988	-4905	-1051	610
-14356	-4104	3160	-5003	57	715
-15328	-4392	3604	-3762	-294	863
-15020	-3932	3324	-4213	-932	777
-14780	-4664	3292	-3383	-1201	455
-14660	-4468	3000	-1316	-765	89
-14632	-4008	2824	-965	-786	54
-14408	-4272	3200	-466	-752	-246
-13976	-4392	4072	423	-79	-471
-14772	-3652	3352	488	1234	-251
-15816	-3592	2928	-969	-428	249
-14060	-4420	3360	-332	-2041	312
-13764	-4660	2704	841	1488	-35
-15620	-4304	3036	1955	789	581
-13760	-3536	3348	1354	-79	113
-13972	-4068	3408	1201	2109	-126
-15108	-3636	3248	1537	2055	-48
-14212	-3516	3272	1097	542	376
-13020	-3984	3304	1417	1323	-8
-14164	-3640	3040	2660	3747	-103
-15852	-3036	2468	2143	2430	646
-13992	-3968	2204	1967	178	728
-12532	-4356	2588	3932	2845	161
-15028	-3428	2820	4827	5741	295
-15532	-2864	2076	3637	3092	1034
-13492	-3292	1448	2202	2605	953
-13832	-3836	1604	2731	4619	733
-15012	-3348	1264	3834	4568	1015
-14228	-2336	692	2044	3721	1109
-13924	-3264	352	909	4003	828
-13424	-3428	240	1978	4192	753
-13748	-3104	52	3543	5050	842
-13784	-2168	444	2756	5091	901
-12824	-2564	-640	1539	3711	832
-13064	-4172	-1080	3329	6044	-39
-14476	-2104	-1068	5476	5621	1169
-13136	-1804	-2140	2914	3862	526
-14012	-3420	-3164	3486	5705	594
-15200	-1928	-3248	3872	5304	1644
-14496	-1724	-2616	1017	4354	1522
-14776	-2360	-2520	-124	6325	1330
-16340	-1568	-2892	-1041	6128	1682
-15408	-2540	-2516	-1500	4377	1438
-14320	-2484	-1860	-670	5903	1161
-15972	-1636	-1768	-846	6643	968
-16268	-2028	-2316	-50	4229	1056
-15096	-3180	-3396	999	3940	580
-14888	-3756	-2224	3037	4000	921
-14700	-2192	-1384	4522	4254	668
-14812	-1064	-3164	3695	3419	1870
-14924	-1912	-3196	3299	3195	2283
-15148	-1116	-3028	4095	2624	3461
-14320	-8	-3648	1860	1511	3894
-14452	-1748	-3564	1069	2141	3991
-16776	-568	-4492	1105	3393	4750
-17576	160	-4896	-2024	187	4986
-15208	-1268	-5172	-1929	-548	4143
-14204	-360	-5412	-1031	1189	3120
-16456	-416	-5056	-680	1745	2410
-17128	132	-5768	485	20	2403
-15728	1100	-6228	-1081	-200	2395
-15640	-704	-5504	85	67	2457
-15088	-8	-4892	1055	1378	2026
-15924	136	-5120	381	887	1194
-16320	-212	-5792	1217	410	924
-16764	1280	-5868	600	-186	934
-16168	844	-5792	-1712	-1058	1163
-15804	-680	-5712	-612	-293	1495
-16164	768	-6292	-577	287	1448
-16400	212	-6164	-2006	355	831
-16092	-688	-5812	-18	235	596
-15960	280	-5896	1353	1137	173
-16636	828	-5900	599	898	-30
-16548	92	-5936	292	217	-223
-16260	16	-5628	1282	564	-263
-16468	1008	-6168	578	317	-326
-16224	876	-6160	-1006	84	-540
-16440	532	-5852	-1864	160	-551
-15976	404	-5652	-1996	-187	-785
-16476	-104	-5728	-922	819	-1329
-17740	684	-6616	186	-233	-1664
-17452	1224	-7672	872	-1615	-1380
-16576	1412	-6828	264	-2179	-876
-14872	680	-6176	-1584	-596	-523
-15196	104	-6092	-2199	1712	-706
-16132	648	-6416	-1410	1889	-721
-16072	984	-6016	-2551	859	-1080
-15604	364	-4788	-2943	295	-1788
-15484	-480	-4140	-1959	1026	-2699
-16700	-336	-4600	-770	1402	-3047
-17004	-76	-4700	-906	-842	-3255
-15036	-320	-4012	-1229	-2151	-3523
-15496	-364	-3472	-1053	-639	-3962
-16020	88	-4188	-1776	-2346	-3245
-15360	-1932	-5856	-2728	-2706	-3282
-16316	-2092	-5948	251	-2580	-2008
-15656	36	-5216	-3091	-5039	-1109
-13844	-1436	-4840	-6668	-5328	-1805
-13444	-2120	-4232	-6326	-2993	-2021
-14356	-1164	-3392	-6051	-2392	-2579
-14596	-1296	-2932	-6531	-2986	-2794
-13544	-2184	-2188	-6226	-3898	-2952
-12548	-2612	-1492	-4516	-3309	-2967
-13172	-2280	-820	-2873	-2087	-3043
-14632	-2188	-1292	-1832	-3474	-2708
-14016	-2040	-472	-991	-5612	-2205
-13280	-2096	-764	-435	-6067	-2170
-13816	-2116	-1080	-919	-5392	-2659
-15408	-2248	-1648	-516	-6256	-2829
-15096	-1988	-2128	-974	-7491	-3476
-14112	-1620	-1740	-1698	-7772	-3949
-14536	-1844	-1628	-2802	-6189	-4498
-14440	-2588	-1152	-2931	-6610	-4163
-13420	-2816	-84	-2936	-4800	-4182
-14944	-3156	-280	-2820	-3256	-3295
-14120	-3656	-328	-2034	-5003	-2562
-12796	-4448	1172	645	-4160	-2369
-13900	-3776	464	2708	-2180	-2004
-14548	-2760	-560	2092	-3676	-1892
-14240	-3984	864	2336	-4674	-1348
-12916	-3644	660	3270	-3929	-1074
-13872	-3108	432	1991	-2011	-1222
-14636	-3476	1004	10	-2419	-210
-14224	-3500	1824	-1604	-2636	335
-14392	-3196	2572	-3645	-1865	421
-14908	-2980	2596	-6365	-2837	641
-14304	-3484	1672	-8381	-3273	70
-15112	-5200	2748	-6955	-2075	405
-15032	-4932	1712	-4537	-2630	944
-13868	-4664	1484	-3627	-1925	142
-14608	-5232	3012	-918	180	-2
-15384	-3508	2588	-805	92	459
-15260	-3684	2884	-3079	-1290	779
-14364	-4800	2968	-2657	-1464	789
-14520	-4244	2372	-2116	652	231
-15744	-3952	2600	-2321	-315	363
-14660	-4024	2528	-2606	-1590	519
-14032	-4052	2224	-2969	-145	135
-15168	-4760	3252	-2570	667	730
-14876	-4812	4016	-2176	-555	1196
-13832	-4380	2908	-2521	550	530
-15292	-4604	3248	-2716	962	454
-14984	-5184	3356	-2114	-1148	874
-14012	-5268	2816	-649	-205	429
-14724	-5340	2992	409	623	104
-14936	-4424	2924	756	317	49
-14544	-4516	2704	361	267	29
-14252	-4556	2960	829	581	-105
-14060	-4336	3136	1581	1172	-94
-14332	-4268	2760	2021	1620	145
-13868	-4468	2440	2406	1206	478
-13052	-4452	2316	3299	1961	361
-13496	-4564	2616	4210	3781	106
-14920	-4308	2300	5340	4183	712
-14416	-3772	1440	4719	2836	729
-13996	-4044	1708	4572	3353	389
-14648	-3516	1744	4775	3841	522
-14628	-2836	1280	3214	3163	633
-14000	-3024	880	1713	2728	572
-13716	-2864	1148	1004	3074	519
-13480	-2268	316	-580	2953	488
-13380	-2692	36	-1869	3224	399
-13332	-2792	352	-1813	3483	864
-13116	-2864	-176	-2129	3648	667
-13320	-2980	-536	-1793	4234	813
-13008	-2556	-328	-1509	3554	1002
-12136	-2708	-1080	-1192	4044	534
-13076	-3328	-1160	1015	5891	689
-14464	-2208	-924	2312	5780	1671
-13816	-2448	-984	1529	4598	2174
-13148	-3180	-1420	2288	5626	2215
-15096	-2464	-1956	3279	7090	2694
-16088	-1868	-1752	2767	4796	3274
-14560	-2168	-2052	2450	3840	3234
-14564	-2332	-2616	1622	5224	2954
-15876	-3072	-2268	2682	5748	3171
-16684	-1980	-2320	4254	5005	3594
-16156	-1176	-3356	1304	3523	3517
-15160	-2728	-3164	1022	3301	2874
-15708	-1892	-3328	2865	4767	2592
-16484	-28	-4144	845	3222	2886
-14832	-2148	-3192	-243	2084	2785
-14428	-1808	-3820	2753	4457	3311
-16636	268	-4980	2056	4731	4284
-16104	-1824	-4332	2338	2057	4857
-14504	-1032	-3732	4361	2079	5146
-15708	-76	-5328	2065	3115	4300
-17340	-1264	-5124	2736	1454	4026
-15376	-144	-5628	3037	329	3574
-15380	536	-6132	246	1943	2095
-15632	-908	-5048	-162	1241	1273
-13828	-724	-4820	1641	1319	562
-13332	656	-5968	1436	2180	-402
-14948	-396	-5984	825	2919	-852
-16612	96	-5432	2642	1871	161
-16376	700	-6324	1613	620	685
-16412	-932	-6320	639	722	1046
-17352	-712	-6112	2275	701	1752
-17224	380	-6216	1443	699	1188
-16760	180	-5944	434	541	614
-16864	408	-5612	-865	1007	-597
-17080	580	-5328	-1816	494	-1564
-16000	-80	-5960	-1089	-184	-2036
-15852	428	-6228	-174	406	-2178
-15928	496	-5432	54	-85	-1822
-15472	120	-5744	1561	14	-1299
-15372	956	-6552	1596	-43	-975
-14780	1120	-6604	358	-477	-588
-14604	132	-5936	620	410	-337
-15176	872	-6448	347	1245	-37
-15912	984	-7080	-1613	695	58
-15800	240	-6692	-1295	119	212
-15640	604	-6240	-1265	434	86
-15664	56	-5660	-1394	497	-194
-15012	-68	-5160	-457	556	-494
-14992	520	-6300	-236	282	-983
-14972	-524	-6312	1227	-59	-977
-15660	432	-5968	1511	-82	-258
-15604	236	-6524	-8	-812	57
-15048	-748	-6964	-982	-802	679
-15100	-1112	-6828	-1036	-63	1173
-15712	-816	-7108	-1055	172	1289
-15096	-628	-6448	-1661	12	1360
-15152	-960	-6932	-2644	649	704
-15752	-1452	-6632	-2011	303	592
-15612	-384	-6852	-2375	-592	151
-14780	-564	-6808	-4130	-1271	-311
-14504	-1260	-6672	-3184	-462	-852
-14952	-492	-6840	-3150	73	-941
-15012	-340	-6692	-4235	-57	-1171
-14256	-660	-6528	-3558	-252	-1166
-13888	-588	-6388	-2394	455	-1317
-14816	-356	-5944	-1357	671	-1026
-14432	-136	-5712	-1037	-132	-1005
-14872	-652	-6272	-690	452	-1306
-15400	-228	-5436	469	-445	-1059
-14644	144	-5552	-652	-1035	-1356
-15136	-628	-5796	-1257	-187	-1654
-15660	-48	-5788	-421	-1090	-1437
-15056	100	-5872	-1778	-1258	-1608
-15648	-248	-5676	-2741	-1021	-1608
-15756	-224	-5156	-2703	-1911	-1576
-15176	-452	-5592	-3498	-1804	-1625
-15884	-752	-5328	-3794	-2512	-1689
-15136	-932	-5020	-3484	-3781	-2093
-14744	-640	-5168	-3718	-3377	-2282
-15120	-956	-4144	-3783	-3904	-2196
-13452	-972	-4428	-4311	-4652	-2420
-12880	-840	-4100	-4788	-4022	-2683
-14032	-1732	-3552	-4080	-3027	-2688
-14232	-1048	-3220	-3383	-4340	-2446
-12888	-1072	-2844	-4635	-5100	-2669
-13040	-2028	-2636	-3874	-3842	-2961
-14112	-1292	-1828	-2260	-4228	-2409
-14356	76	-496	-3961	-5343	-2134
-14072	-816	-828	-7784	-5419	-2369
-14256	-3152	-1740	-6893	-5342	-2592
-13096	-2612	-1184	-2323	-5634	-2881
-13048	-1896	-956	-1452	-3511	-3620
-15068	-3304	-1632	132	-3260	-3255
-15560	-3052	-1476	2847	-4833	-2303
-14092	-2000	-1000	2827	-5015	-2130
-14152	-2564	-1268	1489	-4201	-2351
-14744	-2812	-1552	1911	-4447	-1831
-14384	-1944	-780	542	-4701	-1424
-14736	-2408	-132	-1693	-4181	-1169
-14628	-1968	576	-3401	-4872	-436
-13564	-1228	920	-6600	-5042	-906
-14024	-2604	1200	-7863	-3459	-1684
-15972	-3408	2408	-5691	-2213	-1756
-16700	-2700	532	-5302	-4218	-1524
-15084	-3368	376	-4777	-5877	-2115
-14408	-3920	752	-2815	-3926	-2492
-15240	-3640	1216	-1324	-3089	-1986
-14844	-3152	832	-2119	-3803	-1309
-13924	-3564	1424	-3702	-2395	-1084
-15264	-3456	2596	-4247	-1271	-226
-14808	-2800	2228	-6026	-2888	177
-13572	-3456	1648	-7406	-2510	-330
-13760	-4764	2924	-5280	-1768	-411
-13848	-4412	2568	-3058	-271	-458
-15236	-4164	2636	-2258	136	-170
-14776	-4468	3660	-1386	-1707	265
-13416	-4280	2280	-1638	-291	-39
-15432	-4852	2432	-934	1093	115
-15328	-4464	2896	386	-1072	727
-13724	-4156	1836	-1	389	176
-15552	-4672	2616	849	1680	249
-15156	-3908	3020	996	64	481
-14756	-3852	2032	-500	1321	217
-15752	-5148	2632	832	807	409
-14648	-3892	2712	1929	561	378
-14972	-3712	2712	891	1223	139
-14756	-4528	2688	1517	609	373
-14356	-4008	2456	2248	1486	629
-14924	-3592	2916	1951	1524	746
-14596	-3372	2236	1357	1075	944
-14284	-3684	1768	965	1390	961
-13872	-3692	1844	1872	1618	1020
-13704	-3352	2292	2401	2101	937
-13488	-3460	2548	2377	3204	768
-14232	-3332	2208	2925	4601	1215
-14528	-3496	2604	2501	4150	1498
-14104	-3532	2136	3707	4064	1766
-13692	-3084	1756	4098	3804	1989
-13688	-3076	896	3751	3688	1875
-13832	-2680	576	3531	2728	1948
-12964	-2500	-248	2389	2211	1853
-13480	-2376	-632	1959	3351	1752
-13624	-1672	-624	1106	2692	1973
-12192	-1940	-1664	186	2673	1799
-12412	-2000	-1628	513	4682	1523
-12864	-1616	-1460	492	4533	1467
-12048	-2332	-2060	1690	4526	1326
-12188	-2208	-1932	3492	6477	1070
-13496	-1300	-2208	4059	6428	2008
-13012	-2352	-2408	3888	5051	2230
-14112	-2864	-2376	5967	7048	2872
-15832	-1232	-2896	6531	5727	4128
-14700	-1592	-3092	4982	4533	3520
-15908	-1668	-3464	6000	6483	3759
-18048	356	-4344	3658	4743	3861
-15996	-672	-3684	647	2676	2988
-16064	-944	-4396	1354	5370	2526
-18024	140	-4620	274	4492	2678
-17232	-1572	-3808	1435	3392	2732
-16652	-500	-4440	3675	3817	3061
-16628	456	-5196	2056	2889	2545
-18016	124	-4088	1765	2161	2001
-16816	900	-5708	-2	-729	2177
-14408	-1288	-4704	-133	106	917
-14780	-628	-3692	1977	3485	382
-16560	920	-4384	16	4106	319
-17184	-1276	-3284	195	2597	500
-15256	-28	-2972	2736	1372	1221
-14572	552	-4164	870	1191	1461
-16252	208	-4152	869	1528	1531
-16684	888	-4628	761	-590	2419
-15464	360	-5280	1412	-523	2697
-15524	1744	-5092	294	293	2806
-15644	796	-5324	-1320	-921	2494
-15264	-452	-6036	1145	-360	1335
-16040	1312	-5068	1287	861	-28
-16660	1768	-5664	-853	278	-1081
-16428	40	-5408	276	28	-869
-16352	572	-5032	2081	596	-303
-16516	1536	-5312	546	172	-135
-15860	308	-5728	584	-185	75
-15872	1140	-5752	962	733	370
-16048	1768	-6052	-1237	241	321
-15848	400	-5544	-2199	-370	345
-15016	496	-5976	-2314	-175	-239
-15052	1000	-6120	-2459	-57	-785
-15368	776	-5424	-2294	205	-995
-15944	1084	-5516	-2563	374	-1126
-16300	508	-6140	-2357	367	-1266
-16428	704	-6004	-1604	87	-956
-16696	732	-5936	-896	341	-1404
-16968	824	-5932	-179	429	-1361
-16984	888	-5464	-431	-154	-999
-16496	252	-5644	-584	-370	-887
-16388	384	-5708	102	-224	-668
-16452	884	-5852	-460	-556	-914
-16984	504	-6000	-1026	-493	-1436
-17252	1184	-6308	-1371	-823	-1452
-16644	720	-5788	-2790	-1329	-1474
-15908	248	-5352	-2068	-1119	-1495
-15804	308	-5492	-1229	-746	-1375
-15412	204	-4560	158	-1108	-757
-15396	416	-4708	-525	-1329	-528
-15032	-300	-4516	-235	-1964	-791
-14696	-240	-4744	1214	-1472	-564
-14860	540	-4588	491	-1809	-607
-14856	-556	-4056	-67	-1745	-663
-14912	-676	-3596	839	-1519	-535
-15016	552	-4172	-595	-1544	-641
-15088	-844	-3868	-1305	-2762	-637
-14768	-592	-3660	-414	-2758	-586
-15340	-448	-4340	-2950	-2992	-544
-15300	-1768	-4264	-3412	-3885	-685
-13720	-1288	-3172	-2445	-4341	-990
-13016	-660	-3340	-4668	-2644	-1522
-13944	-1536	-2536	-5537	-2940	-1301
-13612	-1552	-1880	-4482	-3577	-1390
-13568	-640	-1980	-4378	-3605	-1711
-13876	-580	-1568	-5267	-3518	-1869
-13836	-1168	-1512	-5483	-3754	-2638
-13872	-2012	-1404	-4376	-3948	-3297
-13636	-1228	-360	-3202	-4495	-3286
-14128	-568	80	-4292	-4989	-3207
-13768	-1028	-144	-5186	-5941	-2700
-13456	-2360	-812	-4061	-5735	-2657
-14344	-2048	-868	-2515	-4432	-2493
-15184	-1540	-300	-2383	-4785	-2136
-14160	-2272	172	-1916	-4895	-1625
-13756	-1568	644	-1356	-2754	-2000
-15280	-620	456	-2374	-2852	-2064
-15152	-1560	372	-3689	-4171	-1771
-13596	-2608	784	-2873	-3894	-1653
-14016	-2560	756	-1143	-2362	-1634
-14816	-2024	44	-992	-2746	-1525
-15172	-2500	1056	-1524	-2630	-1262
-14760	-2436	1944	-1368	-3146	-951
-14804	-1984	768	-3252	-2120	-1187
-16360	-2244	432	-5220	-2402	-731
-17380	-2396	1420	-6384	-2616	36
-16788	-2108	1648	-7448	-4036	554
-14016	-2700	1936	-8325	-3531	-834
-13996	-2548	2716	-6471	-1002	-1480
-14800	-2496	2976	-5760	-1297	-1756
-14532	-3312	3488	-4011	-2354	-1362
-13980	-3700	3216	-2077	-2054	-636
-14128	-3552	3088	-820	-1383	-280
-15040	-3740	3124	-128	-697	261
-15504	-3460	2512	564	-1155	903
-15440	-3724	2692	1325	-1523	1131
-15312	-2916	2800	1345	-705	1006
-15056	-2472	2620	-587	-290	734
-15668	-3080	2540	-1121	-232	821
-14660	-2992	2884	-782	-1116	848
-14352	-2812	2348	-1091	810	401
-16764	-3376	2852	-761	1631	1098
-16152	-3044	2820	-520	-785	1985
-14324	-2608	2496	-1124	146	1628
-15460	-2948	3104	-61	948	1060
-14540	-2080	2768	472	-720	1145
-13428	-2576	2932	-575	-293	753
-13852	-3264	3236	531	217	892
-13436	-2924	3244	1042	512	918
-13248	-3232	2848	1007	976	1375
-13812	-3636	2940	1400	1516	1768
-14444	-3884	3152	2678	1835	2252
-14012	-2888	2656	2605	1212	2233
-12704	-2920	1860	1615	741	1143
-11804	-3144	2352	2218	1833	-259
-12056	-3100	2672	3394	3708	-1715
-13240	-2908	2664	4034	4851	-2286
-15208	-3900	2992	4481	6038	-1904
-19392	-3640	2788	6174	6999	237
-18656	-2724	3108	6078	1925	1779
-14104	-3036	1956	4878	1860	667
-15708	-2820	1284	6756	5787	-887
-17556	-1384	1296	7916	2933	-1185
-15156	-1128	596	6584	1091	-2054
-13876	-1064	-248	5890	1885	-2320
-13532	-860	-684	4821	2035	-2504
-13340	-1316	-664	4427	2347	-1880
-12972	-1448	-1108	4507	2538	-1219
-12888	-840	-2204	4689	3315	-726
-12228	-144	-2540	2838	3219	21
-11172	-988	-1560	749	4219	131
-11380	-1044	-2440	558	6025	280
-12596	-460	-2476	-909	6687	857
-12360	-1476	-2260	-1671	5198	1732
-11596	-1180	-2656	-1556	6573	2034
-14160	-832	-3384	-2243	8049	3053
-14516	-2476	-2824	-2075	5963	3793
-12948	-2440	-2568	430	6759	4639
-14168	-920	-3404	439	8814	4347
-15612	-1708	-3580	1450	6757	4931
-14908	-2192	-2936	5066	5588	5274
-15784	-572	-3740	6234	6256	4930
-17932	8	-4564	4555	5492	4996
-18796	-668	-4816	4633	3140	5680
-16600	336	-4872	4299	1201	5097
-14336	-48	-4288	2898	2198	4125
-15868	844	-5596	2406	4630	3295
-19092	1492	-6000	120	3142	3464
-18144	192	-5976	-1013	262	2989
-16168	16	-5880	-10	691	2450
-15864	1180	-5616	-645	1500	1079
-17232	532	-5440	-693	2241	352
-16092	4	-4592	1601	765	336
-16276	724	-4800	2116	2043	81
-17848	704	-5900	2758	938	531
-17288	1548	-5344	2259	-1320	669
-16680	1120	-5020	612	-1839	936
-16072	116	-4804	424	-970	269
-16332	668	-6052	1185	384	-55
-16664	996	-6328	2119	-488	-422
-16304	1336	-6580	2093	-485	-848
-16976	1716	-6484	1082	-1054	-835
-16280	1208	-6700	345	-1663	-754
-15528	1496	-6532	-571	-1300	-339
-15848	1228	-6592	-1859	-240	-395
-15808	708	-6284	-921	-485	-163
-14976	752	-6128	-709	-255	-478
-15212	320	-6308	-236	-24	-894
-15636	904	-6456	823	293	-1400
-16212	1808	-6392	-295	-19	-1567
-15896	568	-6164	-1649	-283	-1298
-16104	224	-6392	-839	677	-1139
-16888	1216	-6324	-1526	674	-1066
-17372	1080	-6024	-2749	674	-1119
-17428	128	-5976	-2665	267	-1219
-17624	436	-6260	-2018	509	-1662
-17972	1500	-6204	-3062	-251	-2199
-17196	216	-5752	-3138	-483	-2510
-17456	-96	-5956	-1423	356	-2237
-17516	380	-5684	-705	-758	-2038
-16280	244	-5628	-947	-1180	-1750
-15992	116	-5620	-1400	-1441	-1384
-15212	-32	-5496	-1911	-1799	-1394
-15100	-76	-5176	-2435	-1445	-1251
-14744	-352	-5068	-3668	-1871	-1092
-14404	-1260	-4120	-3641	-1607	-1211
-15144	-672	-4732	-2951	-771	-1219
-16100	-1528	-4424	-2510	-2030	-1301
-15472	-2132	-4244	199	-3255	-1257
-14620	-976	-4496	1734	-4223	-1405
-13224	0	-4392	402	-5093	-2174
-12712	-652	-4320	-1190	-5625	-2266
-12692	-1268	-3856	-1684	-4344	-2887
-13500	-404	-3192	-2770	-4044	-2319
-13132	-1052	-2460	-5332	-4395	-2225
-12188	-2008	-1560	-5659	-3844	-2533
-12740	-2084	-1676	-4216	-2987	-2886
-14000	-1932	-1292	-3325	-3078	-3452
-15380	-1756	-1488	-3070	-5334	-3308
-13508	-2508	-1156	-2183	-7508	-3634
-12604	-2324	-1364	-593	-5817	-3863
-14220	-1596	-1576	-740	-5351	-3660
-13864	-2964	-1140	-884	-6840	-3313
-13084	-2620	-420	-228	-5011	-2859
-15076	-2016	-1308	-2331	-4105	-2686
-14792	-3060	-584	-2753	-6267	-2036
-12912	-3108	-8	-2180	-4726	-2580
-14848	-2736	84	-2266	-2888	-3038
-16472	-3224	-208	-1963	-4473	-2692
-14944	-2576	1432	-1178	-5186	-2609
-14464	-3220	2296	-394	-4042	-3522
-15564	-2904	1184	618	-3963	-3753
-16292	-2188	920	553	-5686	-2777
-14888	-2536	844	-1385	-6708	-2483
-13564	-3272	1636	-2174	-5830	-1845
-13672	-3296	1788	-2809	-3482	-1344
-14288	-4132	2020	-3359	-2913	-13
-13116	-4256	2476	-3218	-3354	918
-12192	-4000	2296	-3773	-2403	773
-13420	-4892	2740	-2828	-972	1083
-13568	-4876	2928	-1950	-1338	1742
-12960	-5188	3100	-1663	-689	2031
-13584	-5396	3352	-968	644	2406
-14008	-5236	3336	-789	1015	2823
-14120	-5352	3400	-305	1436	3085
-14628	-4956	3456	285	2130	2946
-15020	-4268	3248	80	1542	2745
-14756	-3888	2704	-766	1211	2329
-15320	-3704	2928	-736	1986	1915
-15928	-3436	3076	-739	1899	2110
-15308	-2736	2592	-1597	1235	1705
-15604	-2848	2624	-1969	1896	840
-16384	-2932	3484	-1214	1200	429
-15420	-2296	3256	-1634	402	-140
-15552	-2924	3312	-2043	570	-320
-15396	-3132	3208	-1592	-29	163
-14576	-3536	3016	-549	-45	197
-14388	-3584	2812	253	873	234
-14528	-3400	2508	513	804	235
-14508	-4008	3012	864	823	4
-14508	-3800	2772	1371	1543	48
-14604	-3292	2476	1176	914	122
-13952	-3496	2236	1165	1071	-246
-14364	-3616	2612	2063	2173	-175
-14428	-2852	2040	1650	1974	5
-13960	-3496	1988	1144	2119	-264
-14180	-3572	2308	2567	3183	13
-14648	-2728	2836	2455	3311	302
-14284	-3248	1332	1843	2840	301
-14020	-3644	1428	2847	3181	378
-13828	-2692	1852	3891	3419	333
-14068	-2628	1188	3258	3920	445
-14156	-3140	540	3487	3447	660
-13340	-2400	352	4278	3251	818
-13160	-2156	564	4073	3866	649
-13192	-2456	-288	3748	4473	412
-13100	-2132	-1040	4538	4034	852
-12000	-2192	-1000	5233	3843	487
-11780	-2040	-1416	5745	5190	131
-13424	-1444	-2492	5621	5791	672
-13096	-1444	-2328	5043	3935	1022
-11620	-1812	-2196	4235	5199	1129
-13208	-1352	-3196	2525	7554	1471
-14184	-1444	-2844	1090	5889	2064
-13672	-2024	-3132	1227	6125	2256
-14724	-1484	-3876	583	7219	2411
-16004	-1580	-3096	300	6097	2685
-15512	-3268	-3200	2976	6116	3009
-16452	-2028	-3448	4962	7021	3312
-17212	-1728	-3112	4835	5569	3505
-15384	-2440	-2696	6118	4672	3210
-15984	-1448	-3696	6900	6463	2754
-17304	-452	-4108	4467	3951	2685
-14644	-1360	-3984	2628	1970	1820
-15820	-1564	-4152	3379	5234	1459
-18556	1068	-5736	474	2513	2317
-15808	-1344	-5328	-3599	-606	2117
-16028	-2828	-4772	723	2608	2225
-18360	1404	-6560	-551	1612	2267
-16984	-140	-6764	-5741	-1381	1290
-15308	-2196	-5932	-2588	-243	588
-15260	456	-5436	-1390	1261	-218
-15124	180	-5484	-3974	1197	-1067
-15316	-1012	-5592	-1872	1079	-909
-15612	16	-5668	-797	1234	-419
-16016	-988	-5484	-460	405	354
-15580	-416	-5816	1119	77	908
-16260	-196	-5652	527	539	1034
-16448	-660	-5988	1297	123	866
-16104	-120	-6460	1574	213	512
-16020	-436	-6512	1181	395	73
-16032	448	-6056	856	577	-145
-15824	28	-6600	-1052	378	-262
-15620	-848	-6192	-1053	533	-84
-15772	180	-5944	-1518	807	-47
-16076	-252	-6480	-2292	573	39
-15240	-444	-6220	-1505	282	203
-15436	-408	-6056	-1602	936	-28
-16232	-816	-6172	-818	529	0
-15512	-260	-6284	-104	377	-71
-15984	0	-6872	-837	618	-183
-16004	-692	-6568	-819	26	-85
-15960	-520	-6316	-397	933	-422
-17224	-372	-6372	-276	1019	-597
-17104	40	-6936	-454	-207	-786
-15520	68	-7016	-1549	-1115	-1026
-15044	-524	-7016	-1630	-445	-1191
-15828	-272	-6404	-1736	270	-1501
-15940	-40	-7240	-2827	103	-1604
-15864	-916	-6608	-2236	75	-1409
-15908	-284	-6652	-1953	-62	-1445
-15684	-480	-6808	-2736	-420	-1661
-15868	-924	-6168	-1836	-368	-1638
-16056	72	-6620	-1570	-651	-1703
-15872	-456	-6708	-2239	-1216	-1778
-15396	-724	-6208	-1711	-1127	-1812
-15576	-44	-6512	-2355	-1686	-1877
-15284	-676	-6144	-3214	-1762	-2150
-15092	-1048	-5940	-2804	-1653	-2026
-15096	-612	-5432	-2571	-1666	-1942
-15572	-1012	-5252	-2975	-1743	-1817
-15856	-1868	-5220	-2176	-2315	-1654
-15588	-972	-4960	-517	-3301	-1463
-14224	-944	-4740	-939	-3834	-1535
-14776	-1400	-4656	-561	-3019	-1306
-14416	-804	-4444	-800	-4731	-947
-13516	-1740	-4276	-1933	-4164	-1187
-15176	-2200	-3804	-1095	-3284	-1096
-14708	-920	-3592	-2121	-5397	-1140
-13108	-1584	-3020	-3673	-4892	-1991
-13560	-1832	-2520	-3149	-4177	-1899
-13180	-1656	-1928	-2930	-5114	-1944
-12356	-2048	-2352	-3210	-4882	-1709
-12672	-1868	-2040	-2786	-4503	-881
-13596	-2776	-2116	-1707	-4959	-409
-13376	-2464	-1708	-678	-6354	-264
-13432	-2608	-1172	-801	-5360	-1306
-15048	-2388	-608	-1163	-5121	-2035
-14948	-1552	-600	-3018	-6508	-2805
-13572	-2284	240	-4374	-6881	-3744
-13244	-2628	1040	-3350	-5882	-4050
-13332	-2756	352	-2911	-5307	-4094
-14208	-3836	560	-2345	-4529	-3671
-15108	-4196	1288	-383	-4661	-2761
-13928	-3496	932	-456	-6423	-2176
-12864	-3440	404	-1045	-5520	-2715
-14668	-3384	984	-358	-3687	-2614
-15196	-2988	1656	-161	-5518	-1844
-12736	-2288	1176	-2555	-5412	-1641
-12824	-3284	1368	-4046	-2712	-2025
-14668	-4016	2476	-1443	-1776	-1737
-15132	-2676	2836	-815	-1674	-769
-15388	-3128	3132	-2736	-1828	-78
-14588	-4248	3284	-1585	-2633	131
-13740	-3348	2632	-860	-1361	-471
-15312	-3932	3016	-1655	-483	-730
-15104	-4664	3260	-983	-1856	115
-13444	-4668	2488	-1469	-1096	-39
-13588	-5164	2688	-1123	688	-344
-14588	-5048	2872	-96	924	-214
-14964	-4856	2396	-512	605	57
-14864	-5436	2940	-199	25	-17
-14084	-4620	2552	499	693	-312
-14568	-4216	2316	120	1223	-461
-15016	-4176	2992	506	1071	-139
-14688	-3000	2348	-931	979	161
-14896	-3328	2244	-2672	1164	24
-14728	-3996	2628	-1923	1690	499
-14608	-3460	2916	-2100	2623	967
-14876	-3724	2256	-3104	2841	924
-15024	-4412	2316	-2317	2584	1109
-14552	-4224	2968	-932	2495	1428
-14436	-4044	2384	-1103	2932	1480
-14500	-4496	2248	-334	2671	1719
-14084	-4064	1976	1141	2822	1847
-14128	-3332	1144	1004	3158	2058
-13652	-3248	540	1201	3014	2400
-12976	-3944	780	1637	3734	2322
-13544	-3568	752	2303	5373	2622
-14428	-2612	-68	1688	5555	3186
-14128	-3156	564	1354	5112	3100
-13564	-3016	976	1850	6168	2776
-14380	-2796	364	1096	6719	2284
-14812	-2676	-852	2065	5518	2246
-14164	-2536	-404	3070	5063	1866
-13956	-2008	-648	3203	5118	1491
-13304	-2268	-1560	2557	4622	1069
-13224	-2496	-1476	3329	5490	1101
-13660	-1280	-2448	2108	5476	1225
-12792	-2236	-2184	1248	4166	1201
-12772	-2940	-1504	3407	6296	1406
-15152	-1116	-2660	2919	6467	1859
-14180	-2344	-3128	1736	2983	2092
-13056	-2964	-3120	4378	4384	2324
-15408	-792	-3660	3884	5035	2393
-14864	-2296	-4568	2358	2295	2326
-13856	-4024	-5292	6105	4229	1998
-16488	-1488	-5200	8105	5531	1853
-15652	-676	-5300	5288	2402	1297
-13968	-1968	-5608	4350	3619	596
-15736	-956	-5848	4366	3595	805
-14764	-896	-5596	2656	1183	1143
-13960	-952	-6116	857	2395	1206
-16812	-836	-8000	-1225	3240	1521
-16208	-1056	-7112	-3029	1250	2432
-14220	-1952	-5284	-2827	2443	1843
-15800	-1196	-6332	-2442	5313	1539
-17640	-1464	-6556	-1226	3926	1759
-15964	-1264	-6300	-1222	1931	1520
-15692	-2136	-6660	-457	2191	959
-16256	-1416	-5960	1058	2161	855
-16316	-696	-6368	-566	2226	626
-15848	-1780	-6324	681	2061	1030
-16384	780	-3964	4147	2089	1060
-16964	432	-2216	-4816	-1143	-270
-13912	-2472	-3780	-6558	-819	880
-14808	-2496	-5664	-1495	2097	108
-16796	-892	-5928	499	-297	244
-15588	-2036	-5852	1510	-2703	104
-15300	-1536	-7248	3656	-984	-281
-17024	-1508	-7428	4231	-810	-919
-16724	-336	-8184	2609	-1719	-331
-16056	108	-7700	-231	-617	-419
-16804	-268	-8128	-943	-200	-323
-16904	-80	-8916	-2062	-876	-276
-16524	-388	-7520	-2550	-951	-492
-16492	-344	-7240	-2696	-145	-662
-16668	-364	-6868	-2876	-233	-691
-17836	-1128	-7436	-1641	158	-605
-18816	-328	-7336	-715	-587	-95
-17644	-76	-7096	-1148	-1626	-237
-16168	-980	-6888	-920	-1373	-514
-16152	-80	-6848	-308	-1161	-695
-15668	-280	-6200	-1064	-1625	-881
-15432	-408	-6276	-1038	-1919	-731
-14632	-784	-5820	-1422	-2180	-551
-14204	-1168	-4976	-1763	-1640	-208
-14092	-1224	-4764	-1067	-1819	39
-14180	-720	-5612	-924	-2014	51
-13996	-1196	-5736	-1769	-3026	26
-13848	-1200	-5548	-2010	-3248	-335
-14484	-692	-5200	-2645	-2735	-614
-14592	-1072	-4568	-2697	-3050	-714
-13708	-1264	-4332	-3528	-2318	-1153
-14520	-1208	-4552	-3680	-1992	-1348
-14708	-1792	-3524	-3102	-2815	-1387
-14324	-1628	-3576	-2263	-3093	-1672
-14812	-1748	-2728	-1520	-2620	-2419
-16220	-1132	-2704	-529	-2675	-3183
-15616	-132	-4104	-1594	-5833	-4825
-14144	-1212	-3204	-1123	-6381	-6738
-14172	-740	-3480	-1103	-5934	-6505
-14096	-1600	-1748	-2328	-6113	-5319
-12512	-2208	-1392	-3569	-5069	-3937
-12792	-2912	-1948	-4946	-4353	-2580
-13256	-3276	-1380	-4399	-5021	-1429
-13084	-2656	-2048	-4059	-5440	-327
-13392	-3336	-1344	-4772	-5130	-386
-13144	-3404	-1228	-4451	-5065	-337
-13592	-3964	-900	-4311	-3911	-721
-15288	-3956	-852	-2931	-3543	-420
-14520	-3728	-484	-2973	-5130	-663
-13656	-3624	-348	-2249	-4591	-1719
-15208	-3196	-556	-1586	-3864	-2056
-15020	-3352	424	-1823	-4700	-2295
-13252	-2992	-24	-1883	-4156	-3125
-14140	-2612	180	-1933	-2865	-3303
-15160	-2572	2172	-2070	-3292	-2451
-14572	-2036	2772	-4008	-3580	-1408
-14180	-3020	1724	-6248	-3591	-1270
-14180	-3832	1836	-4988	-3270	-1285
-15228	-3828	1416	-3468	-2749	-1013
-14832	-4364	1532	-3101	-3787	-247
-13684	-4836	1776	-2108	-2855	-341
-13816	-4524	2172	-1231	-1452	-505
-14124	-4292	2380	-1747	-945	-117
-14160	-4436	2444	-2446	-1274	250
-14344	-5164	2640	-1934	-938	250
-14744	-5052	2936	-651	-495	320
-14764	-4596	2332	-385	-408	136
-15260	-5208	2468	586	-264	391
-14964	-4448	2312	1264	-489	461
-14984	-4160	1820	727	-312	121
-15272	-4260	2732	988	163	182
-15116	-3280	2296	335	386	273
-14960	-3772	2132	-409	307	413
-14420	-3988	2328	464	524	654
-13996	-3788	2660	737	1039	887
-14000	-4180	2804	1156	1630	1099
-14044	-4200	2952	1991	1462	1450
-13628	-4144	3108	2370	1822	1662
-14500	-4224	3012	2685	2286	1972
-14700	-4056	2816	3027	1930	2131
-14192	-3772	2628	3157	2005	1788
-14536	-3476	2384	2987	2677	1476
-14756	-3324	1884	2234	2078	1275
-14136	-3956	2352	2608	2263	1250
-14028	-2772	1908	2527	3075	1179
-14448	-2648	1264	1178	2683	1263
-13360	-3100	892	1275	1981	1141
-13076	-2476	408	1767	3367	766
-13804	-2212	508	1513	3301	783
-12840	-2288	-424	1936	3191	860
-12796	-2204	-336	2018	4628	742
-13324	-1832	-396	2355	4767	1058
-12872	-1996	-824	1980	4978	1115
-13312	-2080	-640	2210	6205	1385
-14192	-1388	-1492	1203	5981	1839
-13140	-1752	-1052	19	4816	2058
-13000	-2176	-1504	293	6535	1788
-15720	-1540	-1268	139	7302	2166
-14952	-1556	-1336	-1163	4549	2889
-12728	-3104	-1280	-669	5479	2296
-15460	-2748	-908	2942	7939	2321
-16944	-284	-2760	1846	4216	2559
-13756	-2148	-2844	654	1932	1805
-13328	-2324	-2656	4742	4815	1282
-16440	1012	-4172	4135	4669	1415
-14648	-376	-3108	162	1695	1485
-12796	-2124	-3124	2019	4151	1819
-14168	632	-3912	2732	5331	2815
-16140	-204	-4172	-69	4431	3702
-15848	-2188	-3224	2960	2563	4652
-16880	512	-5216	2775	3257	4835
-17984	188	-7008	202	20	4648
-15976	-1160	-6480	2255	52	4015
-15268	928	-6280	1301	1273	2788
-15556	-484	-5856	-266	3209	1187
-18360	-1108	-6216	3083	4517	809
-18360	1516	-7296	2842	2023	536
-15816	276	-6536	670	609	241
-16632	-908	-5688	2097	2981	338
-17288	1156	-5836	2284	2615	583
-16384	1020	-6332	-1194	1878	616
-17408	-528	-6052	-821	2140	641
-16860	156	-5740	1524	1275	600
-16092	1372	-5828	-352	1189	303
-16336	-552	-6136	-1451	513	-294
-15300	-52	-6072	683	241	-812
-15068	1160	-5952	-720	901	-1365
-15636	244	-5700	-1938	658	-1460
-15468	408	-5252	-1614	615	-1450
-16208	692	-6320	-2820	577	-1196
-16092	-276	-5724	-2449	-1142	-948
-15444	184	-6532	-2223	-851	-788
-16596	20	-6520	-2451	-1098	-672
-16620	-68	-7072	-1620	-1403	-670
-16232	668	-7580	-2227	-1401	-1001
-16664	-164	-7268	-2152	-787	-1271
-16472	76	-7384	-742	-917	-1135
-16004	996	-7812	-1441	-612	-1414
-16540	200	-7592	-1726	-589	-1392
-16408	20	-7040	-476	-697	-922
-16412	360	-7088	-145	-431	-831
-16776	104	-7276	-795	-838	-895
-17200	-440	-7016	191	-507	-952
-17292	-20	-6572	444	-263	-927
-17016	-304	-5912	-1011	-839	-1101
-16308	-676	-6196	-946	-1578	-1259
-15512	-1012	-5948	98	-1720	-1358
-15592	-132	-5236	70	-1820	-1324
-15264	-132	-5408	-1970	-2888	-1182
-14376	-1368	-5056	-2218	-3029	-1300
-14644	-756	-5076	-1563	-2377	-1496
-14680	-492	-4732	-2809	-3377	-2007
-13964	-1404	-3792	-2500	-3526	-2207
-13680	-928	-3156	-2642	-3059	-2206
-14400	-1308	-2468	-3857	-3458	-1795
-14300	-1300	-2960	-3938	-4640	-868
-14160	-780	-2488	-4055	-5086	-200
-13888	-2024	-2148	-2754	-6514	-376
-12516	-912	-2400	-2637	-7119	-1209
-12952	-680	-2320	-4259	-5802	-1958
-13548	-1860	-1744	-4077	-6432	-2696
-12140	-1528	-1580	-3796	-6170	-3234
-12604	-1908	-2180	-4032	-4081	-3680
-13828	-1964	-1396	-2577	-4126	-2946
-12844	-1992	-828	-2089	-4207	-2146
-13036	-2868	-884	-1473	-2808	-1243
-14340	-3068	-1044	1410	-3185	-239
-14184	-1516	-668	1679	-3528	21
-14708	-2272	-336	829	-3398	-92
-14952	-2060	-448	1387	-3854	-858
-14412	-1564	-100	955	-3756	-2279
-14544	-1092	-8	-19	-3149	-3449
-15052	-1532	-160	-1265	-2803	-4017
-14516	-1912	180	-1548	-2942	-4075
-13448	-2236	872	-1964	-2106	-3815
-13804	-2864	816	-1982	-636	-3275
-15192	-2672	1116	-1237	-789	-2150
-14372	-2492	1604	-1669	-1683	-1421
-14456	-2696	2140	-2499	-978	-912
-15320	-2864	3020	-3754	-1208	-216
-15420	-3536	2336	-4562	-1334	253
-15348	-4296	2072	-3533	-1647	589
-15164	-4192	2056	-1602	-1546	233
-15356	-4092	1716	416	-1430	-128
-15396	-3576	1448	1392	-1679	-156
-15064	-3512	1520	1884	-1902	-128
-14268	-3132	1840	1430	-1579	-347
-14352	-2872	1588	198	-455	-307
-14912	-2940	1964	-1238	-673	158
-14280	-3272	2036	-2380	-1015	463
-14180	-3624	2124	-2788	-424	374
-14332	-3804	2056	-2251	-148	452
-14984	-3648	1756	-2351	383	370
-16952	-4088	1820	-2356	303	803
-15768	-3844	1964	-2076	-1074	1033
-14228	-3456	1884	-2686	-351	204
-15072	-3532	2428	-2420	489	-662
-15096	-2836	2520	-3145	-263	-597
-14828	-3804	2156	-3220	-391	-524
-14904	-4384	1808	-1371	-72	-152
-14796	-3756	2124	-450	135	50
-15092	-3788	1940	-736	280	-205
-15020	-4056	2060	-525	468	-198
-15156	-3636	1996	-540	789	-227
-15240	-3672	1832	-362	734	-82
-15116	-3404	1952	92	804	23
-15336	-3360	1608	129	1061	159
-15180	-3176	1684	61	902	281
-14864	-3228	1296	-268	890	323
-15024	-3340	1400	-222	1307	334
-15040	-3524	1116	36	1647	604
-15184	-3332	1044	243	1755	871
-14888	-3220	1312	31	1837	790
-14560	-3488	1304	407	2158	762
-15156	-3544	956	1121	2687	860
-15036	-2940	700	912	2039	1025
-14288	-3316	376	630	2157	732
-14248	-3236	-20	1345	3023	599
-14264	-2596	108	965	2923	554
-13548	-2748	40	329	3246	731
-13412	-2700	8	560	3950	918
-13728	-2268	-576	439	4303	1283
-13520	-2104	-752	-198	3772	1696
-12416	-2328	-620	-282	4145	1794
-12044	-2308	-1032	-45	5577	1703
-12916	-2120	-1364	-74	6080	1993
-12528	-2144	-1428	394	5467	2236
-11684	-1748	-1756	645	5863	2143
-12464	-1796	-2068	242	6771	1915
-12528	-1152	-2608	400	5519	2355
-11544	-1016	-2628	-1043	5485	2105
-12916	-1956	-3220	-588	7100	2374
-14004	-1096	-3480	651	6336	3322
-12432	-476	-2660	-724	4982	3475
-12404	-1068	-4328	-1054	5859	3085
-15452	-1716	-3988	1949	6406	3136
-15944	196	-3860	2542	4041	3734
-13632	-328	-4864	7	3098	3034
-16140	-1576	-5432	1771	5019	2597
-18020	396	-4768	4127	2730	2899
-15232	708	-6232	1291	359	2360
-14052	-1576	-5516	1335	1462	1594
-16672	116	-5252	3292	3628	2275
-18020	620	-8068	1144	1849	3300
-15532	-1500	-5384	1412	1172	3803
-16532	-548	-7088	2662	3705	4055
-19124	148	-7504	2699	1713	4364
-16668	376	-6500	3151	78	4465
-16752	1392	-7816	1802	1507	3196
-19572	1188	-5876	-1266	-290	1701
-18256	1664	-3228	-5306	-2753	1246
-17148	412	-6452	-6012	384	968
-18140	-332	-6204	-2653	-28	1266
-16328	848	-6432	-415	-679	1215
-16912	4	-7072	1107	-214	458
-16936	4	-7008	5018	-1010	343
-16244	1536	-7748	5307	-1014	-156
-16892	1756	-8040	1757	-566	-524
-17032	460	-7480	176	-258	-776
-17584	1456	-7556	-927	938	-1067
-17912	1888	-7948	-3819	843	-1213
-17452	312	-7196	-4428	1017	-1629
-18220	716	-6608	-3554	1263	-1977
-17856	1016	-6992	-4237	-108	-2411
-17112	-428	-6052	-2683	148	-2861
-17744	320	-6404	-862	40	-3022
-17828	1324	-6100	-1026	-1948	-3053
-15876	556	-6060	-2398	-2768	-2859
-14944	-268	-6616	-1739	-2713	-3213
-14324	524	-6392	-712	-2617	-3706
-14084	1084	-6180	-948	-2597	-4235
-13740	264	-5868	-1123	-2386	-4758
-14080	-12	-4964	208	-1336	-4550
-14276	476	-5280	-116	-1960	-4075
-14200	-408	-5072	-152	-2359	-3663
-13528	-36	-4252	843	-3337	-2809
-13540	-292	-4492	-496	-3118	-2424
-14384	-1048	-3896	-243	-3111	-1845
-14020	-440	-3616	-279	-3605	-1033
-14100	-848	-4200	-1700	-3335	-1103
-14680	-1908	-3728	-172	-3873	-1062
-13576	-1472	-2532	1299	-4332	-1155
-14068	-1856	-3192	537	-3420	-1750
-15192	-2108	-3816	641	-4742	-1274
-13900	-1976	-3280	840	-5886	-1229
-12896	-1948	-3120	-346	-5271	-1638
-12948	-2372	-2800	-1156	-4969	-1672
-13408	-2496	-2752	-2024	-3897	-1524
-14020	-2808	-2244	-3635	-3910	-1333
-14204	-3864	-1856	-4311	-3884	-1239
-14252	-3168	-1908	-3728	-3899	-1324
-13864	-2512	-1640	-4724	-4204	-1777
-14496	-3288	-892	-4340	-3881	-2032
-14612	-2900	-844	-3837	-3833	-1793
-14612	-3000	-1212	-4135	-4936	-1565
-12988	-3144	-800	-3525	-4717	-2129
-14284	-3284	188	-1829	-2686	-2492
-15724	-3300	192	-1531	-3093	-2408
-14420	-3076	100	-1394	-4158	-2590
-13808	-2976	444	-1587	-3579	-3564
-14624	-3532	972	-421	-2810	-3538
-14248	-3588	1908	507	-2991	-2800
-13960	-1916	3780	-1389	-3774	-1874
-13628	-1760	4524	-6035	-4278	-1165
-14092	-4852	3340	-5490	-4227	-1046
-14492	-5364	2408	-1119	-3284	-330
-15412	-4868	1732	1323	-2825	-23
-15392	-5240	1144	3330	-3107	-247
-15072	-5072	1056	6162	-1819	-339
-15356	-3504	1540	5932	-734	-669
-15252	-2944	1884	2231	-415	-723
-14528	-3272	2204	-726	-720	-355
-13312	-2888	2540	-3160	-428	-464
-13592	-3708	2616	-4756	471	-366
-13888	-5032	3000	-3413	-70	653
-13708	-4524	2512	-2288	343	1074
-15064	-4880	2492	-1192	613	1398
-15016	-4340	2508	38	-23	1820
-14464	-3952	2264	-279	544	1335
-15180	-4108	2116	-220	896	849
-14872	-3944	2196	-433	829	327
-14888	-3864	2088	-592	1278	276
-14780	-3928	2092	-1113	1134	400
-14624	-4316	1732	-899	1387	513
-14536	-3784	1700	199	1730	787
-14236	-3452	1508	-611	2108	671
-14688	-4092	1440	-377	2496	917
-14772	-3456	1332	-483	2784	1184
-14624	-3376	1484	-1619	3027	1368
-14456	-3952	1192	-1351	3536	1628
-14472	-3656	992	-168	4031	1790
-14296	-3096	972	-390	4042	1747
-14340	-3680	724	262	4480	1740
-14260	-2856	388	692	4632	2020
-13888	-2672	360	80	4811	2000
-14028	-2972	16	386	5674	2228
-14156	-2568	168	910	5268	2605
-13532	-2384	-32	253	5193	2373
-13352	-3304	-136	974	5237	2238
-13640	-2624	-624	2361	5776	2075
-14728	-1916	-848	1936	5275	1997
-14696	-2832	-704	1979	4775	2055
-15000	-2384	-1140	2663	5035	2175
-15312	-1812	-1600	1588	3407	2344
-13328	-2128	-1664	1418	2540	2094
-12660	-1392	-1388	1664	3578	1472
-13108	-1404	-1968	739	3526	1034
-13732	-2204	-1884	1521	3510	1409
-14392	-1532	-2292	1895	2906	1886
-13348	-1012	-3512	722	1410	1802
-12720	-1488	-3120	1107	2273	1663
-13004	-916	-3200	1624	3092	1798
-12932	-676	-3516	499	2552	1821
-13396	-2284	-4196	1914	3163	2225
-13704	-980	-3648	4779	2765	2526
-13888	228	-4568	3030	2925	1971
-14984	-836	-5740	2938	1721	2315
-14352	-584	-4764	3500	1291	2291
-16104	-628	-6984	1215	2725	2056
-17300	-1076	-6688	2142	1165	2781
-15964	56	-6508	1623	1749	3199
-17020	716	-7580	-859	2471	2845
-17696	-1112	-8244	-457	1774	3431
-15964	-936	-5784	3952	2572	3758
-16356	1080	-6416	3052	4417	3187
-17732	-976	-7180	2128	3313	3141
-16512	-1384	-5844	6031	1930	3054
-16612	896	-7740	5738	2692	2566
-16792	604	-6684	2680	940	2350
-15236	12	-6320	1459	1599	1940
-16048	284	-6848	-708	2873	1480
-16384	220	-7168	-1910	980	1319
-14648	-4	-6724	-1921	999	824
-15596	604	-6764	-2811	2365	146
-16516	152	-6564	-2619	1128	279
-15328	-244	-6112	-592	727	495
-14920	196	-6240	-173	854	-252
-15448	468	-6096	333	310	-921
-15288	1056	-6368	1018	-173	-1347
-15560	1584	-6328	-74	112	-1558
-15564	788	-5860	-856	-251	-1677
-15440	780	-7084	-497	213	-1602
-16304	2112	-6984	-930	-154	-1458
-16524	1672	-6872	-1839	-508	-1179
-16668	1376	-7336	-1963	-588	-825
-16384	1008	-7100	-1209	-339	-712
-16372	1808	-7016	-1505	-175	-974
-16500	1332	-7700	-2546	-628	-1232
-15868	212	-7116	-1019	-793	-1774
-16300	1336	-7372	-278	132	-1833
-16520	900	-6800	-1387	-299	-1445
-16092	-588	-6532	-543	-37	-1203
-16764	592	-6632	433	-390	-1009
-16228	848	-6980	-724	-1089	-1077
-16108	168	-6640	-847	-1229	-891
-15400	348	-6600	-1683	-1717	-871
-15124	356	-6676	-2880	-1492	-1109
-15364	36	-6436	-3223	-1559	-1220
-14928	-32	-6104	-3188	-2112	-911
-14772	-364	-5576	-3419	-1892	-783
-14740	-356	-5824	-2987	-2384	-684
-14160	-560	-5320	-2527	-2505	-699
-14144	-740	-5160	-2115	-2444	-842
-14228	-560	-5024	-1491	-2590	-1175
-14424	-792	-4804	-971	-2983	-1057
-13864	-1292	-4292	-29	-3152	-1174
-13920	-980	-3940	510	-3019	-1430
-14212	-580	-4320	32	-3418	-1719
-14332	-804	-3668	-417	-3967	-1729
-13540	-932	-3648	-1173	-4968	-1895
-12684	-1316	-3732	-2223	-4269	-2425
-13476	-1016	-3076	-2467	-3486	-2899
-14408	-1288	-3308	-3083	-4189	-3021
-13844	-1576	-3436	-2293	-5014	-3241
-13728	-1820	-2548	-1736	-4461	-3124
-13952	-1780	-2604	-1415	-3750	-3221
-14692	-1976	-2656	-990	-3885	-3049
-15060	-2796	-2356	228	-4450	-3002
-14572	-2028	-1948	879	-4568	-3276
-15060	-2372	-2316	215	-4530	-3711
-14864	-1916	-1980	346	-4979	-3737
-14172	-2028	-1392	-1123	-4818	-4026
-14208	-2864	-960	-1958	-4198	-4288
-14576	-2964	-888	-1819	-4154	-4093
-14288	-2872	8	-1671	-4247	-3855
-13864	-3072	-604	-1663	-4119	-3696
-13044	-2796	-672	-941	-4431	-3633
-13640	-2968	-60	-713	-2833	-3134
-14764	-3652	176	-868	-2766	-1801
-13824	-3948	344	-1242	-3084	-1088
-13404	-3596	472	-1437	-2420	-1350
-14764	-3736	556	-821	-1885	-1217
-14872	-2796	2888	-2247	-3092	-529
-14280	-2112	3624	-7238	-3684	178
-13852	-4500	2464	-8976	-4125	177
-13152	-5780	2128	-4593	-3236	317
-14108	-4372	2920	-1619	-1781	564
-15152	-5104	1412	-1254	-2668	985
-14344	-6100	1668	898	-2673	775
-14132	-4572	2544	2083	-505	511
-15316	-3288	2352	-1490	41	193
-14924	-4832	2332	-3306	-494	268
-14360	-5312	2540	-1485	526	123
-15128	-4304	1932	185	1024	183
-14680	-4244	1880	591	160	124
-14468	-4688	2072	1643	739	56
-14972	-3924	2360	1293	1156	175
-15132	-3792	1748	-511	727	215
-15016	-4144	1928	-1470	755	451
-14824	-4108	2084	-1838	1082	534
-14976	-4312	1756	-1464	1362	301
-15060	-4208	1944	-902	1252	317
-14712	-4148	2116	-140	1293	468
-14272	-4128	2316	705	1800	539
-14568	-3612	2192	1235	2333	919
-14900	-3804	1948	1268	2167	1055
-14752	-3764	1396	2033	2087	1427
-14516	-3340	1188	1834	2216	1558
-14364	-3524	1184	1709	2365	1473
-14664	-3200	1004	1737	3077	1590
-14400	-3044	844	1262	2824	1790
-13612	-2952	936	788	2914	1665
-13872	-3076	412	924	3768	1912
-14312	-3148	484	1154	3697	2448
-13396	-2984	196	914	3408	2546
-13268	-2656	-196	835	4183	2262
-14116	-2432	-636	725	4161	2173
-13792	-2816	-696	1187	3363	2150
-13484	-2160	-1024	257	3999	1817
-14032	-2228	-1484	-593	3714	1818
-13180	-2132	-2036	-426	3356	1822
-12200	-1952	-1628	-103	3702	1596
-12128	-1632	-1732	-525	4487	1248
-13028	-2424	-2448	-390	4736	1212
-13396	-2364	-2868	1678	4317	1611
-14360	-2136	-3356	1715	5210	2092
-15492	-2340	-3396	1832	4385	2485
-14000	-1712	-4068	1780	4134	2121
-14808	-1432	-4208	1804	5176	1688
-15972	-1116	-4572	1900	4255	1749
-14868	-372	-5052	458	3489	1952
-14952	-1064	-5004	-1143	4277	1969
-15904	-1484	-4868	77	5220	2202
-16236	-504	-5020	-288	4914	2546
-16140	-1680	-4764	-277	4457	2514
-17184	-1316	-4376	2117	5122	2643
-17372	372	-5244	1305	3229	2570
-15300	-568	-4972	870	1967	2088
-14408	-620	-4748	2854	3123	1870
-15912	1188	-5052	1136	3447	1800
-15876	-396	-5104	-773	1584	1863
-14864	-312	-5152	764	1505	2146
-15464	480	-5564	55	1986	2069
-15476	-128	-4976	644	833	2357
-14864	300	-5148	680	850	2309
-14752	-348	-5364	1221	13	2111
-14236	516	-6148	2091	221	1884
-15316	1584	-6816	915	96	1921
-15472	768	-6508	330	-24	2650
-15640	624	-6672	1058	853	3175
-15916	440	-6284	1406	433	2891
-15796	812	-6608	1667	300	2232
-16732	804	-7036	571	78	1428
-16292	432	-6452	475	-926	905
-15864	700	-6916	-162	-232	765
-16088	376	-6792	-141	-293	786
-15620	996	-6988	-954	-392	710
-15784	504	-6768	-1821	-427	478
-15336	172	-6820	-556	-251	318
-15052	1276	-7064	-896	76	-94
-15296	564	-7200	-891	460	-423
-15616	1028	-7056	-167	452	-322
-15436	1272	-6596	-1007	188	-227
-15028	812	-7028	-1045	518	-429
-15316	1196	-6508	-884	829	-764
-15768	1404	-6784	-908	872	-1039
-15436	968	-6388	-934	488	-915
-15612	1232	-6476	-1158	1009	-949
-15860	576	-6540	-837	596	-971
-15480	1316	-6240	-131	389	-1077
-15976	1384	-6364	-764	684	-1257
-16604	788	-6384	-823	107	-668
-15816	968	-6512	-997	-619	-351
-15272	676	-6432	-1058	-710	-484
-15084	1180	-6704	-1103	-513	-923
-15304	1200	-6736	-1898	-723	-1208
-15300	468	-6152	-1404	-903	-1308
-15476	1288	-6572	-1304	-752	-1265
-15320	716	-6260	-1685	-1144	-1184
-15352	432	-5980	-669	-1002	-1078
-15120	884	-6016	-925	-1388	-1238
-15016	400	-5968	-893	-1469	-1450
-14824	380	-5748	-343	-1918	-1485
-14420	616	-5700	-837	-2106	-1658
-15168	196	-5568	-902	-1783	-1674
-15096	172	-5608	-615	-2707	-1566
-13920	92	-5244	-863	-2702	-1243
-14848	-480	-4872	-490	-1703	-976
-15212	36	-5080	60	-3031	-708
-14132	460	-5180	-1130	-3946	-921
-14108	-452	-5164	-1227	-3242	-1576
-14828	160	-4096	-710	-3232	-1985
-14196	-288	-3932	-1870	-3325	-2604
-14772	-604	-4008	-1050	-2925	-2583
-14332	-792	-3008	154	-4128	-2158
-13496	-1084	-3220	664	-3512	-2397
-14148	-936	-3416	1107	-2955	-2351
-15012	-1004	-2996	1871	-3520	-2131
-14692	-1008	-2712	1082	-3683	-2170
-15664	-1220	-2368	124	-3688	-2013
-15368	-1636	-2076	84	-4487	-2217
-15084	-1472	-1788	-357	-4208	-2580
-15624	-852	-460	-1422	-5285	-2317
-15408	-292	464	-4859	-6916	-1814
-14336	-3100	-348	-4981	-6730	-1930
-14400	-2896	-148	-2342	-6011	-1648
-15036	-1856	-328	-2098	-6498	-2101
-14768	-3444	-852	-945	-7771	-2958
-14056	-3588	-372	2555	-7069	-3288
-14260	-2020	-648	2221	-6646	-3622
-13872	-3036	-472	1427	-7501	-3885
-13800	-2864	-56	1588	-5948	-3757
-14956	-1520	1468	-615	-5018	-2989
-14516	-1816	1488	-4584	-6729	-2186
-13156	-2396	1384	-5351	-6151	-1685
-13464	-2764	2728	-5753	-4419	-2161
-14684	-3376	2776	-4421	-3963	-1484
-14136	-3176	2280	-4295	-5303	-902
-13092	-4288	2992	-3814	-5307	-710
-12564	-4464	3792	-416	-4310	-74
-12740	-2784	4820	-1454	-2054	332
-13976	-3264	5216	-5104	-1359	724
-14204	-4612	4928	-6000	-2152	1110
-13552	-4752	4520	-4594	-2514	1055
-13644	-4644	4660	-3538	-543	478
-15632	-4736	4596	-2984	651	681
-16100	-4460	5352	-2275	-1896	1502
-14020	-3664	4724	-2300	-1969	1258
-14700	-3248	5156	-918	-324	546
-15200	-2608	5340	1116	-1267	399
-15092	-2592	5876	3245	-1462	416
-15488	-1900	5496	3832	-970	419
-15584	-1104	5508	2408	-2177	787
-14768	-1160	4632	460	-3047	611
-14384	-2224	4400	-58	-3107	-390
-14208	-1068	5700	-1184	-2775	-727
-13920	-1112	5956	-3697	-3563	-856
-12996	-2164	5244	-3247	-3593	-714
-12792	-2408	5440	-2153	-2051	-1084
-13360	-2936	6296	-930	-1596	-951
-12824	-2676	6040	-794	-782	-748
-12988	-3236	5804	-109	711	-630
-14156	-2648	6616	2549	2403	100
-16352	276	8028	1291	3707	855
-18320	-600	7436	-4073	1144	1026
-15764	-4680	5704	-5751	-3967	1490
-12156	-6264	3868	-2409	-1870	1051
-13424	-6812	2468	-412	4361	-142
-17628	-7248	3384	683	4213	926
-16664	-6884	2844	786	-469	2240
-13616	-6348	2380	-1085	-634	1366
-13432	-5836	2660	-2854	1264	-938
-14192	-6592	3380	-2616	477	-1903
-12904	-5892	4016	-3173	-59	-2191
-12452	-6316	4444	-4766	735	-2285
-12728	-5736	5148	-4857	743	-1335
-13188	-3972	6572	-5907	176	-340
-14136	-4668	6572	-8706	-1215	-37
-14228	-7560	5812	-7453	-2725	120
-14124	-8528	6140	-3631	-2512	99
-14508	-6944	6304	-1213	-2139	-142
-14480	-6788	6276	-832	-2650	-458
-13988	-6868	6064	2391	-2478	96
-13896	-4300	6280	4409	-1360	743
-14708	-4360	6016	2433	-893	706
-14608	-6164	4896	2318	-1400	1119
-13792	-6404	4456	2219	-799	981
-13748	-6524	5056	1973	-160	398
-12572	-5268	356	923	-168	463
-13092	-11804	5956	1310	-1593	-2435
-12900	1140	8492	7982	604	2978
-13200	6240	6628	-9704	441	-410
-16032	-5820	5440	-11285	-558	-1873
-15852	-8724	6900	2727	-1720	1352
-13712	-2728	5676	2513	-1405	816
-14220	-4132	6260	-3898	-927	-801
-13796	-6116	5520	-1684	-1737	-328
-12508	-4404	6156	1882	-510	211
-13196	-1952	7932	1718	718	1562
-14124	-2948	7084	-7282	340	-580
-14212	-6888	6068	-1092	-526	189
-12912	-3772	6212	2250	497	1018
-15024	-4288	6624	90	2043	-574
-14992	-4360	5656	526	-750	129
-10548	-5152	3688	1091	1597	-630
-13760	-496	5328	384	-899	660
-13920	-4184	6200	-3633	704	793
-12844	-3648	5800	-4183	2571	841
-12516	-4328	5688	-4078	5281	-419
-16028	-3184	5644	-6372	4479	-1839
-13744	-6232	5232	-3383	1168	1389
