0	0	0	0	0	0
-14648	-7552	2816	2030	-3688	-1920
-14068	-7860	-1612	572	-4003	-3002
-13520	-6148	-1204	-1368	-2493	-1633
-15124	-7740	-416	-2709	-2049	193
-13640	-5436	200	-4393	-402	1333
-12176	-4936	-768	-6427	3391	4784
-9524	-5484	-584	-6247	2987	-516
-17720	-9656	-164	2976	9945	1864
-16484	-3020	-1608	2249	-2438	1166
-13496	-4132	-1804	-4669	-2250	2902
-15060	-7336	-1140	-2625	129	3245
-15264	-4248	-720	1184	375	4179
-15892	-2304	-504	-974	-648	6083
-16032	-3040	-244	-1161	-2525	8047
-15528	-2152	-816	389	-2562	9543
-16316	-1120	-996	570	-2420	11384
-17204	-692	-1596	-539	-3424	13216
-17644	-312	-1872	-2702	-3815	15027
-17816	-44	-1584	-4202	-3234	16629
-18736	616	-2072	-5462	-2081	17812
-20208	1816	-1992	-7140	-2570	19116
-19068	2812	-1424	-8307	-4255	20143
-18644	2920	-1480	-9383	-2611	21140
-18920	3240	-440	-8697	-3305	21389
-18884	3440	-720	-7705	-3307	21418
-18828	3700	472	-6823	-4378	20806
-17788	4176	-44	-5418	-4330	19762
-16912	5820	348	-4002	-4741	18780
-15940	7436	960	-3250	-4840	17832
-14164	7944	1508	-2102	-4995	17172
-12724	8656	3200	-307	-4846	16792
-11832	8776	3084	70	-2689	16385
-12216	9864	3432	1441	-3252	16219
-11372	9776	3948	1335	-3233	15060
-10220	9884	2564	1790	-2759	14293
-9336	11076	2272	2000	-3167	14056
-8328	10636	1984	-147	-2388	11436
-6716	10000	2580	269	-1956	10649
-6056	9320	1192	1525	-255	8661
-5656	10260	3360	1643	-1174	7215
-4452	8132	2828	1162	-89	5128
-4732	9040	3060	3359	453	3618
-4896	8672	3272	3142	1372	2078
-4656	10280	3176	3127	-1178	471
-4264	10632	2500	2442	-727	-1915
-5216	11308	2104	1553	312	-2676
-4884	11476	2296	256	-203	-4644
-4852	10148	2148	676	1595	-5463
-7488	11336	1928	2492	370	-6673
-5604	11660	2532	2100	-552	-8583
-8320	9348	928	2027	3221	-10581
-9392	12836	1540	3540	-1610	-10806
-8840	11108	1412	980	794	-12503
-10712	13628	2532	2121	-1907	-14950
-11216	12960	760	-3139	-583	-13330
-13292	10392	2140	-4336	102	-15536
-13688	11372	1176	-3860	-1922	-16646
-14076	9924	1248	-4248	-201	-16555
-14824	7968	4368	-3074	-202	-18317
-15488	7784	1408	1646	-1518	-18638
-15824	8748	1856	2002	-971	-17119
-15160	6156	4516	882	-400	-18161
-16944	5020	1828	4858	-592	-18494
-17532	6680	1580	3118	-2933	-16601
-15576	5040	3732	-676	-3574	-17590
-15880	1960	1904	-347	-1736	-17181
-16988	3324	1360	-169	-3101	-16581
-16260	2476	2596	-4178	-3267	-16478
-16780	-888	2892	-3133	-1379	-16782
-17992	-380	2520	-458	-1988	-16234
-17600	-1016	2872	-786	-2146	-15690
-17796	-4812	4512	-580	-922	-16335
-19656	-5896	3004	3057	276	-17416
-19104	-4440	2440	3555	-3194	-17191
-16708	-4936	3696	421	-3416	-17172
-16628	-6760	3120	-750	-1587	-17329
-15832	-6500	3192	-907	-2096	-17247
-14560	-6092	3244	-2061	-2010	-16675
-13756	-6064	3672	-2567	-1764	-15749
-13048	-5784	4716	-2082	-1643	-14101
-12884	-5920	3324	-1550	-1004	-12354
-12064	-5888	4628	-778	-2130	-9628
-10980	-6148	3888	-459	-1264	-7258
-10052	-6356	4428	-287	-1167	-4783
-9912	-6008	2568	-1828	654	-2262
-10332	-6392	3588	-2885	-481	-355
-10020	-8052	3984	-2317	-341	1823
-10756	-8112	3404	-457	-281	3538
-10852	-7400	3612	549	-893	5403
-9024	-6412	4268	1986	-770	6802
-10228	-4880	2564	3344	3028	9101
-12584	-1668	2872	1386	2311	12419
-14336	-3800	4164	-3094	1752	15749
-15676	-6184	4384	-2009	1656	17648
-16392	-4036	2876	-1032	2083	19387
-17996	-3904	1924	-4402	2159	21152
-19100	-5612	4524	-5793	960	22444
-17556	-4688	1864	-4003	2607	22605
-18996	-2044	2188	-3200	4116	23322
-21000	-1708	4752	-3041	2207	23192
-20032	-1308	1460	-1287	1149	23540
-20384	1296	2508	-1695	1589	23155
-21228	1576	3892	-2889	925	22930
-19832	2376	3364	-1228	147	22974
-19592	4864	3236	52	-129	22868
-18468	5728	4372	1618	-1910	23111
-17852	6156	2476	3332	-636	22977
-17992	7972	3152	3805	-1634	22039
-16192	7908	3236	3861	-1903	21122
-14404	8768	1940	4190	-1847	20422
-13540	9680	2496	2554	-1310	19173
-11956	9024	2824	1816	-2002	17161
-10820	8400	2460	3351	-1391	15979
-9428	9412	1964	3607	-1893	14110
-8112	9664	1832	2804	-1207	12147
-6484	10572	1688	3304	-1953	10728
-5544	11028	-536	1759	-75	9442
-6524	12716	1516	42	-239	8823
-4952	11928	1108	-1323	-896	6602
-4828	11664	24	-248	1144	5548
-5612	13148	2684	346	20	5594
-4576	12348	1804	1194	118	3887
-4356	12768	968	2508	1623	3136
-4444	13660	1044	3361	234	2846
-4732	14352	368	1773	1353	2206
-3948	15516	2432	998	-131	2729
-3748	14424	844	-692	1553	471
-4148	13676	1056	-779	375	867
-3372	13216	1424	102	102	149
-4444	13144	952	1269	1359	-918
-3684	14420	1068	1135	-92	-1629
-4100	12540	28	-740	1489	-2479
-4368	12964	2216	892	326	-3572
-4368	11800	1116	1212	1029	-3938
-4908	13064	88	1046	124	-6125
-5604	12656	2220	106	315	-6417
-4980	12864	1300	-753	-1029	-7884
-6632	13216	1384	-2177	759	-7792
-8060	12868	1084	-4262	-1062	-9265
-6024	13104	2008	-3237	-2684	-10303
-8320	11236	1144	-3362	1543	-11124
-10584	12620	868	-934	-986	-11855
-9480	11420	3124	-1878	-1341	-13175
-10260	10008	200	-1254	150	-15314
-12836	10152	1496	286	982	-15949
-13596	9672	2176	-1602	-1280	-17744
-12488	9280	-156	-531	-2219	-18215
-13324	9184	1784	-2503	-653	-17992
-15268	8432	1132	-3838	-651	-19510
-15364	8548	2348	-3585	-2261	-18256
-13672	8100	1348	-3149	-628	-17589
-15804	6160	3848	-3215	1739	-17453
-18408	5068	2036	-76	722	-17183
-18592	5580	1792	1981	-2432	-16313
-17884	4680	2476	-232	-1361	-15872
-18348	1372	3716	-64	55	-16562
-19472	216	2616	2403	62	-16520
-17972	344	2968	1899	-1798	-16363
-16436	-1844	3140	662	496	-16833
-17804	-2492	1652	1591	128	-17537
-17784	-1720	1696	236	-2490	-17391
-16624	-3360	2644	-3512	-1853	-17973
-17112	-5156	2332	-2581	-1181	-17890
-17052	-4728	3868	-2146	-1937	-17327
-16084	-5680	4204	-3042	-2079	-16220
-15680	-5932	700	-718	-1892	-16069
-15176	-5672	3492	133	-2470	-15137
-13604	-6272	4512	450	-2887	-14275
-12808	-6388	2336	691	-1045	-12255
-13360	-5864	4628	-996	-524	-11108
-13152	-7784	3392	-1210	-1661	-9374
-11848	-8364	2548	-641	-2386	-7465
-11356	-7248	3012	-401	-1331	-6257
-10988	-6764	2328	-996	-1829	-4171
-10232	-6944	2844	-1764	-1688	-1898
-10324	-8120	2104	-4022	-224	-187
-9956	-9680	2692	-3270	-1222	1428
-10024	-11052	2368	-2230	603	1505
-10300	-11408	3884	3	506	1484
-10168	-10400	2152	800	1029	1691
-10044	-8832	2548	294	77	2053
-10556	-8924	2944	305	1526	2838
-11080	-8032	2996	168	1241	3989
-11956	-7720	2888	-1313	1464	5447
-11224	-5596	3148	558	603	7171
-13412	-6984	3492	-1710	3170	9234
-14236	-5960	3132	1260	49	10726
-13028	-2700	2316	3208	1103	13812
-15492	-1676	3636	487	3141	16734
-18428	-2532	2312	-630	2036	20066
-18708	-1656	2788	-775	338	22949
-19100	-1400	2304	-2040	1564	25226
-21224	-1784	3248	-3065	2195	26307
-21712	-1772	2364	-3017	685	27463
-21000	-392	1996	-3541	621	27590
-22056	428	1968	-3755	515	27062
-21976	540	3428	-4028	-675	26805
-20208	2020	1336	-2513	-312	26069
-20716	3844	3204	-1475	-486	24680
-18796	4168	4648	1053	-2989	24173
-15996	5776	1704	3606	-1057	23297
-16840	9180	3172	3598	-1257	22897
-16228	9160	3316	1629	-2460	21841
-15180	9200	2504	1181	-1994	20049
-13796	10696	2968	405	-3338	18187
-11328	9928	2336	-1411	-2431	16417
-10036	9824	2664	-960	-1887	15988
-8432	9356	4264	1366	-1894	14953
-7156	10156	3612	5433	-2206	13579
-6244	10560	3128	6956	-966	12382
-5928	11516	2264	7063	-1300	10945
-4600	11892	628	5403	-844	10005
-4244	11868	1284	3772	586	8232
-4456	13084	-396	1803	-645	7349
-3256	13064	1852	-1001	-285	6570
-3320	11924	1660	-537	736	4970
-3064	12480	1984	1404	64	3127
-2332	13036	960	2056	-640	2231
-2704	13912	1764	2746	166	1671
-3188	13968	908	2294	516	921
-1936	13780	400	1661	-906	306
-2188	13988	168	2570	606	163
-2600	14168	672	865	-895	-1046
-1364	14180	-252	232	-77	-1976
-3616	13616	644	-221	1700	-2281
-2660	13004	688	-569	-1379	-3537
-2328	12504	64	-346	978	-5949
-4464	12276	840	893	1993	-6453
-4788	13304	632	-407	-1821	-7925
-4268	12808	236	-953	847	-9776
-5676	13664	-436	-2736	-120	-10033
-6032	13864	-36	-5196	106	-12043
-6260	13020	1720	-4600	410	-12278
-8928	12208	-388	-5471	1948	-12708
-11232	12888	3348	-3856	-835	-14779
-8064	11752	772	-2676	-2356	-15185
-10636	11460	1596	-2902	2129	-15385
-12732	11000	2392	-2673	-61	-17306
-13148	9476	3296	-574	-1056	-18246
-13524	10856	1488	648	-1395	-18051
-13000	10464	2516	-1560	-2475	-17686
-12888	7736	1064	-4538	-504	-17655
-16656	6408	1536	-5477	2205	-19791
-17864	4780	1628	-4185	-384	-20696
-16744	3680	1616	-2538	-1065	-21365
-16356	4088	1908	-758	-392	-21457
-16464	2364	3204	707	1272	-21990
-18352	832	1316	3454	2899	-22736
-19512	780	2112	4367	-8	-21919
-18484	-1352	3120	3709	201	-22192
-19524	-2836	1404	3384	1696	-23003
-20820	-2176	1324	2007	-716	-23250
-18520	-3356	2896	-778	-2585	-22902
-17676	-5984	2636	-1667	-189	-22423
-19148	-5996	1620	-1828	138	-21928
-17544	-5404	2404	-2700	-2300	-21055
-16156	-6788	2756	-1839	-1614	-19700
-16312	-7140	2412	-452	-676	-18238
-15908	-6192	1576	-381	-3171	-15450
-13868	-6516	4104	-575	-4505	-13036
-11120	-7044	3516	117	-4219	-11031
-10228	-7572	1856	297	-1668	-7735
-10824	-8284	3916	553	-2110	-6694
-10416	-8920	2276	-628	-2762	-4731
-9284	-10292	1904	-2341	-3266	-3116
-9144	-11480	2352	-2524	-2210	-3102
-9436	-11672	3480	-247	-2128	-2727
-8268	-11028	2196	1347	-2529	-1791
-7728	-10096	2828	1416	-835	-542
-7996	-9920	2396	-93	1223	949
-9048	-10040	1804	-1848	1651	1706
-9284	-11160	3216	-3343	-9	2876
-8580	-12156	3876	-2820	68	3004
-9076	-12356	3392	-733	961	2800
-9308	-10500	3492	2791	619	3655
-9496	-9072	2908	3022	381	5200
-10224	-8844	3512	1150	964	6579
-10848	-8384	3084	2212	1192	8257
-11592	-6520	2436	1092	2667	10334
-13312	-6548	2668	-1871	1669	12497
-12860	-6640	3176	-1636	134	15037
-13288	-5708	1740	-1471	3660	16564
-17320	-7196	3256	-3729	4408	17882
-17600	-7988	2532	-1370	487	19118
-15496	-5320	2284	1096	1210	19979
-17136	-3664	2452	358	4091	20708
-19616	-2984	1896	-76	3503	21703
-19460	-2416	2964	-1077	734	22622
-19044	-2324	2324	-2595	2450	22935
-20208	-216	288	-2789	2711	22687
-21456	392	2664	-5107	1055	22474
-19424	172	1640	-5000	128	22366
-18524	3272	1684	-1429	219	22602
-19168	4836	3588	-146	495	22819
-18080	4100	2880	2088	-547	22911
-18608	6468	1364	4497	-1130	22671
-17656	8180	2380	3515	-1903	22608
-15808	8352	668	2418	-839	21640
-15676	10260	1580	514	-205	21605
-14700	9888	1692	-2258	-329	20699
-13520	8148	3232	-1418	-1423	18413
-11928	9092	1496	2462	-1545	16663
-10292	10516	2664	2956	-3182	15521
-8748	9668	2432	2797	-2082	13297
-7384	11072	552	4590	-1923	12034
-6332	12916	432	3057	-1159	12333
-5872	12804	980	-1474	-951	11582
-4832	11420	2048	-2051	-1015	10019
-5212	11064	1748	-197	248	8846
-4468	11820	2812	322	-1400	7207
-3684	10792	2884	1475	-1076	5372
-3584	12692	28	2424	-1230	3523
-3060	13780	1328	119	-823	3635
-2876	12836	636	-1611	-842	2184
-2896	12688	996	-980	-215	1185
-2752	13488	-428	-1179	-475	-205
-2120	12912	1148	-1064	-11	-592
-3124	12820	420	1194	1008	-1914
-3060	13828	356	1188	335	-2630
-3812	13916	-460	1483	977	-3285
-2804	13384	2920	287	2	-3973
-3812	11376	952	2707	2436	-5941
-5880	13724	16	3029	366	-6706
-5128	12984	2416	127	-650	-8648
-5960	13344	600	1349	892	-10216
-6048	13492	1492	-1970	-819	-10228
-6620	13148	1796	-1712	-162	-12640
-8620	12900	-636	-2754	923	-12389
-8968	12724	1732	-3648	-1405	-13081
-9296	10912	-420	-2306	1460	-15206
-10916	12780	252	1339	-1111	-12939
-10448	10632	1060	-1320	740	-14503
-11816	13248	624	2113	-2605	-14928
-11288	11508	604	-1979	2057	-12606
-14872	11344	3452	-4017	620	-15916
-12908	8844	728	-3293	-1706	-14553
-13752	8292	2316	-2803	-62	-14756
-13592	7296	4208	-2194	-2857	-15502
-14664	5228	1980	-341	102	-15777
-18120	6400	1988	-1146	-2721	-16790
-17360	5264	2888	-2245	-3811	-17287
-16340	4072	1212	-1414	-3070	-17940
-17388	3044	3248	-1582	-3096	-18344
-17620	2592	1784	-710	-3357	-18286
-16128	2208	2588	264	-4196	-17879
-16364	1960	1404	-199	-2814	-17431
-16868	984	2744	-1584	-1563	-16522
-16824	380	2020	-202	-714	-15601
-16892	-808	2300	-540	587	-14768
-18408	-2008	1988	-957	547	-14546
-17740	-4268	2560	-1519	-682	-13805
-16336	-4924	2980	-299	18	-14485
-16836	-3976	3320	505	-103	-14092
-15628	-4480	3312	-250	-1343	-12936
-14416	-5904	3400	3	-950	-12240
-15372	-7444	4128	-70	1311	-12656
-16224	-8688	2892	-179	-165	-12593
-14800	-9092	3872	-1100	-2507	-12270
-14160	-10080	3772	-1718	-1487	-12539
-13724	-9680	3984	-368	-2193	-13091
-12032	-7004	3344	777	-3110	-11778
-10880	-5964	3836	-451	-2545	-10195
-10620	-7324	3900	-613	-1676	-8507
-10612	-6288	3700	885	-492	-6351
-11048	-5360	3052	220	-1262	-3317
-9540	-4700	4268	-690	-1759	-439
-9996	-5876	2748	-897	338	2576
-11424	-6644	2056	-2011	146	5324
-10956	-6992	3028	-2475	-1234	7032
-10004	-6884	1776	-1803	1518	8988
-12520	-5316	1792	-1775	2913	11585
-14460	-5984	3428	-3916	1916	13734
-14860	-6236	2060	-1281	1975	15157
-15340	-4400	1408	-552	1972	17665
-18556	-6816	4108	-4415	2238	18397
-17824	-7048	624	-1732	-201	19023
-16948	-2916	612	-846	1034	19875
-20268	-3648	5024	-4960	289	20208
-19204	-4820	840	-3774	-1780	21486
-17724	-568	2672	-2946	-1031	21537
-19392	-1712	5676	-4670	186	21154
-17400	-1392	2616	-1904	-1135	21732
-14700	1984	5508	-1452	-1859	22128
-13416	2756	4472	-549	-317	22207
-15116	3424	1680	-3098	239	23980
-17976	2692	6500	-6298	-305	24225
-20196	1616	3452	-3492	2519	21986
-24464	6316	2188	-1795	-21	19804
-21964	8200	6148	-641	-6114	16842
-14552	9348	3452	6321	-6523	16055
-12400	14096	3208	6934	-4748	17733
-10848	14888	4060	2287	-2327	19010
-12244	12044	2672	1175	1529	20058
-13932	11312	2768	811	-938	20759
-11536	10548	2852	15	-2524	18991
-9804	9412	1976	2082	-961	17050
-8308	8500	4068	5165	-970	15000
-7184	8216	2396	9210	-652	11028
-5076	8036	3840	11955	-698	8167
-3840	10644	892	13440	-644	6249
-3144	12932	-96	7764	248	6021
-3044	13416	52	2596	17	5709
-3148	12976	248	-1488	813	4412
-3768	12900	-932	-2569	1168	3532
-3624	12764	440	-1948	477	1862
-3124	11444	1788	-633	596	-33
-3148	11236	68	2597	1161	-1344
-3148	12920	1192	4248	897	-2810
-4224	11652	1712	4166	1672	-3381
-3744	13560	-336	3556	-1130	-4725
-3172	12492	928	859	735	-5712
-5628	12624	-272	-1907	677	-6406
-4804	14144	456	-2873	-2085	-7868
-5200	12640	-224	-4643	1563	-7605
-7784	13700	-148	-4280	-90	-9570
-5856	13544	1872	-3058	-2134	-10107
-7724	11392	-516	-3936	2586	-10956
-9832	13804	160	-327	-1421	-13036
-10088	10780	832	-3941	245	-14004
-11412	9804	1368	-1664	-616	-17038
-10328	10284	600	2117	-2879	-16842
-10452	10124	2380	-1685	-364	-16951
-12404	9192	1860	-1981	-936	-18891
-12864	9316	1468	-2049	-1622	-17399
-13324	8444	2404	-4853	369	-17975
-16356	7872	2444	-4006	906	-19262
-18040	7120	-368	-6423	-185	-19549
-18548	5956	2976	-6885	-1598	-19739
-17112	4128	2804	-3673	-932	-20334
-17348	4008	2364	-950	649	-19500
-17544	3712	2584	-430	-41	-19119
-17704	800	3880	1131	1280	-19432
-19504	152	1800	5382	-66	-19426
-17860	60	2536	5183	-3226	-18593
-17484	-1128	3148	4864	-1086	-19235
-18876	-1372	824	4222	-1764	-18703
-17492	-1504	1552	983	-4239	-17419
-15488	-3368	3408	-1254	-1520	-16963
-16948	-5080	2600	-197	737	-17170
-17556	-4148	748	652	-1852	-15271
-15724	-4044	2872	-963	-3543	-14019
-15336	-6636	2716	-958	-1749	-13395
-15236	-7448	2212	-333	-1585	-12026
-14256	-6848	1704	-421	-1680	-11342
-14408	-7216	1260	-1963	-1475	-9721
-14516	-8044	2208	-4227	-1942	-8193
-13224	-8804	2576	-3802	-2342	-8152
-11432	-9592	3040	-3378	-1051	-6725
-11016	-9464	3924	-1985	-459	-7015
-9968	-10000	4344	-1441	-666	-5905
-9612	-10080	4000	-1649	58	-5881
-10088	-10560	3128	-881	656	-6019
-9892	-8784	3492	-11	-1704	-4314
-9072	-6852	3044	-970	-775	-2523
-9636	-6360	3640	-1869	449	-358
-10848	-8076	3032	-2743	-238	2453
-9676	-9252	2128	-2251	-1867	4081
-9560	-10148	2728	-995	399	4254
-11076	-11040	1168	437	-182	4624
-10512	-10968	2276	56	-1377	5369
-9680	-8992	2844	2129	851	5428
-11680	-8324	1976	1223	3161	6860
-14432	-8864	3324	-1407	579	8642
-12304	-6340	2692	643	-1113	10148
-12428	-3116	1864	424	3520	12711
-16720	-1192	2288	-3490	3597	16044
-18088	-2988	2460	-5609	205	20403
-16972	-2556	1752	-3793	87	23119
-18416	-2188	2028	-3858	1780	25104
-20664	-3416	2496	-2967	1006	26400
-20932	-2396	2280	-2051	-604	27622
-20296	-796	216	-2980	145	27588
-22308	156	3244	-4737	78	27610
-20600	-180	1520	-4770	-285	28077
-20868	2084	2440	-3562	43	27402
-21420	2924	4264	-2455	-2084	26103
-18404	2796	3656	1517	-3651	25567
-17644	6424	2636	4332	-3295	25005
-16640	8560	3716	3632	-3731	24657
-15780	8420	2884	4224	-1331	23497
-15300	10100	2076	5162	-2245	22437
-13480	10648	2824	3519	-2316	20679
-12500	11028	1152	1067	-2782	18244
-10116	11020	1692	-897	-3331	16567
-8204	10608	2068	-2693	-2047	14631
-8216	10352	2904	-3344	-1310	12493
-7144	9680	3040	-2035	-2677	10482
-5656	9992	2936	-185	-2181	9367
-5356	10808	2336	480	-1756	6566
-4264	11096	2792	674	-1849	5851
-4072	11320	1920	865	-952	4841
-3772	12228	1652	-403	-1468	4221
-2652	11200	2228	-1036	-347	2369
-3172	11256	2344	-787	176	1408
-3076	11868	1572	-769	-240	-768
-3920	12436	1652	-1454	838	-1636
-2772	11276	3972	-1016	317	-2797
-3368	10992	1804	1150	2849	-4343
-5680	12704	2064	557	1603	-5622
-4840	11656	3640	1177	430	-7486
-4348	11196	3156	2342	2092	-8529
-6528	12120	1596	2231	2814	-9734
-8244	12360	3588	1791	1002	-10682
-6692	11708	2484	2507	47	-12072
-7840	11704	2192	1083	2312	-12792
-10572	10956	2060	606	2896	-14224
-11296	10856	1516	1639	259	-14799
-10156	10964	928	1268	-375	-14186
-11956	12284	1768	-393	1365	-15426
-12520	11432	-248	-40	392	-16174
-13800	11112	796	-2283	2096	-16160
-14360	10544	-464	-1036	55	-16666
-13652	9532	-544	-844	1313	-15208
-15280	8000	304	-2927	2766	-16339
-17448	6124	2664	-6	1736	-17053
-16484	4684	736	1719	-276	-17065
-17216	3532	3416	997	-572	-18974
-18080	2120	2412	1872	-560	-20085
-17896	2292	1176	2225	-2189	-19997
-16472	1488	2840	-51	-1681	-20672
-16712	868	1956	-458	-1027	-20575
-16800	92	1660	-1185	-684	-20016
-17560	-1452	1156	-2416	-495	-19735
-18668	-3128	1164	-1970	-908	-20202
-18888	-4616	772	-3131	-392	-20005
-18084	-5552	1996	-3550	-57	-19921
-17868	-6728	1636	-1949	1562	-20087
-16460	-6280	1568	1274	255	-19488
-15452	-6244	1672	2333	730	-18958
-16048	-7176	2108	3344	18	-17524
-14628	-7176	600	2103	-761	-16033
-14660	-9132	2108	198	-31	-15427
-15044	-12288	1464	129	-283	-14980
-13728	-13200	364	1715	-1826	-14621
-10764	-11440	1592	2249	-766	-15775
-9868	-9364	2272	3159	206	-14320
-10064	-6808	1824	2427	213	-11713
-10024	-4064	2692	-1087	-1081	-8138
-9264	-5508	4016	-3144	-1599	-3668
-9500	-7488	3360	-2263	-1026	-701
-9508	-9232	3144	-203	-3457	1958
-8156	-11060	2024	1727	-4644	4703
-6820	-11132	1772	3418	-3040	6152
-6776	-8828	1600	4536	-35	7313
-7560	-6504	1232	3242	2667	9614
-9540	-5520	156	-1126	4102	12979
-11188	-5444	1476	-4805	3238	15276
-13336	-7516	2268	-6667	2850	17335
-13100	-7040	1408	-2949	1611	19282
-14692	-5552	2212	-1211	4371	21355
-19760	-5908	4100	-2187	4710	23620
-20008	-5236	1296	1241	1192	25226
-20416	-3832	2664	2061	2645	27071
-22088	-2908	1792	944	2631	28140
-22300	-2276	-52	-446	2079	28640
-23868	-1244	2272	-1938	1907	28241
-23180	-776	-156	-3975	1589	27940
-22256	1544	1104	-3840	67	27104
-21332	2076	3012	-4080	220	26264
-20032	3124	1392	-512	-668	25991
-19160	5728	1128	-243	-1530	25964
-18468	6588	2432	-1171	-1709	25089
-17372	7552	1612	1081	-2004	24315
-16308	9600	1440	979	-1953	24126
-15360	10616	228	-1773	-1561	23158
-15160	11484	1324	-3818	-2428	21817
-12596	10320	2404	-3250	-2216	19751
-10368	10108	1592	-1121	-2037	18009
-8728	9696	4220	-187	-1879	17205
-7484	8240	3484	1220	-1580	14560
-6200	8508	2968	3085	-1563	12852
-4932	8812	3880	4125	-1616	10178
-3800	9156	568	3662	-849	7117
-3560	10324	1520	3060	-688	7647
-3192	11852	-8	-56	-2511	5066
-1424	10936	176	-2401	-1031	3598
-2928	10716	-424	-2241	2423	1849
-4128	10812	184	-2676	1126	664
-2788	11896	3308	-683	-658	-1450
-1972	10792	1656	1621	2468	-2744
-3800	13020	1188	3707	1831	-2955
-4216	14032	2440	3455	1008	-4376
-4236	14512	2124	2980	930	-4333
-4240	15776	2160	2496	556	-4573
-4116	15088	1032	96	1168	-4542
-5252	14400	2184	-774	594	-5431
-4640	12696	1488	-755	285	-6783
-6984	14000	-1192	-36	1152	-7958
-6648	13360	2136	-2651	-255	-8413
-5688	10884	1696	-781	845	-10054
-7864	13408	328	2199	741	-10197
-9428	13828	252	-1070	-25	-11203
-10044	13540	2756	-495	-1713	-11762
-9408	12020	696	-202	940	-12176
-11388	13644	1804	-1165	-155	-12946
-10284	11996	328	-3496	-872	-11589
-11208	10924	1632	-2675	944	-12085
-12456	10608	2624	-1565	602	-13287
-12904	10488	584	25	-437	-12571
-12520	9016	1768	-2187	853	-12735
-14248	9040	2392	495	156	-14934
-13196	8708	-24	695	-954	-12935
-13188	8704	2828	-1001	737	-13104
-14092	7908	1704	56	1083	-12869
-15012	9024	-1100	1526	333	-11352
-15352	7836	2968	-1769	772	-11190
-17052	5620	776	-37	2419	-12288
-17932	6476	-692	771	-1362	-10531
-15224	5000	2504	-1153	-1627	-10750
-16288	2068	2608	-284	2121	-12100
-18528	1716	936	1820	-367	-12090
-16820	1716	4000	2368	-4547	-12663
-15292	-200	2824	1863	-1581	-13716
-17432	-1048	1976	1834	-1350	-14752
-16532	-1776	2292	228	-3472	-15283
-15308	-3196	1184	-1011	-1226	-16346
-16196	-3780	1836	-324	-920	-17793
-16060	-3452	364	617	-1050	-17989
-17144	-3532	660	13	-1309	-18170
-16584	-4728	704	508	-1885	-17791
-16404	-5952	1024	751	-973	-17926
-16676	-6484	1660	960	-666	-17546
-15492	-5640	1860	996	-1505	-16419
-13748	-6232	3408	-1120	133	-15095
-14752	-8564	5332	-1324	2285	-13914
-15536	-8632	1560	-728	1452	-12499
-14588	-7776	2000	-3179	-1991	-11129
-12812	-9312	3284	-4476	-2225	-10780
-11644	-10568	3236	-474	-2030	-10048
-10664	-7424	240	3109	-1021	-8756
-10492	-4628	2296	2562	-2101	-5891
-9232	-3120	1000	2392	-2623	-1920
-8516	-2132	704	-276	37	2432
-10348	-3732	1260	-4147	1947	6635
-11512	-5784	1696	-4517	1693	10103
-12036	-7196	900	-5442	2783	12451
-12976	-6100	1164	-4183	2195	14450
-13060	-3488	724	-2712	1653	17251
-14668	-2712	1704	-4987	3312	20303
-18140	-3240	1464	-5185	3074	22759
-21508	-3692	1608	-2693	1804	25125
-23376	-2908	2184	-1085	-1146	27069
-22660	-2572	-360	-1411	-1530	28632
-22924	-884	-368	-2456	-1360	28773
-23956	-320	1412	-4302	-2289	28922
-22184	-1012	2232	-4187	-2804	29357
-20344	1392	1484	-2084	-2808	29224
-20360	3588	1980	-2746	-1609	28968
-20912	3444	3764	-1668	-2545	28354
-20492	5628	1760	992	-3437	27691
-18556	8124	2908	2819	-5755	27120
-15848	9028	1472	2994	-3620	26523
-16364	10724	2100	1843	-3222	25095
-15500	10916	1832	275	-2591	23924
-12640	11352	808	-68	-3161	22062
-10208	10728	2768	-1409	-1659	20180
-9436	9936	2764	-720	-1382	17950
-7304	9880	2196	547	-3584	14777
-4756	10028	2360	-749	-2818	12816
-3888	9180	2464	-2786	-1195	10352
-3092	9056	2352	-6459	-2460	8079
-2560	9024	2488	-8591	-2449	5988
-1604	7736	5012	-8576	-1582	4709
-1504	7732	3112	-5453	100	2432
-2932	8456	3412	-3473	-427	713
-1488	9012	4048	340	-1567	-2153
-1540	10296	1924	1819	1291	-3168
-3320	12528	2384	2314	1733	-4490
-2356	12052	4324	1940	808	-5510
-3060	12980	2716	2920	1892	-6617
-4860	13888	2728	1795	2670	-6897
-5660	13592	3260	279	2806	-8003
-4696	13092	3864	1624	2256	-9266
-6708	12436	3648	1075	4658	-10535
-7364	13284	3628	3064	1188	-11499
-6308	12252	3108	2205	2520	-11959
-8004	12872	2624	3350	2545	-13051
-10404	12700	-144	-1638	3197	-13460
-11684	11300	2016	-5524	2554	-15614
-11520	9068	3968	-3303	3505	-17749
-12360	8852	4008	-757	4571	-19041
-12616	8148	2572	233	3253	-19709
-14420	8572	6056	2462	2524	-19559
-13912	9416	2160	6457	302	-19174
-14888	10588	2904	5947	2133	-17324
-17088	9404	3400	2864	3398	-17541
-18544	8560	1216	5069	-230	-16419
-17144	9044	1320	1609	-2293	-13413
-15220	7048	3132	-992	-320	-13995
-16912	4688	676	-1462	2730	-13234
-17372	4088	1628	-2571	-646	-12246
-15884	1036	2748	-2143	-60	-12724
-17448	-680	940	381	1816	-13947
-17484	-96	1816	2365	-1425	-13910
-15416	316	188	2659	-1579	-14491
-15524	-188	984	1479	-6	-14568
-16916	-1104	1268	763	217	-14196
-16968	-2296	1168	-173	-222	-14030
-17376	-3364	1680	-650	1008	-14144
-17948	-4800	2412	-1006	1142	-14531
-18280	-5608	1104	-65	-24	-14497
-16296	-5496	2396	-1155	-1853	-14589
-14888	-6800	1896	-2282	96	-14565
-16204	-8116	1148	-3324	704	-14695
-16008	-9032	424	-4862	-148	-14958
-15656	-10384	2644	-3417	-1030	-16108
-14500	-10148	1956	167	-778	-16554
-14264	-9500	-76	-119	397	-17008
-13948	-9128	1116	-1442	-459	-16301
-12168	-7444	2200	992	-1910	-14455
-10540	-3968	752	1385	-1725	-11762
-10596	-2184	-1236	-3561	-1119	-8134
-10820	-3728	2992	-6266	-2006	-3196
-8656	-4528	3312	-5299	-1674	1792
-8680	-6192	1148	-5311	1953	5092
-10944	-8912	2184	-3262	1082	7444
-10868	-9580	2400	942	-1359	9341
-9740	-7056	-300	5393	-509	10992
-11824	-6076	108	2926	1410	12931
-12956	-6360	1960	2099	173	14994
-13508	-6532	-444	948	2989	16863
-16528	-5580	-1004	-1967	3368	18211
-17392	-4836	2952	-2081	-587	19815
-16148	-3988	-164	-420	1076	21803
-19416	-1904	988	-1350	872	23260
-20488	-2852	2816	-1747	-806	25404
-20236	-1724	608	441	113	26556
-22484	-132	1256	-1119	875	26525
-22000	-1160	1512	-2908	-562	27145
-20920	192	-1100	-3503	507	26724
-21772	1448	2272	-5075	-634	25460
-19956	1124	1660	-3136	-2281	23912
-18936	3796	700	-630	-2702	23603
-17196	6440	1116	51	-3393	23411
-16388	7560	2760	952	-2335	22551
-17224	9536	780	2036	-1952	22928
-16284	10624	2008	804	-3461	22776
-14248	10812	776	1372	-2002	20138
-14240	13076	-1936	1449	-2189	18262
-12952	13540	1248	-2371	-3194	18093
-9708	9764	1752	-3340	414	15826
-10280	9288	3972	535	923	14613
-8320	9272	3312	3415	-1724	12270
-5648	8880	2628	4079	-2375	11136
-4376	8796	1220	2545	-1373	8362
-4988	9412	1636	1213	420	6236
-6168	11944	-1292	-2997	-1612	4742
-3144	12272	508	-6709	-3524	4452
-2528	11676	544	-6440	1996	4190
-4920	13064	1732	-4852	1227	3795
-1760	11408	2724	-1629	-1013	2396
-2688	10556	2652	4433	3826	1963
-5500	13760	2240	6713	1308	942
-2080	13176	3884	6866	-114	-1295
-3796	11896	520	6534	4192	-1403
-6096	15320	2248	4618	-855	-2117
-1480	13216	4012	1296	-1690	-4632
-4560	12012	400	1496	3751	-3994
-7112	15716	1132	-1433	-2066	-4014
-3784	12656	636	-6058	-832	-6414
-5652	13040	1224	-2650	1619	-7186
-6472	12156	332	-3625	666	-7492
-6600	12960	2868	189	-1575	-9563
-6712	11940	988	1017	1185	-10179
-9592	13232	148	2192	177	-10821
-8932	13668	140	738	-1180	-11368
-7832	12808	648	48	155	-11728
-10140	12300	12	-2307	3342	-11525
-12052	13860	936	-2303	177	-11881
-9784	11164	1908	-5277	634	-12574
-11544	9956	2652	-3290	4197	-13632
-12948	11020	-880	-843	-100	-13234
-10532	9656	1844	-2720	109	-12596
-13016	8020	2884	-1982	3980	-14268
-16148	9676	-544	1124	-682	-14452
-12656	7400	1916	-535	-433	-14057
-15176	6864	3436	665	3702	-16047
-17004	6940	-716	1005	-602	-15407
-13948	5880	2208	1025	-1026	-14333
-16012	5080	1592	1527	4527	-15224
-19176	4428	-1232	1292	3999	-15002
-18296	3272	764	1381	701	-14828
-16764	1876	172	3538	1502	-15753
-17976	2324	-1168	5197	991	-15956
-16620	1940	-800	3951	-1543	-15479
-15516	836	-200	3370	156	-15214
-17540	-332	-1760	2115	1217	-15122
-17840	-1236	-260	220	-1466	-14883
-16704	-3580	1456	-738	155	-15283
-17460	-5304	692	1596	1097	-15971
-18128	-5228	748	3836	-745	-15785
-16696	-4920	1904	4588	-2363	-15576
-15384	-6328	2256	6163	-1789	-15452
-15776	-6608	1308	7562	-1478	-15232
-15704	-6140	876	7022	-3125	-14134
-14468	-6284	1016	4443	-3777	-13528
-14688	-8360	2392	1976	-1933	-13268
-15592	-9688	868	941	-2028	-13315
-14828	-10244	672	-2037	-3575	-13043
-13612	-11076	2360	-3435	-2722	-12069
-12944	-11388	2240	-1174	-2240	-12466
-11716	-9504	1584	2462	-2822	-12004
-11088	-7860	1740	3436	-2844	-9459
-10260	-7020	1496	2154	-3390	-7298
-9788	-7096	2056	1547	-2287	-4884
-9244	-6780	1568	-145	-1917	-2385
-8792	-7860	1188	-3692	-1355	645
-9204	-10108	3088	-2707	-1049	2083
-8528	-10152	2440	433	-601	3983
-8484	-10324	1972	1849	123	4589
-8776	-9596	2220	3707	1174	5630
-9372	-7548	2404	4166	2514	7320
-10076	-5388	912	2808	3745	9461
-10976	-3368	1692	-325	4553	12574
-12772	-3660	1216	-6707	7023	15576
-15804	-6108	1584	-8907	7132	18280
-17368	-5712	2080	-4743	5937	20582
-17944	-6124	1428	-2333	5751	22743
-19312	-6244	1556	763	4183	23387
-19036	-5368	2072	4026	2985	24153
-18328	-1168	-2032	1872	4454	25147
-21240	-184	2144	-4973	4437	25212
-21564	-1592	296	-9077	4003	26498
-20924	1412	-2448	-11741	2953	26683
-22192	1408	1596	-15367	1388	25878
-21240	-848	3004	-11291	-1110	25316
-19432	2940	-1700	-7104	-2733	24643
-19144	5128	3856	-6018	-6077	24397
-17464	4704	2548	-1900	-4621	23280
-17040	7668	452	1670	-5115	23893
-16684	10236	456	1322	-4054	23901
-16044	10352	2328	1116	-3067	22953
-15156	11372	-840	663	-2636	21048
-14172	12116	1232	-1782	-3721	20482
-11624	10344	2756	-2294	-2052	17769
-9920	10576	3508	231	-2723	16340
-8436	12308	428	709	-2177	14953
-7632	11600	3912	-1147	-2436	14055
-6460	11156	2104	-918	-2815	11285
-4972	11412	448	-1514	-2278	9413
-3584	11780	2700	-2624	-2143	8847
-2716	10836	1512	-4694	-1149	5336
-3096	11056	1660	-4492	-858	6215
-2488	10380	3948	-3423	-1109	4907
-2052	9440	3744	-587	-86	3780
-2204	10184	2608	927	-395	2485
-2176	9228	3344	1457	-95	1257
-2428	10424	3808	3363	-43	-1052
-2344	11088	1332	2249	754	-3319
-3072	13000	1944	1586	-153	-4688
-1892	12484	1576	161	-152	-5270
-3340	12932	1096	-1233	3214	-6674
-5540	13864	2052	-1315	1810	-7370
-4420	13412	2028	984	748	-8195
-5008	13464	1652	185	3042	-9761
-6396	13448	2636	2248	2156	-9928
-7128	11916	1676	1857	3231	-10351
-8284	13956	4192	4642	629	-13084
-8020	11628	1368	3469	2659	-13776
-10532	12936	3104	2831	671	-14866
-10168	13596	2068	1180	-1335	-15040
-10716	11404	1736	-1696	2776	-15009
-12524	12820	1860	-321	686	-15117
-11336	11740	2276	730	959	-14080
-13312	12176	828	-856	2459	-13773
-13908	11128	2520	-2087	-558	-14208
-12844	9224	1516	756	580	-14137
-15652	9904	-72	169	2172	-14271
-16316	8800	3304	-1922	-1255	-14708
-14440	7156	1792	928	-1400	-14100
-14692	8604	1108	314	-1865	-12632
-15228	6592	3364	-2442	-1148	-13257
-17056	4576	3136	-1422	-401	-13419
-17496	4464	1192	-412	-2554	-13270
-16052	3784	2848	-1781	-3116	-13066
-15344	2224	2832	-1407	-1859	-12851
-15172	1448	2336	-86	-1526	-13129
-16184	396	2940	-832	-664	-13367
-15908	-1812	2336	-468	-2238	-14156
-15500	-2564	1776	1282	-1469	-15086
-16264	-208	948	1686	-1576	-15283
-17680	-1012	2000	-593	-2124	-15261
-17840	-3564	2696	5	-1801	-14941
-18980	-3552	2816	1275	-924	-14536
-18376	-3684	2332	1109	-1774	-13754
-17036	-4744	2068	105	-992	-13163
-16564	-6772	5624	-283	-2070	-13582
-15416	-10164	2756	-123	-1050	-14627
-14660	-10208	2496	134	-2100	-16183
-13460	-9628	2892	-1484	-1848	-17245
-12696	-10436	4116	-2134	-2100	-18414
-12728	-10988	3496	-1092	45	-19260
-12616	-8068	2444	1582	-6	-18506
-12188	-4660	2836	4056	1156	-16413
-12900	-1348	2928	5217	2000	-12347
-11372	1084	1144	2255	-576	-6121
-9596	-900	2320	-3187	433	871
-10524	-4228	1936	-5603	2170	5191
-11020	-8072	2692	-7662	797	7973
-10312	-11608	2168	-5281	352	9011
-9624	-11076	1072	-1612	1958	9228
-9944	-7660	1672	1111	4013	9691
-11528	-5676	1964	932	5824	11757
-13580	-4616	1612	770	6396	14471
-15168	-2624	1052	894	5769	17987
-16384	-1080	-656	-1057	5695	20368
-18980	-2732	1892	-3698	5677	22939
-19900	-3312	-1864	-3778	6331	25619
-20852	-700	-300	-4507	4341	27021
-22444	-2720	2152	-6481	5259	28118
-23084	-2664	-800	-4450	4841	28631
-22992	700	-640	-5369	2577	28187
-22124	8	1728	-6859	1783	27522
-20380	1108	-2524	-4548	1316	27190
-18760	5068	-160	-3566	-2044	27207
-17432	5140	2580	-4025	-272	27480
-19904	5876	1356	-2135	321	26892
-19872	9064	-400	-471	-2993	25737
-18368	11608	72	-441	-3818	24323
-16712	11068	176	-2629	-2266	22789
-15244	10436	792	-3295	-1345	20482
-12736	10212	2220	-1771	-1810	18876
-10908	10168	1576	556	-765	16850
-9836	10784	1268	2512	-2183	14158
-8352	11768	2336	3915	-3989	12535
-6364	12700	972	4691	-2618	12138
-6156	13920	-1008	1809	-988	11380
-5964	13980	-904	-298	-829	10967
-3824	12844	-2524	-4233	-2779	10549
-1104	10864	-508	-5288	-979	10083
-2460	9716	-900	-6311	2676	8429
-2788	8832	540	-6291	-160	5918
-1548	7416	2748	-2540	907	2626
-2632	8308	2220	881	886	-182
-492	8660	2580	2342	-704	-2995
-1804	8956	1856	3645	2535	-3456
-4012	11060	1896	5104	1086	-4778
-1876	13404	1068	2416	-1791	-6648
-1952	12364	376	1338	1147	-7719
-5596	13320	536	357	1635	-7743
-5500	16052	-508	-854	-2158	-8567
-3684	13328	432	-3365	1517	-9601
-6276	13188	1476	238	1641	-10033
-6300	13208	1508	1323	162	-10548
-5952	13220	120	3139	-743	-10206
-8380	14484	-1996	1584	593	-8834
-8924	13692	-80	-1041	1091	-10460
-10172	14012	808	89	1218	-12630
-10172	13196	-2764	-1606	871	-12180
-11820	12080	-1128	-4070	2344	-13072
-11712	12340	2072	-1067	-1347	-13536
-9544	10444	2372	853	1758	-12753
-13304	10020	720	1113	3070	-14208
-14996	9580	3576	3423	-2085	-14754
-13016	8740	944	4555	-1215	-15591
-15848	9184	588	889	-176	-16584
-17084	8600	544	-1678	-3035	-17478
-16004	7748	184	-3781	-3797	-17207
-15372	6224	1288	-7050	-2220	-17575
-16384	5628	-136	-7049	-1225	-18339
-17276	5552	-488	-7189	-2054	-16669
-17016	5648	-1608	-8597	-1491	-15712
-17084	2556	1020	-8994	2528	-16126
-18880	16	204	-3921	4682	-17092
-20004	-1928	812	-378	2704	-16962
-17568	-3320	2696	4330	222	-17217
-15716	-3364	2484	8937	1904	-18864
-16784	-3060	1032	10002	1524	-19482
-16200	-2440	2796	9194	-2311	-18647
-14184	-1924	1644	7275	-2053	-17763
-15460	-2132	736	3513	-708	-16765
-17344	-4280	2032	-561	-2147	-16040
-17692	-8108	2960	-2084	-2265	-15637
-16732	-10552	2108	-352	-3105	-16373
-15692	-10316	868	661	-2724	-16863
-16076	-12708	2184	-1713	-3049	-18546
-15456	-15532	2696	-548	-5155	-20649
-11544	-11092	-448	5621	-5331	-21932
-10588	-6344	852	5257	-1805	-20510
-13724	-6656	2736	2075	273	-17471
-13800	-5936	1256	1901	-1601	-12292
-11168	-3972	1564	326	-2468	-6649
-9424	-6516	3188	-3258	-1274	-1150
-8396	-9528	3292	-5116	-1258	2459
-7804	-12052	2104	-3909	-785	4421
-7684	-12928	2804	-2612	-777	4760
-7320	-13596	2284	-1173	-1669	4113
-5568	-12512	2736	1180	-1766	4379
-5224	-10824	2508	3315	1187	3813
-7292	-9692	1848	3845	2586	4159
-8540	-8508	2040	2462	2202	5293
-8904	-6852	1412	2005	2881	7292
-10924	-5480	1688	-694	4702	10310
-13908	-7416	2584	-5500	4547	12968
-15196	-10252	2760	-6097	2605	15377
-13724	-8852	2812	-3796	2603	16706
-13996	-6008	1068	-2795	5631	17831
-16664	-4004	1852	-4799	5611	20005
-17732	-2884	1364	-6326	2431	23180
-18384	-2272	-72	-6307	2461	25336
-21756	-1996	2620	-4902	1786	26956
-22672	-2008	996	-2788	795	28464
-23200	-632	-916	-2708	527	29853
-23668	684	1052	-4130	68	30434
-22684	416	528	-4708	883	30123
-23216	1972	128	-5017	564	29417
-22228	3520	792	-5245	-2233	28524
-19528	3068	2984	-3071	-3204	28135
-18460	4928	1440	772	-2833	27581
-19296	8184	2476	1938	-4377	27406
-18152	9264	1164	1236	-4888	26229
-15920	10640	1448	992	-5509	25025
-14276	12296	-492	-633	-2862	22838
-13216	13116	-2316	-5428	-3464	21968
-9392	11616	-556	-6236	-4139	18477
-7524	9556	1656	-3778	81	18102
-9576	8448	3936	-69	1084	16511
-7040	7688	4204	3676	-3069	14031
-3776	7496	4288	7414	-2468	11192
-3004	9236	3088	7460	-223	10718
-2576	10420	2208	3847	-1827	7843
-804	9936	1000	450	-2358	5091
-1036	9804	684	-1421	461	4833
-1256	10728	2000	-5556	-1130	2794
-804	8508	2172	-4825	737	-1081
-1184	10428	-288	-610	467	-2470
-2972	10496	700	1067	1913	-3615
-2544	13116	3528	4689	-1630	-4478
-636	12884	1240	5469	1597	-5890
-4808	13672	-580	6654	4390	-5334
-4128	16072	1436	5390	-3902	-5470
-1208	13616	1572	2680	-58	-7357
-5920	14732	-1040	480	4474	-8143
-6940	13976	1256	-2407	-1203	-9175
-4336	13008	588	-649	-894	-10735
-5956	13096	656	-348	2071	-10739
-8120	12456	1372	-1219	1165	-11961
-8228	13420	176	6	-861	-13653
-7124	12120	928	-86	-283	-13620
-10228	10864	-116	-2814	3854	-15404
-13196	10412	2192	-1129	-303	-17779
-10944	7516	2244	1060	-629	-19158
-12716	9332	-536	3227	-273	-21023
-13976	10972	228	2448	-2996	-19568
-13324	9664	-168	-428	-1793	-19090
-14280	10492	484	-460	-1716	-18585
-15736	10480	-1524	-1047	905	-18058
-18120	9076	160	-2231	396	-16971
-18276	6524	1520	-628	-702	-16891
-18248	6756	72	2266	-1895	-15644
-16592	6052	1872	574	-2215	-14809
-17308	3356	2732	521	639	-15451
-18612	2648	288	1204	-820	-14952
-16820	2424	2128	-73	-3703	-14198
-16376	428	2780	-1869	-813	-15022
-17856	-1356	468	-1245	-387	-15281
-17960	-856	2368	-649	-3750	-14700
-15752	-1944	3264	709	-3094	-14856
-16808	-2764	3268	3247	-1805	-14345
-17860	-2616	2884	5641	-4000	-13432
-17388	-3172	2616	4419	-5945	-12453
-16136	-4596	1812	2020	-4901	-12640
-16092	-5156	720	-160	-2502	-13306
-16260	-4844	856	-1571	-2555	-13077
-15472	-5852	1360	-3785	-2259	-12015
-14504	-7780	2464	-4784	-1713	-11726
-14196	-9464	2616	-2359	-328	-11840
-14544	-10756	2668	474	80	-12601
-13936	-10868	4036	2530	-1666	-12995
-12364	-11208	4772	2971	-1786	-13558
-11360	-7144	-272	5410	241	-13746
-11604	-2756	576	4112	-354	-12475
-10904	-3868	2092	-103	-2231	-9886
-9108	-5500	2784	-2977	-2439	-5877
-7796	-4908	3732	-3945	140	-3314
-8992	-6036	4428	-4864	3458	-363
-10844	-8268	3976	-4892	2702	2858
-10732	-10172	4964	-3886	1050	5206
-10408	-8688	3228	922	2598	6636
-11672	-4604	2132	3563	2875	8992
-12964	-3488	1796	-577	1785	12611
-14140	-4396	2352	-3007	1343	15521
-15108	-5056	400	-3348	2971	17573
-17228	-5340	2112	-5739	3112	19459
-18332	-6620	1312	-5763	1487	20951
-18204	-4636	616	-2815	-123	22266
-18680	-3032	1344	-2878	711	23467
-19444	-3932	2288	-3209	986	24387
-19316	-2080	-44	-1778	1386	25021
-20724	-1032	2092	-2976	2790	25296
-21064	-1240	2360	-2247	2193	24930
-20484	460	1068	-1038	2333	24223
-20580	2296	1284	-636	1439	23707
-20448	2820	2596	-598	-39	23040
-17868	3992	1400	549	-798	22242
-16544	6880	1364	1231	-641	23008
-16908	8868	1656	-758	-2	23259
-17024	7828	2456	-1354	-1051	22561
-16324	9524	2016	454	-2484	21148
-15412	10800	1404	-1507	-1985	19759
-13664	10040	1920	-2656	-2720	18616
-10836	9868	2864	-487	-3028	17004
-10828	11120	1648	352	-728	16055
-11636	11612	516	-1120	-1935	14623
-9432	10732	2028	-1060	-2575	13085
-6396	9716	3980	2035	-2320	11138
-5328	9908	472	2695	-158	9814
-6732	10764	3632	3146	-1637	9021
-4572	9888	1384	3049	-2306	6440
-4100	10964	520	1260	-1150	5331
-4940	11284	-768	-1673	-292	3232
-3108	11220	-144	-4220	-2432	2005
-2780	9344	1300	-3060	2069	228
-3844	10512	764	-901	521	-1364
-3560	10308	1388	684	796	-3251
-5596	10096	772	2195	2323	-4363
-5124	10824	4280	2913	150	-6510
-4504	8752	4344	4387	2054	-8837
-6744	11040	696	6225	918	-9840
-8064	13260	2612	2497	-1889	-9903
-7620	11984	2348	-217	-979	-12943
-8480	13528	-632	-800	-317	-13121
-10380	14036	200	-5406	-162	-12686
-9948	12340	1760	-5286	-906	-13928
-10092	10568	840	-2692	1857	-14335
-12120	10000	2268	361	1009	-14203
-13248	10608	-252	3425	-1044	-13213
-12412	12456	1172	3594	-3619	-12662
-12876	10692	1588	2702	986	-13873
-16680	11212	-72	2454	1321	-14633
-15384	10436	1008	-355	-2957	-13661
-13856	9044	816	-1298	-830	-14372
-15424	8476	428	-2526	44	-13774
-15596	6760	2256	-3067	-1233	-13351
-15500	4996	2272	-2612	-653	-14195
-16512	3712	2244	-2016	-634	-15226
-17688	2976	2224	-1322	-1194	-16127
-17448	2756	2660	-818	-2568	-16371
-15740	1840	2228	-876	-1976	-16631
-16352	948	1968	-1306	-363	-17156
-18436	212	1984	-730	-1085	-16821
-17540	-572	2092	-1124	-2939	-16671
-17176	-1592	1336	-1371	-1464	-17320
-18084	-2032	1220	-1431	-1257	-17233
-17472	-2600	1924	-1146	-2298	-16984
-15972	-3284	1772	-218	-1356	-16642
-16284	-3860	2408	986	-444	-15648
-15736	-3940	2172	1911	-1566	-14392
-15412	-4700	2940	1324	-1130	-13368
-15548	-5980	2152	1484	-464	-12489
-15960	-6508	2384	1077	-1321	-11425
-15144	-7720	3532	-83	-1912	-10243
-14484	-8844	2084	-446	-516	-10362
-13780	-8428	2476	-117	-1598	-9970
-12528	-9012	3364	-1573	-1375	-9215
-12356	-11132	3172	-1602	-610	-9033
-12896	-12468	3576	-879	-877	-9261
-13012	-12444	2604	896	-1857	-9881
-11628	-11416	3360	1122	-3601	-10050
-9592	-10936	3300	522	-2598	-9661
-9348	-9384	2504	-381	459	-8694
-9432	-7704	2468	-1331	1056	-7195
-9660	-6472	2800	-2611	2822	-4421
-10392	-7024	2784	-3105	3092	-851
-8828	-7892	3448	-1913	379	2135
-7656	-8640	3408	-162	846	4068
-9064	-8504	1804	1764	1850	5592
-9740	-6940	2316	1670	-165	7322
-9628	-6972	1508	-923	353	9449
-10204	-6200	1260	-1898	1564	11529
-12016	-5636	1400	-4060	3646	13969
-14704	-5540	2588	-5571	3694	16642
-15844	-5876	1316	-4340	2168	18961
-17016	-6468	2564	-2494	1679	20987
-17960	-6776	3456	424	1796	22447
-17440	-4168	88	4277	915	23679
-18656	-1988	2328	1409	3055	25298
-20032	-1580	1492	-1505	4811	26627
-21056	1156	-1348	-4425	4015	27235
-23408	948	-476	-9931	4062	28209
-23648	-1512	2688	-8953	633	28854
-21120	1216	172	-3369	-985	28343
-22380	4008	3208	-1622	-1065	27878
-21696	5752	2152	1480	-4057	28452
-18596	8704	404	1210	-4717	30594
-17408	9984	2976	-2564	-60	31260
-20132	8736	3292	-3703	3142	28866
-19376	7572	4292	-256	-95	27113
-15648	8604	2392	4907	-2326	24672
-12572	10592	436	3949	-4711	22119
-8864	10252	2060	2798	-4638	20116
-6940	10732	52	3548	-1594	16838
-6968	11604	472	1411	-67	15539
-5992	10164	1464	294	-1504	13302
-3732	9440	1092	2316	-2920	11427
-1412	9860	1200	1281	-1775	10186
-3000	9280	1672	428	1008	7840
-2892	11452	-1244	-1873	-3450	5193
352	10088	2640	-3590	-1620	3110
-1848	9696	-1132	-2394	2023	1186
-1772	11008	-16	-2156	-1793	205
-524	12016	620	-665	-760	-1331
-1408	12588	-256	744	2062	-2533
-3124	14380	-200	2555	1689	-3649
-1988	15236	1476	3844	365	-3099
-2120	15944	452	6567	2521	-3875
-3388	16636	-836	6409	2067	-2590
-3408	16600	-488	4741	1207	-2458
-2588	15256	544	1766	1768	-2593
-3216	13772	2212	1063	2414	-4731
-4412	13780	-1388	-930	1191	-5932
-4832	12496	2060	-2722	-563	-6189
-4024	10608	2084	-2711	477	-9001
-5236	11808	1036	-29	479	-11045
-5804	11812	448	-522	-291	-11062
-5548	10020	2100	496	-373	-11624
-8304	11452	424	4156	1724	-14677
-11364	14932	-2192	3190	-1525	-12856
-8820	13736	-1140	560	-4060	-13225
-8824	13652	-2044	-283	-290	-13879
-12048	14984	-3032	-2157	149	-12821
-11584	11832	-96	-3659	1144	-13244
-12588	12108	-1104	-227	69	-14600
-11804	12336	-2320	-101	-2073	-12756
-11952	9652	2688	-1893	3542	-13520
-15484	10380	-1680	950	-1333	-15186
-13400	10388	-328	-1242	-4897	-12235
-12636	7760	408	-4823	1595	-13606
-17476	6756	1792	-5771	3693	-14990
-18132	4896	1272	-1804	3234	-13915
-17244	6660	-560	2078	836	-14674
-15008	5932	608	2319	-72	-14571
-15152	5676	-2088	5536	-930	-14730
-15264	5804	-1976	3259	-1388	-12977
-14792	3384	332	1434	-206	-12908
-16700	2324	-28	2887	834	-13873
-18288	1752	-604	2522	-1993	-13510
-16092	116	1128	2114	-4670	-12823
-15620	-312	768	1578	-2273	-13713
-17724	-328	-1040	-184	-2226	-14329
-17268	-2128	-220	-2968	-4204	-13682
-15720	-3700	-796	-4675	-2337	-14100
-17064	-4620	704	-3205	-202	-14815
-17624	-3028	756	974	-1924	-15104
-16496	-4320	152	1131	-1710	-14719
-15956	-5736	1512	1706	-1930	-14590
-16408	-6060	1464	3673	-1711	-13759
-15608	-5440	1304	3749	-3339	-13074
-14136	-6272	1948	1804	-2752	-12638
-15044	-8200	2548	1140	-899	-12589
-15396	-8864	1140	-34	-1324	-11728
-14040	-8532	296	-2005	-3112	-11157
-13628	-9832	2264	-3145	-1838	-10987
-13280	-11268	1140	-3060	-1519	-11167
-11884	-9412	-1468	-3153	-1483	-10870
-11396	-6708	-204	-4000	-1954	-10048
-11384	-8444	1868	-4980	-2960	-7808
-9720	-8924	840	-2567	-2491	-5477
-9708	-8044	2440	-549	759	-3639
-9840	-7556	3848	1552	-548	-873
-8328	-7208	1864	2305	148	2473
-9276	-7076	2564	1060	2394	4674
-10688	-7216	1716	-539	2261	6519
-10532	-7784	520	-2584	1410	8442
-10860	-8216	1096	-4989	2125	9843
-11500	-7604	1164	-3800	1871	11359
-11800	-5872	1060	-1950	2790	13059
-13704	-5796	772	-2836	3865	14871
-15836	-6056	1168	-926	2355	17143
-16292	-3692	-912	914	1949	19320
-17440	-2772	528	-528	1549	21073
-18516	-4220	800	-1308	976	22751
-18908	-2424	-240	-1222	369	23773
-20128	-1180	616	-3877	387	24627
-20932	-1344	-912	-7332	434	25516
-21512	-480	560	-7303	-1253	25785
-21596	-460	1044	-5808	-1087	25557
-21204	812	272	-3189	-1689	25247
-20420	2564	2392	-97	-2652	24691
-17912	3472	2468	5522	-1832	25863
-18636	5964	1516	8768	-859	25707
-19212	7268	332	9186	-2085	23895
-17532	7156	-224	8751	-1785	22589
-15800	9020	-1688	7235	-114	21624
-13960	10620	-984	3567	331	20376
-13008	9748	-716	1218	1794	18378
-13024	9984	76	2326	965	16683
-10288	10496	880	4892	-1607	15524
-8092	11476	-1000	5820	-800	14301
-8280	12836	-2088	5601	-313	13487
-7984	13800	-2120	3271	97	11188
-7048	13244	-2456	-157	2380	9259
-6988	12416	-2648	-2338	1602	8519
-5444	12124	-548	-547	-876	7268
-3720	11556	-1540	317	-202	7220
-3928	11880	-1284	128	2488	7389
-4232	11916	-1408	-238	1040	5672
-2632	10584	-1548	687	819	5325
-2864	10468	-1008	-240	1430	3699
-2468	9264	304	288	869	1195
-2680	10120	-1268	1687	1263	-1151
-2932	10448	-956	1600	5	-2607
-2440	11380	-720	1901	-993	-3660
-3164	11964	-1288	266	-250	-3627
-4852	13184	-1620	1693	-901	-4326
-4384	13756	-720	2974	-3525	-5870
-5116	15180	-3460	3001	-2712	-6307
-5100	14540	-1532	1779	-3524	-7546
-6172	15148	-3916	-54	-1535	-8645
-6656	14796	-2980	-1235	-2689	-9560
-6476	12948	-2856	-1295	-1686	-10240
-7352	14596	-3496	-844	-2722	-10179
-7444	13436	-1828	-5277	-1134	-9926
-8904	13068	-1768	-6598	-948	-11998
-9496	12564	-1576	-6672	-2304	-11663
-10248	10912	1140	-8440	195	-12354
-11964	9860	2000	-6166	-993	-15665
-11704	8820	624	-2942	-3461	-15520
-12480	9080	3484	-5081	-4155	-15341
-13076	6948	1140	-4052	-4194	-19337
-14452	7916	2120	-2932	-6442	-18306
-13932	8520	1600	-6265	-5648	-18155
-14388	6956	2604	-9488	-2873	-19981
-15740	5384	1924	-5041	-1917	-19444
-16612	6708	2128	-3496	-2510	-17147
-16364	4760	3004	-2425	-731	-18727
-18988	2948	2428	566	781	-18737
-19928	3352	1448	3692	-1888	-16852
-17644	3016	1752	2502	-2293	-15999
-19132	2268	984	45	352	-16741
-20132	332	1116	-2053	-1037	-15961
-18572	-1512	1832	-2072	-2254	-15433
-17324	-2628	3168	-2065	-1317	-15640
-16136	-3120	1876	-399	-1118	-15489
-15156	-3780	3056	696	-686	-14963
-14468	-3888	3144	2209	-485	-14274
-13868	-3936	3380	2969	644	-13547
-15516	-5464	1428	838	3531	-13540
-17640	-8788	3360	-1291	498	-14406
-16560	-10296	2024	-443	-2320	-14691
-14636	-8640	1772	-1549	-2842	-14972
-14244	-9248	2896	-4079	-1818	-16005
-14164	-10328	3044	-2142	-2159	-15384
-12528	-8928	3544	-540	-2927	-14244
-11444	-9588	4256	-714	-1209	-13396
-12752	-11516	3212	1489	708	-12989
-12844	-9140	2052	3039	-2986	-11708
-9936	-7256	3320	1383	-4765	-9584
-7964	-6384	2000	-553	-2073	-7364
-8232	-5296	2320	-3851	-777	-4221
-8100	-5864	3016	-4061	-1050	-856
-7184	-7048	2388	-4375	-97	2475
-7916	-9364	1376	-2891	1814	4967
-10316	-8996	860	333	2396	7018
-11072	-6280	972	2054	1620	9767
-10868	-3632	708	1937	2259	13308
-11996	-2508	-204	-2106	5702	17606
-15236	-2552	1304	-7684	6839	21565
-17240	-3740	1144	-9443	6456	24556
-19528	-5748	920	-12614	5979	26174
-21772	-10348	3916	-12072	4316	26678
-21988	-10580	372	-5833	1471	25827
-20468	-6880	1020	-3550	-153	25435
-19724	-4264	-224	-4474	-501	24627
-19400	-340	-2128	-6184	-1509	23914
-21516	1432	-908	-10331	-222	24228
-22584	-824	12	-8347	-1722	24276
-20772	1516	-12	-2618	-4246	24987
-19140	3772	636	-3	-2941	24902
-19024	3888	2804	1504	-2496	24687
-17024	3852	1360	4999	-1910	25002
-18184	7236	2080	6091	-1950	25328
-18048	8960	620	4688	-3818	23954
-15780	10176	-1932	3118	-4416	23994
-14576	12296	-308	618	-3034	23835
-14832	12644	-2708	-4140	976	22043
-16028	13412	-1608	-6093	384	20202
-11012	11168	1060	-1438	-2932	18727
-6320	9928	804	4848	-1123	17519
-7312	10856	3212	5409	3405	15552
-7160	10568	2216	8853	-983	12873
-4224	11160	780	10083	-2077	12879
-3660	13464	984	3692	107	12199
-2936	11888	1868	-3482	732	9572
-2696	10084	12	-3747	302	7589
-3008	10512	572	-5331	-776	6819
-436	9092	3560	-4021	-3441	3692
-4	7752	-1448	-2060	181	538
-4660	12448	-1764	-2533	951	-1130
-2380	12336	164	-3858	-4338	-2517
2080	8368	-572	-4204	-917	-1812
-264	8104	116	-562	6543	-4327
-4688	11484	1524	3678	2049	-8075
-3904	11888	1388	4916	-82	-9141
-3892	12180	2292	3820	1201	-10206
-4160	13208	3052	5235	-507	-11230
-5712	14188	732	4676	-16	-11355
-8440	16236	-104	914	-1524	-11513
-7192	14484	1524	-1064	-2863	-12378
-6608	13468	-296	-215	-1225	-12584
-9140	14464	-1148	-509	629	-12087
-10924	13176	-368	-1854	-39	-12754
-10108	13276	-1060	3154	-4034	-13118
-9248	13948	-1616	3138	-1205	-12059
-11276	13412	-620	-464	1017	-13495
-12640	12752	-2832	2267	-589	-13405
-12432	12708	-1252	-524	-1033	-10959
-13020	10668	-212	-2792	1556	-14001
-15172	10036	-2292	-1438	1175	-14878
-14936	9140	-416	-3302	-540	-13180
-14120	7856	268	-1984	632	-15271
-14832	8380	-1600	-312	257	-14816
-14052	9224	-1204	-819	-2193	-13492
-13388	6764	2388	-2165	1020	-13342
-16368	5268	1268	-739	2354	-13963
-16856	4272	756	295	359	-12550
-16672	3912	1932	504	-1192	-13476
-16244	2292	1968	643	-172	-13223
-16112	1616	808	2408	-880	-13535
-15896	1668	236	2944	-1494	-13548
-16656	2384	-920	2385	-2000	-13667
-17052	1164	-1188	431	-2682	-13815
-17184	-396	344	-1646	-2493	-14022
-18636	-1948	1248	331	-825	-15008
-18360	-3020	-40	2051	-2791	-13780
-17820	-2004	1904	2458	-3033	-13177
-15448	-2232	-92	2972	-947	-12602
-16104	-2504	340	1428	-585	-11831
-14464	-3328	1256	-177	-2275	-11272
-14808	-4452	-40	-1270	1240	-10307
-15676	-3560	-892	-4073	455	-10186
-14072	-5924	1168	-4545	1826	-8418
-14572	-6084	884	-1902	3460	-7931
-14096	-4412	340	926	1431	-6652
-13000	-4428	1044	2598	1202	-5112
-13608	-3808	552	3216	2748	-3590
-14900	-3580	-280	1503	2215	-1967
-14268	-4272	-324	-1143	607	-54
-13784	-5796	288	-3299	1700	1669
-14780	-6568	144	-3285	2618	2627
-14344	-6192	-636	-1992	1354	3337
-13932	-7384	692	-1360	1774	3848
-14228	-7344	-416	639	1816	4166
-14180	-5936	-1152	578	1607	4337
-15096	-6628	-352	-252	1525	3951
-15280	-7836	576	342	457	4536
-14120	-5652	-2176	856	583	4490
-14588	-4992	-80	-636	789	4310
-14396	-7092	-72	-519	676	4528
-15172	-6772	-1008	-159	1142	4247
-15476	-5812	-788	28	-749	3426
-14496	-5980	24	178	-1156	3505
-14140	-4668	-1116	181	-49	3723
-14832	-3816	-1012	-595	-160	3729
-14548	-5456	80	-1132	-243	3738
-13952	-5876	-524	-427	1260	3345
-15196	-5316	-268	214	1800	2425
-14840	-5564	-156	540	645	1828
-13944	-5200	-268	563	1117	1234
-14224	-4328	-916	378	1467	495
-14860	-4024	-320	-494	555	288
-14536	-4892	-564	-542	566	412
-15524	-4148	-1216	-725	1026	88
-16216	-4940	-96	-672	-179	-348
-14904	-5108	-888	337	-186	-244
-15520	-3832	-1200	-253	777	-1013
-16320	-4716	-708	-165	-293	-1419
-14924	-4456	-360	479	-803	-823
-14952	-3372	-1900	-311	-5	-952
-15504	-3420	-460	-968	-1126	-702
-14080	-4096	-84	-265	-1612	-251
-13864	-3272	-1812	-1107	343	127
-15248	-3456	-612	-1815	-253	293
-15044	-5344	648	-573	-1337	453
-14228	-4688	-940	685	-198	750
-15348	-3924	-1280	-268	505	609
-15456	-4928	-16	-350	-853	453
-14348	-5208	-428	142	-484	277
-14592	-4356	-812	-116	653	-262
-15368	-4464	-252	-239	7	-552
-15620	-5232	-64	256	-151	-735
-15900	-5344	144	786	-664	-985
-15228	-3744	-1528	972	-977	-1026
-15568	-3912	-320	-1675	-227	-1090
-15692	-5420	1100	-1119	-1064	-1029
-13924	-4060	-1040	565	-862	-847
-14428	-3756	-24	-809	1025	-1485
-15964	-5052	504	-800	508	-1493
-15168	-4752	-596	786	-1516	-726
-13988	-4304	-140	685	-953	-1027
-15332	-5336	856	-39	79	-1900
-15772	-5496	492	711	-1601	-1379
-15016	-4328	-1696	1233	-2006	-1410
-15320	-3128	-112	-1107	-2416	-1782
-15404	-5500	1080	-2270	-1973	-2337
-15260	-6088	-860	-1015	-1488	-1790
-14980	-3832	-808	-717	-1990	-1367
-14340	-3640	600	-3900	-1584	-1609
-14140	-6120	392	-3622	-364	-1567
-14392	-5444	-332	-1264	-133	-627
-14216	-3588	444	-2824	-470	-398
-14348	-5804	1632	-3875	-176	-437
-14484	-7108	412	-1	-126	-305
-14476	-2656	-1112	-1524	-450	1605
-14608	-2904	1188	-9479	-697	325
-17992	-9868	1612	-4381	-11973	4588
-14832	-768	-380	-10180	-15030	8069
-18108	-11864	3132	5003	-12033	4555
-12476	-1428	1796	2505	-10057	-4571
-9000	-6448	1500	6185	187	1826
