0	0	0	0	0	0
15196	6736	1648	-3450	-4707	558
17080	3352	-884	-1163	-1846	829
16764	4984	-804	52	-105	-244
16360	5336	-864	1619	4381	479
14220	8588	324	-9928	462	-370
15372	2032	372	53	1274	-147
13732	2548	-1364	3233	-3920	-334
17988	6504	-2836	-4629	562	1278
15412	2180	392	-3023	767	658
17020	4328	-392	-375	-798	-777
17432	5224	-780	-1776	484	-292
17092	4068	-48	-2225	-237	-526
17980	4516	-288	-1195	-642	-1265
18016	4816	12	-889	-589	-1501
18248	5016	-372	-1351	-1722	-1945
18856	5388	-688	-1565	-2136	-2539
18616	5608	-1096	-1825	-2487	-2971
18396	5580	-288	-2139	-2648	-3141
18612	6080	-948	-2221	-3527	-3639
18564	6080	-1264	-3244	-3723	-3794
18248	5800	-1528	-3313	-4011	-4027
17900	6296	-424	-2916	-3783	-4106
17180	6216	-1116	-2128	-4716	-4018
17480	7760	-2820	-1850	-5002	-3659
16840	7152	-2072	-3564	-4007	-2568
15716	6076	-1552	-2629	-4342	-2181
16252	7060	-2308	-3094	-4543	-1898
16580	7344	-3500	-3436	-3474	-1301
15536	6988	-2444	-4068	-1992	-570
15284	6472	-2216	-4116	-2352	-265
15688	6176	-2492	-3089	-1835	-253
15552	6944	-2444	-2222	-727	-215
14864	6992	-1888	-1416	-170	383
14160	6392	-1632	-1016	-479	651
15172	6792	-2100	-94	-284	515
15368	6832	-2408	-802	978	1066
14828	6868	-1172	-602	1715	1427
14900	6560	-1540	-988	1034	1601
15996	6564	-2368	-176	1847	1490
15364	5812	-856	454	4392	1359
14016	6028	-1352	1714	3061	713
15332	5500	-1252	1271	3574	819
15760	5548	-1100	3493	4822	371
15048	6716	-592	4592	5042	565
15480	6384	-1136	3686	4858	659
14460	5344	-948	3998	6690	1009
13748	5680	504	5348	6010	385
14652	7296	-908	4529	4165	429
15924	5428	-196	3427	6301	1805
13164	5116	696	5315	6768	1087
13852	6492	-568	4326	4759	301
12924	5592	196	3900	5838	634
12800	6164	700	4056	3465	536
14648	6368	192	4378	2973	335
13880	7360	868	3491	3827	883
13368	8328	-324	520	1515	1352
14088	7212	352	-1098	1957	2119
13512	7652	1476	-1150	1170	1463
13416	7492	1124	-3808	-322	2119
14348	7688	1304	-1944	-1270	921
14428	7444	808	-2595	-138	1202
13128	7808	1140	-2341	-952	156
14016	6012	1016	-2028	-1483	-608
13868	7156	1244	861	-1238	-2337
14216	7248	928	-1049	-2236	-1956
14076	6688	444	-516	-1687	-2437
14648	7276	616	-493	-1864	-2525
14748	6880	492	-760	-1363	-2293
14544	7068	96	-1251	-1215	-1785
14020	6640	988	-498	-1310	-2240
14724	6860	264	-548	-1567	-2011
14180	6816	748	210	-1016	-2351
14732	6864	112	289	-1784	-2385
14716	7096	172	-9	-798	-1926
14564	6724	480	-188	-1342	-2085
14708	7008	-360	-528	-1092	-1768
14144	6492	632	-492	-1400	-1587
15004	6880	-68	-162	-1893	-2030
14452	6548	4	-124	-891	-2032
13992	6808	-104	174	-1643	-2323
14520	7064	-336	-163	-1785	-2238
14536	6796	24	-83	-1940	-2024
14328	6716	48	-57	-1922	-1790
14224	6988	12	143	-2482	-2116
14904	7008	-1276	155	-2475	-1985
14568	7336	-700	392	-1775	-1955
14604	6984	-948	722	-1923	-2234
14716	7744	-1696	226	-1774	-2058
14516	7772	-1708	-146	-1490	-1860
15004	7552	-1768	303	-1424	-1933
14716	8116	-1184	1307	-305	-1917
14424	8364	-1676	790	-1023	-1739
14916	7984	-2528	581	-672	-1345
14640	8488	-2088	895	120	-1324
14348	8108	-2448	255	-245	-957
14872	8444	-2256	1263	289	-775
14812	9192	-2328	1131	407	-317
14724	8688	-2908	10	-10	169
15100	8868	-2056	219	818	463
14568	8892	-2248	374	1154	477
14448	8156	-2156	-86	1079	643
15416	8140	-2140	749	1223	274
15144	9016	-2200	1506	1919	299
15036	9116	-2484	1295	1442	734
15480	9508	-2712	907	1661	1090
15520	9072	-2220	476	2360	1681
15200	9376	-2064	92	1938	1967
15696	8952	-2544	-1145	2050	2097
15456	8324	-2120	-1074	2669	2462
15188	8332	-1620	-1048	2564	2387
14680	7460	-1588	-1124	2465	2519
14880	7532	-1344	-552	2140	2573
15088	7980	-1524	-126	2330	2697
14968	7628	-1320	-816	2500	2852
15724	7312	-604	-438	2427	2852
16176	7496	-828	-569	2516	2837
16504	7588	-580	-1387	2289	2674
17448	7160	-584	-1262	2235	2262
17324	7632	-1048	-1788	2075	1645
18068	7228	-312	-2164	1673	1121
17920	7080	-348	-1587	1280	397
17648	7308	332	-1528	579	28
17924	7352	80	-2078	-936	-609
18304	7220	-276	-2363	-726	-1264
17632	7252	488	-1500	-1187	-1893
17780	7360	40	-1027	-2189	-2403
18056	7964	12	-593	-2429	-2607
16924	8148	-40	-352	-2745	-2821
17080	8320	-284	-453	-3776	-2944
17008	8296	-1000	-719	-3875	-2682
16992	8748	-976	-1537	-4249	-2522
16676	8636	-1668	-1972	-4494	-2054
16648	8516	-1492	-2766	-4518	-1857
16716	8020	-1536	-2969	-4639	-1683
16240	7764	-1376	-2296	-4436	-1960
16540	8024	-1608	-2054	-4545	-2262
16012	8040	-2616	-1547	-4280	-1831
15136	8048	-2080	-1491	-3355	-1243
14236	7288	-1424	-1271	-3438	-940
14516	7876	-2464	-820	-4032	-870
14896	8616	-3140	-1798	-2585	-419
14700	8316	-2484	-1898	-1913	118
14320	7960	-2220	-2079	-1748	653
14544	8124	-2660	-1731	-1751	802
14788	7724	-2580	-2399	-878	1178
14480	7644	-2132	-1897	-240	940
14008	7220	-1900	-1746	-440	742
14868	7284	-2000	-1138	21	536
14984	7656	-2400	-51	856	332
14568	7832	-2728	45	1411	710
14504	7564	-1876	851	1775	365
14672	7464	-2656	456	2171	521
14400	7692	-2312	1311	3338	688
13420	8148	-1948	898	3290	951
14156	7828	-2144	1786	3367	1411
14480	7668	-1464	1999	5079	1494
12636	7448	-1232	3557	5623	1255
12052	8132	-508	4186	5138	1025
12012	7176	-736	3916	3867	1270
12840	7024	-1104	5629	3594	903
11968	7796	-412	5824	4303	585
12108	8120	-904	2545	1958	983
13792	7692	-1708	2785	1965	662
13212	9120	-1960	2302	2678	1260
13120	8668	-1128	508	1964	2147
14296	8148	-1568	40	1136	2069
14512	8152	-2276	-68	1457	2509
14104	7540	-1688	22	1938	3094
15120	7704	-596	113	2007	2678
14024	7144	-1456	566	1834	2858
14292	6816	-568	264	2397	3284
13960	6548	-704	1116	1644	2464
13668	6916	-364	1100	1621	1726
12708	7068	-520	22	536	1061
12984	7024	-672	-421	-1409	-626
13740	6324	-704	-679	-1093	-1611
12540	7692	-420	-775	-1691	-2335
14824	6440	-976	-1719	-3103	-2353
14456	6892	-1156	26	-918	-2850
13740	7992	-688	-588	-2755	-2899
14840	6868	-1752	-78	-2140	-2959
13832	7472	-700	689	-1315	-3104
14660	7224	-1784	-454	-2465	-3204
14440	7324	-2100	-664	-1133	-3062
13660	6980	-1120	-552	-1262	-2770
14164	7404	-1800	-746	-2065	-3365
14572	7064	-1960	-870	-1104	-2900
13724	7584	-1244	0	-924	-3415
14524	7812	-1856	-1003	-1519	-2880
14668	7796	-1620	-291	-411	-2873
14744	7872	-1324	-164	-830	-3003
14388	7980	-1680	186	-87	-2604
14096	8448	-1324	263	-229	-2515
14056	8312	-1580	-69	-808	-2547
14328	8668	-2012	140	-704	-2334
14056	8768	-1304	103	-606	-2008
13900	8932	-1636	-277	-1303	-1757
14012	9224	-2200	133	-888	-1238
13292	9524	-2336	-201	-745	-1045
13332	8964	-2028	-114	-1323	-703
14144	9148	-1592	-64	-605	-311
12608	8512	-1828	-70	-423	-174
13432	9260	-2276	258	-1413	-44
13748	8992	-2324	73	-340	473
13188	8152	-1416	-7	-780	418
14328	8600	-3296	845	-1641	586
14772	9660	-3772	310	267	1077
13480	8316	-2776	-1122	244	1472
14736	8172	-3244	637	107	1405
14852	9616	-3888	299	1260	1736
14348	8784	-3740	-1418	1859	2448
14816	7568	-2884	-642	1767	2141
15200	8400	-3600	33	2327	1900
15172	9072	-2860	-775	3002	1909
15500	8144	-2736	-908	2670	2035
15264	8216	-2784	11	3355	2301
14404	8384	-1976	-874	3058	2459
15020	7376	-1492	-1771	2319	2237
15600	6848	-1200	-660	3105	2000
14904	7744	-1328	152	2778	1827
15572	7940	-1512	-373	2018	1947
16152	7628	-1192	-595	2414	2255
15960	7396	-784	-395	1869	2238
16664	7308	-1040	-681	1634	2091
16396	7220	-984	-1029	1927	2070
16348	7244	-988	-843	1193	1546
17136	6744	-720	-824	1509	1222
16160	6376	-56	312	1870	640
15996	7048	-372	51	286	183
17120	6640	-804	-45	176	20
16592	7448	-984	-203	403	-304
16404	7284	-432	-937	-162	-69
17120	7748	-828	-1360	-876	-551
18136	7912	-924	-1838	-949	-841
18516	8652	-1140	-1640	-1192	-1602
19076	8736	-1276	-1781	-1951	-2326
19500	8712	-1640	-1595	-2182	-2887
18684	8792	-1652	-898	-2371	-3206
17996	9072	-1832	-911	-3381	-3275
17324	8860	-1632	-1188	-3600	-2668
16696	8452	-1748	-1276	-4455	-2510
16672	8440	-1660	-1844	-4717	-2161
16356	8784	-2072	-1667	-5091	-2043
16952	9252	-2524	-2503	-5577	-1976
17284	8524	-2988	-2707	-4966	-1849
16108	8452	-1916	-1645	-4085	-1355
15520	9464	-3112	-2477	-4474	-541
15448	8260	-2776	-3106	-3436	420
14592	8048	-2856	-2080	-3327	355
14076	8148	-3160	-2827	-2658	601
13600	7252	-3024	-2525	-2242	1013
14388	7528	-2960	-1987	-1745	940
14164	7348	-2716	-1884	-370	819
14056	7404	-2868	-1841	-412	468
14820	7496	-2768	-1909	797	636
14556	7520	-2320	-875	1764	509
14424	7896	-1896	-307	2156	379
14320	7812	-2840	-86	2488	454
14464	7912	-2316	302	3456	539
13100	7424	-1280	717	3818	569
12620	7420	-828	1482	2970	805
13760	8688	-1972	1476	2987	979
13624	8040	-988	930	4275	1970
12152	7536	-72	2329	4047	1959
12448	8232	-812	1201	2667	1967
13444	7552	-1128	1320	3108	1783
12992	7456	-616	3104	3549	1258
12600	7776	-396	2460	2366	1555
13120	7428	-1068	2896	1455	1794
13068	7744	-1268	2402	1698	1672
13900	7948	-1564	932	849	1530
13924	7996	-1584	719	1663	1725
13788	8076	-1084	387	645	1963
14872	7772	-1744	-387	810	2596
13840	7100	-1468	-190	1431	2960
13384	7332	-1912	-591	331	2900
14488	6208	-1312	-170	568	2228
13432	6572	-1600	654	991	1537
13476	9088	-2732	1852	735	1352
13464	11208	-1860	-3684	1544	2617
12276	4088	44	-4790	-874	2516
13484	5784	-2284	1393	-1918	-700
13808	7032	-1584	968	29	-1521
12848	7020	-1644	-150	-2359	-2634
14212	6248	-2020	-705	-1060	-2676
13644	7316	-1868	-620	-1248	-3239
16024	7128	-1852	-1104	-1380	-2786
14028	7348	-1624	543	130	-2863
14760	8116	-1092	-602	-1606	-2299
14992	6768	-1932	1121	-128	-2113
13360	8344	-1428	1698	-483	-2361
15204	7832	-1844	-652	-1582	-1822
15052	6904	-1760	234	558	-1741
14048	8096	-1032	248	-574	-1696
14924	7192	-1308	-33	-574	-1694
13592	7628	-1068	-233	-406	-1891
13580	7376	-1448	-481	-1899	-2129
15044	7712	-2112	-357	-1548	-2126
13752	7456	-1304	-919	-824	-1935
13924	7840	-1588	-958	-2442	-1969
14816	7800	-2692	-684	-1448	-1970
13708	8068	-2164	-1176	-607	-1958
13296	7616	-2044	-484	-1291	-2229
13928	8172	-2344	8	-1004	-2631
13500	8208	-2460	-691	-353	-2403
13632	8180	-2492	-204	-445	-2256
13752	9092	-2820	-364	-172	-2039
14076	8512	-2488	-747	260	-1924
13788	8580	-3088	484	619	-1805
14176	9780	-2816	-26	1146	-1403
13820	8584	-2336	-702	1559	-980
13776	8764	-2156	1024	1444	-1030
14264	10160	-2836	419	1853	-339
13340	9064	-1776	-840	2216	316
13876	8924	-2412	452	1159	289
14444	9644	-2124	581	2396	728
13320	8572	-1156	22	1889	1053
14580	8748	-1928	514	641	1271
15296	9800	-2168	358	2137	1781
14088	9076	-1808	-806	1588	2255
14960	7936	-1492	-708	615	2489
15504	8284	-1364	538	1498	2512
14716	8752	-1768	170	872	2694
14964	8356	-1624	-29	715	3007
15136	8000	-1536	-41	709	3062
15300	7964	-2092	-226	742	3028
15520	7584	-924	-345	1264	3103
15404	7700	-1984	-402	936	2946
16088	7728	-2208	-1399	1346	2945
15752	7088	-1440	-865	2342	2718
15212	6916	-1216	-429	2013	2305
16044	6992	-912	-757	1629	1981
15932	6264	-948	-556	2290	1911
15588	6628	-1116	-171	2032	1607
16456	6720	-568	-414	1760	1297
16044	6332	-1164	-280	1929	1248
16616	6852	-580	-356	1598	794
17136	7164	-1012	-787	1813	407
16760	6640	-376	-1036	1743	110
17560	7068	-268	-788	1168	-353
17240	7288	-868	-1427	1114	-416
17368	7380	-256	-1388	900	-617
16564	7668	-552	-1174	682	-639
17080	7688	28	-1312	87	-670
17332	7888	-164	-1151	21	-713
17208	7880	-432	-1952	-616	-622
17516	7612	-156	-1851	-1026	-822
17680	7720	-436	-1918	-1688	-1109
17668	7816	-536	-1974	-1984	-1219
17772	7944	-584	-1856	-2488	-1530
17744	8232	-732	-1702	-2646	-1697
17140	8048	-1104	-1963	-2753	-1664
17372	8108	-1068	-1537	-2896	-1958
16984	7860	-1136	-1285	-3379	-2071
16792	8020	-1400	-745	-3630	-1946
16592	8384	-1592	-516	-3710	-1646
16004	8292	-1644	-708	-3602	-1013
15648	8448	-1044	-498	-3903	-421
15852	8060	-1248	-730	-4874	72
15808	7348	-2020	-851	-4569	649
15624	7456	-2364	-992	-3917	915
15416	7556	-2204	-1714	-3912	842
15832	6664	-2720	-2197	-3449	561
15664	6692	-2944	-1374	-2400	92
15664	6808	-2840	-1858	-1626	198
15316	6804	-2996	-1798	-1072	416
14416	6644	-2740	-1484	-502	908
14088	6600	-2340	-1659	-187	939
14276	6228	-988	-1504	384	648
13688	6824	-1648	-397	-277	384
14976	6916	-2380	-1669	-447	416
14896	6240	-1940	-656	736	205
14232	6800	-1492	-183	955	-258
14316	7072	-2600	-763	712	-600
14684	6632	-2124	-223	2245	-781
13800	7312	-2436	789	2626	-933
14456	7320	-2076	657	3017	-515
14344	7472	-1856	1905	3649	-506
13692	7760	-2084	2208	3587	-455
13172	7528	-2088	2734	4189	5
13416	8260	-1244	3436	3695	193
13344	8564	-1200	3016	3308	720
13032	8112	-1576	2659	2357	1443
13924	7500	-1036	2715	2521	1311
13080	7892	-1060	2567	2427	1366
12476	8040	-828	1712	1644	2011
13164	8192	-1456	58	326	2066
13752	7312	-1740	102	338	2040
13440	7200	-1116	968	1083	1751
13480	8164	-1488	-283	-240	1598
14656	7112	-2316	-1415	-830	1884
14092	6848	-2004	-507	1015	1793
13728	7596	-2064	-1089	-867	1622
14944	6828	-2232	-1527	-323	1429
13720	6792	-1564	-1175	1231	1301
12948	7276	-1840	-2085	-1336	638
14432	5732	-1480	-1661	-66	39
12816	7572	-1580	-462	-403	-1267
13392	6988	-2028	-1320	-1729	-1669
14368	6660	-1980	262	-692	-2669
13824	7236	-1600	213	-558	-2895
13928	7556	-1804	-215	-880	-2542
13992	6404	-1356	408	-731	-3353
14308	7080	-2260	2604	-1259	-4253
14496	8604	-2160	2608	26	-3524
12568	7480	-1168	909	-672	-3584
14024	7104	-2020	630	-1762	-3708
14316	8536	-2108	298	-372	-3423
13128	9276	-2260	-2315	-1401	-3156
14856	8104	-2840	-3123	-1911	-2607
14180	7548	-1552	-1386	715	-2602
12892	8732	-1632	-1727	-1257	-2283
14716	8728	-3100	-1602	-2027	-2067
13896	8364	-2388	-1608	562	-1841
12172	8364	-1316	-1846	-602	-1720
13972	8240	-1580	-507	-1940	-1901
13868	8788	-2324	365	28	-1584
12648	8944	-1328	-298	-991	-1255
14112	9184	-2224	-343	-2354	-1270
14508	9240	-2740	133	-224	-824
13352	8524	-1192	-26	338	-1067
13760	9104	-2272	-476	-695	-1100
14460	9300	-2876	121	144	-1052
13888	9048	-2476	-25	1114	-1266
14248	9024	-1944	617	680	-1154
14496	9956	-3004	1200	1243	-621
14068	9916	-2700	313	2060	-176
13252	8972	-1872	94	1898	112
14396	9456	-2732	598	1038	98
14624	9472	-2440	-51	2393	882
13448	9020	-2312	19	2003	1036
14632	9172	-2556	-616	1442	1186
14584	9252	-2676	-622	2988	1420
13544	9012	-1436	-49	2692	1617
14328	8872	-1892	-816	1750	1717
14852	8372	-2088	-213	3179	1968
13620	9056	-1572	0	3077	1990
14380	8408	-1792	-1729	1784	2367
15240	7832	-1652	-1208	2686	2116
15064	8484	-1084	-1164	2817	1777
15020	8224	-716	-1171	2379	2105
14876	8224	-1188	-1570	1858	2153
15604	7740	-188	-1462	1899	2103
15240	8064	180	-385	1932	1998
14964	8160	-352	-1531	1000	2540
15596	7632	-284	-1458	870	2659
15516	7860	0	-931	1100	2319
16068	7992	8	-1464	484	2310
16412	7752	-384	-1561	984	2256
16036	7680	36	-1120	1127	1942
16692	7524	144	-822	674	1942
16640	7700	-28	-577	742	1745
16680	7596	-76	-860	574	1708
16652	7468	-148	-816	434	1478
16996	7748	-416	-1086	171	954
17032	7280	-76	-1424	590	577
16364	7072	68	-785	402	49
16752	7052	-48	-1130	-202	-326
16740	6912	-144	-761	206	-694
16076	7268	-316	-638	29	-1015
16500	7780	-712	-1327	-281	-1262
16800	7288	-624	-1708	194	-1495
17128	8416	-68	-727	343	-2148
17164	8540	-128	-1317	339	-1995
16864	8372	-220	-940	249	-2086
17212	8256	280	-655	-94	-2203
17068	7924	572	343	-974	-2407
17212	8588	228	239	-1979	-2403
17012	8012	428	-95	-2332	-2300
16384	8188	96	-220	-3099	-2179
16256	8648	-236	-1519	-3649	-1881
16112	8232	-536	-2573	-3807	-1626
15316	8208	-636	-3105	-3665	-1483
15120	8216	-696	-4191	-3871	-1342
14784	7724	-416	-4026	-3367	-1248
14120	7708	-760	-3714	-3519	-1505
14528	8096	-564	-3666	-3340	-1260
14384	7636	-344	-2680	-3055	-1231
14480	8080	-328	-880	-3224	-1489
15136	9008	-1020	-391	-3726	-1396
15916	9580	-1400	-508	-3299	-959
15456	9040	-1032	-358	-2984	-809
15600	8972	-1308	-967	-2682	-298
14464	8464	-2000	-1641	-1825	661
14564	8476	-2368	-2943	-1916	1054
15868	8396	-1644	-2867	-553	467
14028	8192	-1796	-1990	-209	398
14732	8124	-1940	-2974	-277	879
14452	7628	-488	-1103	913	338
14880	8696	-1372	741	-10	-197
15444	8756	-1460	433	1808	349
13304	8108	-124	1733	2181	176
13568	8412	-448	2332	903	410
14380	8968	-1100	1867	1654	601
12884	8716	-768	1069	1818	1218
12800	8704	-1244	-16	875	1989
13680	8148	-728	-714	1933	2306
13132	7292	-556	873	2816	1863
11228	9044	-1300	1413	2168	1760
13464	8984	-1796	44	332	2702
14596	7808	-1316	2183	3026	3110
12364	8488	-160	3662	2695	2558
13184	8572	-1472	1008	1143	3227
14716	7320	-2156	811	2885	3109
13496	7692	-1396	2587	3910	2823
13828	8564	-920	2004	3044	3416
14596	7104	-812	2286	3250	4220
14012	7552	-716	3337	3482	4147
13312	7492	-420	1522	2987	4379
13872	6460	-560	543	1397	3776
13536	5404	-296	612	2463	3513
13364	7412	184	2	808	1896
13924	6348	-932	-1834	-259	1693
13040	6216	-4	-841	991	396
13248	6956	4	-1718	-1660	-1030
13884	5404	-604	-1230	-1187	-2029
13068	6964	392	-716	-1715	-3002
14132	6148	-328	-1006	-2736	-3806
13684	5892	156	968	-1403	-4932
13092	7604	-496	346	-2674	-5113
14864	7672	-2128	-872	-2712	-4302
14480	8120	-1292	-990	-906	-3889
14392	8440	-988	-1603	-1755	-3170
15108	8260	-1268	-1811	-540	-2653
13660	7596	-552	-2319	32	-2232
13812	7344	-280	-1856	-1136	-2704
14224	7796	-660	-1162	-842	-3108
14472	6920	-196	-398	-1015	-2907
14504	7292	-124	1213	-939	-3201
14560	8184	-952	1011	-941	-3011
15032	8096	-1092	571	-887	-2723
14320	8300	-1292	1050	-144	-2589
14332	8876	-1636	477	-531	-2423
14516	8260	-1568	-208	468	-1889
13384	8260	-868	1007	749	-2248
14036	9516	-1556	427	426	-2305
13660	8668	-1288	331	1024	-1770
13756	8576	-736	893	737	-1734
13800	9244	-1244	1327	997	-1363
13564	9212	-1120	371	1230	-710
13236	8972	-768	322	718	-787
14112	8884	-1532	-145	719	-336
13968	8880	-1140	-726	1828	175
14248	9180	-1132	-951	716	207
14732	9292	-1984	-894	2183	893
13440	9072	-756	-612	2448	915
14760	9096	-724	-459	1477	873
14564	8868	-1208	163	2827	1354
13976	9260	-1104	548	2593	1608
14520	9224	-1112	-436	2290	2514
14136	8228	-492	-783	3165	3020
14188	8468	200	-568	2264	2602
15648	8400	-264	-1925	2353	3121
14876	7544	-424	-1753	2327	3342
15580	7476	460	-1768	1647	3329
15904	7952	-8	-2760	1034	3529
16492	7620	-240	-4450	1384	3396
16156	6756	292	-4062	2511	2768
15972	7464	620	-3566	2125	2239
16844	7112	1088	-3216	2423	2142
16484	7000	1928	-1231	2634	1342
17012	7360	2368	-131	1736	683
17152	7152	2136	1482	1189	310
16344	7324	2212	2982	532	123
16012	7884	2112	2935	-451	221
16400	8104	1276	1638	-991	578
16236	7916	1008	1363	-562	407
16208	8364	472	361	-820	788
16740	8192	652	-897	-523	1002
16772	7748	620	-765	-220	786
17144	8456	140	-1435	-117	771
17264	7660	352	-2076	-12	583
17748	7808	424	-1763	-189	-149
17884	7836	324	-2090	-568	-568
18376	7604	508	-1963	-1209	-1293
18304	7764	684	-1052	-1524	-2180
18128	8336	372	-863	-2269	-2680
17892	8008	756	-767	-2632	-3039
17444	7960	692	127	-2999	-3419
16700	8168	708	338	-3522	-3366
16604	8332	176	-323	-4577	-3280
17912	8800	212	-835	-4823	-3600
16988	9000	-256	-831	-4685	-3284
17072	9444	-684	-1343	-5235	-2859
16840	8660	-892	-1045	-5115	-2410
16480	8972	-1116	-627	-5040	-2146
16220	8712	-1612	-1257	-4613	-1714
15592	8004	-1256	-950	-4118	-1538
14780	7808	-1284	-1053	-4111	-1143
15544	7916	-1092	-1451	-3908	-1232
14512	7724	-1244	-1399	-3052	-1161
15012	8456	-2012	-1551	-3497	-700
15180	8312	-1752	-1676	-2460	-192
14536	8332	-1624	-993	-1742	100
14000	8452	-1796	-1095	-844	608
13408	8060	-1736	-1000	-193	603
12612	8052	-1256	-373	176	896
12356	8428	-1452	74	-192	1431
12824	8584	-1544	112	84	2008
12764	8736	-1408	790	976	2348
12828	8988	-1228	-172	1554	3314
11500	8424	-948	-174	1292	3526
12756	7796	-1812	-1164	833	3490
13112	8712	-2212	166	2034	3103
12616	7872	-1428	-761	2910	3794
12456	7416	-712	-195	2208	3214
13160	6836	-1484	744	2153	2465
12556	7044	-1660	1503	3207	2237
12276	7240	-1988	926	1391	2120
14592	6988	-2268	2594	1486	2038
13460	6860	-1032	4374	3851	1549
12996	8080	-1432	1739	1604	1673
13736	6324	-2724	1394	1827	1499
14356	7816	-2456	2194	2706	1060
13460	6948	-1516	1033	2229	1419
14352	7668	-1284	739	1873	1331
13796	7564	-1760	502	801	1039
15048	7276	-1764	-899	1037	1747
12940	7176	-672	-140	1114	952
14528	8076	-1256	-2389	-1632	693
14188	5716	-1220	-1572	946	120
12488	7748	-216	-1653	-174	-766
14692	6712	-1628	-3309	-2330	-1136
14492	5972	-1276	-547	586	-1605
13868	8232	-560	-235	-834	-1841
15124	5936	-1008	-234	-322	-1803
13684	7448	-1060	1842	228	-2539
13524	8032	-456	789	-549	-2425
14176	7508	-1148	541	-914	-3009
13936	7764	-1068	330	50	-2642
12628	7868	-924	-646	-1080	-2619
13660	7868	-1444	-990	-2078	-2416
14108	7936	-1212	-951	-467	-2617
13012	7732	-1204	-1641	-978	-2949
14080	7632	-1384	-1678	-1495	-2389
14044	7372	-572	-885	-178	-2441
13076	8224	-700	-46	-1567	-2717
14240	8400	-1632	-599	-1483	-2051
13200	8076	-1136	-832	-277	-2118
14256	7964	-1336	-760	-1671	-1819
14536	8020	-1320	-438	120	-1141
12964	8564	-1700	418	-967	-1702
15632	8864	-2360	-622	-777	-1032
14480	7912	-1360	252	1558	-916
13900	8472	-1836	1351	78	-1022
15864	9236	-2708	419	870	-528
14484	7960	-1064	103	2069	-551
14396	7924	-1244	691	632	-728
15164	8588	-1556	344	1387	-103
13732	8060	-712	-71	1403	-383
13964	7924	-1728	205	164	-569
15436	9004	-2168	-108	589	-420
14208	7756	-896	-262	1744	-394
14024	8216	-1176	1324	28	-778
15580	9280	-2392	952	835	-121
14264	9080	-1224	1671	2025	240
13684	9128	-2264	952	431	917
15312	9016	-2544	312	1127	1345
14520	8904	-2128	944	2302	1452
13984	9476	-2948	-260	1835	2265
14452	8296	-2048	-1926	2490	2892
14360	7620	-1236	-1420	2370	2539
15700	7472	-1084	-1709	2482	2375
15612	6964	-964	-750	2924	2018
15484	7412	-348	425	2910	1443
15456	7316	-420	911	2403	1658
16216	8168	-1172	811	2049	1437
16348	7976	-700	556	2341	1297
16016	7860	44	1199	2252	1255
16012	8668	256	1056	1782	1597
15956	8904	-232	297	1032	2060
16072	8556	-408	-69	1051	2515
15764	8416	-316	-154	1397	2881
15596	8144	-284	-1306	1159	3353
16620	7480	-176	-1629	1182	3492
16516	7512	-296	-1637	1852	3296
16712	7348	-100	-2760	1747	3022
17164	6444	-160	-2233	1638	2495
17444	6460	-184	-1962	1574	1907
17628	5936	244	-1764	1331	1206
17768	6096	424	-1233	1001	335
17948	6392	220	-1287	335	-489
17900	6456	252	-1508	67	-1173
17876	6708	432	-1317	-210	-1975
17636	6964	592	-846	-654	-2599
17172	7268	572	-561	-1155	-2836
17188	7496	360	-414	-1849	-3053
17244	7572	412	-492	-2158	-3218
17252	7740	176	-98	-2569	-3547
17252	7868	244	-131	-2643	-3746
16996	8116	-304	-147	-3239	-3843
16872	8256	-724	-457	-2994	-4013
16232	7876	-264	-604	-3171	-3898
15628	8144	-368	-20	-3599	-3807
15968	8268	-552	85	-3650	-2968
15444	8432	-248	1168	-2343	-2532
13816	10064	-1216	426	-2547	-2682
15064	9296	-2516	-2129	-3451	-1720
15440	8672	-2728	-2733	-1745	-1219
15160	8272	-664	-1982	-1751	-1160
14808	8660	-1400	-1839	-2742	-954
15408	8840	-2300	-2576	-2586	-504
15268	7896	-1132	-2142	-1969	-518
14784	7556	-1416	-1648	-2246	-583
15476	8104	-1224	-1030	-2145	-804
14532	7888	-1480	-637	-1858	-838
14208	8200	-1796	67	-2567	-619
15264	8676	-1676	-441	-1994	-487
14108	7980	-1208	-644	-1113	-402
14044	8900	-1904	-904	-1661	-293
14436	9388	-2412	-1672	-1031	416
14376	9100	-1320	-1424	-370	1016
12972	8692	-1584	-619	-91	1385
12800	8476	-1036	-555	-138	1718
13124	8376	-1644	-718	46	1984
13688	8692	-1536	51	970	1606
13344	8812	-1864	-495	1031	2048
13656	8616	-1440	-699	1210	2623
13300	8392	-1780	-102	939	2828
13580	7856	-1096	-247	2225	3275
12736	7912	-1300	-199	1566	2832
13852	7360	-1604	-126	1182	2678
14172	7240	-1336	1473	2761	2076
13160	7852	-808	1205	2904	2051
13408	7220	-1772	413	1485	2768
13324	6128	-664	1987	3350	1803
11948	8060	-852	2454	1614	686
13192	7720	-2192	-204	236	1329
14276	6856	-2284	-150	742	1408
13840	7452	-1100	2292	1987	849
13392	9040	-1496	-614	447	1142
14992	6824	-2564	-2112	481	1897
12896	7940	-1596	1240	2443	357
13480	8456	-1304	-1439	571	687
14036	6896	-1280	-161	2126	254
11332	8708	-492	866	1124	-1134
12364	7908	-1216	-1307	-977	-868
12748	7904	-860	962	301	-2654
12340	9860	-1108	-399	-1131	-2736
13112	8140	-1164	-1038	-786	-2385
12812	8188	-620	-156	290	-2465
12748	9504	-1524	-118	-1634	-2924
13480	8352	-1616	-549	-336	-2632
12216	8384	-640	703	582	-2784
12676	8956	-1084	416	-1330	-3046
12960	7556	-1180	623	-122	-3010
11996	8380	-988	512	-706	-3665
13392	8680	-1340	-924	-1559	-3296
13552	8068	-1096	-1335	-527	-2865
13152	8576	-304	-1988	-632	-2666
13340	9380	-1268	-1877	-1545	-2690
14388	9324	-1356	-2596	-346	-1898
12908	8372	-76	-2195	552	-1462
13188	9188	-136	-765	-1136	-1303
14244	9084	-952	-221	-592	-927
13596	8736	-820	206	-190	-989
14504	9408	-1056	429	-470	-468
13860	9084	-672	-557	751	186
12732	7804	-136	-925	-1	-193
14884	8684	-1152	-592	-696	-574
15240	8896	-2012	-555	1358	-39
13424	7888	-84	-796	1574	-163
14564	7996	-760	1141	-67	-651
15164	9312	-1548	1970	1344	-442
13724	8588	-656	1358	1595	-139
14156	8852	-1896	1982	473	-274
15600	9888	-1644	1745	1905	256
13536	9404	-1892	1852	1679	891
15420	9720	-1820	525	1256	1452
15016	8876	-1868	516	2667	1730
14532	9396	-2208	733	1982	1693
15432	9432	-1920	-715	2851	2382
14584	8580	-1248	-461	2849	2331
15576	9012	-1172	-503	2228	2385
15600	8544	-744	-778	3203	2654
15468	8316	-672	249	2419	2103
16188	8372	-504	586	2720	1936
15836	8688	-40	675	2705	1753
16020	8616	-264	596	1740	1747
16096	8964	-544	663	1815	1947
16060	9376	-372	49	1317	2155
16160	9196	-368	-818	1174	2759
16084	8988	-596	-1175	978	3038
16268	8528	-104	-1456	1146	2820
16320	8556	-612	-1966	1194	3037
16548	8060	-384	-2415	1434	3104
16700	7684	12	-2130	1291	2170
17376	7472	484	-1694	1356	1321
17036	7140	520	-1239	1210	829
17264	7024	932	-1009	608	427
17480	7020	1180	-437	-5	-316
17432	7368	232	-463	-854	-1146
17796	7620	228	-645	-1258	-1839
17936	7596	216	-467	-1632	-2594
17992	8024	-140	-548	-2063	-3175
17372	7960	-128	-351	-2118	-3519
16728	8092	-204	-215	-3000	-3669
16576	8280	-316	-311	-3615	-3608
16424	8276	-472	-1029	-4083	-3660
16384	8812	-856	-1160	-4250	-3418
15904	9060	-824	-1478	-4376	-2897
15656	8840	-1128	-2028	-4563	-2623
15620	8876	-1172	-1648	-4249	-2587
15472	8832	-1172	-1231	-4304	-2535
15564	9072	-1760	-1331	-4332	-2014
15704	8660	-1428	-1732	-3874	-1624
14784	8680	-1620	-1089	-3281	-1467
15196	8548	-1904	-1835	-3213	-1371
14992	8368	-1680	-1628	-1885	-1440
13168	8500	-1628	-1478	-2276	-1222
13848	8564	-1624	-1677	-2935	-511
14612	8708	-1072	-836	-2687	-220
13276	8992	-2180	-1275	-2327	92
13748	9192	-1924	-1628	-2386	673
13448	8812	-2096	-2381	-1321	966
13204	8564	-1824	-1946	-711	757
13296	9228	-2184	-1318	-692	894
13488	8952	-2320	-1649	509	871
12724	8360	-1904	-371	921	763
12532	9584	-2452	854	1388	1216
13940	9704	-2036	-374	1704	2082
12872	8964	-1584	1032	2576	2601
12572	8948	-900	1147	2327	2774
12320	8376	-1344	179	2619	2708
11252	7848	-760	734	2018	1921
13428	8536	-1320	510	858	1570
13096	7560	-1328	1123	12272	8248
-344	1373	1068	1393	13872	8420
-1584	420	13276	8248	-2188	1112
1321	975	13076	7916	-1440	-147
14088	7508	-976	9	1153	712
14268	9312	-2076	704	1218	906
14588	8748	-1928	391	1583	1667
13836	7264	-1944	328	2082	1884
13524	7484	-1100	367	3097	1449
13720	7600	-2128	-107	1066	1042
14560	7588	-1800	492	12592	8048
-736	1297	2410	742	13512	9052
-1636	256	739	707	13876	7952
-1256	-857	2101	829	12064	8536
13296	8512	-1008	-2384	-221	297
12528	7928	-332	-1513	822	-467
11636	9136	-480	-538	-986	-1632
13284	8420	-1352	-1441	-1558	-1552
13236	8032	-584	-728	-223	-2029
12596	8868	-300	185	-1265	-2279
13928	9248	-948	-600	-928	-1888
12756	7720	-124	-518	-79	-2353
13136	9108	-748	48	-1778	-2716
13740	8352	-792	277	-540	-2423
12092	8580	-724	263	-980	-2964
14256	8056	-1000	-723	12604	7668
-652	784	249	-2938	12348	9104
-764	-31	-1936	-2874	14460	8596
-948	-493	-1210	-2799	12996	8960
-840	316	-42	-3282	13064	9220
-968	-390	-1450	-2625	13812	9280
-864	178	-649	-2193	13344	9720
-1536	672	-1137	-1916	13856	9752
-1656	164	-807	-980	12832	9244
-1456	140	-278	-580	13752	9676
-1760	-9	-1340	-358	14368	9240
-2060	-800	497	260	12960	8208
-1104	-502	761	154	14164	9360
-2120	424	-150	-477	14864	8972
-1744	-682	2203	160	12908	7864
-732	1138	1942	-230	14084	9060
-1516	2147	1005	-576	14792	9336
-1424	773	2701	160	13312	8216
-588	781	2040	119	14680	8752
-972	1910	754	-201	14672	9688
-1204	1851	2317	324	14328	9520
-1420	1085	885	702	15520	9052
-2476	667	1307	1405	14248	9332
-1328	1426	2500	1693	14708	9820
16176	8964	-2532	-488	2241	2099
14172	8524	-1184	986	3108	1912
14676	9244	-2132	-686	979	2173
16128	8036	-1516	-1375	2778	2330
14624	7896	-632	494	2700	1705
15700	9084	-1656	-780	1412	1866
16084	8252	-1092	-1068	2637	1969
15480	8652	-576	575	2049	1339
15600	8840	-864	243	1792	1588
15436	8224	120	809	1912	1560
15360	8688	-476	1624	1095	1808
15548	9088	-1264	100	1349	2186
15656	8372	-720	-884	1768	2124
15936	8756	-908	-1564	1370	1913
16592	8076	-576	-2823	2097	2134
16436	7932	292	-2478	2091	1640
16760	8096	-192	-2491	1302	1407
17048	7968	88	-2569	1361	984
16684	7588	200	-1859	533	349
17280	7708	412	-1513	-71	-159
17408	7568	644	-646	-399	-792
17568	7968	332	-56	-1294	-1345
18160	8628	-288	-541	-1928	-1806
18488	8404	-228	-757	-2138	-2595
17760	8684	16	-337	-2119	-2857
17488	9096	-548	-752	-3470	-3097
17628	9268	-1268	-1726	-3798	-3034
17028	9208	-1012	-1904	-3778	-3081
16060	9208	-1180	-2159	-4339	-2686
16228	9148	-1272	-2466	-4694	-2177
15876	8980	-1504	-2562	-4363	-1673
15416	8632	-1256	-2483	-4082	-1161
15496	8296	-1164	-2627	-3911	-1044
14992	8172	-676	-1789	-3598	-1293
14828	8260	-1280	-1309	-3700	-1163
15128	8308	-1216	-1402	-3155	-1240
14288	8240	-1080	-643	-2564	-1030
14528	9008	-1448	-284	-3065	-1076
16528	8828	-1436	-1220	-2644	-735
14496	8400	-1976	-618	-762	-407
13312	8964	-1988	-1002	-2119	109
14732	8800	-2712	-2365	-1719	808
13508	8248	-1708	-2310	-137	793
12604	8344	-1896	-1999	-715	951
13376	8148	-1980	-2412	-357	1550
13376	8376	-1772	-1007	217	1375
14008	9048	-1772	-200	447	1458
13964	8864	-1576	143	1658	1856
12756	9112	-1120	989	2238	2093
12876	9076	-1144	-157	1644	2905
13688	8604	-1960	356	2339	3400
12744	8232	-1072	211	3369	3169
12704	8200	-1020	-146	2526	2836
13508	7100	-1372	-671	3827	3048
12756	6744	-748	1316	4038	1991
12640	8000	-512	2334	3585	1911
12972	7128	-752	1781	2812	2027
13588	6820	-1444	2730	2743	1554
12696	6916	-264	3366	4090	1262
13048	8516	-700	1615	1108	852
14276	6768	-1144	505	2115	1417
14068	8732	-640	970	2053	971
14648	7716	-648	-1060	1631	2230
14364	8016	-556	231	1511	1417
12876	7728	344	-399	1647	1692
13696	8576	-884	-1271	-1219	1413
14700	7120	-388	-1767	1196	1810
12376	7980	368	-534	-272	404
14376	7640	-852	-3401	-2253	402
13580	6432	-664	-351	216	-1075
13404	8492	-64	-947	-1098	-1446
14804	6904	-1016	-2219	-785	-1097
14296	6984	-596	812	248	-2173
14468	8856	-1028	533	-504	-2128
14792	6844	-660	521	837	-1777
13212	7564	-8	2111	900	-2455
13496	7940	-312	684	-786	-2784
14072	7540	-944	1095	-525	-3070
13536	7608	-252	178	343	-2994
12428	7572	-52	-965	-672	-3747
14220	7708	-828	-2220	-1425	-3777
13292	8212	-124	-1268	797	-4572
12812	8528	-96	-3079	-1265	-4276
14764	7812	-968	-1486	-1044	-4194
12684	8528	-20	-259	570	-4786
11828	9908	-280	49	-2033	-5298
14768	9412	-1428	-1057	-1453	-3982
12084	9228	76	550	950	-4290
11864	10492	-776	260	-1942	-3644
14288	10600	-1644	-1044	-664	-2314
11844	9580	36	-579	741	-2547
12304	10408	-1036	-983	-1842	-1960
14352	11132	-2288	-1583	-85	-548
12320	9816	140	-2002	1297	-93
12432	9492	-608	-1836	-845	53
14516	10024	-1136	-1512	767	111
13748	9800	-240	-847	1960	-127
13792	9616	-396	444	838	-29
15132	10612	-580	1693	2025	128
13012	9948	200	1477	2347	382
13756	10160	168	1002	702	495
14460	10384	-732	461	1461	863
13568	9820	124	336	1560	1137
13932	9680	-12	297	344	1526
14768	10268	-1000	1013	1006	1661
14020	10256	-396	533	1569	2097
14092	9396	-320	398	1599	2246
14560	9276	-940	1277	1716	2163
14636	9816	-800	1680	2267	2283
14348	9732	-472	1099	2231	2795
14588	9304	-1184	-117	2127	2974
14988	9212	-236	-338	2349	3007
15004	9032	-372	-6	2175	3164
15516	9328	-476	-1029	2010	3379
15312	8548	412	-979	2180	3471
15472	8940	-496	-1051	1536	3439
15544	8224	684	-2130	1967	3492
15256	7300	1364	-1185	1465	2971
15428	7476	1000	-739	1019	2920
15988	7580	508	-1407	546	2559
16108	7412	728	-1485	1189	2017
15676	7472	1048	-865	387	1622
16628	7880	644	-1296	-162	1314
16848	7964	516	-825	154	1009
16924	8324	488	-588	-23	599
17096	8336	396	-841	-329	211
17380	8484	348	-1263	-520	-131
17620	8184	608	-847	-694	-638
17796	8432	868	-204	-917	-1287
17972	8652	520	-244	-1389	-1564
17444	8468	264	477	-1601	-1955
16628	9088	-376	-152	-1869	-1917
16336	8324	-96	-1200	-2471	-1778
16176	7764	144	-1171	-2566	-1970
15688	7592	240	-1161	-2876	-2028
15644	8136	272	-1024	-3337	-2246
15496	8560	-604	-449	-3637	-2344
16316	9400	-460	-834	-3492	-2254
16232	8796	84	-481	-3263	-2229
15404	8668	-156	858	-3786	-2055
15632	9120	-1412	110	-4458	-1579
15220	9084	-860	-352	-3669	-1265
14608	8956	-1712	-614	-4209	-1169
15732	9152	-1996	-2230	-3485	-1044
14448	7968	-1272	-2894	-2109	-751
14216	8908	-1708	-2213	-3382	-1050
15960	8916	-1804	-3541	-2952	-469
14612	8012	-1288	-2307	-1560	-312
14324	8880	-1556	-1462	-3005	-387
14792	8756	-1672	-1885	-2491	384
13700	8284	-1752	-1161	-2636	312
14392	8796	-2744	-1699	-3166	582
15444	8704	-2508	-2615	-2164	959
14404	8440	-1592	-2086	-349	684
13416	8368	-2304	-2487	-1631	714
14304	8392	-2496	-2372	215	717
13148	8276	-1380	-1321	1106	329
13404	9304	-1980	-998	155	405
13912	8992	-2708	-1244	887	1154
14088	8944	-1672	205	1537	1136
14032	9432	-1144	510	2552	1827
11704	8104	-1088	155	2662	2467
12376	7704	-1404	-145	1920	2256
12424	7548	-268	1012	3568	1240
11324	8668	-844	1041	2193	353
13588	8172	-1576	155	1959	785
13436	8340	-824	2481	3382	382
12456	8856	-844	3104	2723	626
14020	8760	-1044	2229	2924	986
12432	7980	-816	2954	3104	262
13556	8472	-1440	1747	2056	231
14352	8676	-680	2709	3140	-164
12852	7508	196	2181	2756	223
14044	9964	-2012	1148	52	336
15016	6916	-988	-270	2588	1522
13716	8976	-472	949	1085	385
14508	8544	-860	-1235	635	1884
13536	7472	-248	-30	1520	1562
13988	9404	-376	-367	-315	486
13868	7440	-832	-1410	906	959
13784	8696	-420	-1346	141	692
12908	7448	-384	-1287	-530	-55
13716	7640	-728	-1359	-721	-131
12180	8036	-68	-1050	-77	-1017
13184	8920	-1260	-2897	-2592	-1836
14352	7616	-1228	-2153	-332	-1985
12344	8524	140	-67	116	-3029
12740	8796	-524	-1319	-1666	-3389
14436	8208	-1228	250	-368	-3485
11716	9092	-492	1363	616	-3828
12224	9480	-408	-143	-2206	-4064
13516	8124	-1344	1526	-179	-4224
10812	9780	-120	1488	143	-4787
12448	9988	-1248	-733	-2507	-4227
13924	9024	-1656	-475	184	-3887
11624	9924	-248	509	516	-4234
12884	10748	-1248	-732	-1440	-3574
13516	10000	-1188	-426	1324	-3018
10884	10644	-940	113	518	-3057
13168	10888	-1332	-1058	-773	-1862
12332	9644	-556	-802	1593	-1315
10660	9776	112	187	-141	-1544
13120	11144	-1612	-67	-1773	-911
13340	10128	-884	-1242	1118	-175
12204	9664	-456	-735	-364	-55
14516	10860	-1832	-788	-56	329
13284	10184	-844	-1971	2055	769
13172	9452	-464	-1508	614	418
14268	10460	-1000	-1054	1713	602
13748	10496	-360	-665	2634	747
13744	10672	-796	836	2695	1084
13776	10852	-472	484	2662	1542
14316	9884	80	398	2655	1766
14312	9620	440	1309	2660	1532
13816	10168	-480	1397	2454	1619
14308	10092	-312	0	1955	1816
14564	9100	180	202	14296	9616
-332	222	1795	1804	15128	9828
-716	-848	1842	2165	14264	9440
-8	313	2746	2210	14156	10264
-500	-341	1685	2439	15432	9616
196	-1757	2078	2897	14804	8940
644	-537	2964	2593	14360	9856
292	-603	2325	2721	15324	9548
160	-2054	2174	3231	14980	8304
1896	-318	3240	3083	14380	8836
1368	91	1646	2777	15680	8560
1404	-1095	1745	3053	14648	7800
1896	654	2245	2584	14916	9060
1684	626	436	2392	16272	8244
1308	-666	263	2760	15644	7840
1552	934	767	2124	15932	8504
1180	-258	35	2136	15980	7632
996	-626	634	2148	15480	7956
1464	-247	647	1594	15440	7664
1424	-867	335	1602	15440	7504
1324	-123	539	1400	15584	7892
1272	-118	11	1233	16232	7704
1100	-349	-159	1132	16588	8024
876	-270	-33	716	17268	8112
1256	-761	-54	431	17344	7568
1356	-545	-309	-195	18368	8088
800	-961	-721	-924	18564	7816
1160	-796	-857	-1830	18468	8076
1288	-163	-1059	-2708	17740	8444
1160	153	-1519	-2870	17344	8460
888	326	-2644	-3063	16800	7952
948	532	-3368	-3070	16484	8328
492	992	-4050	-2980	16188	8904
216	529	-4617	-2826	16368	9612
-1008	-614	-5197	-2515	16148	8772
388	-1637	-4356	-2073	15232	8372
-180	-1258	-5149	-1837	15532	9020
-712	-1769	-4923	-1383	14796	8364
-128	-2139	-4453	-1081	13824	8448
-1704	-2207	-4646	-994	15024	8676
-1440	-3456	-3952	-622	14508	7692
-868	-2914	-2867	-782	13548	8500
-1016	-1371	-3024	-1035	14844	8756
-1228	-1997	-2906	-657	14164	8300
-1596	-1303	-1945	-512	14104	8844
-828	-915	-2161	-388	14712	8540
-1720	-959	-2057	-115	15408	8472
-1512	-1237	-1227	-7	13700	8424
-1456	-1429	-1076	215	14452	8900
-1276	-1241	-1122	-35	15188	8944
-1836	-1561	-312	121	15260	9212
-1716	-661	499	487	13312	8836
-1436	-512	775	1028	13960	8324
-1400	-297	898	1134	13008	8104
-1364	-1	1439	1205	12852	9060
-1164	771	1616	1436	13376	9548
-1736	-59	693	2056	13904	8080
-960	12	2500	2506	12340	8228
-748	815	2488	1987	12344	8316
-1056	-308	1566	2311	13136	7940
-168	-466	2938	2152	11204	7924
-132	1829	2771	1344	12680	9036
-1996	245	167	2030	14480	7548
-1064	560	2272	2105	12516	7464
-80	3148	2407	816	13404	8380
-1024	985	1621	1641	14508	7488
-780	823	2723	1911	13644	8216
-696	2612	2260	712	13808	8916
-1148	1004	1523	1380	14096	6980
-1340	1440	1244	1397	14404	8236
-548	959	2652	1032	13600	7300
-1020	549	1196	1182	15544	7540
-1092	153	1873	1602	13496	7380
-740	2059	1100	702	15748	7672
-1468	1019	687	1802	13780	7052
-92	1874	2250	1435	14580	8116
-80	-72	264	1445	14636	6952
-696	117	1200	738	13592	8148
-156	-1103	972	963	13556	7276
312	-1058	-71	-89	14160	7152
-28	-1302	59	-353	12852	7772
-16	309	-771	-1290	14384	7696
220	-568	-1121	-1243	13844	7744
-512	147	-1073	-1913	14476	8084
-436	-1049	-862	-1585	13292	7464
-168	-1039	-670	-2313	14464	7820
-852	-1444	-1214	-2012	13184	6920
-204	-425	132	-2662	12108	8104
-784	55	-1981	-4112	14732	7288
-1264	-384	-1126	-3197	12212	7952
-132	1790	1101	-4055	12644	9232
-756	-69	-2454	-4070	14580	7876
-1844	261	-256	-3635	11660	8764
80	1162	1103	-4314	12768	9372
-636	-1064	-1596	-3548	13644	8636
-1000	-967	121	-3320	13200	9368
-820	-565	-837	-2869	14460	9304
-1420	-854	-1020	-1408	13016	8696
-332	-1778	-58	-1046	12216	8712
-504	-1224	-1825	-1778	14896	9580
-2212	-2009	-1664	-943	13968	8512
-1268	-2611	1122	-500	12812	8048
-1048	-1760	-953	-1011	15880	9576
-2184	-1520	176	-577	14252	9536
-140	-1118	3689	-406	12488	8472
616	-1490	1394	-701	14716	9036
-100	-755	677	-600	14628	9768
152	207	2098	-707	13708	9308
132	-462	967	-356	15012	9360
-384	-44	510	167	14776	10116
304	668	1510	387	13732	10048
-292	-266	467	1146	15108	9780
4	-1890	336	1774	14868	9072
512	-1208	1027	1453	14904	9440
-412	-1466	389	1389	14548	8864
-464	-1913	1456	1960	14408	8636
712	-563	869	1326	15208	9176
-648	-161	134	1504	15552	9428
-428	-43	1306	1616	14996	9236
496	525	1265	1552	14652	9192
148	899	1092	2092	15348	9524
96	-63	1008	2020	15436	8524
984	134	1510	1792	15112	8724
496	287	1344	1806	15332	8896
352	-888	1157	1827	14956	8068
360	-534	1187	1871	14960	8820
788	769	1091	1808	15228	9100
264	175	841	2146	15412	8392
380	947	1329	2298	15024	8536
376	1844	1818	2574	15044	9076
236	1351	1603	3028	15248	8604
444	984	1951	3259	15176	8408
312	-47	2080	3509	16136	7888
260	-1232	2232	3638	16768	7708
544	-1506	2283	3368	17520	7752
812	-1966	2102	3036	18456	7840
816	-2679	1894	2408	18676	7492
552	-2562	19304	7412	860	-2100
915	368	19688	7152	996	-1068
19064	7200	960	-234	84	-1757
18604	7332	1080	200	-686	-2710
18332	7376	1604	432	-1225	-3481
17308	7072	1104	305	-1953	-3791
16756	7164	1224	337	-2690	-3855
16192	7156	1624	142	-3448	-3951
16092	7804	1084	13	-4387	-4078
16804	8840	172	-607	-4770	-4129
16396	8664	212	-1301	-4091	-3601
15500	8368	656	-702	-5177	-3090
16828	9116	-648	-869	-5972	-2394
16396	8452	36	-379	-4401	-2173
15488	8584	-844	-530	-5023	-2237
15456	8832	-1420	-1795	-4077	-1492
14740	7908	-1296	-2371	-4017	-1362
16240	8048	-624	-2114	-3435	-1905
15148	8044	-656	-1224	-2659	-1858
15296	8700	-984	-1226	-3513	-1158
14320	8532	-1768	-1376	-2664	-258
13444	8084	-1024	-349	-2449	-132
13692	8904	-1728	-1631	-2375	471
12832	7992	-1356	-2348	-968	1278
12084	8324	-1164	-1926	-1151	1365
13164	9528	-1208	-2721	-1279	1633
13408	8708	-1508	-2648	209	1850
13500	8824	-1068	-1264	1296	1940
12944	8796	-384	-1390	12228	9076
-432	265	1540	2712	12296	8624
-1044	-397	11692	8064	-788	760
1757	3246	11872	7776	-852	140
1515	3099	12168	8248	-1216	732
1486	2378	13052	8328	-1080	31
1880	2133	13688	7352	-1544	546
2462	2505	13876	7888	-776	3275
2993	1395	13700	8016	-596	2837
3728	1916	13792	8288	-1552	3382
2134	1804	13976	7636	-2252	3537
2980	2328	12736	7368	32	3305
3670	2238	13964	9072	-1104	1844
1039	2230	14936	7284	-1488	67
2568	4013	12516	7204	52	1707
2839	2435	14352	8024	-856	-884
120	2298	14184	5944	-1256	466
2894	1995	13260	8248	696	286
1384	1032	13980	5784	4	-191
-345	412	14500	6784	252	1173
1244	-526	13240	8172	564	-61
-705	-1539	15008	6592	-1160	-1481
-1622	-1232	13772	6260	688	592
1200	-1781	14444	8996	376	-1245
16432	5900	-904	-1304	-358	-1467
13552	7544	144	647	195	-2182
14732	7932	-228	-1387	-2386	-1954
15540	6268	-636	313	-331	-2448
13556	7676	32	1417	-366	-2566
14000	7216	-288	505	-1537	-2522
14716	7232	-1092	1439	-1194	-2874
13424	7696	-868	1400	-188	-2995
13548	7660	-852	-121	-1303	-3569
14288	7008	-1268	-155	-212	-3484
13568	7972	-448	-100	28	-4159
14360	8192	-1240	-623	-903	-3921
14200	8368	-1056	-542	413	-3350
13436	9024	-460	0	-495	-3617
14228	8976	-540	631	-632	-3154
13092	9556	-320	893	-36	-2652
13128	9652	-1028	183	-1082	-2589
13720	9204	-1372	-405	-373	-1985
12776	9176	-880	20	-455	-1821
13636	9400	-1460	-254	-413	-1494
13568	9320	-1808	-673	658	-1127
13460	8976	-1504	-335	622	-1011
13600	9096	-1632	118	1327	-585
13024	8920	-1344	189	1815	-463
13444	8964	-1968	-469	1564	-607
14372	8696	-1368	-121	3304	-527
13136	9388	-760	6	3120	-590
14064	9252	-568	-778	1948	-196
14748	9280	-1496	-557	1845	203
15344	10024	-328	-1436	2837	540
13832	9208	-396	-1690	1792	855
15216	9596	-168	-1925	1268	1064
15568	9404	620	-1909	2196	1081
14712	9392	340	-494	2194	830
15024	10004	488	-1158	2184	898
14600	8936	1508	-873	1637	833
14852	9404	668	560	594	544
15936	10012	428	-254	959	960
14356	9316	568	392	994	1121
14224	9624	-32	-289	-267	1435
15068	9248	268	-1012	28	1642
14456	8920	496	79	203	1463
13856	9292	-152	-755	-294	1972
14520	8740	424	-1316	-150	2295
14112	8164	1156	-264	401	2152
14124	8804	480	-817	-568	2257
15656	8428	772	-2249	-66	2166
14744	7500	1196	-426	927	1701
14952	8824	15824	8172	84	-1429
497	1745	15944	8008	568	-42
1137	1017	15460	8696	400	109
1157	1005	16056	8516	612	-228
1154	1169	16060	8832	212	198
1288	993	15616	8740	252	16
1081	1233	16216	8968	168	-757
676	1202	16152	8352	408	-1355
1066	1152	15868	8148	844	-1272
508	944	16236	8232	568	-1580
295	929	16148	7860	556	-1199
244	450	16132	8036	784	-961
56	35	16460	7924	1008	-983
-302	-384	16800	7712	756	-958
-380	-639	16956	8168	1028	-94
-870	-1317	17516	8708	772	-413
-1617	-1924	17492	8632	484	-168
-1769	-2579	17428	8716	568	364
-2231	-3111	17292	9136	588	519
-2556	-3391	16536	8948	284	1068
-3184	-3475	15888	9384	-332	955
-3670	-3342	15740	9192	-640	431
-3949	-3187	15116	9100	-556	433
-3669	-2950	14636	9356	-520	-573
-4020	-2529	14872	8708	-296	-143
-4205	-2471	14728	9688	-1312	270
-3807	-2160	14480	10200	-1700	-380
-3610	-1606	14068	8788	-896	-573
-2912	-1164	13616	9208	-1716	-350
-3292	-1017	14928	9696	-1212	-1558
-2629	-432	13564	8548	-504	-504
-2250	-523	12948	9484	-1792	253
-4132	-204	14556	10148	-2372	-1479
-4256	646	14088	8724	-1940	-830
-3201	870	14408	10000	-2636	-369
-4058	356	14644	9008	-2920	-2559
-2966	1409	13888	8692	-2332	-2120
-2126	1223	13668	8672	-2876	-2202
-2588	1272	15172	9244	13964	8608
-2368	-1407	-1031	1496	14592	9212
-2984	-1366	-946	1547	13652	8468
-2544	-964	658	1698	12616	8540
-2552	-923	602	1525	13696	8780
-3168	-703	-14	1675	14152	8688
-2956	-919	1931	1787	12604	8340
-1708	112	2382	1281	13556	8712
-2332	241	1767	1611	13836	8672
-2396	967	2740	2081	12848	9172
-1792	1788	2711	2174	13460	8192
-1796	1013	3122	3016	12812	8540
-1736	1180	2107	2925	13872	7380
-1952	-82	2397	3636	12772	7284
12944	7936	-1640	-240	1302	2720
14304	7120	-2916	-254	2083	2857
14580	6988	-920	1198	3549	2118
13208	7156	-540	1199	2146	1658
15004	6960	-2828	351	382	2586
14108	5492	-1272	1374	3645	2410
14000	7888	-1376	1425	604	938
15784	7180	-2372	-365	1817	1701
14136	6376	-1036	1280	2878	1445
14060	8276	-276	424	2124	1268
15096	6384	-1668	-1076	1022	2020
14604	6244	-592	1227	3837	1405
11432	7588	352	159	1075	562
14656	6348	-828	-1531	-691	417
12648	6080	-28	282	1445	-1828
12524	8040	-208	-1415	-1819	-2290
14252	6584	-544	-1735	-1174	-2924
13680	7564	-380	-1070	-1410	-3721
15476	7664	-992	-1207	-1802	-3635
14452	7140	-580	-96	79	-3987
14440	7840	-728	-236	-1195	-3859
14180	7820	-1128	777	-860	-3933
13504	7564	-756	543	-1108	-3984
14000	8472	-1076	532	-1708	-3932
14736	8756	-1164	-57	-924	-3347
13788	8588	-1348	-1319	-586	-2675
11864	8260	-536	-987	12876	9972
-1716	-1295	-3064	-2840	14312	8612
-1816	-1900	-1195	-2061	12720	8636
-728	-611	-741	-2601	13528	10072
-2388	-908	-2186	-2280	15116	9076
-2164	-1075	102	-1551	12108	8520
-816	-90	1070	-1979	12264	9464
-1224	68	-640	-2320	14060	10024
-2236	-175	-441	-1689	13924	9164
-968	49	1184	-1310	13236	9268
-1084	732	-72	-1387	15056	10344
-1652	-42	193	-706	13640	9084
-736	-379	1500	-597	13836	9348
-1144	-73	-199	-1038	14796	9700
-1440	-373	592	-416	14008	9196
-756	3	683	-814	14048	9508
-1816	968	-459	-854	14756	10992
-2208	648	433	-237	13708	9904
-1292	185	969	-29	13460	9608
-2004	880	321	-49	14216	10488
-2496	651	1231	362	13200	9960
-1660	1108	1355	526	14168	9652
-1700	102	689	891	14288	9348
-1912	-553	1249	905	13564	9460
-1248	-194	1425	575	13928	9800
-1972	-776	539	858	14680	9572
-2012	-1118	1283	1149	13324	9056
-988	565	2263	1125	13500	10248
-1464	451	577	1100	14620	9572
-2124	-463	1366	1607	13880	8772
-1084	1049	2509	1648	13372	9852
-1616	1039	1416	1734	14616	9564
-2068	-1066	15464	8684	-1024	-539
2269	2185	14704	9260	-904	249
1975	1920	14960	9212	-1128	-726
1575	2318	14940	8696	-1288	-946
1784	2385	15300	8804	-988	-970
1791	2098	15596	8880	-820	-1382
1535	1900	15764	8360	-400	-1398
1790	1857	15588	8364	308	-492
1727	1526	15356	8688	-240	-664
1226	1451	15392	8176	52	-284
934	1250	15444	8440	320	177
541	1156	15676	8752	64	-398
416	1252	15436	8284	-316	-585
66	1048	15832	8328	-464	-444
-88	1027	15704	8452	-520	-696
175	1157	15632	8224	-496	-613
21	999	15948	8396	-944	-671
58	945	16076	8248	-1028	-955
127	662	16520	7932	-876	-1300
97	342	16744	8040	-496	-946
249	-221	16744	8144	-364	-1336
-218	-605	17408	8088	-484	-1549
-589	-1172	17796	8144	136	-856
-679	-2182	16904	7808	-160	-569
-1148	-2521	16968	8300	-312	-299
-2088	-2946	16996	8348	-252	5
-2576	-3176	16656	9476	-844	656
-3250	-3718	15928	9412	-1076	-554
-3534	-3169	15816	8908	-1064	-1120
-3888	-2879	15288	8604	-480	-1184
-3734	-2371	14748	8656	-932	-521
-4239	-2107	14740	9588	-1688	-1466
-4414	-1752	14820	8972	-1668	-1944
-3972	-1428	13536	9036	-2432	-1747
-3603	-1318	14228	9048	-2020	-3046
-3545	-913	14312	8304	-1800	-2688
-2772	-941	13412	8992	-2076	-1931
-2561	-822	14084	9600	-2028	-3141
-2367	-367	14132	9084	-2128	-3167
-1748	-317	13592	9008	-1544	-2325
-1303	-233	13448	9184	-1388	-2250
-1669	-54	13380	8904	-1724	-2117
-1656	32	14740	9808	-1924	-1771
-1611	174	13996	9084	-1360	-1518
-341	388	13884	9492	-1340	-1217
-774	403	14188	9664	-2012	-1629
-685	898	13524	9252	-2164	-1506
96	1110	13100	9100	-1224	-613
136	879	13636	9076	-1316	-662
288	1207	13436	8980	-1640	-668
480	1778	12392	9000	-1772	53
622	1470	13536	9048	-1896	-210
318	1415	14144	9480	-2324	238
1544	1785	14228	9264	-1848	-142
1976	2232	14436	8276	-1940	-23
2106	2768	13420	8364	-1332	863
3015	2328	12552	8020	-1024	768
2368	1635	13828	8392	-1756	575
2312	1649	12596	8184	-828	1731
3588	1746	13184	8832	-1276	1051
1293	1982	13496	7432	-1320	1126
2290	2238	13692	8776	-1360	1703
2220	1904	13652	7620	-896	657
3282	2161	13812	8732	-1804	544
2217	1896	14396	7176	-692	1003
3426	2072	13464	7848	-404	2588
3738	1535	12452	8076	308	2605
2961	1153	13924	7740	-416	611
1503	1811	13560	7276	-492	2704
2106	685	12984	8436	1104	1882
1977	162	12616	8216	124	-206
-445	-361	13064	7116	376	73
597	-563	11960	8960	612	82
-744	-2213	13684	8668	-1036	-2782
-2918	-1640	13636	7520	24	-1122
-89	-1692	13048	9540	124	-784
-2192	-2583	14420	8240	-1212	-1773
-1910	-2141	13272	8332	-464	89
-130	-2729	12844	8752	-464	-1332
-1329	-2633	14064	8104	-1084	-434
-1738	-2548	13388	8672	-848	1359
155	-2765	11980	8704	-376	554
-602	-3411	13004	8860	-1664	693
-1633	-3615	13776	8508	-1520	150
482	-2896	11832	8600	-444	136
-143	-3284	13532	9140	-1496	-648
-1900	-2760	14040	9748	-1296	-81
719	-2676	12096	9140	-344	-1079
155	-2613	13700	9864	-1568	-846
-899	-2143	13696	10024	-1368	227
822	-1471	12236	9804	-612	307
774	-1058	12684	9624	-1172	-655
-163	-346	13464	9708	-992	9
931	-299	12560	9276	-692	-527
1271	-411	13008	9136	-1432	-877
209	6	15048	9112	-1496	-828
1365	273	13752	8884	-692	-276
2695	-137	14120	9152	-648	-431
2095	-171	14576	8808	-812	64
3006	-92	13564	9096	296	1020
3156	-454	13676	9584	-440	-82
1715	-75	14732	9416	-828	462
2091	523	13856	9452	340	1637
2392	561	14644	10200	-332	231
1177	1056	15048	9568	-840	-84
2377	1579	14772	9824	-420	281
2432	1360	14920	9300	-264	-457
2605	1634	14708	8064	-184	102
2151	1535	15840	9020	432	796
2252	1052	14896	9012	248	606
1853	1124	15584	9224	388	478
1414	1188	15564	9516	264	1030
890	1085	15596	9904	48	925
597	1665	14944	9460	432	605
263	2052	15196	9288	84	50
-315	2098	16032	9212	-504	-751
-169	2186	15276	8644	-152	-613
305	2283	15080	9124	-296	-757
-34	2426	14976	8616	76	-1076
-164	2614	15460	8332	-32	-1085
-132	2115	15524	8288	328	-1083
326	1729	15168	8220	516	-1138
384	1528	15608	7824	300	-1078
399	1215	15780	7768	604	-974
638	1033	15436	7924	220	-633
488	605	15372	7912	476	-624
464	450	15136	7568	720	324
461	464	15008	7968	740	1128
55	419	15220	8156	228	996
-323	545	15316	8112	4	674
106	651	14956	8036	-408	114
146	632	14844	7680	-136	-572
581	944	14716	7732	140	-982
822	1300	15132	7636	-248	-1884
1042	1552	14904	7400	752	-1765
1649	1517	15208	7360	656	-1472
1410	1189	15680	7348	624	-1299
1039	1063	16424	7356	1112	-1050
1165	830	16196	7324	596	-644
464	318	17108	7868	528	-773
-125	-166	17180	7480	640	20
-438	-733	17976	7872	64	-258
-1503	-1309	18676	7604	532	-274
-1316	-1782	17284	7804	456	1057
-1579	-2683	16824	8676	-288	370
-2851	-2781	16740	8444	-572	-168
-3104	-2970	16140	7964	-416	30
-3128	-3291	15832	8484	-640	-39
-3597	-3103	16624	9016	-44	-1018
-3763	-2980	15632	9064	-572	-581
-4220	-2891	15436	8972	-756	-736
-4976	-2465	16004	8896	-1464	-1628
-5165	-1995	15412	8088	-540	-1976
-4271	-1769	14944	8776	-1180	-1911
-5046	-1982	15528	9176	-1852	-3170
-5170	-1624	15488	8768	-2576	-3471
-4381	-1217	15208	9364	-2660	-2618
-4545	-1554	16568	9296	-1916	-3311
-3387	-1434	14344	7760	-88	-724
-1384	-1594	13308	9400	-1492	186
-3391	-1296	14280	9260	-2420	-2217
-3056	346	13724	8572	-1844	-109
-2877	114	14604	9768	-2296	-428
-3177	526	13072	9332	-2196	-2294
-1822	1381	13464	9044	-2824	-2990
-2432	1262	14656	9500	-2668	-2798
-772	1219	12504	9500	-3348	-3458
-124	1586	14360	9232	-3028	-4594
-635	2248	14748	7800	-2164	-3318
1833	2458	12920	8692	-2216	-1385
2269	1840	13872	8532	-2844	-2309
1636	2673	13992	8308	-2448	458
3521	2202	13324	8724	-1480	1997
4319	2027	13256	7804	-940	1049
5268	2916	12224	7504	-712	2720
5205	2541	13056	7680	-1048	1407
4631	2646	13428	8200	-372	2890
5857	1813	12480	8576	-668	2472
4957	2308	12920	6496	-592	2753
4824	2790	13748	7988	480	4242
4897	1577	12504	7688	580	2478
4142	2049	13988	8012	-1500	1675
2665	2503	13716	8088	504	1627
4082	2552	13292	7480	352	611
1848	3281	13856	7548	-240	-42
2239	3735	13564	8116	484	-7
1798	2831	13408	7108	252	-1257
1343	2423	13164	7440	560	-718
1524	1877	12700	6784	1392	-723
447	607	13932	7428	-148	-1060
-1340	121	13108	6464	1340	-561
1443	-909	12280	8572	1240	-1124
-2073	-2454	14588	7000	-244	-1984
-1789	-2883	12796	7668	820	619
-86	-3930	13108	8484	1500	-528
-2314	-3707	13932	8036	140	78
-2190	-4034	12968	8044	848	1264
-917	-4093	11932	8800	24	1321
-2536	-4285	13796	8520	-500	-309
-2498	-3521	12764	8212	-276	557
-1372	-4042	11976	8272	-260	-80
-2271	-3871	13612	8476	-892	-480
-2169	-3507	12540	8644	-676	-551
-847	-3882	13632	8752	14136	8272
-360	-1666	59	-2072	11572	8336
440	-1182	13920	9488	-1000	-2398
-2846	-1755	13216	8364	596	-1098
840	-1148	10276	8064	1792	1369
-2094	-1640	13292	9584	-820	2083
-4893	-509	14632	9312	-1788	1560
-961	493	13276	7700	-1656	586
-2068	941	15708	7696	-2004	494
-1434	1181	15312	8584	-2424	131
-127	752	16352	8852	-2892	-3259
651	1260	14992	7128	-664	-2739
2199	1179	16116	7400	-912	-98
965	-158	16808	8740	-1500	1684
2761	44	14724	9312	-1808	1550
2833	756	15540	8996	-1492	2382
2075	346	16024	9060	-1692	3101
3169	173	14556	9016	-1480	2927
3790	958	14288	9424	-956	2698
2881	990	15112	9612	-1660	418
2276	1524	15132	8068	-1848	-42
3622	2116	14484	8260	-488	913
3798	1871	14992	9048	-668	-30
2279	2307	15992	8176	-1284	-308
2729	2745	15272	8104	-904	354
2788	2905	16176	9140	-200	-1202
2208	3273	15972	7828	584	-1764
2752	3477	15564	7736	616	-578
1979	3456	16196	8504	308	-975
16288	7612	272	-953	1284	4094
16796	8020	388	-91	703	3644
17396	7916	168	-1305	918	3754
17108	6780	352	-1204	1367	3251
16912	7112	124	-702	1297	2800
16916	7164	412	-1487	1560	2765
16632	6336	760	-1451	1663	2418
17068	6052	636	-1211	1266	1872
17012	6236	1084	-1108	1170	1604
16556	5952	1056	-728	569	1241
16648	5708	804	-835	36	967
16808	5800	908	-840	-35	538
16668	5772	856	-610	-416	-82
17108	5888	484	-1168	-686	-477
17652	6244	456	-1505	-566	-976
18064	6576	536	-1720	-1130	-1961
18360	6544	680	-1688	-1555	-2515
18964	7260	-356	-1736	-2408	-3400
19088	7252	-52	-1711	-2331	-4135
18244	7272	-80	-1029	-2309	-4709
17744	7416	204	-852	-2996	-5239
17260	7052	64	-1110	-3480	-5382
16884	7156	-596	-364	-3648	-5780
15844	8060	172	131	-3614	-5698
15816	8396	-488	-622	-4643	-5239
16196	8340	-492	-301	-4626	-4772
15112	8516	-900	352	-4385	-4102
15476	8680	-448	116	-4573	-3560
16464	8920	-716	777	-4421	-4328
15084	8992	-1884	698	-3395	-4392
14524	9500	-1976	90	-2372	-3530
12656	8656	-508	-565	-267	-3029
11468	8628	-896	199	-2344	-2737
14288	9860	-1764	488	-2811	-2098
13564	9492	-1580	831	-545	-1303
12140	9652	-1748	60	-2561	-166
14512	9748	-1740	-805	-3457	681
14288	8944	-2012	-813	-1170	760
12692	9716	-2756	-1052	-1556	777
13948	9716	-2924	-2421	-1143	1661
13480	9116	-2200	-2309	-148	1780
13016	8644	-2072	-1560	-260	2102
13388	9412	-2340	-1093	536	2068
13028	9252	-2936	-1171	534	2310
13144	8916	-2120	-12	1937	2096
13372	9980	-2556	-510	1639	2476
14144	8984	-2284	-723	2651	3649
13224	8268	-1300	921	3688	3135
11808	8032	-1108	469	3029	3632
12912	7972	-1860	-898	3090	4392
12656	8716	-1272	1436	2093	3235
13472	8132	-1548	756	2834	4176
12900	7588	28	2962	3305	2800
13572	7900	-1424	523	2099	3445
13816	6660	-2356	959	2953	3279
14448	7264	24	997	4574	2645
12508	6884	-408	1897	2867	1999
15056	8492	-2016	-502	1652	3434
13320	5916	13680	7840	220	2074
1918	2375	15544	8636	-1264	-1373
156	2950	13240	5300	-1640	-862
1346	2716	14356	7376	-152	-1425
1784	3008	13532	6816	-184	-2076
-170	1725	14672	5992	-1312	-2991
-192	1726	13576	6536	716	-957
13224	7340	-612	-2005	-2187	-1033
14752	5456	-460	-1206	217	-1321
13576	7276	356	233	-765	-2779
14540	7032	-1196	-547	-2314	-2684
14620	6244	-508	840	113	-3072
12424	7048	36	527	-1250	-3716
14540	6936	-1044	-626	14264	7004
-980	873	-385	-4431	13320	8188
-1100	-281	-1313	-4520	14432	7640
-1156	-1149	-1388	-3462	13708	7228
-416	106	-219	-3670	13076	7784
-872	62	-1509	-3738	14060	7568
-1252	138	-1135	-3148	13432	8124
-272	507	-170	-4015	13124	8412
-1372	-478	-1586	-3681	14732	8392
-1336	-405	-326	-2752	13508	8536
-444	835	314	-3040	13872	9432
-1440	-842	-1255	-1954	15560	9000
-1736	-654	-611	-1327	14688	9004
-2076	-716	256	-956	14348	8800
-1340	-1110	480	-515	13716	8032
-844	-502	593	-357	14028	8820
-968	26	339	-629	14044	9124
-856	85	1005	-463	13724	8200
-468	-506	253	-455	14656	8012
-876	-389	121	-318	14488	8724
-908	-269	932	-367	14428	8836
-108	234	1026	-282	14640	8084
-124	59	427	244	14604	8352
-100	1498	713	229	14548	9512
-1268	933	-362	317	15484	8748
-1712	-412	10	1012	14928	8620
-608	355	860	794	15516	8636
-1080	-362	-767	866	16724	8484
-1784	-843	768	1406	14364	9124
-1640	127	1202	1232	15340	9232
-2156	-2305	-64	1646	15708	7836
-1324	-2367	1485	1733	14208	7812
-580	-614	1014	1226	16244	9120
-1248	-1887	265	1256	15272	8064
-1196	-1761	1793	1413	14860	8768
-456	-990	1218	888	15156	8328
-560	-1597	1455	1267	15072	8020
152	-689	1830	978	15208	8764
-88	197	1618	835	15140	8708
-732	-446	1492	1296	15164	8536
-452	-94	1399	1353	15252	8624
-264	-298	1502	1616	14408	8516
200	-37	1442	2091	14400	7876
-100	-840	555	2666	15860	8016
84	-1749	715	3021	15640	7764
520	-2161	1088	2941	15716	7288
320	-2091	509	2780	16264	7260
-68	-1969	620	2803	16476	7008
60	-1656	787	2514	16068	6736
176	-907	1281	2094	15880	6688
664	43	754	1816	16408	6516
-32	344	594	1454	16316	6384
436	752	1154	1315	16128	6784
364	1288	893	1196	16032	6812
68	111	625	1623	16500	6508
364	-315	365	1499	16676	7148
28	-562	359	1240	16688	7040
-368	-1810	-197	1205	17328	6608
232	-1786	36	803	17288	6672
476	-1587	45	277	17784	6696
604	-1215	-335	-154	18092	7004
-136	-817	-629	-568	18368	7112
192	-816	-852	-1169	18608	7000
304	-185	-1183	-2013	18112	7008
28	-233	-1665	-2498	18540	6916
-144	-610	-2061	-2868	18304	6936
-68	80	-2489	-3755	17952	7368
-776	-472	-2991	-4157	17676	7108
-104	-602	-2928	-4403	16888	7076
-648	-528	-3619	-4781	16944	7888
-2176	-1022	-4218	-5054	16312	8064
-1248	-1482	-3221	-4865	15888	8108
-1168	-1320	-3683	-4659	15772	8332
-736	224	-4001	-4875	15292	7608
-1380	-542	-3412	-3755	13988	7396
-80	848	-2833	-3613	15756	8736
-1600	-61	-5579	-3172	16564	9324
-2412	-199	-1861	-3672	12856	8960
-2448	-1195	-1643	-3562	12708	9144
-2460	-2513	-1864	-2268	13784	9096
-1032	-2815	-1221	-1698	14316	9676
-1672	-1535	-2418	-1570	15600	10420
-1476	-2226	-1135	-404	12528	9748
-2384	-2344	-408	249	14344	10028
-440	-1321	-1853	620	14280	9868
-1124	-819	-555	748	13760	8932
-1500	-728	-710	1819	13524	9596
-1472	72	-10	2187	13636	9448
-1572	-1408	-3	2326	12844	8144
-448	197	2081	2487	12760	10216
-1804	141	883	2331	13440	8772
-1136	-1996	1980	3612	11804	7992
-524	713	2357	3189	13144	9220
-1696	-165	1336	3358	14788	8708
-1352	215	2855	3568	12112	7892
-1232	2212	3790	3607	11668	7884
-356	1355	2839	3859	12108	7400
-1832	190	2015	4135	13384	7444
-1936	1301	2583	3515	12116	7540
-1652	891	2663	3161	13240	7940
-1028	838	2348	3036	12972	7136
-1704	126	1517	2991	13180	6512
-1700	246	2044	2573	13780	7816
-900	270	2865	2355	13764	7752
-1116	-494	822	2290	14680	6132
-1260	324	2049	2584	13488	7716
52	2761	2174	1146	13672	7624
-932	207	-124	1785	15068	6852
-1288	-153	1231	2275	12996	7240
260	1462	1141	412	13616	7396
-512	-1636	-856	537	14060	6832
-720	-1772	217	419	12676	7328
-180	-1372	-817	-905	14984	7176
-1580	-3610	-2542	-325	14304	6240
-564	-867	98	-1423	13004	7860
-560	-756	-2157	-1932	14528	6468
-1348	-1288	-1576	-1975	13104	6172
-236	-30	-191	-2846	13056	7260
-336	-390	-2028	-3271	14164	7488
-940	314	-1452	-3790	13384	7196
-596	-90	-332	-3908	12696	6820
-1336	-1516	-1019	-3715	14240	6724
-1628	-318	-631	-3442	14612	6648
-1324	256	1701	-3994	13212	7664
-500	79	1865	-4923	14056	9228
-1760	-229	617	-4977	14840	8828
-344	141	2544	-4780	13504	8940
76	408	2110	-4465	14376	9136
-516	136	1962	-3549	13824	8556
688	1833	2625	-3084	13320	10148
172	1926	1298	-2403	13636	10160
-872	-38	1144	-1133	13560	9212
284	-197	1429	-963	13496	9336
-104	-1096	815	-602	14012	9104
-16	-1541	772	291	14188	9156
984	-413	1004	62	14108	9148
-408	-1564	304	-20	14700	7768
-36	-1582	1302	250	14596	8864
980	-120	1646	-891	15320	8328
-936	-1442	409	-773	16932	8068
-428	-920	2814	-747	14412	9160
428	562	2824	-1396	15476	10716
-228	58	1326	-1062	14720	9868
-752	-1402	2369	-168	14504	10024
760	-1385	2358	-186	14404	9712
520	-1706	1381	-81	15228	9768
1496	-1296	1722	41	14460	10344
1176	-901	816	149	15096	10260
840	-1973	379	842	14376	9352
1560	-645	971	1199	13972	10268
1356	206	-395	1370	14516	9968
888	-258	-957	2137	14424	9956
1160	583	-277	2303	13504	10240
636	-267	-1116	2552	15428	9780
936	-2278	-1386	2743	15232	8128
1532	-1579	-119	2541	14596	8064
1036	-153	-650	2054	15884	9236
648	-92	15108	8904	536	268
-51	1952	14960	9108	456	662
-457	1871	15004	9008	208	-111
-143	2002	15080	8104	860	60
367	1965	15352	8624	660	834
298	1580	15608	8816	120	-481
266	1844	15980	8320	216	-469
589	1635	15332	8540	388	-9
733	1518	15688	7956	-108	-1047
147	1720	15884	7056	964	-96
1297	1542	14856	7880	808	927
726	1083	15388	8332	72	-820
139	1462	15216	7144	228	-978
1014	1412	14512	7636	476	-1104
932	1291	14324	7280	1204	-2084
973	1789	14020	6840	1240	-1652
785	1707	14552	6824	1216	-1985
1018	1971	14628	6660	1704	-1716
1399	1789	15448	6848	928	-1650
1092	1726	16112	6760	1004	-724
1413	1879	16516	6884	808	1602
593	1940	16540	7308	608	2129
490	1803	16524	7260	684	1264
381	1670	17056	6836	656	-329
461	1513	17152	6784	992	-1325
749	970	17236	6744	752	-2851
329	761	17800	6884	1488	-3246
135	198	18116	6564	1268	-3627
-638	-547	18836	6464	1712	-3155
-1015	-1702	19212	6040	2252	-2023
-1454	-3160	18996	6576	1764	-24
-2021	-4487	18660	7204	1704	496
-2945	-4937	18008	6708	1368	2002
-3926	-5420	17456	7660	876	3234
-4912	-5592	16444	8664	140	2623
-5381	-4939	16456	8636	-416	1208
-6160	-4184	15852	8356	-460	582
-5595	-3647	15256	8972	-1856	-782
-6448	-3209	16968	9048	-1676	-2662
-5756	-2334	15144	8096	-824	-2292
-4247	-1946	14000	8284	-1148	-2452
-5019	-1464	16224	8828	-2612	-3744
15780	7880	-1240	-2608	-2092	-1054
14068	8000	-968	-2276	-3342	-1159
16752	8188	-2052	-2759	-2916	-225
14652	7392	-1160	-2205	-549	-95
13872	8828	-976	-677	-2360	-1015
15212	8572	-2204	-1530	-1610	-28
15348	8688	-1048	-980	533	72
13300	8928	-488	-280	533	-16
15152	9012	-1480	-465	952	273
14360	8560	-1952	93	2953	700
14324	9136	-1080	1067	3223	566
13940	8216	-432	1434	4520	1245
13092	9496	-1112	2827	4055	1645
12636	8400	-372	1327	4842	3036
12308	8284	384	1329	5088	3219
11012	8464	116	1100	3515	4040
11752	7660	-736	-2342	1993	4967
11904	6604	-392	-1809	2893	4236
12320	7372	480	-957	2475	3155
13056	8024	-864	-1576	1439	3150
13544	5576	-312	-173	2999	2881
13012	6616	176	1887	4066	1337
13216	8560	-1632	1279	876	2088
16344	7672	11488	6232	1040	4210
4906	1178	13772	9292	-1088	394
923	2629	13860	6920	752	1247
2981	1794	12524	7768	440	1231
1279	880	12636	8356	-80	-1141
-188	1130	13240	6092	1744	-1809
302	-346	13268	8404	200	-1105
-1649	-1668	13320	7952	1044	-1253
151	-2271	13264	8804	14672	7516
252	1002	-633	-3581	12452	8708
660	2737	-16	-3738	12820	8836
1004	1915	-1398	-3543	13776	8832
-324	467	-1327	-3451	12376	8852
-380	1083	-835	-3622	12136	8816
-44	-458	-831	-2576	11328	7776
872	-1688	-573	-3066	10920	8492
-440	-2004	-2837	-3756	13264	8088
-980	-3385	-1632	-3075	11552	8588
-444	-2498	-786	-3706	13088	8936
-880	-4165	-3049	-2545	15044	7500
-616	-3634	12652	8820	400	-3131
-454	-1889	14656	8488	-588	-5565
-1656	-752	14936	7208	-396	-3767
1109	-816	13180	8272	1104	-2232
221	-1343	15984	9476	-452	-1541
-1201	-664	15624	8524	256	416
2603	-127	13232	8268	1440	1037
1136	-329	15212	9164	128	1677
66	-107	14876	9276	344	1557
2144	466	13916	8608	1328	696
1362	814	14396	7760	1100	-240
575	1453	14776	7948	1384	471
1348	1214	14356	8756	688	76
469	1314	15852	7828	912	-475
413	1797	15336	7624	700	2197
720	1122	15532	9092	376	2662
621	1186	15480	8864	-264	912
14920	8120	740	1495	1050	2219
15380	8572	376	2169	532	2321
15832	9076	-116	1823	652	2870
15744	9096	-232	210	1190	3380
15904	8008	68	-1501	283	3715
16976	7400	856	-1818	1022	3675
15676	7292	980	-1354	1080	3198
15880	7292	528	-1384	-23	3548
17232	7452	260	-1392	303	3279
16264	7132	1064	-1498	1118	2644
15952	6556	1136	-1214	487	2627
16476	6372	752	-437	696	2563
16348	6592	820	262	791	2265
16616	7024	-8184	-11200	20507	28160
-22781	1795	26633	-11199	2075	5375
6656	20484	27657	-6077	-6120	-8191
-6658	-9978	23560	20546	-14311	15618
31997	-8187	1030	15429	-15335	-3584
29430	14596	-5114	29765	24600	-20479
29430	-29944	-21500	-22460	26648	18693
-25350	-18937	20481	-27577	-10215	-2554
-7429	28932	-18177	-28600	5145	4359
-4864	-2046	25852	-14265	-31718	21252
4866	-24575	-15110	-30650	12314	-15097
27907	-28673	-14087	-10170	-22502	-3579
-26876	17659	-32520	30792	3100	-3836
15872	4602	-15114	-32697	-22502	-29693
13051	28409	19700	-17338	9242	-3327
12279	1016	-1805	-9146	19482	1795
29939	27384	-14095	-26558	2071	25094
-32267	31990	-16145	17475	29723	11525
-12293	31473	-13075	-17342	16413	-28927
28156	12018	-30482	-11200	22555	12548
-17663	-16912	17645	-24513	21533	27907
-19960	-22546	15597	21568	-22496	-3328
-4345	-12053	-785	-31682	7198	2821
-20987	28654	12531	8248	31773	-28158
-27641	31464	12532	61	-16350	-21766
3842	-31000	28920	11320	8222	24832
-9467	-27666	-6918	-5070	23585	7676
-15610	-10777	-7940	18489	-26589	-14089
2557	22249	-19456	3128	13343	-15624
27387	4076	255	61	-19423	23028
-17160	32489	-15105	8257	-13278	-26638
18167	9457	30720	-24515	5151	25590
-1286	8949	-2047	28729	-14305	-22286
11516	1013	29700	-16324	10273	17138
-29955	14330	-13306	5179	19488	-3597
-25090	-11009	29702	-21448	-21476	27379
-2306	-13050	-10234	9268	26651	-13582
-21512	23307	22534	7222	-9190	-31499
9980	26385	-8189	22580	-32737	29683
-26364	-32234	-13312	-17360	-30693	-26887
5382	-4837	-17406	30765	-995	21754
24844	2585	30721	6188	-12260	7421
-2037	10267	5123	-4055	4125	-19460
30730	-14572	-14334	-18387	26656	-4874
19976	28686	-26619	29741	17435	31229
28939	-16876	2054	-13268	-31712	-18686
3598	12302	9217	4147	16418	-17926
-28409	16387	-32766	-11211	18464	17910
-20215	-25335	-13309	21555	26656	-13825
10759	-1777	4099	-17352	4134	-4614
-762	3077	-3068	15417	-28641	-6147
16388	12814	9224	-16334	-26594	-18949
17670	-32760	17415	-5065	15392	-22532
-7682	26374	-1013	-30672	20508	17408
-24062	7942	-13304	29744	23583	-17156
-15619	23292	-30714	-32715	13340	27648
26869	-14080	-1020	-8148	-32743	-26880
32246	-22278	27898	9267	29726	-24837
9970	25077	-8966	10289	-10211	-29954
23540	25596	-12042	-6095	-7136	-29447
-16137	-15375	-12046	-15305	31776	1014
20731	11769	-16140	-11222	2078	-18690
4094	19968	7410	-25552	-22492	22523
31737	28402	29938	-7117	17437	9976
-26114	11772	31985	19496	-24542	-16389
29955	15357	13549	16428	36	22522
-6406	-32524	8432	24626	23586	7674
12024	7163	-26384	-29653	22563	17660
21496	4092	25840	-9169	-29660	2041
754	-9223	-26381	-20427	-27614	6397
-30225	19457	-1802	-4054	19491	29183
-31498	22526	21749	20534	-18392	11516
-18188	-15624	-32517	10293	-10204	-18436
3574	-14843	-32516	26668	22560	-25600
26617	4094	-1794	1079	-15324	-18691
-23042	-26632	21505	-17350	-29659	-16389
-13055	9987	20485	13361	-992	-18175
13823	-9471	-10233	-6086	2079	-17666
20225	13565	26633	-6083	28706	-17158
-10243	-17914	8202	-22471	30752	-256
20984	-6137	3081	16445	12316	-32513
17659	4357	13320	-19392	1053	-9988
-19201	521	-7161	-9154	28704	-26879
17151	-13043	16391	4155	-3043	28158
18689	-26104	1031	-8127	21535	6909
21763	2315	9222	-32706	16414	-4352
2056	32270	17414	-18371	30754	-19971
-23032	-8950	-8185	10300	-11232	14592
10498	-13042	8203	-1991	28	258
-25854	30985	-20469	1091	-30687	29182
-22533	-13306	-15349	-10175	30748	20737
4601	14606	13326	-22467	-22499	-5374
-3332	8455	16397	-25532	-993	-17920
7927	-20219	16397	-4028	3098	-11769
-4612	-10743	-28661	-13249	3099	-27644
5636	29701	-4087	-26555	-13282	7170
-31743	-22270	-18423	24642	26	-4860
-27133	517	-6135	28735	-18404	15107
-12024	1282	22535	-28606	15392	13055
12290	22786	-15351	-25534	-6118	21761
510	-12028	4105	23620	17436	-7676
-30463	-23035	26630	10305	30749	-28669
12543	-10237	7175	17476	16413	-16127
22779	29954	25607	3139	18458	-16638
-18183	16899	12294	-22461	12313	31747
4344	5124	-12284	-8127	10263	10757
-30474	26115	-23549	22592	14358	7173
29686	-3326	-21502	-20416	-16363	10757
-13833	16641	-7166	-6080	17430	-3322
7161	-8960	-29696	7233	-23530	-1019
4602	1278	21504	-23486	-31722	22788
27132	26878	30975	14399	21526	-29178
252	16128	-20226	-30655	-29674	-25083
4601	509	-30467	9282	16405	-252
-25608	-12034	-29445	-3006	22551	-7931
19705	-20740	-32519	-20414	-26601	-20220
5367	-1287	-23303	31812	7192	-11516
31223	-28679	-4872	9282	-30696	7173
-27399	18170	-31498	27713	-24551	12036
30201	-32009	27891	-32700	6168	-8186
-23305	-8712	14577	17473	9239	28934
13821	27129	-15121	-3007	-9190	-3837
9214	12534	-786	-16320	-24549	-25597
6143	26870	-15122	-9153	-5091	-31741
30723	-5644	-29458	-29635	26655	-16639
21508	27122	31984	61	1055	7683
-17663	-21262	6385	-25546	26652	-27135
23811	8432	11506	-31683	30752	-32517
-20994	21479	30965	18494	10271	9466
-24071	18160	-16135	-13257	-24544	-7940
15096	10991	4345	3131	-8157	-20999
-21003	-14101	-22277	-1985	22562	-9477
14833	32754	-3843	-967	-10208	26367
-22795	-31756	30972	22587	-18397	13819
-16391	20208	9468	-28607	18467	15611
-32264	30966	-31491	4154	32	-18175
-28417	-1285	-22278	20538	-2013	10236
12799	-29964	-773	2113	2083	12281
-18952	7157	14590	-32703	28704	28159
-27142	-18948	-24324	-24522	20511	14326
-17415	-29448	-22274	5181	32	24058
16118	-27908	24831	-27591	8220	-4612
-22278	-28929	-31490	-31688	-14305	26872
-25856	23550	-27394	14390	-2015	4858
-23295	21253	11264	-32723	-11232	17661
32257	-20221	14336	-14286	8227	9466
13053	-17670	-3068	-23493	11301	-15111
31230	-2046	-2043	-29644	-17372	-18179
-2307	5641	17416	31794	-28638	-21249
-13315	11269	21514	9268	-7132	-15361
-27398	264	-22517	-4049	-19427	764
2300	-15867	10	-15308	26656	-16643
-17915	-6648	-32761	9268	23588	511
9986	3335	-15351	31791	-3041	-12805
-2047	-6141	-5108	-29644	12316	16633
20480	12290	-19442	10294	-27622	-25094
-10752	32520	-7157	21558	21536	-4105
26370	18438	-25590	-1987	-9186	2295
22792	-31220	29708	-32712	6166	-23552
-32247	-9965	30732	-23501	12316	-9731
-17655	-14066	15372	13364	31768	-11272
25602	-6389	13326	18486	14352	768
-11002	5394	-27635	27693	17436	-26876
26124	-13551	-31739	-5077	-32738	-27909
30206	-21769	10247	-5055	-29671	13817
26106	18182	-13303	-29650	-25569	-12542
1279	-1531	-24323	-22469	14365	27640
-8980	-2061	21509	19515	-21482	20481
-10764	-25594	-20478	5171	-19431	30211
-15880	-17157	9470	-4031	-12263	13051
20217	21247	-5120	23609	-4070	-28417
-28929	16641	31996	-31682	-26602	19709
-6906	4350	-4868	21561	-13288	13825
-22770	-15608	17657	-22474	19483	-12031
-20985	-13057	-20234	21561	17430	20222
-14585	26626	-14091	26673	-29669	19971
-22777	5895	-3854	25647	-9191	-15614
-12030	-2052	7405	-19399	17431	-18434
-21749	1278	-1813	-10193	-30689	-18944
3858	-25853	24806	-31693	27682	32765
-9978	7670	7401	9270	-31715	8699
21510	257	-31511	-17365	-24544	-32001
20993	5888	15592	4148	2081	-20227
-10749	-521	14568	-22478	5155	-4610
25858	-5373	14568	28712	10273	-2816
-7169	23033	-19223	29751	-30683	-12039
24572	-15116	17645	9265	17445	-7423
-21763	8966	15597	-17368	14372	-14592
-22278	26614	-24339	-8136	-13272	18677
-29958	27380	-1804	-4048	-12249	-22787
19448	31496	2293	-12247	-3035	18429
-4103	29177	-5898	11321	-14293	17910
-19206	-4101	20731	14388	-32729	13057
20471	29454	-23297	-25555	14372	-25599
17915	1279	0	-10178	8234	-21512
-13573	26884	-23548	-8141	-11223	-19200
14838	-20719	-32763	-7119	15398	-3837
19441	18949	-10234	16444	8233	-9215
15344	9990	-8182	28730	22569	5
10734	-4084	24588	-20425	11300	-24825
-25106	29445	-6128	24633	29733	-14333
-5390	1539	-6127	-6087	1059	-252
-6672	22022	20498	14391	-6113	-4345
8438	-5117	14352	2110	-7136	12036
30971	-23812	-3056	10304	-4065	-11772
26880	-21758	10257	26685	30753	1030
21770	-1792	29711	-10177	7202	12289
-14074	-1026	16401	-28607	8226	-14334
-3327	17924	-1006	16446	18464	17669
-11776	32517	-12271	-12223	22558	-27645
30976	6660	3089	-957	-994	-28415
19198	-14585	15377	3135	-5093	32516
25601	-3319	-13295	-30659	-9190	-27132
-23034	-26108	28688	-12223	-21479	-26879
-11514	-8701	5135	3136	6168	-10748
-13303	-19450	-14322	8254	-21479	7430
-29431	13317	6158	25665	31769	-24060
25092	30467	24590	-3004	-3050	-24318
24831	-1020	-29683	27715	-16362	-28668
-255	11270	-1013	5185	5145	-29433
6910	-22011	30730	-7100	4118	4614
-10760	20737	30730	12357	4117	30726
21239	-15101	-12281	9282	-30698	1799
30968	-4862	-6139	4163	24597	13574
2295	-3838	15364	9283	19475	11528
18936	6146	-14333	30786	16401	9736
7932	-28673	3072	-28605	30738	-26107
6654	23040	-25346	-25535	21522	-17915
-23554	18173	-20228	-18365	19474	18180
32764	1276	-22277	-18366	-8174	-10748
17146	-11524	18681	13378	-10220	-27134
15864	506	-775	31810	15380	-23806
-30474	14328	20729	17477	-29673	10754
30966	13555	-16137	-25529	24598	29696
27376	-7436	-25354	22598	-27628	-28158
27378	-28682	-24332	-7099	-10217	25603
-25868	-4616	15602	20548	23	25351
-9481	12278	1264	5187	19481	5638
-20737	-27914	17645	8259	18461	-19965
-19965	19188	25836	-16319	31773	-24574
-11771	5622	13550	-3006	-30689	-11771
11271	19700	31982	-30656	15392	-7419
-20475	-17166	10481	15422	20512	-31230
-22527	15089	-11019	-1985	17439	-22784
6651	10995	29944	7227	27680	-25857
-9734	-19727	27896	-4033	-9185	1272
29942	-28435	31994	-9153	16410	23806
8179	3831	31997	-27595	16409	-2560
-6918	-20235	16635	2109	-31713	-32516
32253	14832	12540	24642	-10210	3580
23298	30198	18683	27703	-31717	-4101
18181	-7689	-20228	7228	25631	28155
15875	-31245	-6915	-17348	-8166	13820
-31484	28409	18685	20537	9245	2042
22530	-26884	14589	24631	22560	-16137
12790	-16386	9470	3128	24603	11004
-30220	19968	22783	2106	6174	-12038
19196	-28419	8445	-29636	31774	1272
16128	2817	2048	-24519	14367	29691
1026	15618	-17153	14392	12317	16890
26881	5120	6145	15418	18463	17913
18440	-8957	26625	-21448	-7136	-2822
-21242	16132	6146	12343	30	26617
25088	-30462	-10234	3126	7199	27898
-26367	-27386	-17400	-25543	-20448	506
-7683	-16378	-32760	7222	27	7422
26620	5128	19466	-4043	-28646	16380
22011	23045	12298	28732	26652	-7171
-22023	21513	6152	9267	13340	12794
-20996	-3574	25607	8245	27674	-10755
-12548	-19190	-2039	9274	17439	-22531
-23037	-29691	-31737	-30665	6175	1
-30714	-1524	-31733	-28627	-1002	-32767
14851	-15866	24591	1078	-16357	-21256
9474	-17670	2062	-965	5143	12539
32518	-28921	-16373	-26571	-5094	-2310
13833	-1530	-27640	5180	-4070	28923
-5113	9734	24587	26680	26642	-7681
-30963	-15606	10247	-32708	-18410	12280
-24562	-22262	28681	5170	-25576	-8448
24591	19985	5	31796	-26600	28923
-20221	-2816	25605	-28613	18451	-519
-30711	-32758	-22527	-29645	-25573	-23291
-22778	11275	-21250	-25553	-21479	-11009
-32262	20474	23805	-28611	-29673	22266
-2056	2558	1275	17458	-14305	-25859
-24834	-21248	28916	6200	-12258	12796
5361	-2821	10489	-11207	-8170	-8960
-24073	17409	18680	-24519	14365	17919
26619	17405	-5896	-13257	24604	31229
13816	-28928	-3848	-26571	-11238	-26880
24566	26624	-4873	-19398	8216	19970
28667	31999	25842	-24520	-14313	28417
21252	-12285	15599	14390	13341	-5372
-9718	-23040	12524	-21448	-32741	25346
-24309	28414	21739	25653	-31719	-14589
-7153	4354	-6931	-23500	-7135	24065
-29684	29695	-5905	-23501	-3040	17407
-9214	11005	20721	-32719	-16350	-30467
5629	9464	242	-13256	-8157	-15109
24567	10744	-32521	12340	-26592	-3074
-30222	-9477	12537	5176	4127	3839
13551	-26120	-32515	-30668	7196	4092
29431	-30982	-31490	-20430	-2016	-7939
32247	15097	2303	-6089	19485	-15618
-7949	2807	-22273	-16326	24602	-28931
-15367	-5635	12540	-19397	12317	25856
-19970	-12801	-28419	8248	8221	-29952
7936	27391	-13059	4156	-16355	-8197
-19966	14079	29947	-16328	-6115	-26626
8707	7685	-22276	-4038	25627	-7936
-16127	10238	-13059	28736	-31715	-7684
14597	9984	17661	8250	13345	-4612
-11513	-27135	-28418	5180	-27614	19708
9473	13566	18432	-23493	-5091	-24835
-18435	14337	10241	20540	24607	-18692
-16898	-29185	-31489	-17347	1055	21756
-12289	-1789	31999	26682	9247	-15619
21760	-10237	24831	20541	21536	9466
-2045	-8703	-7937	28734	12322	-2309
9734	-17400	-2817	-12232	1058	18685
-18937	-18168	6145	-30661	23585	1020
15366	-29179	-28670	31805	-19423	19709
-15865	4360	-11261	-13255	-25563	-5637
15623	-16377	-25597	-18373	-27609	30457
-11013	-9209	5128	-25540	27680	5120
-4616	-3834	10	30782	-25570	-28160
11262	-5882	-9207	14395	30754	-11521
9726	15878	-32757	24635	16415	-31490
-26120	-31997	-26611	-3008	20508	12542
23544	-6652	-26614	12350	30747	6145
30459	-21752	22536	-20421	30746	5633
30720	9989	28680	-7106	5148	-18176
29951	-14333	-16377	12351	5146	15106
-12286	-10236	-24570	9277	27	-25599
31240	261	-6138	28731	13340	7424
14345	-2557	30727	-24514	6172	-9984
30725	11522	-9208	7231	29724	14848
16387	10499	-18425	19520	18459	30975
22782	1283	-15353	-24511	-16357	7422
17659	-30716	-17402	-17345	27673	-32256
-4357	-25339	21509	-13250	-22502	7937
20477	-1532	-2044	-16323	8216	24833
20989	-12284	26629	-963	-22504	18433
-20483	-10749	-21500	-30659	-21481	4353
-26116	9220	-3067	-4035	6166	-26622
-5636	-25597	-10236	-28610	-10218	-8189
-11524	-18429	18435	12352	-9194	-29693
3581	-26876	26626	6208	-23529	8194
-14595	26883	-21503	23617	-10217	-7422
-17923	-14590	-18432	29760	15383	-20990
-13569	29441	-17408	-19391	4120	29188
-20993	24832	-12288	-27583	-25577	-11262
4349	-24065	-20225	20547	2073	-8703
-23302	20222	13566	4163	1048	-23039
26360	22013	-15107	-16316	-20456	-20222
23800	19707	5371	-22457	-15335	10498
10488	-25862	10489	24647	-20453	-25857
-8970	-14599	29942	22600	-4069	-15359
-6155	24569	-4876	10309	-26598	12544
1530	20727	-9998	18500	19482	19203
-27907	28407	-26383	15427	-24550	9730
-5120	-12557	13551	-13246	25630	10493
-22271	-8207	23790	22594	3104	-21761
-22021	-20238	-18192	13374	16411	-21759
28157	32242	5360	-14275	-26596	-21762
13568	-16913	-1808	-19396	-19426	3579
6905	-4880	-23310	1082	24606	26365
-23815	18673	14579	-30662	-4065	-22022
-28167	7151	12533	-22468	19487	-31234
28407	-25614	25845	-25547	31771	-25857
-27141	9970	24822	14394	-12253	-29963
19962	-17942	27894	-7105	30755	-29190
16116	-19468	2296	-977	-26595	-20744
26873	-14858	-3848	1076	-2012	8953
28407	16623	-773	-28616	-4065	-3080
-12044	-12556	-3844	-4045	-992	-17418
9721	15863	-25349	-26567	13350	-9736
3317	-15883	17661	11322	15396	24569
8949	11514	-19202	-23498	-2014	31734
2808	24315	-15106	59	-3035	-27653
-2566	25851	0	-30660	19493	-30729
-10759	-11522	23807	29755	29732	6648
-11523	-24832	-22273	28732	-10204	11514
-5118	9987	23552	-26572	14370	-1801
-12798	-27904	24577	12343	-21469	22261
-6401	-32003	-2042	6197	28706	26102
-16128	-26623	-16378	26676	7202	22520
23038	-18175	-27640	31797	3104	-1800
11515	32514	-11252	9269	-19425	19961
28156	-7675	-28661	25652	8223	5625
18169	-28664	27658	-28621	-23521	11512
1533	-4600	12296	30781	-22494	-26121
23804	-2292	2059	-16328	-5088	-22017
-25598	-17904	29708	27700	-994	-21760
-31483	-19188	-5107	25653	-17377	5625
-5118	13578	-1007	15415	8221	-15358
-14849	274	23570	22575	17434	-7937
-28926	20234	14	24630	-11240	19198
31236	-30712	14349	-16333	-7144	17407
31753	11021	29706	-15310	-14312	25344
-23029	3080	-19449	-11209	17438	5368
6661	-30204	25606	-16324	1050	22524
12298	11534	29703	-20432	4122	11521
25615	2831	11268	-32716	27680	5632
9988	-9978	-27642	30769	6167	29436
13314	14854	-27643	25644	-19430	-4354
32254	-24059	6146	28722	-21475	20992
8697	19452	-22274	-18385	-15333	-16897
7927	32509	-19210	23599	-16353	-770
-3087	8951	-29450	9266	-32740	29952
-17933	-25352	-27404	-10189	-23521	21247
-28681	23541	-11024	10291	5150	9469
23289	-14856	-1808	-7122	12317	-29953
-10245	-4612	-1808	-14289	-7137	-21249
-15108	24056	-15122	-21457	-28642	-20739
25599	23036	8429	-981	10270	-13055
25348	-9473	24809	-23509	6177	8448
23044	-27910	5352	19507	29730	1532
27139	18172	23788	13360	-990	-31489
18947	31746	10477	9264	-23516	-15620
-5123	1530	-27405	29753	29732	19963
-24585	10496	16632	20533	34	26622
3574	-20729	15609	-32711	17444	18428
-5643	-27645	12540	20541	26658	-9221
-25865	25611	-25346	-9160	11297	4352
17915	-9970	-14083	-22469	21535	-12032
-25095	22283	11519	-22469	10272	7938
5632	-26349	12542	3123	12325	-3325
-32258	2576	-18432	31797	-26594	-3834
-10759	15624	5124	21559	15387	16135
-9981	5641	-22525	-20427	8226	11526
29697	-15610	-21499	8247	-12254	-6140
28921	5638	22537	29748	13343	-11773
1784	-14842	-19446	-9160	15391	10757
-30217	-21244	-1011	16439	1055	10757
-18696	-11768	21519	9268	-22497	-28924
-32268	-27642	2067	-21443	13341	10758
-15375	1797	2070	2107	-2024	24328
11255	28941	3095	-29637	-19432	-4086
14332	-12280	22552	29761	-14312	27656
-20230	23560	3100	69	-20459	-10232
-19715	-31223	-994	-15293	-15337	11015
-22783	-23287	12317	-17337	7191	-9469
-8197	2054	4127	-10164	5141	25864
-9475	19212	-28642	5194	16407	22795
-13823	-21495	6171	9298	-4072	-7418
3583	-30971	-1000	4180	6168	-9465
25087	-16630	21525	23633	18457	-246
14847	10762	29711	1104	26647	-5112
15612	8970	-8179	27720	-27627	32517
-22021	8203	6154	-10172	16403	-27894
14325	-5111	29704	-13245	-2035	-17911
4849	-760	-30711	17470	25612	-20470
26095	9737	-24567	24633	26633	-26354
7658	23558	22539	30778	16391	-16368
7143	-30973	-23541	-13254	-4088	6670
-31515	-14076	16395	-31686	22536	5901
-12320	25605	-4083	-28612	-15353	29448
-12835	-1275	-17395	-8127	6148	-22010
985	-25328	-2035	21567	-17401	-18677
-22310	-16871	25611	-1987	28678	-6134
25303	11291	-14326	-9152	14339	-16118
-1584	-29150	23563	16449	5374	-12531
-21038	16173	28687	-11206	15611	14096
31703	21815	-16372	-18383	4351	-18924
-18215	-18887	-10229	-18385	-31491	9745
9430	12086	27663	54	17655	22300
-4138	-6596	-6121	-978	14577	26655
-8997	-14781	-25574	-6106	-26381	15400
-11046	-29375	10265	-5085	19700	3619
7388	-31942	-3043	-5084	-24342	-719
16851	-2753	-21474	-17378	-21277	-6094
6617	20286	-13281	14362	-19227	-6605
-28452	16955	29	18454	-7966	26678
-14877	-4552	-5094	-7151	12509	21813
9447	20273	2074	16406	7392	-19916
10217	3117	22558	20504	-15136	24633
2026	7213	-11229	10260	-26404	-13507
-28441	24621	15391	-3056	217	13889
10728	29995	-2020	-23537	-15147	835
6385	10792	3095	-31728	27859	-25785
19197	-6366	-11249	-19440	8406	11846
22278	27424	-15349	-5105	-31530	13639
18698	-4067	-32763	2060	14553	-9655
-12783	25115	-22528	22539	-16162	-21690
-31209	29976	-12037	25612	-7967	8516
10264	534	15609	13324	-7966	21574
-19684	-8173	-5898	22536	21736	20551
31004	-32239	-7947	18437	11496	1355
-24809	-25845	6388	15364	-27415	-22970
9236	-28152	14581	-18426	24809	-6584
785	12035	-32522	1032	7405	8519
17425	-16384	23799	9	-784	-10431
30217	16893	-1799	20487	22764	-22977
7428	-11269	-11014	-27644	11509	29245
-12037	28406	-7939	-6127	18443	-18126
22330	19746	-28426	8206	11517	-27598
-17879	-12041	-4081	-27646	-31491	-22472
-17663	-23285	22531	6395	22532	-9412
11982	15343	2	-2822	1246	-14796
-7476	15830	-9179	-32744	-31522	-4550
17139	-2822	-1803	-20465	30949	-9402
18488	20259	14341	16625	-9199	1854
-9739	-28677	-31739	19705	22736	-29635
-4895	30161	-17392	25639	-18186	27193
23318	21760	1279	13551	13551	-5309
31998	503	1036	13551	13551	-5309
