0	0	0	0	0	0
-15196	-4320	5648	419	730	-1629
-15416	-5260	3664	-1185	-1451	-3447
-15364	-5196	4412	-773	-1588	-2088
-14236	-5220	5648	-376	-390	-1747
-14472	-2924	4752	-498	2871	645
-17212	-4972	5768	3162	5127	3471
-12444	-6116	3220	12050	12407	8519
-17972	-1200	3284	7655	4920	-530
-17100	-1428	2836	-1645	-3862	2149
-13296	-4756	2680	-2878	-3497	1257
-13680	-5464	2988	554	884	1709
-15380	-3488	2588	859	1069	1730
-15216	-3396	2772	-1014	-491	1505
-14668	-4372	2672	-1128	-173	1417
-14912	-4260	2780	-45	457	1333
-15080	-4500	2880	-803	50	735
-14772	-5276	2812	-264	61	229
-14736	-4892	3316	1526	820	-317
-15128	-4264	3396	1089	713	-597
-14716	-4676	3260	15	-193	-770
-14400	-5664	3412	457	-291	-1254
-14468	-6036	3944	1652	-20	-1916
-14736	-5132	3960	1729	250	-2565
-15124	-5436	4100	8	-499	-3282
-14912	-6820	4340	-106	-1589	-4191
-14280	-6796	4288	-8	-1365	-5242
-14680	-7000	4376	-826	-1615	-6361
-15008	-7712	4656	-1519	-2611	-7441
-14624	-7592	4764	-2455	-3167	-8521
-14544	-8544	4836	-3503	-3582	-9707
-14224	-8564	4456	-3866	-3798	-10558
-14508	-9556	4428	-5603	-4114	-12042
-14208	-10300	4624	-5639	-4564	-13013
-13760	-10660	4464	-6295	-4697	-14081
-12952	-11092	4328	-6819	-4563	-14996
-12604	-11956	4368	-7033	-4033	-15728
-12236	-12772	3936	-7231	-3880	-16420
-11472	-13616	3560	-8288	-3491	-16756
-10720	-13724	3884	-8556	-3010	-17135
-10056	-14276	3348	-9397	-2543	-17356
-9112	-14704	2720	-10289	-2400	-17405
-7820	-15004	1732	-11917	-2006	-17464
-6964	-15824	1628	-12274	-1374	-17409
-6248	-15728	1120	-12364	-679	-17361
-5132	-15804	-164	-13027	-418	-17169
-3864	-16196	-488	-12965	528	-16672
-2988	-17068	-1452	-11538	1764	-16487
-2304	-16216	-1252	-10240	2573	-16321
-1352	-16248	-2436	-9517	2867	-16062
-188	-15968	-2140	-8678	3382	-15669
772	-15272	-3552	-7791	3802	-15234
1544	-15104	-3308	-8043	4647	-14513
2048	-15192	-3612	-7500	4756	-13998
2828	-15004	-4416	-7135	4491	-13402
3888	-14696	-4180	-6600	4892	-12978
4688	-14392	-4136	-5827	5020	-12543
5464	-13600	-4372	-5522	5194	-12122
6164	-13616	-5332	-5530	4907	-11619
7184	-12920	-4256	-5555	5264	-11098
7940	-12848	-5044	-5132	5059	-10760
8508	-12012	-4900	-4245	5130	-10235
9120	-11680	-5024	-4152	5020	-9687
9624	-11252	-5096	-3970	4898	-9062
10084	-11304	-5452	-3506	4770	-8628
10604	-10368	-4692	-2627	4681	-8265
10920	-9976	-5052	-2407	4399	-7877
11432	-9792	-4592	-2242	4322	-7323
11916	-9564	-5036	-2055	3916	-6838
12472	-9020	-4444	-2044	3925	-6325
12624	-8808	-4640	-1783	3512	-5741
12864	-8252	-4020	-1148	3170	-5227
13224	-7372	-3308	-659	2675	-4405
13456	-6944	-2792	21	2032	-3687
13384	-6388	-3144	538	1097	-2561
13560	-5656	-1740	1472	343	-1039
13016	-5516	-2600	1666	-848	701
12840	-6416	-2392	1934	-1666	2484
12340	-6940	-2096	2691	-2719	4017
12392	-6252	-2160	4068	-4376	5709
12012	-6716	-2800	5126	-4482	7932
10860	-7696	-2832	7053	-4615	9638
10244	-7404	-2508	7777	-5548	11669
9788	-9732	-2860	8430	-6110	13407
9172	-11240	-3144	12756	-6084	14443
8324	-9748	-3920	12325	-5169	16272
7528	-11044	-1896	10008	-4470	17758
6316	-13736	-2440	11659	-4119	18584
5316	-11812	-3108	10324	-3458	20149
4168	-14040	-1324	7903	-2640	21557
2664	-15388	-2620	11890	-1964	21918
1052	-12956	-1496	7407	12	23308
-1012	-19284	2536	6181	-983	22595
-784	-18768	-1132	12904	-1286	21971
-2528	-16500	108	6855	2529	22149
-4780	-19780	3724	10479	745	21019
-4192	-17292	732	12336	2334	20083
-6516	-18328	3712	9318	4012	18956
-7512	-18164	3968	11316	2816	18015
-7016	-15012	3228	10517	4065	17360
-9044	-16140	5272	7898	4497	16932
-9568	-15880	5064	8147	3552	15988
-9420	-12980	4696	6766	4368	15848
-10956	-13800	5576	3974	3954	15087
-10756	-13132	5704	4751	2879	14805
-11052	-12204	5032	3866	3992	14713
-11992	-11120	5560	2866	4410	14109
-12864	-10832	5424	3111	3929	13868
-13144	-10044	5188	2491	4031	14226
-13632	-9268	5284	1523	4243	14013
-14148	-8836	5108	1382	4187	12969
-14444	-7896	4876	960	4189	12187
-15084	-7236	4916	-22	3703	11848
-15452	-7140	4664	-216	3005	11431
-15392	-6540	4332	-132	2718	10566
-15516	-6384	4620	-463	2348	9213
-15164	-6148	4480	-177	2021	7427
-14964	-5700	4332	273	2219	5828
-14964	-5076	3876	606	2170	4732
-15048	-4628	3688	117	1668	3556
-15076	-5160	3888	-145	944	2681
-14564	-4900	4028	27	859	1874
-14572	-4472	3648	352	1289	1348
-15000	-4368	3656	343	1277	745
-14920	-4824	3980	110	283	-21
-14276	-4472	4196	165	423	-935
-14956	-4932	4172	-97	-68	-2095
-14948	-5224	4180	-424	-732	-3671
-15088	-5232	4292	-1100	-799	-5136
-15540	-5668	4520	-1921	-1730	-6708
-15300	-6192	4368	-2339	-2778	-8185
-14984	-6592	4688	-3022	-3004	-9677
-15392	-6808	4400	-3870	-3312	-10920
-15344	-7592	4540	-4911	-4234	-12551
-14828	-8312	4668	-5205	-4376	-13523
-14800	-9052	4536	-5932	-4213	-14369
-14444	-9712	4308	-6729	-4341	-15296
-14204	-10644	4296	-7246	-4178	-16169
-13648	-11712	4276	-6897	-3732	-16883
-12908	-11716	4156	-6922	-3121	-17445
-12444	-12548	3932	-7703	-3040	-17899
-11520	-13264	3240	-7763	-2599	-18204
-10860	-13444	3212	-8519	-1854	-18334
-10176	-14108	2752	-9721	-1742	-18335
-9252	-14748	2072	-10530	-1569	-18249
-8400	-15408	1740	-11125	-1076	-18169
-7224	-15888	1112	-11453	-1017	-18111
-6172	-15848	908	-11294	-574	-17889
-4880	-16268	-36	-11116	-242	-17661
-3788	-16380	-376	-10975	620	-17444
-2948	-16600	-772	-10259	1229	-17271
-1692	-16252	-1556	-9407	1703	-17037
-620	-16060	-1676	-8599	2236	-16614
520	-15724	-2388	-7892	2831	-15991
1572	-15428	-2104	-6954	3473	-15283
2484	-15144	-3032	-5849	3639	-14815
3200	-14272	-3008	-5272	4314	-13926
3868	-14316	-3228	-4833	4303	-12800
4580	-14236	-3360	-3838	4513	-12528
5272	-13296	-3404	-3355	4082	-11615
5964	-13124	-3716	-3294	3994	-10619
6912	-12836	-3152	-3295	3893	-9901
7324	-12744	-3996	-3398	3182	-9267
8116	-12536	-3600	-3234	3022	-8460
8704	-12612	-3636	-3175	3026	-8011
9228	-12076	-3820	-3114	2531	-7689
9924	-12248	-3880	-3047	2548	-7274
10300	-11900	-3996	-2290	2659	-7021
10644	-11628	-4024	-2154	2708	-6604
11036	-11608	-4280	-2233	2673	-6335
11192	-11196	-4396	-2249	3005	-6272
11308	-10932	-4256	-2226	3029	-5968
11680	-10512	-4304	-1854	3032	-5565
12044	-9708	-4188	-1564	2810	-5068
12152	-8996	-3656	-1424	2517	-4226
12172	-7948	-2996	-648	1764	-3178
12164	-6888	-2892	-190	1141	-1681
11912	-6820	-2404	183	354	150
11768	-7224	-2364	1029	-777	2094
11460	-7752	-2380	1913	-1649	4061
11252	-8356	-2168	3618	-2364	5795
10816	-8512	-2480	4674	-2920	7487
10324	-8720	-2324	5282	-3482	9329
9792	-9512	-2580	5600	-3897	11101
9256	-10008	-2836	6495	-4095	12720
8324	-10968	-2516	6975	-3462	14208
7324	-11440	-2060	7109	-3826	15514
6756	-12624	-2640	7909	-4154	16636
6260	-13364	-2340	9329	-2585	17643
4820	-13180	-1400	7540	-1449	18562
3260	-15100	-1196	6735	-2201	19054
2852	-16356	-1664	9681	-1790	19441
1752	-14036	-840	8065	162	19890
-376	-16448	304	5126	-106	20370
-852	-18608	1176	9738	-725	20125
-1260	-14720	-256	8886	1196	20048
-3876	-18184	2452	5506	2029	20247
-4936	-19324	2484	11768	683	19441
-4992	-14808	1808	9117	2725	18923
-7580	-18228	4188	6956	2273	18262
-7496	-17464	3768	11228	2005	18033
-8024	-14652	3736	7765	4164	17159
-10272	-16212	5408	6503	2946	16412
-9496	-14456	4576	8170	1915	16082
-9476	-12860	4584	7330	3691	16135
-11820	-13588	6016	6628	4206	15519
-11608	-12260	5164	6123	3157	14786
-11668	-11272	5156	5565	4064	14739
-12604	-10444	5548	5624	4931	14779
-13436	-9352	5536	4925	5128	14696
-14016	-8620	4916	4088	4592	14909
-14360	-7560	4932	2400	4760	14616
-15176	-7576	5116	1174	4746	14120
-15680	-7040	4892	541	4841	13352
-16196	-6668	5000	-277	4808	12437
-16040	-5852	4392	-794	3882	11183
-15932	-5696	4060	-1216	3252	9548
-15436	-5668	4212	-251	2500	7396
-14756	-5188	4416	810	2004	5385
-14820	-4840	4104	974	2080	3443
-15396	-4868	3928	1110	1219	1879
-14964	-4596	4148	1258	380	554
-14708	-4100	4064	601	573	-258
-15016	-4152	4168	-528	240	-740
-14764	-3832	4092	-1846	-358	-1090
-14656	-4808	4292	-2704	-665	-1576
-14460	-5224	4244	-1982	-366	-2559
-15132	-5216	4360	-1716	-533	-3976
-15492	-5860	4764	-1639	-1962	-5923
-15152	-6464	4860	-946	-2418	-7940
-15176	-6612	5012	-340	-2701	-9715
-15420	-6748	4864	-988	-3597	-11121
-15220	-7052	4880	-1870	-4496	-12047
-15000	-7912	5184	-2553	-5062	-13023
-14664	-8012	5364	-3172	-5073	-13651
-14536	-8780	5360	-4444	-5175	-14341
-13988	-9540	5048	-5038	-5370	-14935
-13752	-10504	5292	-5288	-5177	-15471
-13316	-10948	5056	-5168	-4953	-15863
-12648	-11020	5072	-6787	-4720	-16445
-12116	-12168	4620	-7740	-4442	-16912
-11256	-12528	4196	-8906	-3652	-17242
-10656	-13028	4120	-10749	-3293	-17296
-9648	-13916	3572	-11641	-3198	-17165
-8704	-14360	3216	-13067	-2701	-17015
-7888	-15120	2216	-14031	-2199	-16819
-6668	-15508	2004	-14916	-1930	-16714
-5648	-15936	1032	-14146	-1103	-16679
-4740	-15924	316	-14670	-345	-16574
-3732	-16128	-472	-14610	19	-16042
-2580	-16612	-1516	-14618	456	-15710
-1600	-16028	-1956	-14127	1250	-15288
-736	-15612	-2600	-14446	1982	-14735
488	-15640	-3280	-14141	2391	-14015
1460	-16208	-3644	-12457	3934	-13304
1780	-15232	-4808	-10962	5101	-13122
2452	-14516	-4288	-10451	5183	-12483
3716	-15060	-5180	-8137	5473	-11807
4144	-13856	-5880	-6542	6190	-11267
4452	-13708	-6140	-6601	6258	-10480
5368	-13844	-5832	-5409	5978	-10143
6300	-12392	-5508	-4100	5820	-9830
6980	-12260	-6148	-4950	5641	-9399
7672	-12104	-5916	-4668	5549	-9001
8252	-11328	-6124	-4480	4859	-8529
9140	-11468	-6232	-4443	4721	-8026
9412	-11108	-6692	-4120	4734	-7644
9736	-10788	-6236	-3967	4461	-7337
10144	-10408	-6212	-3557	4246	-6908
10716	-9392	-5736	-3124	3917	-6222
10916	-8764	-5424	-3291	3477	-5241
10992	-8368	-5028	-1474	2657	-4349
11136	-6908	-4456	615	1771	-3110
10724	-6576	-4968	984	727	-1218
10664	-7288	-4464	1963	-627	710
10580	-7324	-4756	3499	-1874	2508
10196	-7572	-5080	3232	-2313	4358
10148	-7548	-4296	4265	-3579	5854
9628	-8120	-4644	4929	-4374	7645
8944	-9456	-5056	5846	-4953	9367
8436	-9808	-4200	7707	-5552	10741
7472	-11248	-4632	9221	-6082	12093
7160	-11988	-5452	11604	-6193	13254
6428	-12380	-4528	11146	-4813	14427
5496	-13340	-3612	11620	-5083	15253
4996	-13684	-3924	11649	-4516	16071
3900	-14336	-3988	10052	-3018	17005
2704	-15640	-2652	9416	-3092	17612
1808	-15564	-2364	10541	-2860	18144
492	-15424	-2140	8479	-1568	18261
-924	-17680	-1324	8899	-1602	18446
-1704	-17408	-1500	11213	-1502	18655
-2904	-17028	-8	9339	449	18029
-4540	-18224	1372	11246	-50	17295
-4776	-16724	956	11868	20	17562
-5624	-16716	1156	9346	1205	17478
-7612	-18312	3496	11884	1751	16561
-7688	-15136	2932	13031	1683	15903
-8376	-13872	3272	9170	2388	16181
-9616	-16132	4396	8174	1661	15831
-9392	-14352	4568	10665	2165	15414
-9752	-11916	4612	8560	4215	15371
-11420	-12888	4908	6369	4152	15332
-11900	-12408	5592	7867	3442	14907
-11684	-10460	5316	6900	4381	15002
-12988	-9604	4944	4841	5235	15472
-13728	-9500	5124	4457	4622	15656
-13760	-8176	5264	4164	5222	15945
-14580	-6796	4728	2631	6600	15858
-16208	-6268	4784	187	6395	15655
-16592	-5808	4424	-1749	5188	14775
-16636	-5700	4020	-3578	4485	13564
-16620	-5648	4008	-4420	3517	11612
-16048	-5624	3816	-4747	2638	9176
-15384	-5752	3608	-4826	1828	6573
-14960	-5720	3924	-4209	1264	4239
-14584	-5332	4168	-3143	883	2469
-14428	-4868	3972	-1576	896	1143
-14532	-4608	3592	-977	1163	297
-15128	-5128	3472	-886	598	-311
-14864	-4796	3648	362	126	-350
-14904	-4268	3816	474	433	-933
-15064	-5040	3996	281	-523	-2204
-14636	-4936	3688	1070	-467	-3547
-15144	-4844	3712	877	-440	-4984
-15708	-5308	4040	777	-1824	-6876
-15376	-5268	4164	728	-2210	-8689
-15988	-5992	3876	-231	-2394	-10444
-15960	-6588	4428	-1123	-3632	-11990
-15572	-6888	4748	-1433	-4037	-13307
-15708	-7632	4232	-2735	-4283	-14663
-15468	-8316	4396	-4155	-4883	-15365
-14740	-9572	5040	-5019	-5383	-16332
-14016	-10288	4660	-5554	-5124	-16739
-13532	-10328	4660	-7585	-4282	-17208
-13188	-12076	4840	-8730	-5031	-17976
-11940	-12108	3928	-10023	-4371	-18028
-11132	-12640	3360	-12245	-3211	-18308
-10900	-13992	3624	-13158	-3123	-18581
-9480	-14212	2444	-13543	-2429	-18413
-8544	-14888	1392	-14433	-1340	-18292
-8024	-16184	932	-14456	-383	-18312
-7224	-16416	968	-12274	179	-18151
-6068	-15652	32	-11557	717	-18079
-4756	-15772	-1064	-11931	1214	-17703
-3716	-16232	-1140	-10926	2077	-17165
-2832	-15152	-1816	-10742	2512	-16363
-1792	-16248	-2812	-11402	3169	-15797
-712	-15572	-2536	-10609	3678	-15373
244	-15316	-3172	-10373	4119	-14588
1352	-15340	-3848	-9884	4216	-13974
2312	-14872	-3912	-8836	4908	-13163
2980	-14688	-4820	-8660	4904	-12552
3956	-14388	-4184	-7817	5416	-12011
4864	-13000	-4580	-6559	4992	-11553
5668	-13380	-5460	-6620	5458	-10528
6048	-13012	-5456	-5848	5682	-9944
6656	-12300	-5232	-4579	5178	-9331
7112	-11764	-6040	-4586	4646	-8690
7872	-11788	-5812	-4693	4643	-7857
8352	-11860	-6112	-4449	4426	-7536
9064	-11456	-6200	-3950	3966	-7256
9324	-11192	-6272	-4038	3889	-6913
10068	-11052	-6232	-4101	3778	-6651
10352	-11076	-6364	-3268	3698	-6476
10436	-10084	-5908	-2012	3631	-6109
10756	-9212	-5484	-1263	3198	-5291
11292	-8972	-5040	-399	2550	-4258
11372	-7728	-4416	812	1978	-3029
11096	-6528	-3372	1602	1184	-1468
10540	-6636	-3372	2565	-426	686
10520	-7052	-3960	3653	-1918	2780
10312	-7252	-4524	3912	-2734	4738
9848	-7752	-4028	4014	-3911	6729
9348	-9488	-4824	5488	-4797	8568
8812	-9432	-4844	7473	-4654	10027
7740	-9680	-4196	6083	-4820	11657
7268	-12696	-3852	7922	-5740	12973
7028	-12688	-4528	11201	-5405	13538
6224	-11092	-4212	9838	-4561	14691
5448	-13864	-4028	9059	-4471	15844
4756	-15852	-3404	13057	-3279	16210
3856	-12500	-2532	11907	-2292	17110
2540	-15352	-1624	8888	-1925	17670
1640	-17112	-2388	13882	-1874	18181
668	-13800	-1644	11709	319	18796
-1040	-16464	1772	11012	207	19265
-1944	-17296	-88	15805	-309	19829
-3304	-14936	356	11805	2316	19884
-5908	-18464	4136	12652	1829	19164
-5912	-16960	2332	18704	1736	19220
-7304	-15732	3456	19511	3418	19048
-9648	-15876	4856	21208	3783	18928
-9908	-13136	6456	19158	4301	18207
-10936	-13380	7400	15869	5086	17489
-11132	-12968	7348	13529	6806	16687
-12228	-11460	7692	10084	8464	15757
-13172	-10152	7848	6120	8196	14988
-13428	-9956	7992	1493	7331	14210
-13056	-10440	7648	-232	6066	13508
-12492	-9516	6884	-515	6234	13410
-13084	-8624	6900	-1410	6311	13252
-13564	-7916	6820	-1887	5778	13544
-13788	-7340	6248	-2408	5862	13772
-14516	-6788	6116	-2804	6373	14032
-15552	-6316	5632	-3091	6380	13989
-16060	-5368	5440	-3873	5764	13116
-16360	-5012	4928	-5497	4367	11549
-16428	-5236	4432	-6349	3220	9488
-15720	-5144	4524	-5930	2166	7134
-15204	-4956	4164	-5715	1928	4829
-15276	-4788	4104	-5661	1457	2930
-15064	-4948	4148	-4651	611	1310
-14736	-5116	4360	-3435	338	201
-14508	-4980	4120	-2429	208	-592
-14268	-4888	4148	-2142	-41	-1344
-14464	-5468	4380	-923	-247	-2315
-14796	-5536	4404	225	-459	-3690
-15168	-5712	4360	475	-1045	-5380
-15484	-5972	4560	903	-1598	-7185
-15700	-6020	4500	546	-2108	-8835
-15840	-6304	4496	-692	-3162	-10588
-15736	-7032	4648	-2086	-4008	-12557
-15656	-7372	4628	-2793	-4182	-13889
-15556	-7416	4564	-4979	-4267	-15200
-15232	-8496	4512	-6811	-4674	-16210
-14624	-9416	4304	-7912	-4565	-17019
-13960	-10348	4204	-8587	-4018	-17511
-13708	-11268	4192	-9369	-3207	-18108
-13388	-11840	3616	-9479	-2587	-18495
-12700	-12924	3040	-9740	-1971	-19151
-11996	-13400	2804	-9984	-887	-19645
-11612	-14296	2676	-11207	-277	-20038
-10468	-15020	2220	-10632	-503	-19921
-8888	-14756	1236	-10880	439	-19700
-7936	-15212	732	-11816	1187	-19481
-7064	-15772	736	-11809	1394	-19287
-5732	-15812	164	-11579	1641	-18870
-4272	-16240	-664	-10666	2273	-18328
-3204	-16052	-1348	-10561	2786	-18019
-2404	-16280	-1264	-9563	3138	-17357
-1128	-15908	-1836	-8077	3069	-17029
168	-15412	-2360	-7981	3521	-16446
960	-16160	-2448	-7750	4462	-15844
1904	-15800	-3088	-6253	4296	-15543
3036	-14460	-3112	-5531	4641	-14733
4028	-14824	-3424	-4582	5086	-14206
4600	-14272	-3268	-2948	5595	-13693
4944	-13964	-3456	-2021	5954	-12951
5796	-12784	-3120	-328	4805	-11935
6640	-12472	-3812	-1065	4095	-11066
7692	-12156	-3900	-926	3761	-10201
8284	-11064	-3476	-1937	3757	-9313
8924	-11592	-3836	-3542	3215	-8403
9696	-12356	-4004	-3898	2801	-8207
10568	-11736	-4044	-3829	2618	-8137
11136	-11032	-3412	-4181	2691	-7758
11664	-10356	-3748	-4460	2494	-7395
12024	-9668	-3352	-3929	2992	-6566
11928	-8720	-3844	-3651	3068	-5421
12028	-8216	-2848	-3670	2917	-3913
11832	-8180	-2216	-2294	2198	-2485
11528	-7960	-2660	-278	1141	-1097
11360	-7984	-2552	421	165	524
11520	-8520	-3108	1694	-1254	1975
11496	-9076	-3852	2480	-1683	3136
11260	-9516	-3256	3519	-2276	4140
11460	-8336	-3036	4364	-2918	5341
10764	-8700	-3512	3400	-2868	7050
10128	-9348	-3168	4456	-3246	8767
9680	-9388	-2568	4802	-3537	10436
8996	-10748	-2516	4830	-3414	12059
8068	-11748	-2260	6862	-3930	13196
7888	-11472	-2280	7363	-4002	14418
6964	-13420	-2012	7949	-3076	15281
5920	-13260	-1716	9287	-3041	16181
5220	-11700	-2024	6842	-2795	17575
3996	-15432	-1676	6755	-1841	18192
2832	-14332	-1400	6554	-1052	18886
1376	-14964	116	4123	-1166	19828
252	-17892	-784	9162	-1686	19744
-1304	-14768	-1612	10276	51	20172
-2884	-16340	1148	6979	225	20648
-4116	-18872	2232	10352	-607	19562
-4700	-16368	880	9563	767	19674
-5820	-17220	3204	10187	923	19562
-6700	-16896	2820	11081	2180	18970
-8128	-15964	3264	9413	2943	19056
-9000	-16236	4656	11325	2795	18530
-9424	-14408	3952	11530	4280	17756
-11112	-14080	5196	10331	4655	17668
-10980	-12724	5592	9491	4012	17500
-11240	-11280	5256	8938	5467	17617
-12748	-10252	5100	8288	6419	18443
-14232	-9492	5404	7053	5841	19012
-14648	-8068	5560	5376	5842	19848
-15620	-7184	4928	3501	7001	20544
-17188	-6440	5148	1463	7628	20462
-17848	-5944	5404	-420	6622	18887
-17528	-5968	4728	-2091	5755	16721
-17148	-6140	4636	-1427	4738	13502
-16356	-4788	4064	446	4034	10351
-16100	-4288	3904	100	2769	7180
-15312	-4604	3956	-565	983	4857
-14648	-4744	4124	550	980	3276
-14824	-4344	4052	1640	1995	2258
-15248	-3768	4044	81	1167	1830
-14604	-3996	4292	-1914	132	1039
-14448	-4544	4136	-2130	483	595
-14912	-4248	4192	-2275	573	-210
-15044	-4236	4108	-2798	-550	-1242
-14812	-4496	4228	-2929	-1085	-2619
-15024	-4512	4048	-2413	-649	-4130
-15828	-4508	4320	-3110	-1876	-6274
-15512	-5132	4204	-3187	-3129	-8529
-15464	-5572	4328	-2979	-2794	-10677
-16200	-5864	4552	-3480	-3340	-12690
-16388	-6304	4672	-4469	-4732	-14465
-16016	-6884	4672	-5944	-4801	-16050
-16296	-8648	4644	-6846	-5148	-17343
-15472	-8980	4560	-7061	-5038	-17967
-14960	-9128	4472	-9140	-4243	-18680
-15120	-11716	4772	-10141	-4710	-19986
-13668	-12212	3996	-8748	-3909	-20702
-13164	-12344	3588	-10042	-2302	-21521
-12920	-13452	3532	-11169	-2368	-22026
-11512	-14820	3072	-10643	-1990	-21964
-9860	-14144	2452	-10530	-871	-21830
-9288	-15200	1540	-11205	-183	-21293
-8052	-15296	1372	-10708	-184	-20816
-6420	-14716	764	-10983	269	-20230
-5464	-15700	-60	-11372	1154	-19553
-4660	-16168	120	-11087	1990	-19131
-3744	-15884	-756	-10593	2153	-18457
-2416	-16172	-1368	-10518	2504	-18085
-960	-16024	-2020	-10017	3080	-17571
192	-15608	-2352	-9743	3650	-16893
1312	-15812	-2716	-9036	4126	-16330
2376	-15180	-3140	-7220	4639	-15731
3308	-14728	-3416	-6929	4868	-15357
4412	-14200	-2720	-6382	5176	-14809
5228	-13440	-3788	-4933	4728	-14205
6228	-12832	-3448	-4656	5081	-13194
6592	-12312	-4152	-4057	4716	-12532
7604	-12060	-3584	-3651	4574	-11158
8380	-11184	-3796	-2956	4021	-10246
8892	-11308	-4020	-3124	4048	-9323
9424	-11032	-3952	-2573	3639	-8506
9932	-10536	-3860	-2574	3258	-7587
10472	-10320	-4196	-2776	2736	-6934
11012	-10336	-4036	-2468	2738	-6094
11436	-9900	-3832	-1660	2522	-5413
11740	-8480	-3448	-512	1863	-4421
11960	-7940	-3208	-88	1401	-3147
11924	-7256	-2864	814	789	-1624
11344	-7092	-2440	1621	79	167
11156	-7284	-2380	2647	-1287	2147
10976	-8580	-3224	3402	-1822	4069
10816	-8560	-2956	4648	-2435	5830
10392	-8864	-3088	5346	-2924	7643
10008	-8848	-3280	6113	-2979	9527
9388	-9032	-2716	5166	-2951	11438
8440	-10756	-2192	5487	-3487	13288
8088	-11912	-2400	7948	-3691	14382
7260	-11132	-2656	8220	-3100	15278
5844	-13088	-2312	7242	-2688	16480
5296	-14700	-1840	9620	-2976	17174
4608	-13736	-1764	9934	-1717	17793
2948	-14660	-1056	6402	-984	18814
1872	-15672	-1824	8457	-1670	19731
1096	-15252	-768	7625	437	19820
-924	-15684	828	6026	720	20210
-1832	-16532	772	7312	-265	20790
-2988	-17276	1020	6297	1319	20222
-4852	-17408	1824	8560	1107	20582
-5856	-17292	1608	9913	1028	20274
-6728	-16420	3412	10818	1838	19420
-7916	-16820	3868	10955	2158	19141
-8364	-15748	3020	11530	2799	19102
-9400	-14440	4744	10607	4284	18471
-10880	-14436	5288	10264	4339	18216
-10876	-12584	4068	9824	4578	18760
-12172	-11832	5088	8701	5770	18256
-13908	-11728	5776	7963	5395	18282
-14072	-9984	5052	4824	4636	18314
-14232	-9432	5312	2574	4666	17106
-15072	-9496	5388	2226	5268	16300
-15312	-7788	5212	1628	5293	15592
-15648	-7032	4648	-46	4850	15056
-15708	-6716	4584	-329	4414	14561
-16168	-6440	4400	-603	4841	13672
-16332	-5932	4416	-156	3976	12023
-15764	-5500	4436	-224	3365	9873
-15456	-4784	3844	526	3074	7658
-15492	-4456	3900	-135	2186	5434
-15100	-4308	3800	-750	1022	3634
-15028	-4476	4100	-1639	666	2232
-14996	-4288	4172	-2181	572	1421
-14756	-4456	3984	-3133	6	761
-15004	-5052	4108	-3437	127	362
-14620	-5048	4476	-2983	-262	-382
-14400	-5320	4240	-2195	-479	-1768
-14916	-5780	4356	-985	-551	-3474
-15252	-5532	4384	470	-1154	-5167
-15516	-5196	4292	12	-1996	-7122
-15576	-5760	4360	-830	-3032	-9182
-15452	-6196	4532	-1239	-3535	-10947
-15700	-5996	4508	-2054	-3793	-12168
-15872	-6512	4392	-4653	-4563	-13507
-15560	-7668	4648	-6431	-5200	-14717
-15100	-8336	4388	-6857	-4752	-15303
-14876	-8920	4464	-8564	-4638	-16249
-14316	-10360	4504	-8907	-4998	-17059
-13576	-10764	4420	-9506	-3738	-17568
-13384	-11576	3564	-10111	-3199	-17827
-12456	-12160	3152	-10566	-2784	-18008
-11664	-12784	3284	-11362	-1859	-18137
-10848	-13448	2832	-11294	-1070	-18163
-10016	-13340	2200	-11865	-860	-18060
-9048	-14144	1500	-12413	-283	-17423
-8068	-14780	568	-11750	488	-16847
-7568	-14996	328	-11103	1378	-16469
-6976	-15448	-172	-10851	1486	-16199
-5956	-15492	-588	-10931	1717	-15836
-4728	-16024	-744	-10863	2428	-15568
-3664	-15340	-1648	-10231	2862	-14951
-2584	-15312	-2404	-11389	3288	-14366
-1724	-16284	-3280	-10980	3733	-13886
-732	-15360	-2864	-10009	4165	-13308
320	-15864	-3872	-9628	4207	-13023
1248	-15796	-3948	-7767	4515	-12490
1960	-15256	-4960	-6713	4774	-12000
2772	-15104	-4344	-5877	5267	-11739
3384	-15360	-5144	-4297	5125	-11712
4180	-14144	-4936	-3813	5059	-11301
5024	-14096	-5516	-3797	4965	-10894
5600	-13480	-5780	-3121	4742	-10571
6196	-13516	-5972	-3673	4854	-9977
7036	-12956	-5512	-3198	4831	-9623
7500	-12284	-5448	-3355	4860	-9216
8164	-12068	-5664	-3031	4630	-8842
8716	-11652	-5772	-2835	4501	-8340
9288	-11168	-5572	-2852	4516	-7813
9528	-11312	-5336	-2253	4444	-7426
9916	-10936	-5628	-1571	3897	-7061
10676	-10584	-4972	-1087	3606	-6591
10932	-10344	-4904	-315	3417	-6149
11128	-9528	-4256	524	3063	-5513
11324	-9176	-3688	1786	2642	-4629
11236	-8536	-3684	3846	1744	-3486
11448	-6724	-3340	4734	755	-1724
11056	-6528	-3124	4648	-113	391
10720	-7560	-3428	4773	-932	2740
10464	-7316	-2904	5195	-1704	5092
10208	-7164	-2664	4224	-2496	7559
9332	-9024	-3844	3902	-3282	9682
8720	-9592	-3068	5443	-3488	11623
8064	-9772	-2272	5098	-3584	13417
7508	-11112	-1852	5178	-4436	14869
6832	-13340	-3068	7861	-4555	15796
5912	-12340	-3092	9159	-3766	16546
4884	-13172	-2428	6708	-3481	17697
3960	-16372	-1752	9109	-3609	18322
3420	-13624	-2744	10168	-2677	18915
2240	-14828	-2372	5066	-609	19190
648	-18244	596	9426	-204	19003
-92	-14744	-1160	9073	-124	19070
-1564	-17420	-636	6341	797	19478
-3172	-19936	1624	11722	1152	19295
-4104	-15904	824	11100	1770	18625
-5324	-16948	2112	8710	1660	18330
-5252	-16812	1496	9006	2980	18212
-5928	-14276	2428	4984	5714	18206
-8060	-18360	4572	7212	5322	17815
-8516	-15424	3020	10994	6422	17058
-10204	-14000	3756	8419	6071	17048
-11280	-15796	5288	11112	3068	16358
-9824	-12692	4280	13681	3738	16499
-10992	-10780	4148	11525	6526	17465
-13416	-10920	5676	9918	6221	17652
-13868	-9828	5524	9919	5837	17068
-14968	-8004	4796	8496	6990	17400
-16604	-7184	4528	6109	6043	17928
-17016	-6280	4624	3504	4400	18248
-16564	-5424	4468	681	4443	17514
-16864	-5256	4948	-1572	4689	15350
-16636	-4880	4392	-2931	4165	12484
-16372	-4616	3784	-4349	3095	9524
-16120	-4820	3820	-4891	1458	6468
-15268	-4616	3920	-4758	647	4247
-14744	-4496	4008	-5006	601	2788
-14860	-4956	3888	-5405	199	2107
-14568	-4956	3844	-4808	179	1745
-14864	-4752	3720	-4650	526	1490
-15048	-4996	3816	-4611	-109	1171
-14328	-5008	3944	-4031	-405	530
-14636	-5420	4172	-2768	51	-433
-14828	-5132	3888	-1869	-72	-1822
-15048	-5432	4204	-1830	-786	-3465
-14856	-5932	4620	-572	-1084	-5229
-15280	-5256	4424	-676	-1063	-6586
-15792	-5568	4652	-2552	-2484	-8398
-15328	-6516	4516	-3236	-3223	-10283
-15504	-7028	4660	-3747	-3333	-11673
-15620	-7256	4796	-5455	-4134	-13069
-15164	-8540	4760	-7029	-5027	-14367
-14800	-9936	5104	-6450	-4906	-15718
-14724	-10016	4948	-6109	-4082	-16592
-14808	-10928	4536	-6978	-4539	-17747
-14084	-11892	4548	-7216	-4475	-18391
-13172	-12360	4100	-7097	-3611	-18945
-12620	-12956	3572	-8171	-3055	-19777
-11636	-13432	3548	-9073	-2607	-20217
-10684	-13964	3092	-9663	-1653	-20437
-9724	-14660	2568	-10024	-1179	-20269
-8524	-14636	1796	-10587	-700	-19899
-7560	-15060	1712	-10983	-258	-19186
-6384	-15048	980	-10799	-154	-18491
-5168	-15504	596	-10108	206	-17659
-4188	-14964	0	-10086	499	-16908
-3320	-15040	-740	-10992	928	-16043
-2252	-15792	-796	-10832	1105	-15363
-1224	-15516	-1628	-9700	1839	-14679
-352	-15624	-2180	-10320	2452	-13996
640	-15788	-1916	-9377	2564	-13324
1736	-15888	-3056	-8595	3275	-12572
2428	-15636	-3484	-7878	3889	-12158
3308	-15328	-2928	-6701	4383	-11994
3920	-14968	-3888	-5499	4342	-11912
4792	-14600	-3856	-5118	4821	-11485
5024	-14472	-4336	-4533	5056	-11195
5856	-13724	-3952	-3753	4645	-10803
6760	-13128	-4400	-2995	4472	-10290
7120	-13240	-5228	-3327	4441	-9726
7856	-12792	-4576	-2843	4403	-9423
8336	-11704	-3976	-2548	4203	-8763
8860	-11748	-4844	-2931	3808	-8256
9720	-11284	-4104	-2610	3890	-7618
9796	-11220	-4688	-2674	3801	-7160
10240	-11108	-4516	-2486	3530	-6678
10796	-10936	-4144	-1694	3143	-6087
11192	-10788	-4464	-1861	3184	-5725
11680	-10460	-4368	-1875	2970	-5401
12048	-10316	-4592	-1852	3201	-5105
12252	-9860	-3912	-861	3214	-4882
12244	-8716	-3272	325	2870	-4199
12480	-7792	-3072	883	2084	-3080
12440	-7296	-2604	2088	1575	-1757
12028	-6964	-2760	2124	556	-58
12096	-7096	-2692	1563	-326	1709
11572	-8472	-3032	937	-1099	3336
11648	-9620	-2532	1839	-1961	4359
11712	-9032	-2900	3250	-2675	5276
11200	-8196	-2568	3699	-3047	6894
10396	-9684	-2496	3929	-3162	8739
9512	-9968	-2204	6360	-3854	10119
8940	-9416	-2448	6178	-4367	11955
8680	-11120	-1968	6424	-4485	13455
8028	-11812	-2568	8257	-4120	14669
6896	-11680	-3092	6334	-3226	15745
5800	-14096	-708	7699	-3157	16562
4988	-13784	-2504	9825	-3261	17325
3992	-12904	-2460	5371	-1929	18710
2208	-16548	432	6246	-1379	19415
1448	-15148	-652	10164	-1336	19438
220	-12948	-1136	3869	213	20154
-2164	-18512	724	3506	-988	21071
-2064	-17800	-32	9771	-1107	21062
-3448	-14804	-100	5782	1179	21101
-5820	-19740	2652	6318	644	20412
-6320	-18412	1616	10890	526	19451
-6908	-15428	1188	6273	1462	18871
-8636	-18896	4076	6233	1243	17880
-8380	-17160	2476	8880	1834	16750
-9172	-14708	2872	5913	2818	15920
-9952	-15940	4404	5108	1802	14952
-9496	-15108	3600	6217	2151	14409
-10480	-13456	4256	5304	3286	13470
-11664	-13992	4796	5436	2068	12642
-10992	-12472	4292	5845	1596	12709
-11324	-11384	4248	4245	1946	13153
-11972	-11696	3948	3642	2195	13259
-12588	-10468	4508	3476	2964	12288
-13460	-10108	4508	3154	3334	11571
-13604	-8912	4116	3113	3123	11478
-13784	-8352	3952	2598	2963	11609
-14020	-7772	4112	2844	3527	11804
-14628	-6856	4120	3029	4090	11688
-15204	-6316	4220	2627	4293	11096
-15684	-6128	4344	2389	4063	10174
-15644	-5488	4020	1720	3538	9113
-15500	-5200	3884	872	2679	7753
-15164	-5048	4072	291	2011	6047
-14864	-4836	3988	606	1760	4422
-15000	-4360	4064	424	1553	2932
-15240	-4384	4108	-550	739	1479
-15116	-5124	4244	-1117	-308	-134
-14672	-5016	4244	-112	-190	-1545
-15236	-4968	4136	-766	-267	-3174
-15428	-5900	4324	-1221	-1739	-4721
-14920	-6008	4260	-1070	-2078	-6364
-15196	-6024	4344	-2051	-2418	-7853
-15200	-6652	4188	-3080	-3383	-9454
-15236	-7436	4304	-3403	-3867	-10945
-15388	-7756	4276	-4529	-4079	-12179
-15452	-8612	4308	-5765	-4756	-13887
-15212	-9424	4548	-6363	-5157	-15324
-14628	-10056	4032	-7289	-4747	-16683
-14332	-10608	3912	-8173	-4307	-17776
-13956	-11668	4072	-9190	-4660	-18626
-12868	-12512	3768	-9380	-4174	-19179
-12188	-12668	3104	-10681	-2988	-19195
-11440	-13888	3180	-11599	-2876	-19512
-10104	-14220	2536	-11566	-2298	-19254
-9232	-13904	2008	-12708	-1173	-19333
-8236	-15056	1112	-14027	-803	-18937
-7144	-15904	620	-12643	185	-18561
-6308	-15172	108	-12524	768	-18407
-5364	-15336	-320	-13062	957	-17657
-4104	-16648	-1432	-11936	1377	-17284
-3224	-15740	-1912	-10400	2521	-16746
-2692	-15688	-2160	-11220	3007	-16223
-1572	-16092	-1880	-9068	3069	-15584
-376	-15812	-3404	-7899	3599	-15524
112	-15068	-3500	-7877	4338	-14586
1044	-15892	-3972	-7726	4537	-13814
2116	-15296	-3360	-6546	5118	-13342
3072	-14724	-4372	-6318	4934	-12976
4220	-14592	-4468	-6294	5705	-12183
5024	-14076	-4412	-5328	6110	-11878
5712	-13388	-4832	-4854	5920	-11465
6784	-12748	-3604	-2639	5675	-10622
7248	-12080	-5056	-2278	4834	-10220
7920	-11760	-5068	-1997	4830	-9288
8336	-11616	-3960	-1745	4895	-8579
8740	-11200	-4544	-1342	3826	-7851
9696	-11716	-4936	-1644	3410	-7181
10176	-11920	-5048	-1986	3859	-6883
10260	-11576	-4924	-1881	3822	-6917
10672	-10956	-4028	-1402	3735	-6601
11344	-10692	-4656	-497	3156	-6243
12068	-9844	-4264	-50	3310	-5672
11880	-9400	-3688	660	3169	-5160
11820	-8628	-3548	1429	2224	-4462
12200	-7848	-3444	1711	1283	-3504
12440	-7384	-3420	1312	782	-2164
12292	-7296	-3068	1631	104	-749
12144	-7392	-3156	1470	-614	885
11796	-8360	-3080	1262	-1203	2335
11628	-9968	-2924	2169	-1534	3394
11624	-8600	-2924	3588	-2544	4250
11376	-8720	-3444	2902	-2611	5890
10700	-9976	-3076	4755	-2685	7299
10064	-8496	-2068	6771	-2890	9148
9456	-8184	-2592	4630	-3241	11339
8740	-11572	-1700	5743	-3135	12810
7960	-10496	-2676	8228	-3620	14160
7012	-9712	-2900	4293	-3282	16292
5568	-14912	-1304	5664	-3286	17165
4668	-13460	-3000	10288	-3711	17841
3936	-11372	-2264	3879	-2573	19360
2376	-17556	-356	4237	-2962	19877
1648	-16440	-2084	10235	-2685	19641
576	-12340	-2092	5087	-1481	20686
-1520	-18444	1472	2359	-1258	21069
-2204	-18984	-416	9548	-2289	20455
-2524	-13520	-1436	4974	-739	20747
-5116	-20428	2772	3082	-286	20677
-5896	-19944	2180	12864	-1202	19236
-5860	-14828	460	9351	356	18599
-8144	-18556	3368	9483	-343	18053
-7916	-17368	2700	13699	372	17384
-8964	-14156	3412	10978	1960	16821
-10080	-14632	3736	9183	1395	16868
-9680	-13028	3384	7628	2422	17347
-11252	-13204	4764	5770	3618	16870
-12252	-12300	4300	6527	3563	16852
-12892	-10640	4012	4157	3790	16816
-13852	-11184	4872	2376	3025	16174
-13636	-10756	4896	4400	3259	15583
-13836	-8680	4448	5029	5170	15403
-15384	-7924	4228	4362	5556	15761
-16164	-6888	4272	3585	4594	15669
-16180	-6396	4224	2016	4181	15168
-16188	-5720	4184	1045	3798	13745
-16016	-5168	4044	-313	3229	11509
-15612	-5128	3756	-1191	2338	8920
-15260	-4980	3588	-2017	1657	6403
-15088	-4980	4176	-1602	1059	4072
-14924	-4560	3900	-1278	1139	2182
-15176	-4788	3800	-1333	816	1029
-15048	-5012	3932	-1543	192	340
-14584	-5244	4032	-1381	23	-168
-14300	-5316	4096	-645	240	-703
-14604	-5508	4136	-26	225	-1706
-14836	-5216	4348	442	-224	-3113
-15368	-5468	4188	69	-761	-4624
-15452	-5892	4380	-42	-1765	-6505
-15188	-5796	4460	-564	-2110	-8462
-15704	-6204	4380	-1441	-2713	-10247
-15616	-6428	4800	-2575	-3632	-11932
-15436	-7292	4644	-3590	-4119	-13425
-15408	-7872	4300	-4873	-4375	-14530
-15300	-8736	4800	-6078	-4921	-15475
-14752	-9864	4988	-6144	-4839	-16192
-14304	-10152	4240	-6411	-3994	-16762
-14180	-11380	4328	-7351	-4018	-17573
-13244	-11908	3916	-7304	-3558	-18169
-12540	-12532	3404	-7828	-2330	-18781
-12092	-13284	3480	-8518	-1432	-19098
-11356	-13692	3020	-9004	-1188	-19219
-10176	-14084	2168	-9787	-623	-19238
-9140	-14644	1920	-10048	-136	-18828
-7948	-15140	1440	-10113	430	-18746
-7072	-15908	1088	-9950	795	-18401
-5848	-16064	804	-9239	843	-18174
-4548	-15764	336	-8492	1568	-17921
-3768	-16320	-192	-8630	1985	-17745
-2804	-16188	-496	-7387	1983	-17349
-1480	-15968	-412	-7382	2201	-16823
-688	-16840	-1248	-6791	2566	-16663
208	-16152	-1272	-5628	2882	-16242
1248	-15240	-1232	-5713	2590	-15715
2528	-15128	-1464	-5268	2729	-15197
3624	-14880	-2220	-4999	3063	-14697
4408	-13564	-1948	-4831	3392	-13716
5228	-13700	-2304	-5008	3304	-13035
6048	-13868	-2492	-3820	3183	-12210
6648	-13220	-2888	-3206	3265	-11291
7292	-12828	-2116	-2883	3327	-10300
7680	-13232	-2912	-2718	2760	-9840
8452	-12476	-2728	-1934	2689	-9241
8992	-12268	-2864	-2634	2776	-8592
9476	-12440	-2860	-2367	2323	-8216
10088	-12204	-2984	-1835	2278	-7777
10524	-11368	-3140	-1619	1945	-7353
10956	-11504	-3308	-1655	1823	-6885
11408	-11156	-2752	-252	2063	-6743
11516	-9688	-2980	228	1912	-6257
11876	-9172	-2808	831	1769	-5334
11904	-8492	-2584	1004	1620	-3872
12028	-7512	-2380	539	1071	-2221
11816	-7412	-2236	86	549	-285
11756	-7972	-2300	-315	113	1664
11616	-8644	-2508	-725	-646	3296
11508	-9904	-2556	-707	-1087	4593
11616	-9768	-2256	410	-1381	5534
11004	-9652	-2256	945	-1363	6584
10488	-9444	-1856	2212	-1588	7929
9968	-9080	-1780	2772	-1822	9930
9284	-9644	-2064	2993	-1877	12070
8460	-10744	-1808	4581	-1705	13778
7236	-12044	-1956	5871	-1168	15314
6144	-11828	-1608	6190	-1659	16561
5720	-13384	-1032	6983	-1436	17763
4808	-14248	-992	9872	-262	18586
3424	-12248	-2092	7943	541	19847
1792	-14196	268	5566	1369	21056
324	-16440	980	8151	1203	21691
-676	-15368	-248	8260	1104	21912
-2052	-16000	1200	4988	1974	22258
-3664	-18184	2452	7304	1935	22095
-4544	-17340	2092	8679	2314	21396
-5964	-16668	2752	7138	2747	21449
-7580	-18544	3692	8165	2764	20315
-8308	-16908	3516	9197	3385	19252
-9644	-16068	4576	6842	3694	18459
-10116	-16584	4372	7377	2371	17516
-9752	-13956	4388	6183	3600	16894
-11188	-14260	5656	3922	3311	16008
-11188	-14012	4704	4459	2412	15767
-12288	-12872	5548	3671	2961	14465
-12804	-11384	4648	4265	3065	14093
-13492	-10132	4536	3109	2804	13958
-13972	-9808	5080	2358	2181	13610
-13880	-8832	4680	2670	2821	13617
-14632	-7392	4392	2225	3471	13761
-15364	-6764	4240	725	-15420	-5948
3948	-366	2507	13040	-15672	-5836
3720	-1412	2749	12095	-16036	-5716
3676	-2188	2444	10767	-15808	-5400
3672	-2886	1850	8851	-15376	-5424
3480	-2691	1557	6852	-15020	-5104
3468	-1984	1402	4829	-14796	-4920
3768	-1103	1358	2876	-14828	-4676
3572	-912	1048	1381	-14668	-5156
3552	-1039	502	98	-14308	-5172
3668	-397	539	-759	-14812	-4876
3788	-763	641	-1177	-14872	-5144
3816	-1500	-19	-1853	-14756	-5720
3984	-1514	-403	-2525	-14764	-5320
4036	-1673	-240	-3542	-15268	-6076
4440	-1953	-1209	-5114	-14856	-6048
4296	-1847	-1804	-6858	-15260	-6404
4172	-1945	-1924	-8661	-15580	-6760
4320	-1694	-2730	-10535	-15704	-7272
4192	-2898	-3568	-12027	-15448	-8100
4540	-3226	-4289	-13303	-15064	-8288
4528	-3902	-4013	-14525	-15268	-9488
4432	-5212	-4400	-15749	-14884	-10360
4448	-5627	-4563	-16813	-14232	-11024
4744	-6278	-4412	-17592	-13764	-11628
4168	-7158	-4273	-18295	25615	-21536
19952	30902	-31535	-9011	-23026	-1828
-27406	-10060	10452	-23349	-28148	15578
-2314	-11085	-30505	-27448	26636	-808
-26889	-9036	-32548	31942	25096	19159
22265	-15179	-25377	2244	-7156	-15440
1752	-9889	-717	-18795	-6072	-15524
1240	-9465	-4788	-15700	468	-9278
-76	-18053	-3856	-16164	248	-9168
256	-17505	-2984	-16096	260	-8745
438	-17125	-1788	-16116	-1000	-9006
41	-16759	-616	-16196	-1316	-8953
690	-15980	444	-15848	-1344	-8044
1132	-15544	1368	-15656	-1716	-7241
1615	-15226	2432	-15568	-1988	-6597
1684	-14753	3436	-14988	-1916	-5031
2358	-14061	4256	-14408	-2572	-4664
2569	-13554	4956	-14412	-2680	-3371
2976	-12822	5776	-13884	-3360	-2978
3260	-12293	6408	-13288	-3372	-2581
3117	-11233	6964	-13212	-2952	-1962
3511	-10404	7540	-12620	-3356	-1310
3243	-9954	8088	-12384	-3284	-1581
3212	-9113	8584	-12612	-3652	-1854
2960	-8590	9176	-12748	-3180	-1311
2872	-8161	9604	-11808	-3000	-1195
2668	-7731	10000	-11612	-3704	-1878
2324	-7254	11052	-10784	-2992	-2300
2486	-5983	11492	-10328	-2716	-2636
2234	-5256	11744	-10756	-3372	-2148
2077	-4946	12028	-9788	-2980	-1917
2075	-4339	11844	-8912	-2284	-1641
1475	-3421	11924	-8552	-2416	-1220
758	-2260	11636	-8056	-2468	-851
36	-706	11540	-8400	-2412	-762
-612	874	11416	-9352	-2716	142
-1167	2309	11148	-9936	-2868	1534
-1425	3424	11244	-9204	-2684	2089
-1673	4597	11116	-9420	-2824	2074
-1734	6130	10280	-9176	-2512	3213
-1853	8042	9540	-9104	-2628	3046
-1952	10092	8864	-9964	-2084	3180
-2176	12058	7952	-11432	-2048	4628
-2397	13699	7272	-11312	-2600	5993
-2631	15068	6612	-12076	-2516	5154
-2158	16144	5688	-14068	-540	7373
-2201	17167	4524	-13372	-1344	9234
-2233	17811	3796	-12752	-1652	5942
-1811	18923	2536	-16512	-348	8001
-1565	19558	1376	-15168	44	11147
-972	20366	28	-13416	-296	6086
-82	21380	-2272	-19788	1976	6514
-175	20954	-2224	-17288	800	13453
-254	20756	-3620	-13628	1052	5881
2568	20950	-6796	-20560	3960	6498
563	20485	-5840	-18296	2816	12776
1151	19355	-7156	-13912	2496	6798
4189	18963	-10324	-19104	5260	5339
1122	18193	-8452	-17180	3736	9827
888	17390	-9280	-13760	4132	6662
3892	16256	-11704	-15804	5472	5072
2152	15265	-10176	-14564	4932	5156
1058	14341	-9964	-12996	4580	4337
3170	13758	-11732	-12940	5884	3737
3312	13056	-11820	-12668	5216	3791
1909	12452	-11736	-11324	5320	3227
2254	12365	-12124	-10748	5236	2616
2205	11901	-12336	-10116	5320	2980
2422	11755	-12692	-8824	5116	3414
2883	12016	-13232	-7684	4728	2941
3331	12508	-14052	-7088	4588	2330
3421	13047	-14676	-6400	4644	1871
3911	13031	-15472	-5988	4660	1275
4311	12641	-16020	-6024	4712	952
3710	11288	-16008	-5804	4284	740
3472	9625	-15840	-5116	4216	741
2785	7695	-15484	-4764	4340	646
1896	5697	-15052	-4836	4496	1004
1480	3959	-14700	-4576	4348	1625
1174	2424	-14552	-4052	4272	1515
902	1163	-14668	-3992	4112	1266
623	340	-14872	-4136	4380	448
476	-425	-14856	-4436	4384	-173
127	-1159	-14748	-4476	4376	-930
-14580	-4720	4428	-1818	-799	-3819
-14960	-5304	4632	-2660	-1380	-5541
-15168	-5740	4596	-2603	-2008	-7146
-15288	-5776	4660	-3372	-2767	-8696
-15472	-6560	4504	-4612	-3679	-10438
-15220	-7252	5080	-4797	-3880	-12044
-15392	-7584	4476	-5244	-3645	-13082
-15232	-8100	4368	-6485	-4517	-14203
-14368	-9064	4704	-7419	-4500	-14941
-13920	-9904	4712	-7695	-3689	-15532
-13652	-10424	4064	-7983	-3431	-16169
-13324	-11764	3816	-8819	-3423	-16739
-12612	-12632	4248	-8192	-2879	-16950
-11776	-13204	3932	-7795	-2059	-17351
-11272	-13400	3648	-8205	-1266	-17559
-10604	-14188	3556	-8414	-1297	-17787
-9072	-14204	3104	-7978	-888	-17766
-8464	-14392	2468	-8628	-126	-17557
-8016	-15148	2044	-9021	91	-17238
-7004	-15308	1760	-8776	-99	-16807
-5724	-15352	1224	-8945	193	-16542
-4996	-16100	608	-9037	809	-16044
-4528	-16656	284	-8405	1242	-15978
-3440	-16104	136	-7484	1053	-15697
-2260	-16096	-620	-7741	1402	-15474
-1232	-16396	-1204	-7415	1791	-15056
-376	-15556	-952	-7310	2213	-14683
496	-16416	-2112	-7650	2386	-14381
1416	-16596	2488	-15980	-2652	-6753
3131	-14003	3480	-16176	-2636	-5831
3189	-13802	4516	-15304	-3040	-4489
3988	-13797	5168	-14608	-2944	-4111
4341	-13724	6008	-14188	-3160	-2796
4185	-13423	6552	-13448	-3204	-1938
4374	-12960	7352	-12964	-3492	-1549
3983	-12437	7980	-12424	-2800	-1098
3990	-11565	8468	-11820	9044	-11788
-2660	-1370	3744	-10107	9512	-11572
-3172	-1369	3403	-9297	10364	-11028
-2916	-1792	3013	-8574	11000	-11136
-2872	-2383	3250	-7990	11284	-10296
-2496	-1958	3022	-7539	11724	-8936
-2164	-2382	2664	-6464	12236	-8472
-2168	-2668	2417	-5126	12396	-7384
-1420	-1439	1939	-3578	12004	-6748
-1500	-1178	1446	-1631	11588	-7140
-1160	363	311	435	11092	-8036
-1652	2011	-645	2400	10812	-9116
-1892	2850	-1469	4064	11296	-8872
-1684	4545	-2376	5319	10932	-8840
-2800	4215	-2529	7302	10572	-9376
-2056	4135	-2359	9380	9532	-9440
-1604	4007	-2517	11259	8504	-10136
-1436	4408	-3137	12920	7876	-11052
-1320	5016	-3220	14586	7176	-10940
-1084	5409	-3220	15958	6236	-12644
-1512	5648	-3261	17211	5288	-14224
-660	8568	-2697	18166	4644	-12680
-1688	9116	-2306	19011	3336	-13040
-1328	5890	-1301	20661	1512	-17388
1416	8102	-851	21308	1016	-15280
56	10105	-658	21193	-640	-14172
540	7755	866	21926	-3040	-17828
1840	5818	1097	22265	-4032	-17816
2044	9487	282	22067	-4848	-16000
1900	7536	1328	21583	-6556	-16872
3296	5540	1828	21453	-7556	-17976
3400	7331	1126	21252	-8088	-16196
3200	7400	2540	20694	-9828	-15980
4112	5640	3294	20044	-10864	-15980
4604	5934	2017	19332	-10632	-15140
4172	7191	2685	18451	-11620	-13544
4180	6595	3962	17566	-12812	-12704
5324	5120	3467	16614	-12876	-12552
4924	4080	2333	15832	-12764	-11224
4704	2895	3171	15471	-13860	-10632
4788	2118	3420	14753	-13920	-9876
4816	1846	2459	13812	-13512	-8904
4552	1671	2662	13447	-14100	-8128
4440	1964	3503	13617	-15020	-7300
4612	1698	3795	13740	-15420	-6632
4456	1031	3505	13434	-15720	-6332
4192	36	3474	12579	-15876	-6116
4216	-367	3451	11097	-15816	-5632
3704	-971	3118	9092	-15648	-5136
3604	-1086	2304	7187	-15148	-4908
3820	-1009	1420	5154	-14856	-5208
3792	-505	1216	3350	-14508	-5108
3900	872	1360	1813	-14648	-4256
3624	1375	1798	698	-15588	-4272
3500	99	925	-149	-15156	-4752
3484	-428	-260	-1060	-14720	-5596
3744	-83	-6	-2290	-14776	-4880
3800	193	-12	-3854	-15156	-5044
3912	-1398	-815	-5718	-15248	-5996
3876	-2381	-1901	-7840	-15424	-6544
4008	-1884	-2245	-10094	-16052	-6636
4196	-2557	-2235	-12285	-16512	-7448
4124	-4082	-3487	-14031	-16044	-8352
4432	-4765	-4328	-15593	-15484	-9132
4404	-5144	-4067	-16509	-15328	-9628
4280	-5531	-4243	-17402	-14748	-10548
4224	-6325	-4324	-18271	-14312	-11632
4144	-6761	-3923	-19278	-13592	-11652
3800	-7369	-3302	-19820	-12940	-12192
3432	-9715	-2920	-20160	-11944	-13552
2996	-11045	-2446	-20275	-11064	-14052
2940	-10883	-1314	-20355	-10112	-14204
2240	-11439	-928	-20347	-9040	-15316
1368	-12212	-307	-20515	-8196	-15928
1296	-11499	818	-20287	-6864	-15336
708	-11163	826	-20156	-5432	-15664
-40	-10199	1574	-19314	-4376	-16400
-800	-10227	2234	-19080	-3652	-15852
-1212	-8854	2547	-18300	-2408	-16076
-1396	-8753	2486	-17915	-880	-15608
-1948	-7004	2591	-17570	236	-14816
-2276	-7110	3339	-16940	1384	-15064
-2596	-6762	3061	-16093	2536	-14880
-2448	-5159	3637	-15427	3140	-13752
-3236	-4660	3672	-14571	4144	-14476
-3052	-5450	4018	-13607	4992	-14336
-3128	-4020	3876	-13098	5780	-13796
-3452	-3434	3714	-12578	6692	-13172
-3528	-2863	3629	-11698	7100	-12964
-3704	-3339	3882	-10989	8008	-12604
-3124	-3068	3648	-10485	8784	-12744
-3408	-2726	3265	-10041	9452	-11836
-3488	-1962	9796	-11440	-4116	-2966
3019	-9007	10424	-10832	-3120	-2201
2826	-8077	10696	-10688	-3616	-1832
2657	-7498	10768	-10396	-4092	-1343
2611	-6914	11000	-9512	-3684	-1754
1989	-5909	11592	-8728	-3128	-679
1056	-4978	11872	-7296	-3180	635
652	-3386	11340	-6856	-3292	73
-137	-1367	11400	-7280	17411	-6100
-6944	-13581	6658	-8965	6154	-28630
-29477	-3597	16643	12537	12305	20522
27868	8435	8971	-11530	18454	-983
9876	-8528	-2584	4839	-2355	9583
9064	-8624	-2464	4484	-2677	12073
8516	-9528	-2528	4294	-2842	14209
7544	-11008	-2380	4921	-2684	15804
6188	-11732	-2396	6148	-2927	17202
5264	-13252	-2172	5861	-2875	18389
4412	-13948	-1568	7526	-2815	19124
3040	-13412	-1812	7542	-3383	19823
1924	-15420	-1156	6079	-3789	20497
1008	-17156	-720	10389	-3918	20509
124	-14096	-1260	10245	-3323	21001
-2252	-16200	656	6656	-3440	-18224
1448	9433	-3420	21739	-4056	-17048
204	10873	-1797	21701	-6212	-16528
1976	8197	17	21360	-8260	-18324
3480	8892	-316	20411	-7776	-16664
2404	9427	191	19638	-9240	-16264
2872	8807	2378	19196	-10600	-16236
4084	7691	2473	17738	-10500	-14760
4832	8216	2290	17127	-10652	-14796
4236	8207	2668	16705	-11964	-14076
4644	9225	2963	16443	-12684	-11932
4464	8823	2431	15815	-12552	-11288
5180	7398	1496	15070	-12592	-12296
5684	8435	1916	14240	-12660	-9780
5404	8811	4044	13349	-13964	-8680
5340	6591	4597	12670	-13992	-7908
5280	4400	4183	12368	-13768	-7252
5256	3029	5148	12389	-14392	-6432
4832	1913	6395	13085	-15288	-5468
-15712	-5240	4392	-2874	4346	11670
-16016	-5212	4124	-3656	-15996	-5100
4192	-3739	2621	8159	-15388	-4656
4224	-3283	1947	6132	-15412	-4888
4032	-3401	1549	4030	-15152	-5088
3800	-2269	910	2148	-14792	-4860
3860	-1414	739	735	-14996	-4636
3848	-1474	420	-497	-14956	-5056
3904	-1372	-14452	-5044	4112	-1087
-290	-2797	-15140	-5188	3980	-1350
-361	-3877	-15360	-5528	4248	-1731
-1522	-5474	-15156	-5708	4200	-2022
-2007	-7502	-15244	-6076	4164	-2626
-2091	-9447	-15848	-6280	4324	-2813
-2754	-11322	-15640	-6476	4248	-3715
-3660	-13058	-15448	-7460	4308	-4980
-4069	-14742	-15536	-8188	4204	-5285
-4067	-15686	-15260	-8292	4368	-6419
-3798	-16544	-14468	-10500	4028	-7831
-3735	-17828	-13948	-11064	3800	-8771
-3011	-18539	-13584	-11952	3316	-9671
-2601	-19010	-12780	-12568	2764	-11084
-2345	-19128	-11512	-13372	2384	-11718
-1763	-19157	-10420	-14204	2660	-10884
-721	-18836	-9420	-14028	2108	-9985
-207	-18736	-8664	-14192	692	-10420
533	-18224	-7940	-15648	484	-11214
1054	-18161	-7156	-16744	236	-10291
1903	-18238	-6168	-15908	-64	-8876
2677	-18147	-4940	-15812	-1252	-10716
-3608	-16800	-1556	-10363	3558	-17460
-2292	-16640	-1996	-9119	-1500	-15864
-2696	-8472	4674	-17049	-56	-15632
-2124	-8153	4744	-16334	1180	-15308
-2596	-6402	4296	-15864	2328	-14552
-3096	-5124	4805	-14987	2936	-14008
-2820	-4342	5344	-14352	3460	-13820
-3156	-4196	4759	-13487	4564	-14416
-3912	-3726	4446	-12571	5380	-13408
-2944	-2761	4786	-11697	6136	-13484
-3604	-3544	4416	-11120	6772	-13340
-3672	-2374	4323	-10476	7500	-13268
-4104	-2799	4079	-9914	8228	-12904
-3368	-2232	3842	-9488	8824	-13304
-3776	-2025	3557	-9340	9368	-12368
-3924	-1217	3142	-9298	10008	-12256
-4076	-1900	3392	-9175	10812	-11316
-3872	-189	3254	-9415	11392	-10808
-4380	-1054	3353	-8868	12048	-9792
-3160	-369	3376	-8374	12164	-8008
-2680	-107	2773	-7523	12384	-7104
-2600	-517	1784	-6248	12336	-6868
-2664	-774	1090	-4647	12200	-6740
-2992	-52	95	-2764	12220	-6596
-2448	603	-519	-588	11848	-7380
-3252	793	-1356	1225	11616	-9000
-3392	1549	-1421	2582	11784	-8544
-2536	2811	-1935	3912	11896	-8368
-3296	2556	-2423	5498	11736	-9760
-3960	2478	-2009	7098	10996	-8964
-2548	4732	-1539	8814	10048	-6972
-1952	3548	-2147	10960	9752	-8444
-1784	2325	-2644	13010	8856	-11168
-2536	4663	7844	-9224	-2032	5943
-2928	16357	6904	-11280	-1876	2799
-2755	18060	5676	-15636	-1536	7190
-3275	18538	4948	-12520	-2604	10460
-3054	19160	3752	-12576	-1208	4699
-1564	20468	2256	-17900	204	8397
-2004	20888	1728	-14348	-1624	9619
-1421	21071	-284	-15160	-800	3816
295	21622	-1948	-18760	1692	9400
-333	21909	-2188	-16012	-532	12935
-347	21482	-3928	-15504	1820	10018
1453	21910	-5792	-16968	3200	11560
255	22006	-6212	-16296	2812	14251
824	22784	-8068	-16128	4092	13432
3224	22255	-10104	-14164	4532	11577
4365	22307	-11792	-14920	5232	8530
3576	21759	-12260	-15732	5728	8695
3730	20720	-12804	-13320	5544	8603
5553	19923	-14072	-11996	5700	5569
5755	18642	-14356	-12136	5924	5686
4201	17661	-13708	-10652	5508	6330
4625	17183	-14080	-9268	5568	6525
5734	16650	-14776	-7796	5572	5879
5829	16425	-15308	-7032	5312	4458
5849	16492	-15820	-6504	4988	3177
5807	16753	-16404	-5612	4900	1367
5526	16292	-16636	-5116	4668	-562
4769	14987	-16600	-5224	4432	-1790
4048	13178	-16324	-4628	4212	-2872
3443	10903	-16052	-4460	3972	-4281
2176	8250	-15436	-4644	3788	-4918
809	5779	-14720	-4788	3804	-5114
407	3357	-14924	-4968	3744	-4466
425	1609	-14884	-4680	3700	-4423
97	113	-14956	-4760	3608	-4645
-225	-778	-14744	-4796	3708	-4391
-320	-1370	-14716	-4612	3512	-4468
-14644	-4652	3660	-4423	-765	-2401
-14384	-4688	3488	-3866	-351	-3284
-14696	-4520	3656	-2987	65	-3982
-15248	-4104	-15364	-4276	3776	-2401
-780	-5794	-15164	-4468	3688	-1881
-1009	-6912	-15408	-4684	3600	-2088
-898	-8136	-15744	-5068	3864	-2071
-1262	-9403	-15732	-5468	3836	-2341
-1625	-10996	-15620	-6800	3668	-3608
-1819	-13639	-15812	-7908	3864	-3784
-2230	-14758	-15204	-8516	3964	-3628
-1923	-15163	-14920	-9416	3996	-3208
-1645	-15632	-14288	-10292	3664	-1927
-1702	-16111	-13696	-10488	3368	-3175
-1229	-16838	-13408	-10896	3520	-5603
-977	-17371	-12720	-12204	3116	-8207
-1322	-17597	-11592	-13296	2872	-9179
-864	-17782	-10708	-13736	2876	-9868
-21	-17820	-10128	-14260	1820	-10818
316	-17711	-8924	-15308	1352	-10865
585	-17753	-7836	-15340	1516	-10328
1160	-17613	-6992	-15488	392	-10251
1743	-17295	-5984	-15956	584	-9979
2139	-16885	-4736	-15348	-184	-8080
2470	-16255	-3972	-15028	-788	-8821
2994	-15604	-3360	-15840	-1084	-7918
3056	-14743	-2272	-15572	-1648	-7148
3195	-14180	-1648	-15612	-1876	-6511
3556	-13628	-1100	-15880	-2436	-6544
3609	-13202	-60	-15644	-2344	-5759
952	-15604	-3044	-4932	3813	-11959
1776	-15632	-3252	-4210	4166	-11875
2620	-15032	-3416	-2857	3960	-11483
3472	-14536	-3592	-2331	4058	-10890
4076	-14816	-3868	-2031	4029	-10436
4656	-14260	-3544	-1476	4041	-10101
5192	-14028	-4508	-2218	3516	-9671
5780	-14728	-4328	-2345	3811	-9149
6440	-13920	-4164	-2332	3853	-8925
7240	-13696	-4144	-2784	4008	-8609
7632	-13564	-4148	-2660	3897	-8275
8248	-12964	-3948	-2066	3805	-7912
8624	-12988	-4248	-2465	3854	-7892
9140	-12520	-3748	-1781	3440	-7714
9556	-11916	-4084	-2135	3562	-7363
9876	-12744	-4476	-3002	3781	-6925
10476	-12856	-3636	-1809	3866	-6854
11120	-11968	-3820	-1947	3965	-6829
11364	-12348	-3520	-1523	3833	-7068
11632	-10116	-3136	-394	3336	-6980
11876	-8952	-3016	-1787	3119	-6270
12116	-8340	-2796	-1932	2484	-5467
12104	-6824	-2524	-1545	1505	-3773
11960	-7108	-2752	-2475	790	-1647
11660	-7316	-1868	-1397	30	147
11196	-8464	-2604	-264	-1057	1772
11064	-9692	-3160	636	-1853	3080
11396	-10020	-2444	2435	-2461	4025
11176	-9504	-3456	3320	-3183	5074
10960	-9404	-2752	4341	-3319	6892
9996	-8904	-2352	4759	-3493	8860
9268	-9272	-1836	4756	-4185	10821
8872	-10980	-1712	6194	-4466	12330
8196	-10800	-2108	8612	-4608	13692
7252	-11144	-2208	8193	-4472	15502
6568	-11904	-1360	8671	-4161	16761
5680	-13156	-1772	9871	-3439	17954
4192	-12496	-1084	8357	-2774	19426
2880	-14432	-1712	6091	-3234	20545
1796	-17320	-824	10969	-2057	20878
576	-13308	-80	8995	-1041	21177
-1536	-16292	80	4001	-1410	22011
-2184	-18996	500	10254	-1887	21895
-2924	-14360	228	8883	1008	21649
-5676	-16532	2200	4910	608	22276
-6288	-19444	1692	10167	-347	22068
-7452	-16028	2340	9404	2722	20747
-9688	-17596	4408	8216	1809	19595
-9124	-17124	3216	11755	1465	19890
-9884	-14488	3940	10011	4224	18769
-11428	-14832	5152	9527	3699	17858
-11156	-12884	4592	9297	4006	17662
-12420	-12144	5104	7437	5423	17107
-13728	-11776	5728	6330	4563	16094
-13680	-10576	5588	4332	4126	15369
-13684	-9672	4916	3401	4359	15222
-14400	-8928	5596	3263	4511	15346
-14948	-7944	5060	3193	3999	15012
-15332	-7792	4928	2264	3875	14166
-15652	-7520	5316	2563	3612	12912
-15328	-6568	4752	2364	3726	11507
-15612	-5940	4808	1835	3501	9929
-15572	-5240	4304	1321	2922	8183
-15344	-4880	4332	1010	2074	6395
-15204	-5000	4540	341	1487	4614
-14864	-4808	4388	105	1058	3007
-14956	-4416	4220	-722	693	1734
-14708	-3852	3968	-1246	57	1156
-14956	-4352	3992	-2602	-90	485
-14528	-4564	4284	-2775	-394	231
-14548	-4360	3960	-3213	211	15
-14928	-4372	4100	-3066	-114	-298
-14516	-4772	4272	-3157	-502	-1038
-14524	-5032	4212	-2937	228	-2252
-15472	-6184	4496	-1476	-744	-4272
-14884	-5204	4572	-807	-1233	-6446
-15688	-5856	4572	-2058	-1891	-8610
-15848	-6632	4772	-2343	-3209	-11138
-15552	-7416	5016	-2697	-3807	-13132
-15664	-7188	5152	-4038	-3860	-14503
-15552	-8228	5316	-5885	-4925	-15487
-14764	-9176	4844	-7279	-5150	-16165
-14508	-10220	5196	-8260	-5208	-16983
-13764	-10852	5340	-8942	-5310	-17830
-13104	-11996	4148	-9470	-4765	-18401
-12436	-12536	4316	-10761	-4289	-18876
-11644	-13888	4132	-10671	-3770	-19303
-10772	-13756	3680	-10885	-2556	-19664
-9896	-14020	2972	-12035	-2038	-19507
-8928	-14820	2356	-12373	-1263	-19476
-8416	-15612	1844	-13009	-384	-19624
-7376	-16140	1060	-12793	-96	-19311
-6040	-15788	376	-13436	559	-19181
-4732	-16844	-112	-13783	1102	-19065
-3508	-16272	-536	-12262	1847	-18579
-2432	-16352	-1680	-12424	2578	-18212
-1344	-16348	-1588	-11602	3126	-17737
-12	-16196	-2952	-10764	3468	-17410
1152	-15584	-2832	-9064	4207	-16853
2008	-15356	-3336	-7802	4627	-16330
2908	-14676	-3780	-6669	4852	-15868
3804	-14260	-3872	-6168	4804	-15103
5012	-13952	-3932	-4572	5056	-14451
5412	-13032	-4196	-4081	5632	-13671
6380	-12912	-3996	-4392	5415	-12606
7208	-12524	-4416	-3322	5199	-12125
7936	-11744	-4264	-3138	5355	-11439
8300	-11448	-4056	-2828	5102	-10670
9044	-11644	-4680	-2784	4607	-10027
9772	-10772	-4240	-2498	4328	-9444
10112	-10700	-4604	-2604	4177	-8909
10884	-10392	-4400	-2540	3907	-8341
11288	-10576	-4288	-2654	3770	-7860
11784	-9844	-4068	-1864	3462	-7487
12120	-9704	-4188	-1787	3431	-7110
12404	-10148	-4252	-849	3329	-6895
12780	-9464	-3904	163	3315	-6742
13092	-8436	-3672	460	3018	-6436
14020	-6704	-2992	977	2769	-5688
13756	-6136	-3120	-157	2406	-4605
13884	-5640	-2460	-68	1757	-3131
13636	-7264	-2924	-789	1103	-2099
13572	-7196	-3164	-608	134	-1404
14244	-7244	-2728	714	-437	-873
13644	-7596	-3644	943	-534	-44
13544	-6952	-2684	1668	-1224	946
13696	-7348	-2928	1427	-1363	1935
13256	-6284	-2644	2187	-1603	3296
13104	-6580	-2692	1464	-2081	4930
12780	-6300	-2304	1925	-2385	6729
11996	-6412	-1736	2048	-3158	8689
11492	-6896	-2396	2465	-3947	10722
10572	-8260	-2356	3296	-4227	12677
9732	-9580	-2680	3549	-4948	14131
9228	-10440	-2900	4134	-5817	15180
8868	-11160	-3020	5707	-5703	16276
7900	-11620	-3228	7103	-4884	17217
6592	-12296	-2636	5194	-4840	18232
5848	-14520	-2624	6976	-5571	18583
5492	-14208	-3308	10130	-4065	18804
3728	-12756	-2120	6666	-3101	19852
2540	-16900	-2004	6620	-4176	20418
2464	-16252	-2364	11165	-2683	20387
-100	-13504	-1044	6792	-1148	21328
-1328	-19420	-752	6757	-2975	21261
-1204	-17624	-532	13946	-1212	21076
-3208	-13952	-760	10768	1011	21585
-5720	-18328	2148	8688	-457	20949
-5564	-19012	2156	16220	989	20807
-6628	-14140	1704	14357	4180	20810
-9896	-15968	4032	11098	3517	20383
-9692	-16564	4676	13452	3192	19650
-9408	-12736	3512	12262	6217	20263
-12204	-13396	5780	9191	6847	19374
-12932	-13388	5524	10481	5542	19297
-13124	-10764	4900	8850	6573	19136
-14592	-10500	5728	6273	6228	18413
-14756	-9804	5992	5154	5939	17713
-15120	-8964	5372	5136	6707	17442
-16036	-7452	4964	3963	6866	16799
-16604	-7056	5108	1965	5124	15600
-15952	-6344	5044	837	4208	13707
-16024	-6144	4952	763	4586	11736
-16136	-4984	4328	-60	3795	9482
-16052	-5100	4060	-1733	2192	7152
-15272	-5156	4036	-2353	1059	5130
-14816	-4896	4084	-2513	983	3667
-14888	-4340	3892	-2783	771	2672
-15096	-4676	3836	-3933	385	1733
-14736	-5160	4196	-4214	-445	1120
-14196	-5364	4060	-3828	-278	374
-14656	-5520	3980	-3295	148	-677
-15156	-5732	4116	-2622	-506	-2116
-14924	-5864	4120	-2486	-1108	-4037
-15052	-6364	4124	-2036	-1265	-6047
-15520	-6680	4336	-1090	-2025	-7967
-15216	-6380	4380	-1396	-2516	-9951
-15468	-7056	4464	-2162	-3141	-11823
-15764	-7756	4392	-2280	-3844	-13131
-15612	-7760	4416	-3179	-4136	-14510
-15404	-8552	4768	-4771	-4714	-15674
-14992	-9724	4648	-5147	-5040	-16527
-14696	-10196	4616	-5865	-4437	-17721
-14732	-11572	4752	-6834	-4205	-18695
-14204	-12388	4436	-6986	-4139	-19651
-13236	-12444	4436	-8230	-3700	-20482
-11976	-13176	3676	-9346	-2911	-21123
-11256	-13788	3828	-10790	-2084	-21214
-9680	-14220	3272	-10830	-2014	-20849
-8524	-14488	2092	-12092	-1015	-20422
-7352	-14580	1648	-12957	-820	-19484
-6352	-15368	1564	-13383	-447	-18819
-4944	-15088	332	-12747	-52	-18096
-3824	-14860	-848	-14193	877	-17226
-3120	-15952	-848	-14861	1410	-16430
-2176	-16228	-1780	-14105	2119	-15972
-896	-15188	-2572	-14085	2512	-15464
100	-15916	-3488	-14043	3477	-14530
904	-16568	-4532	-12653	4478	-14079
1516	-15868	-4168	-10561	5269	-13732
2328	-15148	-4512	-9820	5388	-13508
3596	-14844	-5212	-8667	5579	-13150
4592	-14428	-5700	-7165	6310	-12809
4856	-13292	-5264	-6475	6984	-12262
5788	-13088	-5828	-6177	6133	-11770
6808	-12408	-5888	-4360	6041	-11220
7432	-11448	-5804	-4134	6159	-10355
8108	-11060	-5356	-3351	5638	-9616
8488	-10588	-5100	-2241	5056	-8780
9176	-10176	-5336	-1546	4311	-7904
9624	-10192	-5512	-1076	3871	-7133
10172	-9444	-5620	-1299	3355	-6317
10508	-9764	-5348	-1694	3028	-5363
10720	-10244	-5832	-1041	2777	-4682
11140	-9612	-6044	-1100	2709	-4026
11492	-10280	-5476	-1364	2648	-3681
11852	-10948	-6064	752	2337	-3839
12072	-9908	-5844	1391	2566	-3807
12140	-9752	-5456	1539	2722	-3859
12180	-9336	-5364	1610	2817	-3668
12360	-9584	-5360	1009	2469	-3241
12836	-9792	-4988	677	2476	-2968
13112	-8944	-4636	-107	2324	-2901
13256	-9544	-4724	-784	2030	-3055
13404	-8348	-4468	-251	1405	-3004
13268	-7892	-3732	-55	1075	-2367
13328	-7408	-2832	935	425	-1698
13028	-7972	-3588	1560	-181	-1019
12952	-8616	-3948	1980	-1049	-549
12968	-8388	-3884	2673	-1620	-74
12980	-7212	-3948	2288	-1976	921
13024	-7548	-3688	1570	-2603	2187
12752	-7708	-4124	2227	-2641	3613
12196	-7220	-2892	3120	-2573	5306
11412	-7544	-2712	4384	-3191	6923
11044	-7472	-3128	6065	-3613	9032
10284	-8776	-2940	6396	-3521	11099
9916	-9272	-2368	7780	-4073	12745
9108	-10520	-2804	8004	-4026	14169
8332	-11176	-3616	9091	-4210	15154
7200	-11952	-3964	8358	-3554	16205
6360	-11692	-2628	7109	5608	-14868
-2192	7578	-3460	17736	4648	-14548
-3580	9607	-3072	18280	3396	-12500
-2612	4375	-2112	19267	2268	-17644
-668	5643	-2490	19598	1344	-16924
-1864	11068	-1879	19337	-132	-14084
-1172	7559	-923	20009	-1292	-18036
-332	6686	-1325	20048	-2060	-18492
176	12132	297	19500	-3776	-15144
780	9664	1651	19152	-5196	-17344
2256	6550	752	18765	-5288	-18468
1456	11211	1183	18872	-6616	-16144
2560	9002	3684	17878	-8776	-16904
4320	7652	2240	17539	-7884	-16076
3068	9225	1306	17016	-8428	-15220
3884	8359	3569	16648	-10556	-15044
5348	8388	3274	15566	-10176	-13924
4700	8077	2202	15395	-9632	-12412
4584	7982	2882	15428	-11196	-12828
5472	6767	3890	15529	-11740	-11824
5728	7450	4118	14960	-12240	-10376
5460	7183	5277	14873	-13312	-9256
4948	6585	5857	15632	-14380	-8644
5228	5699	5411	16310	-14632	-7240
5024	4485	5496	16689	-15388	-6708
4824	2837	6113	16623	-16192	-6304
5032	1633	6153	15828	-16748	-5944
4544	824	5657	14490	-16948	-5716
4320	-987	4873	12369	-16496	-5740
4200	-2256	3117	10033	-15564	-5496
4284	-2095	1634	7347	-14632	-5228
4332	-651	1278	4659	-14412	-4656
4312	382	1488	2502	-14856	-4484
4400	69	1242	737	-15040	-4684
4296	-429	419	-251	-14932	-4760
4592	-586	-325	-1138	-14572	-4768
4500	-523	-232	-2033	-15028	-5288
4648	-1647	-518	-3163	-15264	-6312
4588	-1427	-1676	-4780	-14660	-5460
4364	-559	-1583	-6339	-15468	-5904
4720	-2123	-1948	-8364	-15760	-6780
4724	-2551	-3304	-10080	-15396	-6420
4132	-2503	-3586	-11668	-15860	-6280
4476	-3662	-4064	-12726	-15852	-7404
5020	-5332	-4947	-14682	-15600	-8664
4672	-5853	-4986	-16211	-15800	-8688
4876	-7281	-4552	-17348	-15336	-9352
5008	-10061	-5391	-18304	-14132	-10660
4492	-11915	-5086	-18798	-13464	-12424
3896	-11607	-4371	-19583	-12476	-11864
3620	-12870	-3155	-19859	-11964	-13260
3760	-14673	-2706	-20302	-10804	-14756
3004	-13944	-2230	-20364	-9524	-14764
1972	-13427	-1137	-20500	-8672	-15524
980	-13683	-190	-20086	-7672	-16296
796	-12758	344	-20129	-6232	-15360
96	-11416	866	-19785	-4764	-15492
-776	-12184	1391	-19250	-3540	-15756
-1772	-10925	2445	-18662	-2760	-15024
-1444	-10986	3002	-17794	-1832	-15628
-2052	-10579	3227	-16838	-740	-15484
-3076	-8990	3729	-16147	224	-14840
-3164	-10278	4164	-15256	1052	-15560
-3436	-9444	4238	-14538	2016	-15048
-4288	-7818	4342	-14040	2964	-14912
-3788	-7807	4958	-13407	3940	-14648
-4080	-6512	4761	-12722	5016	-13956
-4568	-5228	4788	-12576	5628	-13464
-4944	-3613	4915	-12176	6112	-12676
-4972	-2947	4820	-11295	6900	-12144
-4916	-3066	4447	-10549	7816	-12028
-5412	-2418	3907	-9861	8516	-11116
-4736	-2451	4534	-9107	8656	-10976
-5292	-2669	4162	-8339	9540	-10880
-4660	-2683	3668	-7385	10060	-10500
-5072	-2385	3495	-6870	10372	-10316
-5612	-3243	3330	-6129	10436	-10968
-5496	-3177	3184	-5656	10932	-10792
-5344	-2594	3103	-5359	11524	-10468
-5264	-2149	3272	-4983	11644	-11148
-5408	-1135	3351	-4947	12044	-10132
-5076	-529	3463	-4738	12396	-9924
-4796	-684	3281	-4647	12676	-8832
-3848	1008	3185	-4354	12484	-6732
-3528	1177	2617	-3302	12312	-6872
-3856	-530	1620	-1733	12536	-7292
-2504	1316	687	-192	12164	-6348
-3544	1560	-434	1228	11572	-8840
-3352	977	-1122	2832	11780	-9460
-3124	3196	-2085	3435	11820	-8176
-2880	4618	-2573	4535	10760	-8536
-4136	5273	-3625	8262	10004	-9140
-2768	6635	-3719	10096	9148	-9308
-2164	7679	-4313	12072	9148	-10112
-2564	7578	-4708	13749	8112	-12792
-2832	10579	-3638	14736	6784	-11296
-2964	11068	-3196	15998	6424	-12468
-1336	8904	-3129	17066	5808	-14900
-1960	13033	-2929	17828	4448	-12076
-2824	12337	-882	19295	2268	-14276
-392	6214	-87	20080	1376	-17704
1568	10661	-1324	20554	1020	-13872
-1804	10842	-348	20871	-1512	-15632
-240	3261	1788	21593	-3440	-19400
3348	7890	210	21348	-2604	-14260
948	9928	476	21150	-4608	-15424
1096	3539	2772	21823	-7104	-19728
4388	7329	1281	21486	-7104	-16348
2416	9481	2371	21156	-9088	-15604
-10224	-17432	4852	10280	2127	19651
-9680	-14648	4152	10252	3721	19143
-11528	-13480	4948	8631	4498	18832
-12160	-13444	5420	9297	3849	18025
-12052	-12052	5104	8050	4783	17566
-13364	-11420	5544	6403	5720	17094
-14280	-10668	5712	5744	5067	16202
-14380	-9292	4904	5831	5031	16361
-14536	-7868	5052	5029	5403	16762
-15112	-7308	5064	3537	5498	16945
-15640	-6884	4860	2671	5691	16844
-16304	-6360	4844	2151	5939	15660
-16720	-5960	4672	817	5373	13785
-16612	-6056	4208	-98	4011	11236
-15784	-5308	4096	175	2630	8526
-15116	-4688	4228	747	2073	5658
-15116	-4664	4268	1007	1471	3488
-14808	-4080	4364	621	848	1966
-14752	-3716	4472	-224	638	1163
-14856	-4212	4324	-1319	170	214
-14888	-5096	4424	-1579	-443	-345
-14376	-4356	4140	-1281	-190	-1007
-15060	-4248	4100	-2691	-356	-2175
-15320	-5328	4496	-2473	-1755	-3609
-14896	-5084	4384	-1456	-1356	-5278
-15580	-4972	4580	-1466	-1648	-6931
-15628	-5092	4808	-2074	-3052	-8983
-15808	-5668	4548	-2658	-3546	-11124
-16260	-5968	4284	-3416	-4085	-13164
-16568	-6632	4844	-4690	-4767	-15134
-16588	-7132	4836	-6566	-5619	-16205
-15948	-7772	4588	-9147	-6151	-17076
-15152	-9536	4508	-10527	-6450	-17936
-14144	-10480	4852	-10889	-5660	-18337
-13640	-11336	4272	-11784	-4683	-19101
-13284	-12288	3840	-12819	-4329	-19382
-12096	-13384	3916	-13010	-4044	-19982
-10988	-14120	3116	-12497	-2685	-20213
-10412	-14608	2968	-12439	-1638	-20433
-9116	-14408	2372	-12440	-1421	-20222
-7944	-15412	1092	-13137	-545	-19852
-7024	-15768	772	-12255	615	-19617
-6056	-16216	384	-12305	1412	-19380
-4892	-15840	-160	-11734	1934	-19024
-3552	-15456	-1284	-12156	2506	-18323
-2404	-16788	-2292	-11435	3298	-17884
-1676	-16120	-2036	-9441	3987	-17311
-872	-15756	-2500	-8995	4016	-17085
540	-15080	-2900	-8300	3792	-16533
1692	-15176	-3216	-8267	4149	-15752
2572	-15184	-3628	-6268	4583	-15066
3564	-13660	-3148	-4953	4735	-14210
4436	-13744	-4100	-5776	4492	-13353
5384	-13616	-4188	-4675	4367	-12563
6344	-12560	-4692	-4434	4367	-11740
7108	-12588	-4760	-4367	4557	-10916
7776	-12176	-4572	-4074	4457	-10152
8428	-11428	-4780	-3860	3854	-9456
9184	-11948	-4608	-3571	4195	-8961
9548	-11308	-4536	-2573	3932	-8694
9976	-10624	-4744	-2556	3277	-8253
10516	-10844	-5048	-2602	3083	-7650
10948	-10852	-4832	-1467	3258	-7294
11056	-10160	-5000	-1424	3065	-6709
11612	-10192	-5168	-1412	2714	-6045
12128	-10660	-4500	-796	3306	-5795
12268	-9716	-4056	491	2844	-5711
12684	-8756	-4416	271	2403	-5321
12972	-8168	-3800	489	2186	-4688
12756	-7412	-3984	732	1937	-3805
12752	-6608	-3356	425	1322	-2395
12840	-6384	-3388	-448	403	-946
12880	-7020	-3632	-579	-45	475
12528	-8288	-3736	-560	-797	1715
12684	-9004	-3800	495	-1442	2516
12736	-8424	-3332	1718	-1556	3020
12412	-8748	-3340	2060	-1719	3784
12080	-8080	-3284	3942	-2485	4875
11520	-7316	-3528	3303	-2553	6699
10588	-8580	-3132	3284	-3152	8598
10176	-9908	-2692	5229	-3654	10164
9916	-9688	-3744	6470	-3721	11716
9016	-10976	-3024	6502	-3424	12847
8332	-13160	-3020	8304	-3555	13668
8088	-12248	-3348	10535	-3389	14485
7356	-10912	-2440	8206	-2427	15873
6136	-14236	-1304	8757	-2253	16409
4968	-13864	-2940	9328	-1823	17425
4044	-12764	-1972	4995	-1337	18667
3300	-16684	28	8691	-1962	18812
2504	-13916	-1788	11577	-577	19233
748	-12964	-468	5120	1238	19973
-1740	-19276	3532	7784	-481	20642
-1060	-15740	-296	11444	-1632	20612
-2344	-13948	-192	6132	2194	21283
-5576	-18864	4380	8762	1244	21265
-5660	-16504	2884	8803	897	21551
-7148	-15504	1492	3548	2136	22238
-8084	-16928	3468	8701	1959	21392
-8292	-14000	4040	6747	4267	21312
-11596	-15240	4252	3689	4603	21516
-12488	-15544	2640	9081	3428	21068
-12500	-12620	3188	8318	5100	19639
-14240	-12476	5196	5895	4803	18644
-14516	-11848	4540	5423	4113	17489
-14708	-10800	4280	5859	4080	16971
-14972	-9180	4292	5956	3924	16813
-15172	-8080	4004	4917	3662	16654
-15340	-7244	4120	3417	3407	16176
-15704	-6872	4300	2293	3684	15070
-16280	-6448	4172	1400	3708	13382
-16340	-5932	3792	137	3012	11367
-16124	-5568	3804	-1188	1959	9445
-15544	-5496	4232	-616	1067	7311
-14860	-4680	4292	803	1152	5525
-15204	-4544	4408	957	1160	3998
-15240	-4648	4412	1692	37	2827
-14872	-4072	4164	2202	-95	2188
-14700	-3976	3900	1565	26	1349
-15296	-5076	4136	1980	-753	420
-14444	-5060	3844	3791	-1123	-447
-14720	-4452	4148	3308	-411	-1727
-15464	-4844	4596	4637	-1617	-3003
-14416	-2740	4120	5361	-1196	-4223
-15472	-3104	4684	-126	-1666	-6449
-16060	-6116	5128	-778	-4035	-8362
-14780	-4752	5036	1017	-3207	-9904
-15864	-3856	5244	-2510	-3287	-11467
-16572	-6012	5060	-5695	-5389	-12629
-15252	-6528	5244	-6603	-5750	-13202
-15380	-7424	5416	-7608	-5633	-14231
-15008	-8476	5520	-8703	-6179	-14729
-14340	-8504	5628	-9730	-6021	-15208
-14048	-10108	5760	-10682	-6597	-15799
-12808	-11064	5020	-10720	-5704	-16224
-12732	-11744	4504	-10076	-4791	-16592
-11876	-11224	4412	-11323	-4240	-16852
-11212	-12388	4432	-13163	-3770	-17103
-10048	-13544	3492	-12748	-2657	-17375
-9572	-15052	3308	-12603	-1423	-17429
-8456	-14896	2684	-11344	-792	-17586
-7852	-15372	2204	-11229	-333	-17555
-6680	-15532	1576	-10962	-10	-17460
-5516	-15784	956	-10022	588	-17095
-4556	-15076	424	-10123	1206	-16576
-3812	-15180	-684	-11312	1671	-15573
-2984	-15984	-300	-10927	2078	-14958
-1892	-15932	-1540	-9977	2437	-14964
-1276	-15680	-1528	-9627	2839	-13977
-236	-16624	-2036	-8193	3172	-13493
524	-15672	-2064	-5781	3479	-13328
1288	-16216	-3148	-4052	3740	-12995
2424	-15596	-3220	-2269	3811	-12572
3164	-15288	-2980	-1505	4207	-12490
3740	-14500	-2848	-2144	3917	-11971
4836	-14480	-3020	-2314	3899	-11315
5496	-14452	-2840	-2149	4141	-10977
5964	-13908	-2912	-1657	3682	-10464
6796	-13456	-2948	-2016	3423	-9823
7300	-13196	-3220	-1666	2886	-9246
7976	-13168	-3424	-2295	2918	-8604
8360	-12972	-3076	-1477	2431	-8119
8692	-12848	-3420	-2416	2559	-7478
9216	-12688	-3272	-2418	2349	-6921
9612	-12328	-3424	-2541	2308	-6414
10092	-11992	-3008	-2815	2424	-5898
10320	-12156	-3404	-2408	2301	-5674
10716	-11504	-3280	-2429	2547	-5288
10924	-12028	-3436	-2332	2276	-4917
11444	-11608	-3400	-2112	2201	-4680
11444	-11684	-3388	-1899	2272	-4646
11624	-11584	-3472	-1696	2098	-4640
11912	-11412	-3452	-1376	2150	-4738
12108	-10636	-2904	-917	2142	-4759
12292	-9660	-3032	-1000	1975	-4297
12156	-9580	-2912	-636	1649	-3466
12268	-8940	-2772	-572	1202	-2503
12540	-8200	-2476	-349	718	-1335
12312	-7808	-2336	-410	138	-8
12168	-8940	-2644	-646	-193	1390
12124	-9108	-2528	864	-777	2361
11812	-8912	-2512	33	-1019	3459
12028	-9368	-3048	-324	-1579	4382
11988	-9900	-2948	215	-1481	5214
11972	-8792	-2684	1111	-1578	6195
11320	-9264	-2324	827	-1620	7710
10688	-10528	-1944	2967	-2112	8809
9604	-10104	-2528	4181	-2492	10073
8932	-10596	-1688	3429	-2939	11373
8108	-12768	-2084	5253	-3808	12318
7760	-12164	-2904	7779	-3555	13107
6788	-12600	-1388	6315	-2599	14245
5848	-13524	-1664	5932	-3526	15492
5596	-12608	-1876	6600	-3271	16569
4352	-13128	-1508	2765	-1765	17499
2220	-16116	-2128	2257	-2143	18593
1772	-16228	-552	6974	-2773	18914
920	-14448	-772	5093	-1390	18984
-1252	-15088	-160	1269	-1893	20015
-1736	-17924	-124	8179	-3776	20276
-2032	-15460	-1324	9532	-1200	20132
-5032	-17308	1788	5833	452	20396
-5796	-17628	1508	14919	-2475	20640
-5132	-13248	1308	12358	1073	20016
-9260	-17524	3752	7109	2517	19930
-9952	-18536	3740	13318	78	19656
-7964	-12860	2204	11460	3250	18890
-12184	-15088	5432	7098	5038	18154
-12932	-16016	5016	9213	2018	17263
-11132	-12532	4044	6749	3232	16488
-12684	-12288	5448	3627	4332	15782
-12844	-12128	5328	5579	2844	14963
-12044	-9968	4524	5106	3633	15260
-13300	-9572	4580	3991	4274	15676
-14136	-8760	4832	4686	3672	15684
-14288	-7424	4792	3643	4191	15797
-15548	-7400	4712	2487	4653	15620
-16164	-6920	4928	1871	4506	14639
-16260	-6784	4860	1517	4035	13078
-15648	-5512	4488	2014	3805	11373
-15788	-4624	4016	704	3690	9243
-16000	-4932	4172	-653	2072	6948
-15164	-5004	4248	-689	912	4864
-14532	-4224	4036	211	1264	3305
-14856	-3076	3808	785	1689	2242
-15540	-3008	3912	-1450	607	1095
-15212	-4348	4160	-2420	-805	258
-14444	-4796	4072	-1827	-378	-498
-14792	-4288	4152	-1525	123	-1241
-15176	-4464	4224	-2579	-590	-2374
-14988	-5284	4096	-2585	-1418	-3665
-14760	-5460	4532	-1941	-1464	-5344
-15364	-5312	4496	-2655	-1356	-7151
-15928	-6304	4492	-2829	-2508	-9268
-15648	-6968	4456	-2661	-3330	-11315
-15508	-7000	4372	-2722	-3175	-12735
-15736	-7480	4380	-3149	-3778	-14369
-15524	-7712	4064	-4089	-4697	-15566
-15044	-8536	4556	-5424	-4734	-16637
-14944	-9784	4880	-6993	-4431	-17289
-14408	-10316	5156	-8417	-4343	-17706
-13788	-11080	4932	-8859	-4104	-18118
-12996	-11856	4020	-9424	-3362	-18908
-12444	-12580	3612	-10747	-2674	-19355
-11548	-13396	3764	-11567	-2242	-19578
-10348	-14544	3500	-10718	-1636	-19735
-9288	-13776	2536	-10551	-508	-19540
-8500	-14888	1988	-12082	63	-19373
-7448	-15964	1540	-10264	186	-18767
-6476	-15324	968	-9947	975	-18464
-5440	-15916	588	-9835	1099	-18154
-4380	-16416	172	-8721	1427	-17841
-3048	-15812	-304	-8615	2054	-17672
-2092	-16024	-1080	-8263	2186	-17119
-984	-15852	-1212	-7219	2383	-16538
24	-15468	-1748	-8043	2993	-16205
776	-16248	-1592	-7391	3072	-15334
1800	-15352	-2644	-5277	2854	-14724
3208	-14056	-2508	-6269	3132	-13906
3968	-15212	-2608	-5573	3366	-13295
4904	-14140	-3524	-3928	3503	-12610
5664	-13508	-2868	-4289	4136	-11888
6104	-13780	-3016	-3608	3780	-11264
7076	-12480	-3304	-2978	3768	-10503
7516	-13436	-4444	-4046	4096	-9644
8084	-12892	-3684	-3371	3833	-8867
8704	-12488	-3420	-2667	3663	-8371
9164	-11568	-3824	-3713	3151	-7849
9792	-11436	-3516	-3413	2774	-7466
10252	-11176	-3696	-3396	2824	-6827
10520	-10612	-3800	-3660	2435	-6083
10932	-11176	-3728	-3390	2201	-5308
11060	-10836	-4060	-2570	2256	-4904
11180	-10176	-4240	-3152	1853	-4210
11580	-10928	-4164	-2948	2031	-3667
11540	-10844	-4556	-2637	1980	-3326
12096	-10272	-4292	-2740	2150	-2968
12232	-10580	-4016	-2695	2266	-2701
12332	-10356	-4124	-1930	2077	-2554
12512	-9612	-3772	-1441	1872	-2308
12104	-9256	-3620	-1805	1345	-1932
12332	-9044	-3448	-699	641	-1214
12204	-8172	-3648	-711	257	-212
12088	-8704	-3424	-1589	-113	881
12136	-9888	-3712	-729	-841	1568
11888	-9632	-4008	427	-982	2149
11720	-9652	-3496	618	-1704	2861
11708	-9868	-3264	1700	-2480	3513
11496	-8304	-3408	3003	-3172	4608
10956	-8452	-2888	2984	-3635	6253
10516	-9048	-2860	3869	-4407	7895
10104	-9404	-2372	5247	-4900	9463
9420	-9736	-3556	6765	-5288	10925
8556	-10480	-3240	6937	-4942	12617
7940	-12776	-2852	8154	-5342	13670
7676	-12780	-2508	11203	-5039	14426
6464	-11212	-3340	10893	-3872	15821
4904	-12880	-2476	7551	-3797	17497
4320	-16284	-1700	10815	-3593	17912
3208	-14176	-2520	13553	-2360	18407
1564	-13040	-1208	8078	-1102	19676
28	-18344	868	10021	-1985	19548
-136	-17036	-844	15578	-1121	19232
-2184	-13776	268	9282	1700	20327
-4704	-19044	2992	8955	-686	20096
-3412	-17144	1588	14691	19	19678
-5088	-13076	1284	9443	4105	20640
-8392	-16544	5140	6193	2563	20487
-7720	-16392	3972	9989	1540	20443
-8908	-14088	3188	6129	4652	20933
-11980	-16516	5220	4888	3348	19939
-11864	-15440	5400	7848	2415	18116
-11148	-12200	4444	5696	4818	17533
-13556	-14396	5240	4149	4216	16418
-13408	-13524	6120	5743	3547	14675
-12724	-11572	6024	5281	4442	12860
-13172	-10212	5208	5670	4550	12556
-13316	-8912	5452	4711	3709	12557
-13436	-8436	5052	3102	3122	12894
-13260	-8112	5184	2115	3662	13240
-13692	-7444	5168	2400	4888	13288
-14592	-6684	5072	2212	6219	13346
-15684	-6436	4820	1449	5829	12482
-16052	-6192	4780	976	4689	11096
-15852	-5532	4604	350	3965	9545
-15840	-5092	4296	-688	3018	7643
-15444	-4236	4036	53	2185	6043
-15264	-4048	4044	-523	1602	4106
-15268	-4344	4096	-994	651	2714
-14852	-4216	4120	-739	298	1404
-14612	-3764	4020	-651	579	796
-14956	-3616	4132	-670	392	246
-14968	-3892	4020	-1643	-362	-128
-14652	-4232	3824	-1873	-610	-513
-14660	-3912	3332	-1677	-166	-854
-15160	-3696	3156	-2094	-314	-1147
-15352	-3856	3488	-3308	-1259	-1747
-15064	-4512	3640	-3476	-1582	-2501
-14724	-4324	3708	-2856	-1100	-3411
-15320	-4212	3852	-3194	-1048	-4674
-15320	-4792	3912	-3362	-1951	-6142
-15356	-6100	4060	-2530	-2381	-7788
-15228	-5396	3860	-1708	-1760	-9161
-15904	-5564	3860	-3784	-2446	-10982
-15764	-7404	3808	-4290	-3669	-12601
-15104	-8080	4112	-3180	-3545	-13585
-15172	-8096	4176	-4319	-3164	-14365
-14952	-8996	4372	-5984	-3732	-15044
-13672	-9816	4476	-6020	-3846	-15614
-13128	-10156	4020	-5453	-2587	-15861
-13156	-11252	3588	-6156	-2786	-16382
-12484	-12220	3956	-7371	-2989	-16490
-11532	-12896	3992	-7964	-2292	-16814
-11048	-13308	3484	-8589	-1292	-17008
-10768	-14648	2980	-9134	-1180	-17428
-9948	-14404	2308	-9708	-536	-17566
-8968	-15248	2028	-11810	-482	-17851
-7964	-16752	1360	-11164	205	-18144
-6996	-16000	940	-10984	1049	-18311
-5960	-16988	276	-10915	1284	-18416
-4748	-16428	-336	-10600	1864	-18264
-3696	-16824	-816	-11293	2441	-18411
-2460	-16564	-1372	-9775	2655	-18074
-1284	-16248	-1520	-9935	3370	-18182
-104	-15452	-2220	-9105	3115	-17367
920	-16480	-2652	-8836	4515	-17147
1600	-14300	-2752	-7391	4440	-16715
2704	-14588	-3772	-8825	4324	-15760
3652	-15436	-3804	-7139	5191	-15337
4528	-12960	-3788	-5915	4916	-14737
5180	-13432	-4616	-7501	5027	-13821
6128	-12972	-4972	-6454	4761	-12593
7176	-12196	-4032	-5364	5207	-11934
7676	-11296	-4612	-5365	4946	-10983
8472	-11268	-4228	-5178	4581	-9906
9008	-10840	-4440	-4522	4339	-8868
9444	-10236	-4192	-4182	3887	-7893
9984	-10520	-4784	-3779	3439	-6930
10596	-10240	-4948	-3571	2924	-6134
11064	-10192	-5084	-4074	2645	-5344
11500	-9984	-4952	-3641	2679	-4735
11612	-9764	-5092	-3698	2822	-4175
11600	-9188	-4960	-3484	2650	-3437
12108	-8984	-5092	-3002	2167	-2806
12264	-8964	-5044	-2984	2040	-2060
12108	-9736	-5184	-1519	1462	-1778
12232	-9480	-5644	-729	1144	-1669
12376	-10424	-4732	-262	909	-1875
13212	-8500	-4828	1660	316	-2139
12680	-7692	-4812	1847	914	-1236
12400	-7072	-4448	845	264	117
12740	-7068	-3856	41	-372	1319
12236	-8128	-4216	219	-984	2468
11932	-8740	-4472	505	-1534	3401
11768	-8140	-3892	1375	-2446	4201
11372	-8276	-3656	1775	-3201	5498
10948	-8116	-3644	3531	-4473	7073
10108	-7748	-3420	4877	-4931	9005
9392	-7820	-3520	4768	-5828	11129
8652	-9488	-4204	4420	-6750	13135
8064	-11948	-3584	8424	-7210	14054
7708	-9880	-3380	10125	-6422	15309
5872	-10508	-2772	6741	-6680	17502
5168	-15200	-4432	10702	-7448	18092
4500	-12640	-5400	13791	-5056	19153
2280	-12000	-1820	6539	-4452	21265
1440	-17696	-1668	9603	-6612	21428
580	-17692	-4696	18075	-3397	21088
-1896	-12300	-1848	9419	-132	21812
-3640	-19900	2564	8900	-3574	21854
-2576	-19028	-1648	20752	-3230	20864
-4860	-14132	-1068	12496	3844	20827
-8844	-20440	4244	11283	823	20808
-7004	-18416	1428	19758	-40	20279
-6588	-12736	1936	15549	5177	19562
-11548	-18924	6348	16558	4880	18397
-9780	-17008	5016	25669	1984	16962
-6920	-10212	2628	27561	7037	18257
-11324	-11516	5220	21784	12971	18648
-15008	-11712	7328	22984	12194	17735
-14040	-7848	7084	22067	12539	15342
-15432	-5832	6336	18561	14971	16154
-17612	-5400	6788	14167	13382	14522
-17272	-4312	7164	9712	9798	13026
-15840	-3404	7160	4826	8502	10635
-15604	-3044	7376	835	7501	8949
-15760	-2952	7132	-3261	6060	6494
-15576	-3576	6900	-6182	4047	4819
-15172	-2724	7268	-10716	3674	4167
-15912	-3832	7244	-17838	1695	3489
-14812	-4352	6620	-21230	-939	3649
-13264	-4700	5688	-22268	-136	3133
-13400	-5360	4464	-21071	1587	2449
-14740	-5956	3524	-18474	1672	1570
-15008	-6488	3272	-14210	136	752
-14616	-5876	2616	-9612	-182	-163
-14996	-5420	2776	-5470	261	-925
-15096	-5224	3464	-1644	-17	-1393
-14656	-4908	3220	1771	301	-1789
-14756	-4540	3212	4060	868	-2169
-15128	-4288	3216	5863	1183	-2112
-15344	-4008	3304	6580	699	-1809
-14776	-4004	3316	6812	213	-1571
-14460	-3728	3200	7334	756	-1515
-15252	-3392	3240	7363	1206	-1326
-15892	-2864	3072	6102	558	-969
-15456	-2892	3408	4608	-94	-636
-14860	-2928	3492	3225	-256	-545
-14708	-2796	3620	1948	69	-486
-15000	-2692	3436	322	142	-683
-15224	-3204	3276	-992	-262	-720
-15036	-3248	3692	-1382	-269	-560
-15064	-3292	3504	-2134	-209	-364
-15060	-3680	3656	-2392	-500	-76
-14892	-3992	3604	-2110	-358	248
-15084	-4012	3512	-1732	-659	462
-14860	-4024	3444	-1527	-996	298
-14752	-4188	3812	-678	-1253	-19
-14296	-3712	3284	-260	-781	-402
-15108	-3804	3724	-77	-457	-732
-15092	-4052	3948	843	-877	-1007
-14100	-3724	3916	1419	-777	-898
-14188	-3332	3456	909	149	-861
-15136	-3676	3936	473	-164	-650
-14472	-3900	4144	712	-455	-366
-14636	-3104	2980	-1922	-475	-339
-14780	-4564	3724	-1396	-1151	161
-13844	-4572	3808	-1388	-220	547
-14560	-4344	3952	505	1374	618
-14888	-3608	3752	-519	797	302
-14740	-4344	3872	-892	448	155
-14664	-4080	3716	-379	365	-290
-13708	-3684	1800	-2209	-2028	315
-13448	-3484	2992	-427	2802	-1240
-16520	-4436	3204	-3365	2429	-1060
-15484	-4160	3464	-3338	-1443	-1574
-13800	-4784	3680	-3657	-3585	-4066
