0	0	0	0	0	0
14140	8428	4704	-1324	-226	-925
16132	7340	992	-1930	16	-683
15476	7192	1528	-2561	148	-821
15576	7188	1604	-2503	718	-772
15288	7120	2896	-1392	729	-476
14320	7028	2884	-248	-137	14
15852	6476	2608	1906	-1444	1641
16724	5804	3172	6134	-1483	1177
13580	10848	452	1485	-1116	98
16776	4896	1128	-2203	-1553	1346
14676	7712	700	-1634	-772	886
15612	6092	264	-2681	-282	906
15140	6812	320	-1695	-50	656
15352	6048	1096	-878	477	281
15492	6388	776	745	445	-32
15596	6736	776	1067	522	-136
15288	6784	968	1057	727	-214
15748	6752	880	616	628	-103
15760	6948	1560	-186	670	40
15292	6672	1476	-566	752	72
15584	6900	1440	-317	402	87
15712	6960	1604	-416	177	175
15524	6720	1720	-176	-50	47
16028	7028	1120	-60	-324	20
15880	7112	1324	-215	-289	20
15972	6876	1244	-470	-213	-52
16112	7144	1068	-146	-332	-39
15832	7184	1456	-381	-305	52
16496	7292	712	-365	-204	-8
16704	7496	892	-542	-134	-191
16708	7448	1228	-569	-78	-445
16900	7536	1284	30	-323	-559
16992	7532	1204	363	-133	-727
16560	7760	812	822	-43	-821
16380	7224	752	1085	-308	-476
16432	7588	676	639	-150	-247
16344	7440	448	-382	64	62
16664	7320	8	-982	90	364
16728	7108	928	-1379	277	363
16436	6664	908	-1305	308	39
16708	6364	1012	-282	-21	-217
16196	7400	1556	990	-10	-626
15816	6752	1424	1758	-456	-684
15932	6344	508	2528	-735	-575
15308	7824	852	2181	-210	-277
15124	6928	388	1608	-321	150
14268	6468	512	899	-617	910
14480	7228	1092	75	-499	1366
14920	6212	604	-897	-591	1731
14412	6080	740	-1276	-37	2024
15084	5852	932	-1338	-539	1798
14960	5464	908	-309	-269	1198
14184	5716	1660	379	-224	800
14936	5368	-156	915	-140	641
15428	5944	352	1365	-214	265
14212	6068	380	-1	78	371
15848	6492	-1244	-1221	-170	453
16188	6432	-180	-2280	776	739
14092	5052	1380	-2374	440	984
16432	5552	348	-1674	36	754
16208	6124	-112	-1030	-196	724
16364	5768	764	-1198	-205	661
16992	5784	176	-616	188	419
16428	5996	108	-626	455	581
16692	5728	1296	-295	747	0
16296	5396	332	445	680	-296
16088	6196	920	349	544	-205
16212	5648	600	112	291	-313
16700	5612	-332	-75	-317	42
16552	7056	688	-1203	238	76
16768	6416	496	-1624	394	220
16000	5932	584	-1260	820	790
15528	6224	1072	-1456	681	1019
15860	5696	140	-1659	531	1497
16292	6748	764	-2005	1210	1480
15684	5240	288	-2212	920	1662
15344	4812	772	-1635	337	2051
15172	5108	2464	-1208	702	1441
15560	4576	916	88	201	867
15696	5084	2212	890	-83	869
15036	4812	2708	1538	133	-379
15248	5152	1080	2287	-912	-512
15420	6696	1168	1700	-774	96
16392	6160	776	1294	-810	159
15316	5404	-1608	-10	-1526	2037
15772	6416	1864	-2262	-47	2318
17264	4572	1052	-2074	790	1237
15280	3604	664	-531	1143	1465
15628	3928	3488	823	783	702
15748	3532	1472	2315	68	-701
15848	4968	-276	2547	-508	-228
16916	6096	740	952	-62	-393
16276	4788	-380	538	27	-466
16556	6376	296	437	228	424
17116	6188	-28	612	712	1194
16108	4988	-628	689	425	2333
15856	5860	1096	137	144	2908
16560	5500	-924	193	-205	3064
15516	5020	-52	-1269	-185	4587
14816	3616	936	-2836	-291	4529
14632	3444	632	-2002	-362	3655
15100	3736	1248	-2087	-758	2918
14840	2416	208	-71	-1045	2108
16048	3788	1424	502	-1038	1645
17152	3212	80	899	-322	964
15852	3044	-36	1881	61	1230
16544	3452	1920	1066	883	1300
16184	1972	1384	704	1298	391
14700	2668	-1092	1356	-20	709
17588	4288	1236	-880	386	740
17004	1396	552	-264	741	-732
16908	4172	-1092	390	-293	-58
18416	3632	1288	440	25	-361
16276	1872	-516	1278	133	-81
16252	5256	-148	919	-631	342
16676	2820	-260	447	-442	-329
15004	2968	-1196	143	-648	226
16180	4060	576	-1313	-343	-103
16688	2004	-924	-1404	110	-525
15676	4004	680	-1017	282	-521
17148	2880	352	-1142	586	-817
16396	3112	636	-173	605	-1214
16652	3848	628	179	322	-1357
16124	3500	112	316	-28	-418
15780	3668	684	-1516	-209	292
16980	4056	944	-2082	-556	-682
16160	2784	376	-1870	32	56
15784	3604	2576	-1864	-432	-563
16684	2504	40	-1431	-426	-752
16056	3692	1132	108	-412	-1257
16376	3244	-60	-594	-512	-764
16144	3432	708	-647	-398	-859
16688	3888	-936	-1065	-487	-748
15316	3364	120	-1533	-82	-187
16240	3716	900	-2080	-388	-974
16044	3052	-356	-1747	-15	-1213
15772	2984	908	-1365	95	-1223
16260	3756	200	-359	-81	-2246
17256	3840	-156	412	-10	-2312
16492	3876	952	1177	580	-2440
15664	3948	-164	986	342	-2014
17108	4908	792	623	60	-2052
15684	4420	-128	-222	325	-2189
15496	4332	-124	-1414	-472	-1406
16912	4724	528	-2170	-494	-1247
15524	4748	868	-1703	206	-1706
16044	4944	-784	-1183	91	-1419
15840	4472	232	-740	355	-1060
15684	5520	368	121	574	-1655
15556	4676	-660	168	656	-1310
15524	5192	896	477	538	-1183
15372	6032	264	258	404	-1389
15232	5224	376	-210	485	-965
14384	4304	704	-985	378	-517
14516	5052	1576	96	-181	-950
14600	4748	748	557	-110	-1103
14404	3992	248	1212	-53	-1475
14020	3488	8	1185	-139	-1664
15008	5396	960	1811	248	-2220
17048	6064	-516	597	561	-2780
15560	4052	-704	997	733	-2710
16492	5640	-132	484	-154	-2125
17780	6916	440	842	-65	-2463
15572	6988	864	-19	-1	-1516
17236	6944	-472	-1831	-469	-492
17452	7048	1088	-2528	-317	-119
16552	6968	764	-2995	-308	470
17496	7316	-228	-3364	-166	1147
15768	6476	704	-2741	338	1113
16084	5680	1188	-1086	-847	839
17724	7164	104	198	-423	292
15732	6412	624	1362	-221	192
17280	6572	-592	2443	-698	298
16880	6700	-416	1995	-307	253
16292	6284	28	489	481	335
16988	5820	-496	-539	312	669
16476	6040	-32	-1080	925	857
16944	6408	36	-1301	419	992
17648	6752	-1004	-1374	313	1062
17176	6704	724	-1392	534	822
17444	5856	368	-1105	308	501
17000	6556	16	-865	251	580
16396	6076	424	-1011	-51	822
16808	5844	-268	-848	-168	827
16676	5916	196	-1123	5	868
16884	5564	-128	-1487	245	820
17120	5620	256	-1406	553	477
15948	5020	984	-595	727	70
16464	5332	780	217	473	-210
16188	5408	768	408	429	-358
15444	5568	992	546	325	-371
16504	5516	-196	-153	-153	-32
16448	5920	468	-1493	-230	401
15772	5264	868	-1159	-38	198
16236	5836	648	-582	164	-65
16708	6176	856	294	604	-165
16936	6216	816	1004	457	145
18392	7472	-908	936	62	460
18408	7624	664	448	358	531
19808	7768	264	1633	-1262	478
21268	7944	-1112	2020	-1464	470
19956	8436	156	1670	-328	192
20572	7716	-1348	-233	662	287
20932	6592	-704	-1883	1466	650
19332	5852	948	-2413	2091	486
19720	4880	396	-1044	1356	433
18792	4320	516	-152	1076	541
18256	4628	1204	741	668	380
17796	4004	464	1281	193	671
17084	4060	724	427	343	1382
16060	3472	532	-729	1189	2044
15016	2744	204	-2077	624	2880
13536	3100	1884	-2887	690	2928
14196	2300	1732	-3117	397	3062
13464	2580	1376	-3034	1165	2675
13544	3608	1356	-2107	509	1789
13964	2368	960	-470	-416	1705
13376	2148	1552	278	-279	2116
14280	3084	2188	296	-462	1113
14916	3104	-88	118	-746	824
14276	4304	1944	66	-124	755
16384	3700	1752	132	-384	396
16668	3512	504	1548	-467	546
15256	3884	1920	242	423	1513
15780	3636	724	270	-393	647
15332	3728	-252	-280	-413	1108
15604	3924	2688	-769	-670	645
15300	3196	1072	-769	-586	185
15384	4492	1152	-437	-853	426
16100	4148	880	-584	-815	514
14936	3624	752	397	-564	475
15184	5184	1248	-445	-910	506
15880	4276	-88	-441	-1017	966
14752	4476	684	-282	-562	1587
15532	4748	1420	-495	-1227	1072
15912	4280	-964	182	-810	1537
15084	3452	2088	610	395	1722
14668	2748	-112	951	-792	762
17092	4412	-304	539	-120	1077
16140	2060	1636	1317	1053	8
14524	2656	-1472	1314	-524	142
17576	4688	-1332	-1659	-418	1250
17404	1624	1172	-1558	1415	69
15880	2536	-448	-830	988	-167
17160	3684	740	-1106	395	252
17088	1220	-300	509	667	-16
16100	3464	1320	807	887	-554
16932	3224	-592	-255	132	-1093
15880	2764	644	-192	829	-361
16264	3428	2164	-1351	408	-1097
16556	2580	-648	-1665	79	-954
15448	3596	2156	-1527	31	-1107
16936	2700	-364	-1804	-387	-1229
15036	2476	860	-1160	205	-726
14644	3608	1692	-1493	-245	-1338
15912	3152	768	-633	-76	-2294
14156	3020	1552	29	341	-2983
14216	4752	820	269	-1123	-3982
15628	3520	196	-225	-316	-2683
14344	4396	684	-913	-251	-2605
15920	4896	84	-1768	-728	-2416
16644	4044	-248	-1521	168	-1685
15056	3880	1212	-1095	293	-1829
16840	4796	556	-605	-204	-1977
16144	4052	56	994	600	-1745
14776	4372	-704	107	70	-1174
16508	4836	36	182	-12	-1081
16612	5684	-64	1330	752	-1422
15480	4192	-324	982	274	-1149
16568	5004	120	1309	95	-784
16888	5892	132	990	580	-962
16180	3968	-524	327	366	-703
16816	4052	248	142	106	-505
16760	5364	472	-285	933	-959
16096	4032	136	-701	844	-988
16108	4064	-252	-269	288	-813
16780	5100	1168	-237	1254	-1323
15704	5196	252	-300	728	-1581
16736	4644	-308	-937	518	-779
15792	4492	1824	-181	1233	-1615
15676	4804	1812	-482	1016	-1880
16044	5152	-476	-561	244	-1402
16220	6340	1080	-905	665	-1448
17324	5012	1176	-122	349	-1941
15308	5744	1940	135	42	-1568
17060	6936	340	-316	-470	-964
16632	7080	236	-1213	260	-492
14500	6140	1316	-1770	467	-276
16452	6188	240	-2577	-549	441
16760	6728	448	-3195	260	823
15348	6392	1716	-2461	255	954
16928	5952	744	-1602	125	841
16664	6096	1236	-1408	843	1041
16040	5860	1268	-1200	1237	631
17636	5212	364	-500	524	742
16696	5956	2472	-337	873	464
16960	5924	1576	-54	17	367
17932	6716	420	-689	250	575
16492	6652	1584	-919	653	708
17208	6052	1160	-930	240	910
17312	6420	1232	-1461	267	1428
16436	5996	2008	-1646	655	1474
16884	5600	1384	-1075	616	1272
16752	5656	1296	-633	481	1373
16404	5568	1972	-22	642	1142
16872	5244	1156	194	462	1065
17188	5472	1072	-407	214	1213
16676	5088	1876	-1232	569	1034
16632	4500	1360	-949	350	591
17000	4532	1124	-671	63	559
16632	4436	2064	-274	63	249
17040	4728	1156	833	-203	-393
17404	5128	1168	1612	-643	-543
17296	5792	1420	1954	-676	-831
17948	6116	304	1811	-1200	-838
19088	7500	644	1124	-742	-632
19012	8328	816	144	-417	-206
19820	7440	-228	116	-460	314
20288	6832	748	-340	115	684
19788	5928	1284	-175	30	505
20216	5300	464	-515	127	360
18820	5024	816	-82	751	29
18260	4396	788	598	603	-329
18052	3988	788	1182	698	-538
17408	4492	2280	2133	904	-674
17000	4352	468	2017	595	-330
16708	4100	1676	1554	601	210
15500	4252	3036	921	942	317
15892	3720	580	-185	13	1167
15576	4480	1184	-1756	-209	2274
14820	3992	1968	-2820	-225	2642
15292	3196	316	-3496	-810	3251
14720	3312	1768	-3993	-959	3513
14404	2544	2476	-3738	-637	2902
15312	1728	252	-2837	-1412	2932
13788	2212	4452	-1461	-25	1676
14128	1720	2204	634	-772	305
15744	3072	-720	1996	-2019	486
14176	4316	3580	1601	-647	-589
14472	3556	584	1954	-157	-1425
14716	5308	464	1243	402	-98
14688	4192	1060	724	248	639
15628	4120	-88	593	4	1400
16300	4752	1656	-428	492	1505
16208	3788	556	-695	213	1456
15212	3952	860	-1464	672	2173
16016	3156	2192	-2353	478	1595
15536	2956	-100	-1157	-309	1041
15172	3832	2796	-1481	274	686
15688	2420	648	-1359	-716	-453
15756	3480	-1308	16	-1238	455
17476	4624	2312	-1648	328	327
16568	2308	1512	-773	726	-1446
15056	4416	-1420	325	524	-71
16160	4568	2844	-294	106	-701
14356	1976	-1144	27	-528	-1126
15292	5968	-120	-979	-664	427
17628	4952	524	-4454	645	-204
15760	2352	1292	-2748	2311	-945
15688	4788	2264	-1005	2414	-770
16340	3912	716	1530	309	-1370
18212	4940	1152	2613	898	-219
16400	4444	3888	1368	1562	-377
16648	4216	528	137	185	498
15824	4500	2568	-1031	466	1338
16132	3360	468	-3044	-1113	1806
16092	3736	2408	-2898	-692	1685
16584	3016	2560	-3182	-262	1115
16180	2000	1404	-1259	-267	540
16284	3564	2056	102	-726	-96
17456	1780	1188	1859	-28	-598
16016	3380	2044	2120	55	-811
16304	3724	1476	446	-234	-627
16588	2388	456	-467	231	41
15560	3264	2460	-1327	454	-164
16160	2720	1812	-1380	207	-1099
15920	1988	1116	253	407	-1174
14128	3956	1808	779	-136	-1244
16608	3844	1364	-557	-609	-1379
14136	3492	2232	125	305	-2198
14440	5220	596	-1137	-850	-1806
16168	2700	1536	-1826	161	-1160
14776	3756	3560	-150	195	-2285
14052	4232	1336	75	-975	-2091
15412	3648	1244	526	-474	-2203
14752	4152	1592	1135	-1253	-2854
15864	5492	512	655	-1436	-2547
15372	4500	496	-291	-378	-1881
14904	4332	1304	-400	-1046	-1733
16496	5208	-108	-529	-740	-1072
16188	4484	824	292	614	-830
15544	3936	-356	826	-649	-765
16840	5092	464	1804	-765	-864
17340	5096	384	1539	759	-1436
14984	3516	-684	1440	415	-1262
16944	5480	144	1204	-414	-719
18504	5516	332	-78	742	-890
16412	4528	-76	-836	1133	-730
16396	5316	288	-1374	-186	-17
18384	6004	352	-1320	-160	266
16464	5072	812	-1841	872	135
16456	4376	0	-1908	-212	415
17572	4688	220	-2057	-477	618
16836	5316	2120	-2326	797	-319
17256	4588	132	-1199	318	-824
16764	5268	496	-81	719	-565
15448	5168	2196	938	646	-676
17256	5436	-12	771	280	-678
17032	6100	-40	146	648	-227
15640	5540	1248	-361	678	-176
16408	5308	1120	-850	489	-35
16576	5148	1456	-1076	613	371
16420	5884	1196	-2033	1082	511
16908	5940	80	-1595	1062	266
16480	5344	1332	-194	355	159
16832	5404	2284	846	313	-12
17232	5296	760	701	57	40
16676	5848	760	336	390	175
16620	5660	824	-279	367	168
16956	5460	744	-706	260	223
16768	5508	1344	-1144	378	407
17036	5212	648	-1620	-6	661
17340	5224	916	-1455	-254	854
16816	5452	1672	-1278	230	449
17412	5440	792	-902	279	4
17080	5460	1340	-509	464	-16
16568	5112	1724	-81	560	-12
17100	4952	1240	111	157	-51
16920	5084	1136	3	-218	-185
16448	5044	1772	-398	-384	-246
16388	4764	1296	-933	-193	-298
16404	5192	1060	-1477	228	-289
16448	4836	1684	-955	375	-607
16436	4908	1640	53	203	-787
16648	5424	1244	988	-302	-765
16604	5924	1544	1199	-573	-462
16816	6616	640	242	-361	-59
16996	6624	1168	-809	-460	419
18132	6744	1276	-1858	-234	837
18176	6360	1544	-1312	-205	777
18652	6428	1420	-406	-627	651
18672	6208	1240	140	-1078	647
19388	6708	1032	491	-959	171
19848	5920	328	608	-1055	-239
20220	5996	412	1104	-1196	-521
20304	5936	1212	1516	-448	-1161
20020	5260	-236	1955	-1110	-1282
19420	6268	468	1532	-1086	-908
18300	5884	-1028	415	-1129	-22
18152	4660	-656	-920	-1428	1199
16984	4312	456	-3192	-984	2114
16744	4420	296	-4586	-723	2538
16480	3452	-524	-5232	-519	3381
15092	2904	1568	-4267	75	3255
14404	1828	740	-2509	-109	2864
14844	2472	-736	-821	-560	2985
13984	2436	940	-196	-530	2894
13620	2040	1328	1029	-243	1583
14868	1864	-188	1960	-618	952
14220	3524	764	2166	152	765
15768	3452	136	2433	698	535
15432	3132	-788	1714	971	1503
14120	3328	2184	1273	1377	1666
14000	2436	212	842	725	1544
15004	3592	264	-273	21	2329
14960	2560	1892	-1062	-41	1237
14920	2452	928	-889	-509	494
14820	3964	-120	-1404	-749	892
16372	2964	1020	-1790	-470	404
15596	2588	1044	-1048	-203	-122
14512	2940	1848	-74	-64	-1153
15208	2916	448	-413	-551	-1325
14836	4060	1380	286	-344	-1791
14888	4644	136	-802	-641	-1448
15520	4644	732	-1493	-271	-1641
16004	5468	-516	-1268	-506	-1220
15504	4876	-392	-1462	540	34
15068	4532	220	-1532	-325	-260
17424	6084	-324	199	-205	-228
15620	4036	260	2100	689	751
14980	4256	716	866	-208	1003
17468	4592	-1324	886	-213	322
15240	3788	-976	2097	427	1150
15252	4176	60	-2960	-485	2074
18188	3868	-932	-2848	176	356
15572	1976	636	-999	1725	483
16500	3940	1264	-416	584	-308
17152	2652	-1136	1500	70	-398
16048	3616	976	1598	629	218
16880	3260	4	593	432	-1128
16144	3196	-28	-104	421	-467
15220	3388	2128	-1366	443	-906
15620	2452	124	-2127	149	-1075
15360	4192	1876	-1736	87	-1602
15424	2896	368	-2099	100	-1775
14780	3120	1248	-1190	-345	-2060
15892	4792	-104	-1785	-445	-2141
14124	3396	-92	-1855	516	-1958
14368	5028	1216	-1906	-346	-2281
14808	4000	576	-2163	192	-2199
13720	2940	1044	-1557	457	-2513
14608	5212	548	-1326	-656	-2638
15888	5360	556	-706	-349	-2525
15820	4044	-172	83	-310	-2378
15720	4824	1652	43	-230	-1884
15820	5540	-968	-540	-188	-1704
15880	4304	-1140	-184	-75	-795
14968	5008	780	621	-484	-566
16552	6032	1076	720	-787	-1405
15348	4300	-360	-124	-190	-1210
16060	4484	-696	-1452	-819	-254
17728	5192	1544	-343	-432	-1099
15544	4832	732	-440	19	-1240
17916	5016	-276	-1208	-227	-1069
17748	4692	236	244	-492	-1379
16660	5708	620	-2	-9	-1494
17892	5964	-268	47	-87	-1879
17380	4992	-788	642	-233	-1410
15248	4940	1308	183	516	-900
16468	6220	688	513	240	-1466
16332	6428	-1068	-876	896	-963
14696	6580	-208	-474	1416	-539
16688	6768	-1084	671	-387	-908
17976	6700	-828	705	558	-466
15532	6308	52	-787	1269	150
17548	6048	-420	-1024	973	200
18056	6672	748	-1365	1316	42
17672	7104	1752	-636	1555	-224
17568	6712	820	328	1097	-126
16900	7228	1028	1360	916	-74
16648	7324	160	1186	219	64
17060	6884	-396	13	-375	327
16684	6684	84	-1185	95	707
16836	6288	288	-2219	-137	840
16932	5576	632	-2007	-15	776
15896	5816	1196	-1701	562	552
16296	5968	304	-1005	792	95
16056	6052	492	1	614	8
16100	6172	644	823	505	-9
16480	6120	668	858	212	-80
16948	6556	524	-198	451	161
15980	6424	1056	-1043	928	283
15828	6232	720	-1030	563	347
16448	6092	752	-1144	138	686
15948	5688	1748	-1237	443	758
16060	5572	1060	-983	81	805
16500	5464	864	-1122	-235	744
16112	5368	1788	-834	264	273
15608	5140	536	-94	212	-93
16324	5708	748	90	209	-268
15988	5400	1424	152	657	-637
15948	5668	356	208	538	-512
15940	6096	808	-369	139	131
15576	5564	1728	-612	461	138
16428	5896	752	-167	38	48
16220	6460	760	-301	-91	188
15632	5684	1456	358	295	348
15620	5636	1072	348	354	541
15928	5732	1076	-279	597	790
16292	6004	980	-395	652	800
16848	6340	812	-806	201	810
17860	6812	1084	-695	-51	941
18152	6312	968	-581	-70	675
18448	6448	1052	130	-567	397
18708	7140	888	-28	-635	112
19240	6756	344	816	-879	-154
19988	7048	640	1908	-879	-607
20248	6600	412	2360	-340	-1116
19288	5484	-244	1432	-449	-493
18848	6652	92	239	150	-235
19392	6972	-616	-333	-137	-353
18860	6028	-652	-1105	-586	301
18196	4372	320	-737	-626	648
17208	4328	1220	-676	-315	1234
17140	5880	-208	-1201	113	1701
16464	4500	-544	-1757	385	2403
15332	3540	1100	-1938	763	2580
15412	2544	876	-2017	354	2802
15216	3628	1368	-799	754	2451
14548	2888	-120	-796	229	2781
14740	2916	404	-590	-303	2865
14632	3112	2400	-974	487	2577
14164	2584	1692	-545	774	2256
14220	3332	272	-416	307	2535
14384	3500	2904	214	513	2262
13176	2780	1732	1026	415	1368
14076	4152	2084	1768	-160	1034
14560	3452	1648	1346	-483	815
14768	3424	-768	503	-1379	1468
15604	4268	2488	-1367	129	1735
15256	2568	800	-1094	225	761
14852	4256	-428	-1005	-502	1174
15136	3396	1480	-1017	-611	603
15236	2664	-256	-120	-1283	352
15200	4444	1096	-1068	60	389
16556	4132	-132	-46	-232	-1245
15600	3672	-1252	1062	699	292
16380	4996	2076	955	809	-70
16508	2568	-520	1931	888	-838
16396	5676	-1524	2572	443	378
17464	4528	1016	149	1260	1163
16228	2972	280	782	575	658
16808	4196	556	35	948	1569
16108	3460	936	-173	609	1088
15880	2396	-184	281	-265	1768
17332	4092	748	-794	-5	1589
16240	2096	-84	-728	347	838
15892	2544	-704	-229	1	1306
17408	3476	252	-1177	117	1191
17056	1088	1404	129	1832	102
14852	2688	-324	1698	439	17
17340	3140	1700	402	952	-141
16520	1932	-488	846	331	-487
15740	3368	1572	-358	372	972
17120	2628	1612	-3276	656	-92
15956	916	-144	-1832	889	-352
14996	2960	3084	-919	493	-736
16568	1724	-40	-1141	-328	-1617
16520	3624	1160	-421	104	-1488
16184	2868	2636	-766	954	-1951
15376	2096	1760	-501	908	-2492
15776	4356	1048	-134	174	-2541
15144	2692	1900	341	778	-2463
15224	5028	1672	399	-1035	-2990
16648	4452	1548	-834	19	-1935
15764	4032	1836	-570	182	-1744
15080	4384	1260	-577	-455	-1592
16232	4260	664	-1229	-393	-802
14924	3436	1056	-824	-230	-1070
15620	4764	1808	-1106	-865	-1395
15728	3540	-12	-1299	-146	-1522
14708	2672	876	-684	17	-1683
16920	3948	1520	205	-826	-1808
15912	3984	1680	1075	399	-1964
14712	4012	776	331	-379	-1893
16852	4632	544	226	-829	-2275
15884	4484	656	186	-228	-2203
15216	3592	896	-56	-756	-2085
17252	5072	20	-612	-1038	-1508
17520	5352	440	-538	259	-1524
14640	4804	1628	-709	865	-1949
16940	4724	-912	-689	-743	-1589
16480	5104	700	-128	413	-1718
15700	4708	1532	-262	345	-1942
16508	5860	652	26	-632	-2090
16336	6040	-272	-1377	-90	-1443
16008	4864	736	-1979	112	-1543
16736	5316	656	-1966	-231	-1625
15892	6172	1480	-1267	360	-2022
16904	6048	-200	-995	64	-1758
15768	5452	592	-842	843	-1717
14088	5416	2008	-1181	587	-1478
16256	6904	1004	-859	-137	-1866
16160	6660	452	-686	136	-1345
14488	7044	1000	-804	-103	-464
16584	6480	344	-1888	-685	151
17076	7008	1664	-1505	-140	281
16232	7816	840	-1545	-198	377
17812	6688	-272	-1071	-709	988
15532	7164	1704	-226	478	502
15748	5840	1568	-875	177	733
17188	6584	144	-1377	662	637
15676	6172	2000	-694	1117	136
16876	6148	696	32	360	179
16948	5836	1212	1438	-46	14
15980	6752	1620	1543	430	70
16560	6192	-280	917	-196	504
16752	6656	624	389	-148	670
16200	6368	596	-681	-78	564
16788	6016	400	-684	-136	449
16072	6576	980	-1187	11	677
17468	6324	-96	-1670	-439	620
17568	6204	876	-724	-329	233
16612	6376	1336	131	227	-344
16304	6236	1076	445	503	-602
16396	6512	1144	1185	619	-544
15456	6184	1560	941	704	-406
16200	6016	688	561	258	56
15460	6524	712	-880	400	550
15624	6012	732	-1292	40	718
16232	5776	900	-1533	-233	711
15624	5624	1124	-1271	-68	577
16292	5640	480	-1266	-382	487
17368	5620	72	-748	-314	192
16020	5744	1180	-476	33	-245
16328	5644	1020	276	-89	-673
16896	6276	576	423	46	-644
15472	6188	1720	134	463	-789
15576	6088	1184	121	260	-664
15596	6424	1260	-225	259	-307
15148	6048	1976	-556	391	69
15920	5988	516	-218	-408	498
15992	6312	820	-476	-331	751
15244	5768	1304	-547	-206	692
15872	5460	548	-271	-170	542
16396	5728	1004	-301	500	586
15644	5732	984	-369	758	259
16708	5576	608	351	348	61
16448	6376	968	288	213	95
16584	5716	604	482	-632	167
18648	6392	-48	11	-1467	646
17740	7684	992	-1012	-866	158
18524	7376	28	-482	-773	-379
20140	7760	-92	379	-735	-352
19800	7400	916	670	269	-942
18964	7144	388	1631	447	-1540
19336	8032	-1068	1570	227	-917
19340	7844	84	-62	525	-426
18692	6156	508	-94	683	-518
18324	5964	304	331	470	76
18932	6620	536	1254	764	66
18436	5628	156	2289	413	98
16888	5084	732	2124	321	622
15412	4640	368	1579	225	765
16612	4236	-68	428	186	1630
15276	4920	1156	-1496	1253	2042
13004	3964	1484	-1810	882	2076
14620	3700	-508	-1366	-304	3169
15172	5348	1536	-1569	579	3452
13408	3536	2188	-1607	228	3089
13428	2912	340	-1694	-237	3438
13608	3688	2620	-2578	226	2989
13692	2812	2000	-1956	46	1458
14788	2924	1436	-259	-407	984
14896	3964	3560	539	425	-154
14376	3460	244	1154	-575	-545
15216	5868	1012	1072	-742	343
15552	5700	1760	209	-446	195
15180	4636	-2340	-616	-2124	1950
15908	6336	636	-3361	-1380	4476
16888	4372	1988	-4820	-241	2945
14408	2804	-1360	-2218	-584	2082
15200	5512	1724	-1399	-405	3097
15764	2484	2312	-520	-43	888
11560	1248	-3480	1278	-2048	1164
17224	8752	-2040	-941	-2527	2666
19820	3528	432	-3832	823	3265
15680	408	1832	-859	3816	2362
16188	4336	3480	1255	2535	634
16524	1892	-220	4761	1396	-26
15160	4396	1868	6186	838	320
14588	4040	1244	2308	-3	23
14860	4748	-1444	-1025	-826	898
16436	4296	572	-3838	605	1250
14080	2228	232	-3589	-275	877
16488	3868	712	-2963	53	1221
16564	1940	2044	-529	957	-638
16296	3396	-1436	1487	-566	-1372
18128	4400	380	2177	1043	-357
15776	1860	256	1432	877	-30
17688	4672	316	-435	885	624
16996	2348	1356	-1117	1507	563
15404	2008	272	-429	440	742
17648	3096	1896	-882	597	-137
16224	1460	1804	853	775	-1019
15484	3352	736	1470	-343	-677
16428	3084	1968	-702	274	-841
15648	2184	684	-794	-242	-1440
15920	3516	1100	-1539	408	-878
15720	2016	1760	-2235	440	-1594
14896	2984	280	-912	-527	-2857
15724	3528	1964	-248	361	-2124
15100	3304	1488	-400	267	-2565
14272	4548	1196	-427	-498	-3484
15144	4108	552	-2327	33	-2383
14380	2404	2128	-1596	573	-2750
14220	3804	2484	-1110	-685	-3724
15472	5048	-44	-883	-1057	-3459
15676	4148	648	-1156	-27	-2690
15076	4516	2044	-1071	-1075	-3128
16504	4988	-160	-2398	-773	-2545
15788	3960	1148	-2130	-68	-2463
15608	4540	1428	-2168	-1251	-2355
17176	5924	-460	-1790	-972	-2441
16684	4364	720	-415	-280	-2181
15280	4800	820	-486	-604	-1934
16448	6328	344	242	-733	-2164
16816	5548	-484	343	247	-1426
14128	4940	284	136	-199	-1389
16632	5756	1212	417	-841	-1415
16500	5936	-44	5	487	-1116
15944	4924	648	-230	154	-804
17896	6644	240	-52	-136	-1091
16872	6456	404	-251	404	-885
16580	6312	1252	-81	74	-890
17412	5272	556	-258	-494	-725
16188	6284	1380	-501	230	-550
16684	6724	512	-1378	-178	-388
17844	6392	268	-1619	163	-304
15412	5760	1868	-1081	610	-493
15808	5852	1548	418	-565	-669
17256	6860	-120	531	-510	102
15960	7568	908	-242	760	383
16240	7296	-684	-885	-19	686
17076	7128	188	-964	595	1196
15948	6464	1920	-1448	965	1156
16912	5064	856	-800	196	1214
16900	6764	200	-705	384	1409
16168	5960	1360	-706	459	946
16960	5540	448	627	-226	370
16936	5808	1304	1172	-508	531
16616	5524	1420	1048	-236	165
17148	6248	-8	433	-169	199
16684	6536	528	26	267	83
16572	5856	660	-493	-164	67
16720	5696	300	-543	-661	339
16664	6016	1036	-774	-244	534
16836	6048	-220	-807	-511	524
16248	6296	276	-569	-187	582
16304	5612	408	188	-127	507
16472	5728	176	-164	-87	674
16196	5360	976	-640	292	668
16504	5688	-212	-692	457	258
16396	5560	520	-864	349	151
15896	5120	1500	-207	358	-167
16284	5016	1088	497	-155	-240
16516	5844	588	716	75	-249
16188	5688	300	460	231	-313
16692	5952	-56	496	43	-111
17060	6076	624	-63	393	-2
16496	6004	984	-70	502	-217
17344	6824	492	-82	178	-26
18128	7440	232	-245	51	143
18240	7352	528	71	-17	127
18944	7100	-536	-819	-735	652
19364	7016	40	-1181	-798	755
19912	7088	140	-1204	-417	232
20056	6500	-324	-735	26	-103
19796	5920	100	-164	112	-359
19076	5800	704	1236	490	-1176
18740	5020	772	2224	-422	-1291
18988	5116	608	2538	-821	-1187
18996	5308	216	779	-819	-705
17488	5028	116	-1602	-809	-165
17208	5164	380	-3533	-726	767
17956	5160	-892	-3483	84	1293
16100	3844	408	-2488	602	2369
13708	4412	372	-1113	632	2449
14728	3472	-376	-118	535	2911
14200	4412	-1184	689	-48	3403
13080	4412	1616	145	306	3716
13764	2608	692	159	474	3612
13040	3456	1344	-295	1038	3640
14112	4592	2032	-451	1312	2873
14552	3128	-472	1136	420	3142
13080	3948	2636	1838	734	3622
14508	3388	2108	1853	529	2710
13908	3736	-1272	1454	-615	3341
15384	5784	1236	-774	-753	3954
15292	2096	2116	-1459	-68	3057
13384	2996	944	-1258	-237	2962
14104	3912	1276	-3034	-1120	3154
15428	2492	248	-2549	-1439	2214
14140	2444	876	-1767	-38	2338
16168	3312	776	-2822	-1028	1315
16368	1832	-556	-703	-382	982
14640	2688	1392	-542	555	402
15644	1548	-1680	-143	-765	-939
16836	3880	-2388	997	-658	571
16516	2904	1692	-1755	992	710
16664	640	-412	-1429	1350	-1001
16600	3532	-1092	1128	1654	-876
17108	2132	1416	1425	1683	-528
17424	2476	-1436	2945	207	-627
17480	3176	816	1102	1145	411
16604	2032	536	1108	1835	26
15828	2512	256	-305	826	814
17124	2304	1304	-838	717	396
15560	960	1160	349	596	-267
16588	3232	432	-257	-12	-619
16928	2300	852	-858	341	-877
15452	1692	1004	170	194	-991
16336	3156	1564	-845	442	-349
15772	1632	2276	-868	328	-1348
16632	2336	728	-485	271	-1265
16296	3068	1556	-590	565	-1656
15696	2020	1800	-451	437	-2413
15456	3324	836	252	-9	-2553
15144	2912	1396	-1059	268	-1874
14076	3080	2384	-177	-670	-2970
15848	4388	232	-1207	-589	-2994
14676	2652	1368	-1116	650	-2869
12776	3188	1720	-1128	-483	-3068
16480	4980	-716	-1936	-946	-2592
16608	3048	344	-397	537	-2426
14872	4476	1500	1013	-276	-3031
17056	4368	144	643	-706	-2559
16620	3064	556	1915	164	-2116
16160	4816	904	2355	-757	-1766
17648	6656	-616	633	-456	-1751
15684	4972	-456	-838	564	-1386
14912	4292	-180	-2238	-732	-655
16672	4824	268	-2719	77	-488
15160	3996	1860	-2069	427	-811
15556	3740	424	-1523	-1258	-613
17812	5052	524	130	68	-923
16180	4572	1448	1286	785	-1886
16272	3456	-280	1408	-636	-1659
16644	3952	1440	979	383	-1711
16240	5608	2412	1109	816	-3028
16632	4952	-688	-516	-314	-2404
16872	4920	1048	-1313	-289	-1438
16652	4860	2172	-864	-621	-1968
16060	5536	-12	-530	-1189	-1629
15996	6928	-568	-1433	-1467	-907
16828	5484	208	-1092	-1153	-1263
15892	5400	152	-325	-935	-1148
16216	6588	672	103	-303	-960
17256	6940	-1032	-1012	-93	-605
16220	6720	-168	-1225	1364	-297
16352	6296	612	-1120	867	-151
17880	6448	-260	-1101	963	-113
16512	6660	1424	-492	1058	2
17116	6156	1004	-989	-37	93
18088	6384	404	-1131	324	-13
16540	6508	1052	-1335	777	-174
17816	6564	-140	-1008	-8	-346
17344	6740	812	360	141	-698
16596	7228	1188	781	142	-1134
17356	6968	-500	1269	-267	-865
16220	7212	752	721	202	-123
16028	7072	576	-428	32	318
16656	6636	-192	-1533	337	907
15736	7208	304	-2651	731	1387
15692	6048	692	-2638	669	1276
16200	5796	824	-1267	433	1077
15820	5756	1360	-557	798	806
15924	5516	560	162	579	535
16624	5692	532	421	578	378
15920	5800	1064	-61	717	436
16080	5208	1044	-429	511	246
16584	5444	988	-307	252	193
16012	5352	1508	-23	355	-129
16184	5368	724	381	-188	-333
16620	5924	584	204	-484	-449
15928	6128	1588	478	-61	-822
15568	5816	1076	397	-287	-641
16080	6384	560	196	-15	-240
15792	6920	936	-693	407	245
16144	6284	708	-654	125	563
16684	6748	620	-1070	-176	960
16744	7140	864	-1126	-76	1244
17856	6760	472	-446	-522	1282
19296	7268	1188	1356	-443	896
19584	7212	1460	4179	-1039	307
19572	6688	-96	5468	-1769	116
18392	7416	-636	4191	-913	575
16788	6896	-296	1044	31	898
17856	6572	-784	-1425	944	1171
17360	6056	368	-3915	1737	1549
18720	4828	224	-3285	588	1122
18896	4312	-28	-1181	674	1246
18648	4748	1956	1491	-1285	90
20040	3780	-932	2789	-3035	-81
16152	4824	2028	2771	-820	35
17672	5320	-788	1103	-2235	-141
17332	4064	-1348	-1519	-127	1528
15028	4440	1064	-3282	682	2267
16072	4564	248	-3686	-415	1934
15240	2892	-1104	-3743	-285	3645
15012	4232	1904	-2485	-926	2791
16240	3116	-264	-2543	-851	3011
15496	3900	-1324	-1858	-269	4009
15200	3652	700	-2431	-271	3799
15296	1920	-192	-2150	-134	3990
14664	3376	212	-2040	-18	4012
14764	2376	96	-2460	-265	3944
14996	1800	-916	-2297	-959	4302
14884	2480	2096	-2345	-68	3584
14392	1688	-96	-1834	-651	1990
14980	2020	496	-122	91	2288
14484	2976	1540	677	343	1098
14728	752	372	1304	170	587
14784	3532	1196	2721	492	-180
14980	3228	-100	1141	-451	-311
15504	3280	-164	127	-739	224
15256	4304	-288	-2321	-1156	875
17164	4284	348	-3438	-728	667
14416	1936	-1068	-2248	-125	2093
16140	5120	1740	-3454	-706	1843
16636	272	-256	-2296	272	1746
15464	3280	992	1607	193	16
17240	1304	-760	534	-77	607
16740	2680	348	3026	1574	-215
14984	1436	-1532	2390	274	-696
17868	3964	-2616	-66	-8	611
17488	1940	1720	-1795	2325	730
15152	768	-340	-1614	1220	133
17052	2844	76	-1455	412	274
17784	1268	1132	-464	922	-298
15632	1124	400	2030	317	-605
17596	3656	-584	-763	-132	-75
17824	1176	-692	-467	1170	-488
14644	2096	416	500	958	590
16988	2516	1396	-2971	-130	897
17052	308	-336	-600	561	-617
15540	1948	2308	1184	913	-781
17264	2312	1796	36	770	-1413
16324	884	148	1238	768	-995
14656	3100	2288	1206	603	-1384
15532	2092	648	-304	-70	-1823
13936	2616	1072	64	-474	-2031
14880	2940	1820	-1789	-325	-1978
15504	2344	1904	-1422	260	-2956
14176	3088	156	-1396	-715	-2742
16324	2716	1356	-2095	-105	-2535
15876	2620	764	331	265	-3746
14368	3044	40	1197	-608	-2920
16828	3432	1504	978	-238	-3194
17476	3544	-1008	2008	-619	-3403
15656	4120	-476	1495	483	-2233
16132	3960	296	-679	-216	-1713
17288	3448	-640	-592	159	-1745
15388	4524	-328	-1291	423	-1127
15780	3520	400	-2375	370	-1307
17184	3592	-304	-543	23	-2079
15344	4036	572	519	313	-1700
16612	4120	340	393	-122	-2120
17288	3368	-944	478	-343	-1719
16472	4876	816	185	706	-1235
17520	5000	-104	-191	437	-1872
17380	3420	-40	308	1162	-1564
15328	4032	1144	-160	934	-1473
18156	4748	80	52	522	-2291
17484	5376	-336	-27	472	-1717
15836	4464	1488	-1030	525	-1563
16816	4368	1444	-696	472	-2302
17180	5344	156	-799	262	-1743
15904	5288	1788	-872	383	-1409
17256	4728	1004	17	-170	-1902
17040	5524	988	952	-358	-2059
15724	7136	724	1130	-525	-2004
17492	6740	-1380	959	-1718	-1450
17048	7040	-376	1	-1067	-640
15704	6108	1584	-1317	-317	-712
16336	5620	324	-1880	-159	-773
16892	6384	-300	-2307	235	-617
15264	6584	984	-2065	1054	-843
16804	6500	-68	-503	-49	-1474
16176	6572	364	1011	216	-1032
15452	7592	368	492	-62	-292
17120	7348	-928	-280	-456	-53
17020	7480	-316	-475	263	209
15524	7212	1200	-1180	155	604
16700	6812	-148	-1164	-115	787
16448	7132	188	-1727	340	1330
15672	6488	1036	-1088	556	1079
16380	6008	764	-85	233	768
16796	5904	540	886	-136	803
16076	5784	1204	926	71	586
16540	5912	420	571	34	254
16772	5888	320	-113	443	392
16224	5596	908	-695	413	442
16532	5368	416	-848	99	-12
16536	5328	536	-161	27	-381
15840	5720	468	-12	-118	-674
16416	5480	592	-23	-199	-1037
16408	6108	780	942	-3	-1347
15928	6648	704	544	46	-1254
16660	6960	60	654	-257	-1017
16948	7804	388	807	69	-734
16812	8036	420	783	14	-127
17720	8300	-848	-245	-349	892
17696	8816	100	-915	249	1240
18876	8236	-296	-752	331	1246
19096	7572	468	12	454	1154
19448	7320	-124	469	271	1028
19636	6864	-376	84	-221	845
19748	6144	-388	-199	-429	360
19528	5500	-240	-390	-527	105
19840	4616	-520	-273	-296	-381
18628	4856	456	370	-68	-1049
18780	5212	-1400	487	-1016	-832
18532	5412	-116	964	-25	-152
16796	4528	296	318	356	320
16360	5536	-3072	-1467	-128	1383
15492	5272	-616	-2113	695	2382
15556	4588	-856	-1635	750	3078
12960	3796	840	-2468	1208	4135
13028	3604	672	-1935	2081	4453
13084	4924	-928	-1564	1324	4635
13120	3680	1364	-1372	1750	5051
13332	2764	1064	1044	1245	4367
12572	3172	1472	1030	718	4557
13712	4088	1944	-363	1017	4262
14080	2648	1064	-505	440	3747
12760	3076	3136	-1052	783	3147
14684	3188	1564	-1820	-793	2325
14752	2880	1560	-1338	-707	2728
15084	2756	2468	-2493	-336	1617
14976	2740	404	-1010	-1859	79
15300	2960	800	-1879	-1105	1757
16088	2864	2780	-1670	-98	-288
15388	2096	1532	247	-80	-1172
15500	3400	1520	802	1168	-1179
15384	3956	-812	2860	-1017	-1995
17312	4364	308	1432	178	79
15300	3892	368	1110	114	-363
16556	4564	-1212	-1168	355	679
16868	3908	-408	-2007	574	673
14740	2004	688	-384	244	1502
15816	3888	2288	-813	384	407
16996	1756	256	350	909	-1064
15736	3920	848	3668	1222	-1815
16352	3232	1396	1362	1090	-772
17100	3652	612	1508	-114	-1130
16636	3676	1260	-711	1384	414
14628	4000	2264	-2405	191	-271
16308	3064	0	-3725	-1424	241
16164	3668	1908	-1990	-170	-22
15884	3580	800	-1836	-1083	-649
16216	3692	636	-334	-670	-270
15840	3076	1848	285	770	-419
15268	2408	1256	1191	1107	-1423
14756	3924	796	2282	280	-1689
15328	3584	764	1030	887	-1601
15512	2284	1140	408	1476	-1921
15400	4624	-316	-597	200	-2076
15792	3024	1640	-856	899	-1348
16448	2472	624	-574	-165	-1607
17100	4604	492	-339	-528	-1869
16520	2932	-228	-688	-1321	-1083
17556	2588	-280	-1232	-1384	-67
17008	4256	2900	-1261	-42	-2079
15888	2400	-68	-1183	-750	-3068
15168	3036	720	-167	-456	-2432
15840	4464	1452	-553	-187	-3104
16488	3960	360	91	29	-3152
14068	4888	-252	-656	-139	-2104
15780	5396	1924	-1334	-468	-2346
16480	5008	-148	-1054	-742	-2857
14272	4420	1140	-1572	63	-1920
15032	4792	1300	-1134	-1295	-1940
17464	5792	520	-1067	-1303	-1928
15968	5852	480	-1327	116	-1524
16628	5080	1008	-1092	-119	-1499
16784	4192	1324	-385	553	-1560
15776	6904	2160	1198	237	-1916
18692	6412	-1372	-376	-1415	-718
17864	5796	380	-322	1154	-405
14016	5588	2680	-457	673	-844
18572	5172	220	-195	-708	-955
16600	5684	1304	-843	1187	-1084
15980	5436	1828	-629	786	-1389
17760	5784	720	1455	-350	-1707
15580	7364	1256	2868	447	-1564
16056	8356	-64	1706	-693	-708
17604	7436	-1324	609	-303	17
15036	7872	392	113	953	559
15468	6592	620	-303	-326	1091
18116	6748	-780	-299	-353	1417
15868	6024	1496	-777	484	1283
16152	5784	448	-431	-77	1099
16996	6132	640	136	689	755
15940	6196	1056	609	1018	357
17160	5980	-132	329	287	277
17696	5940	432	879	978	145
16364	6376	856	1049	719	-313
17236	5900	-704	834	44	-435
17116	6008	468	1653	327	-579
15552	5784	1032	1686	93	-830
16448	6056	-212	786	-235	-530
16120	6860	176	166	505	-385
15776	6500	92	-976	431	-24
16608	6356	-64	-1088	161	11
16368	6548	648	-393	-27	9
15516	6452	472	425	-289	-53
16768	6796	-124	5	-548	135
16564	6484	560	-90	-79	106
15468	6288	916	-380	96	-2
16148	6420	-28	-386	-18	54
15860	6196	564	-582	224	296
15460	5672	928	-121	71	290
15988	6076	308	535	-61	-7
15752	5976	28	575	58	96
15672	5988	-220	-359	-130	340
16344	5928	-388	-808	-57	243
16060	5972	440	-833	198	67
16068	5980	432	-187	60	-200
16472	6488	224	271	52	-270
16280	6716	668	1145	376	-348
16852	7136	360	977	60	-124
17748	8060	-524	-393	-308	403
18100	8096	200	-1609	-169	505
19480	8236	-1372	-1185	-1327	509
19388	7884	-332	-2599	-1129	853
19252	7000	672	-2261	-1049	544
20512	7360	-1820	-2473	-671	607
20276	6548	-596	-2010	710	121
19208	7100	700	305	808	-1444
19044	6332	-2368	494	-80	-945
18740	6052	-636	1801	369	-282
17468	5852	68	1216	222	-222
17108	4708	-1032	-258	-114	670
16744	5484	176	-1134	-196	1267
16012	4292	132	-2552	120	1734
16076	2768	848	-3941	-150	2582
13460	5244	656	-5368	144	2883
17552	7912	-3496	-4567	568	3393
15468	3700	348	-2677	2202	5191
11648	2560	3912	-1107	2025	5372
13464	2596	456	805	1636	4613
13612	3960	-1296	1472	1032	4889
12440	3424	2920	-156	2143	4163
13032	1756	1964	108	1206	2468
13404	2744	1220	461	686	2330
13832	4396	3980	-65	638	1768
14668	2792	936	752	-208	1063
15108	4656	-216	982	-1353	2602
15904	5120	1852	-1459	-1133	2904
15240	1092	1304	-1613	91	2699
15012	3796	604	-1292	-622	2415
15464	2876	2040	-2232	-217	1479
15632	1112	352	-1090	326	1208
16992	3752	1356	202	954	730
16892	2460	2536	-68	1822	-843
14620	940	-200	2250	2588	-518
14236	4536	1260	482	3365	-456
16164	2308	284	-2688	2213	-963
15708	3248	1320	-2175	5305	-218
14672	4336	3976	-2379	3900	-1178
16956	2516	132	-749	1814	-1288
17484	4596	3644	1664	3138	-279
16404	3936	3556	2197	1566	-457
16988	4736	1600	311	633	875
16904	4084	4468	-1814	570	1488
15840	1848	2896	-2592	-116	1526
15680	2956	3904	-3396	-1104	1394
16524	1948	2492	-2788	-1717	-7
16640	1900	3068	515	-1010	-702
16672	3312	2520	1877	-1184	-1524
17472	1720	1684	2681	113	-970
15764	3196	2996	4138	453	-1945
16676	3372	1240	1753	272	-786
15768	3152	3816	1234	832	-1473
15756	2912	1412	306	-164	-960
15440	3920	2680	-938	-487	-599
16176	3292	1944	-1824	-808	-811
15276	2848	1668	-863	-131	-945
14240	4232	2920	-1267	-421	-1300
15628	3536	1944	-1023	-1032	-1768
14956	2676	3196	538	-101	-1753
14756	5032	3608	1379	-696	-2667
15980	3940	644	856	-1146	-2257
15508	3312	2120	1862	-295	-2150
14872	4212	2320	1340	-1481	-2547
15928	4656	-648	-282	-890	-1895
14772	3840	924	-1467	-264	-1327
15296	3364	1544	-1130	-1427	-1778
16824	5272	-452	-1262	-1295	-1937
16000	3468	1012	-1599	-212	-1773
15912	3284	1132	-892	-975	-1983
17136	4912	1284	160	-294	-1901
15760	4524	2048	-325	9	-1999
16360	3844	-92	-546	-1399	-2000
16248	5612	1248	-815	-1200	-1754
15548	5120	2008	-408	-358	-2495
15624	3920	920	-321	-322	-2684
15404	5132	1304	-131	-1015	-1948
16944	6456	260	-4	-227	-2564
16316	4888	900	755	-151	-2117
14116	5236	1320	12	-991	-1150
17716	7556	544	-85	-1044	-1440
16044	6428	212	-1268	135	-686
14824	6156	-260	-3444	-2191	988
17660	5908	1184	-3732	-1428	1065
16640	6072	1776	-4057	-540	454
17472	4972	-128	-2796	-199	-126
15980	5720	2404	-1224	501	-446
16828	4892	1656	933	-780	-798
17032	5448	1652	2856	-481	-1460
15492	6336	920	2748	-484	-1723
16904	5744	-868	2233	-1497	-1194
16432	6788	516	-187	-887	-157
16004	6632	1544	-2728	-178	17
17160	6592	-44	-3405	-516	338
16776	7496	648	-2549	169	244
16404	6708	1000	-1426	-454	345
17624	6752	140	1014	-1270	240
16936	7096	640	1180	-462	441
16472	7008	-136	457	172	539
16348	7068	-184	132	226	751
15632	6480	1192	-702	408	1316
15740	6292	380	-2885	-162	2462
17804	6356	-716	-4705	-243	2821
16968	5304	1136	-2277	-973	2045
16888	5508	1640	-363	-752	519
17128	4696	1124	2216	-475	-264
17328	5724	676	1932	581	-600
16204	5172	-224	767	780	-478
16488	5592	-748	-1095	513	-58
16652	5040	456	-1861	884	-160
15992	5288	1300	-1036	1237	-719
16660	5244	844	686	543	-1075
16188	6452	1012	1170	522	-1276
15860	5972	1080	1033	627	-1025
15828	6600	860	220	175	-467
15708	6260	1080	-1929	214	168
15928	6016	1176	-3339	-135	569
16308	5556	1352	-4072	-467	840
15796	5360	1308	-4389	-804	971
16556	5704	116	-3332	-960	614
16660	5928	976	-1813	-799	125
17412	5824	800	-179	-653	-451
17772	6544	692	541	-209	-686
17696	7372	1076	1095	2	-585
18812	8064	64	645	-185	-295
19656	8112	496	-367	181	24
18516	7572	396	-1423	202	499
18564	6620	40	-2771	-189	1143
18672	6896	940	-3370	-13	775
18312	6160	1404	-2135	1	67
18756	4944	-328	-1729	-629	341
18816	4932	1048	-173	-288	-280
18864	5088	996	1545	438	-1008
18376	4264	316	2436	-472	-879
18420	5624	288	2933	-775	-1132
17472	4832	1276	2293	-501	-1009
16292	4340	-568	-25	-1069	219
16728	5124	-144	-2442	-812	1328
16536	5280	-324	-3821	-463	1968
13888	3412	96	-4922	-256	3366
14392	4292	656	-4563	122	3661
14848	3728	116	-3164	559	3425
14752	4372	-992	-1884	313	3919
13788	3452	2524	-600	1516	3332
13392	1708	1140	3009	1703	1589
13516	4292	272	3327	1279	1817
14840	3972	3176	3001	1842	1396
14368	3052	460	4285	1273	857
14432	4880	2324	3052	1534	1609
14084	3984	2184	2087	1058	1694
14352	4360	-40	636	-315	2312
16644	4764	2424	354	137	2614
15016	3924	1344	447	-18	2426
14376	3996	2320	-157	284	1999
14156	2520	1652	555	174	302
14152	4564	184	-297	-567	552
15968	4184	2484	-859	-159	-624
14032	2608	604	-37	226	125
15260	6360	244	-2158	-604	1124
16612	2508	1712	-2809	1746	222
12940	1336	888	426	2161	-244
15088	6908	1756	-144	1066	-1328
17388	4160	960	-1173	1326	-1303
17680	4272	124	1170	2069	-521
17492	6048	2244	226	1052	673
18832	3984	388	124	585	2172
16404	3324	368	816	398	3476
17148	3752	3116	64	190	2242
15396	1524	-1148	127	-191	1854
15636	3416	1484	-809	268	2072
17048	1328	2860	-2026	937	71
15980	1448	1124	633	1158	-1187
15756	3796	2332	-335	759	-1098
16744	1240	1260	529	18	-1771
16916	4024	48	221	-317	-681
16272	2880	2176	-2993	416	-271
16420	2208	1372	-2657	429	-1340
15620	2608	2464	-1791	908	-716
14568	2596	4028	-1154	688	-2026
15404	1972	4104	667	1060	-3068
13420	4176	3916	2398	375	-3980
13992	5416	2348	261	-828	-3406
14900	4192	1908	-916	-1419	-2447
14480	4824	2408	-2041	-1647	-1531
16316	5640	2216	-3104	-1664	-1404
16804	3548	240	-2768	-1192	-940
15132	3476	2380	-696	-989	-1142
16280	4720	2252	1365	-1223	-2412
16260	4192	280	2541	-621	-2692
14368	3936	564	2226	-475	-2076
15436	4472	424	1748	-1220	-1464
16420	5608	492	954	-452	-1540
14848	4328	728	-267	-149	-1131
16652	5132	-168	55	-590	-1236
16528	5208	412	764	96	-1155
15464	3980	984	1319	-426	-1052
16556	3372	-40	722	-1229	-597
17568	6072	700	277	-242	-1230
16560	5564	76	-1432	98	-1184
17644	4440	-552	-2108	-608	-821
17016	4952	2540	-552	-235	-1906
15492	4364	1432	-265	-942	-2070
17300	5644	-1804	-1075	-1817	-1511
16724	5552	632	-2041	-354	-1147
15028	5084	624	-2139	-406	-1560
17344	5516	12	-2237	-1689	-1030
17040	6528	1348	-625	259	-1778
16776	6572	476	254	-391	-1920
17204	6172	-64	1960	-1134	-1532
16360	6924	1124	2008	-598	-819
15848	6620	1632	1067	282	-1000
16848	6940	-780	152	200	-435
15672	7412	456	-573	1508	166
16036	6280	688	-661	465	514
16948	6656	-356	-465	324	1079
15504	6792	1120	-939	508	1723
17228	6700	-476	-1442	-390	1990
17472	6628	152	-1139	264	2255
16088	6572	440	-1380	906	2039
16916	6296	-676	-1718	218	1776
17272	5820	256	515	817	1568
15872	5736	916	1334	102	1007
17056	4500	1596	2282	-231	-137
16420	4288	776	3786	-171	-331
16136	7000	-556	1514	82	69
17444	5480	-1012	-968	-485	842
16860	6196	132	-1513	72	722
16340	5172	1228	-2132	-187	706
16832	5380	304	-1743	-28	383
16868	5184	884	-707	-76	54
16092	4824	1204	388	-62	-529
16480	4848	336	1310	-79	-1040
15864	5356	416	1712	-18	-1020
15520	5056	424	1235	38	-1169
16112	5348	-556	495	-240	-749
15920	5404	388	39	-25	-654
16028	5584	-80	-963	-416	-345
16636	5988	36	-1240	-142	-394
16104	5732	408	-470	232	-486
16216	6024	60	22	55	-409
16284	6148	340	401	300	-334
15684	6156	656	857	493	-332
15924	6132	-224	189	537	-49
16408	6492	156	-875	595	545
15668	5908	808	-1692	884	638
15796	5576	516	-1669	403	825
16484	5720	492	-1248	178	816
16716	6040	624	-486	-36	732
17500	6388	-208	58	-127	474
18388	6780	-408	189	-414	295
18740	6700	276	331	45	-98
19048	7240	-352	113	-260	-334
19272	7692	-120	-969	117	-236
18944	7916	-396	-946	137	-528
19188	6628	-412	-730	130	-490
20292	6120	412	-261	432	-710
19696	6596	552	-110	1092	-1453
19160	6092	-1268	-590	377	-1248
18632	5820	-572	-233	560	-946
17480	5808	992	-1122	747	-676
16640	4900	312	-1964	346	392
16560	5576	-728	-3101	342	1383
18056	5752	-520	-3556	-3	2104
17344	4860	248	-3399	99	2581
14764	3248	1200	-3493	-125	2802
15252	3084	88	-3155	-425	3269
14964	3208	1304	-3117	67	3384
12856	2700	1584	-2745	250	2499
13816	3380	-16	-1738	-486	2396
15932	4388	-48	-793	10	2618
14508	3604	3760	577	1907	2265
14400	3992	1236	3130	860	1890
15740	5476	344	3868	1293	3068
14396	3976	1984	3703	1124	3602
14044	4176	2032	2436	648	3400
14132	3672	3196	1263	964	3313
13572	3684	1596	-135	225	2919
14768	3112	1952	-1998	-399	2873
14844	2156	1644	-1330	-508	2171
14084	2888	3048	-1187	-556	1837
14720	2636	1232	-432	-1066	-33
15928	4052	-944	-764	-870	1114
16384	3036	3032	93	685	499
14236	2256	1144	1432	505	-607
15624	4672	-292	533	544	30
16156	2764	1384	1310	1256	-633
14520	2636	984	1693	1409	-1159
15884	5096	1672	700	536	-1987
16180	3032	-1196	874	105	70
16540	5792	2480	-1078	384	1112
18000	2888	-500	-2946	-88	822
16876	2680	560	128	1412	1716
15808	3348	2440	-934	798	1428
17340	1844	-192	827	127	-104
16076	2436	2072	2419	1483	-49
14556	2648	1820	2215	620	-1253
16664	2688	820	175	135	-799
16472	3276	1160	-879	879	-1053
15376	1676	2088	-1298	959	-906
16304	3696	1388	-1064	-425	-1168
16904	2852	2428	-1804	455	-794
15608	2560	3396	327	887	-2348
15796	3732	1216	1244	-44	-2502
15492	3608	1272	183	170	-1756
14300	3568	1308	473	-140	-2355
14768	4740	-548	-1226	-1692	-1389
15716	4196	1324	-3370	-615	-579
15752	2772	2352	-1771	61	-1712
15436	3216	1500	-533	-237	-2058
15500	3428	1924	609	149	-2634
16512	3692	724	2278	-320	-3534
15716	3244	40	2584	-756	-2859
15948	5260	1488	1383	-710	-2960
16356	4172	696	308	-410	-2871
14780	3680	-40	-577	-243	-2008
16296	5568	2228	-1769	-427	-1902
17080	4536	108	-1639	-135	-2426
15148	4140	256	-370	-328	-1903
15188	5212	1472	-1166	-715	-1748
16880	5220	524	-101	-662	-2700
15144	4872	588	-346	-131	-2070
15856	6104	928	-1608	-1042	-1295
17992	5192	1112	-837	-500	-1485
15760	5772	1740	-389	-37	-1428
15728	5780	168	-910	-678	-937
16892	5516	328	-610	-822	-457
16772	6640	1296	299	282	-757
14676	6500	1584	25	-72	-576
16860	5096	-340	-254	-654	62
16812	5268	696	-920	900	-42
15612	5316	1900	-1747	403	-4
17672	6108	88	-2025	-812	66
17376	6032	992	-442	79	-615
16456	6584	1372	811	-343	-1031
17760	6588	92	966	-621	-852
17108	6928	628	823	56	-570
16948	6420	1832	1202	299	-1462
17148	6048	836	1539	321	-1527
16508	6936	632	697	387	-861
16172	7652	128	-1045	612	-323
16672	6728	152	-1018	54	372
16156	7080	1572	-427	408	260
16244	6804	700	-582	-59	625
17148	7376	-360	-773	-295	1062
16348	6752	656	-760	-80	1175
16192	6220	1004	-1151	-574	1139
17608	6472	-240	-1506	-516	1135
16272	5972	856	-2035	442	782
16256	5380	520	-370	275	8
16816	5872	236	414	-93	-294
16056	5568	1448	1753	325	-843
15232	5840	764	1778	-77	-793
16572	6252	-16	1321	19	-585
15860	6624	216	53	652	-310
15352	6008	712	-846	335	87
16128	6552	152	-703	26	76
15868	6476	892	-1183	110	287
15544	6236	312	-791	-195	57
16840	6580	-68	-630	-384	-17
16120	5900	1692	57	-160	75
15884	5844	908	84	-142	58
16476	6464	164	-339	230	25
15524	6148	1132	-507	710	55
15596	5888	364	-538	87	11
15872	6300	792	-621	-322	244
15156	6080	1328	-36	-287	371
15460	6052	-276	-215	-1369	834
16784	6716	-576	-1145	-1191	1384
15516	6144	432	-2176	-856	1473
16472	5956	508	-1856	-132	984
16884	6004	376	-1740	269	1020
16148	5688	1092	-1518	1201	757
16232	5388	488	-8	378	546
16860	6568	948	555	250	367
16836	6848	1668	-568	323	605
17996	7456	256	-1532	-402	1122
18648	7212	48	-1838	165	1695
17680	6468	880	-1293	111	1174
18736	5596	-252	-127	-145	781
18716	5608	676	758	903	81
18272	5088	492	1300	1029	-373
18208	4772	-104	1846	1071	-370
18428	6388	536	1750	632	-602
19664	6128	-672	596	-84	-471
19944	5716	484	29	119	-318
17252	5728	1676	-1330	96	-32
18652	4544	-336	-3015	-702	1087
18272	4884	664	-4111	231	1621
15188	4380	1608	-4101	79	990
17576	3616	-804	-3093	-1252	1127
18476	3928	1436	-2286	-185	1939
15552	5276	280	-2172	293	1113
15580	3328	-1028	-2080	1294	2229
12928	4544	968	-1536	1772	3121
14076	4600	1912	-943	964	2681
13032	2776	484	1069	709	3205
13196	3668	1928	-57	1016	3915
14052	3076	2160	399	1167	2525
13664	3568	140	-28	480	2947
15108	3896	3664	-1068	919	2973
15620	2360	1768	334	546	1931
14408	3612	1700	128	377	2872
16360	4156	3180	-752	76	2338
15560	1872	1132	485	-34	2307
15084	4324	2708	-1634	-651	3002
16960	2656	2888	-2538	-704	1720
15960	1952	-568	-1742	-603	2243
15144	2872	1684	-3334	-1252	4574
16532	2536	3280	-4298	-891	2376
15248	-740	744	-1599	-594	1091
15324	3288	1016	810	-376	1431
16980	1988	2556	-726	-692	590
15872	44	320	3890	-104	-270
15324	4384	1336	2257	410	381
17528	2096	2020	1178	811	-1107
14248	1300	524	3105	1925	-303
16204	5480	2704	477	309	-218
16204	700	-140	-145	691	44
15548	3736	1440	-287	527	1319
17352	2496	3656	-2055	582	571
16660	1472	-196	-899	952	837
16764	3184	3620	683	1545	313
16360	1040	660	456	194	-368
17028	3272	832	966	-12	612
16956	2620	2196	-1487	557	593
16024	1164	1404	-1568	792	259
16116	2324	2776	-877	718	-123
15888	1016	2572	162	-48	-780
16024	2120	2020	1271	-825	-1116
16444	2804	1904	-725	-256	-970
16180	1280	1648	-826	115	-1331
15572	2920	1788	-1817	294	-73
15816	1488	2860	-2295	107	-936
16324	1988	640	-279	-768	-2496
16316	1832	2060	727	977	-1884
15524	2112	3732	2396	610	-3367
16320	3124	-124	2670	-579	-3285
16020	2956	1424	1941	753	-2296
14568	3120	1300	914	179	-2809
16220	4036	-88	-871	-673	-2139
16872	2704	2468	-1299	354	-1657
14400	3044	1164	-695	-610	-2941
15792	3428	560	-1417	-1445	-2213
15536	2984	1776	-1276	-380	-2471
14744	2720	864	-1877	-1490	-2645
16776	4188	-48	-2490	-1463	-2537
15520	2652	1248	-2533	-309	-2751
16244	3160	1856	-1287	-1144	-3229
15540	4416	380	-940	-456	-2996
16364	3732	-316	-637	-219	-2659
16740	3452	1148	894	-882	-2725
16276	5760	940	1275	-405	-3016
15916	5108	308	-39	-231	-2919
16540	3724	1488	828	185	-2628
16044	6692	1516	1719	-143	-2052
16620	6660	416	-529	-482	-1470
17180	4928	-728	-1146	134	-1050
15476	5900	1384	-320	158	-1150
15892	6312	1340	-842	-22	-868
17144	5440	-344	-464	-215	-252
15776	5488	1080	786	406	87
15788	7252	496	521	-507	408
18264	6180	-192	174	-136	534
16120	6280	776	102	897	1220
16344	5524	1500	-445	213	1256
17856	4636	1036	-501	355	1056
16172	4612	1940	13	1262	636
16916	4924	1552	1050	387	-425
17928	5152	544	1087	-304	-397
16500	5392	1356	1348	462	-706
16880	5548	948	2151	-487	-1101
17600	5744	480	2025	-557	-500
16912	6304	968	1328	-62	-469
17440	6808	16	810	-400	-618
17832	6376	28	259	-199	-214
16580	6544	1112	105	57	-115
17240	5652	688	370	-236	-161
17404	6948	-144	282	125	3
15860	6496	496	-8	99	84
16916	6148	-180	-163	-499	265
16736	5792	732	-417	61	596
15588	5664	288	-646	-83	777
16924	5924	-472	-1290	-180	749
16852	5412	312	-852	262	638
15508	4924	920	296	294	-132
16044	5004	312	921	47	-636
16596	5232	320	1090	675	-637
15416	5300	792	1742	653	-930
15980	5568	152	2021	191	-1122
16420	5848	-100	1760	229	-917
15808	5884	260	518	305	-590
15808	6172	172	-95	347	-445
16840	6240	-124	-760	418	-210
16144	5956	876	-1237	489	-105
15368	5388	1064	-426	240	-195
16492	5888	360	-659	189	-85
16056	5676	772	-535	361	-43
15720	5404	732	-598	240	-306
16108	5608	312	-276	93	-377
15692	5700	876	205	217	-423
15912	5580	300	580	-117	-285
16392	6048	344	625	177	-204
15764	6236	356	503	262	-427
15880	6132	352	90	250	-530
16468	6052	76	21	510	-311
15968	6000	1072	55	620	-72
16448	6560	156	-40	176	-9
17140	7112	-396	-501	303	15
16664	6872	392	-356	90	365
17796	6452	-172	-914	-364	712
18696	7020	92	-1426	-138	190
17696	7344	132	-837	111	-368
18436	7612	-876	1193	-601	-401
18924	7356	468	459	15	196
17568	6720	1180	-393	648	105
16848	6812	-260	-1014	734	720
17348	6584	308	-1338	668	1157
17880	5504	1364	-1067	540	715
17264	4468	1328	-22	593	436
16440	5088	1620	1910	200	-128
17188	5180	1008	3521	-252	-480
16696	5284	488	3364	-240	23
15380	5580	584	1612	-92	762
15660	5884	-1340	-912	-198	1898
17220	5620	-1476	-2062	-216	2815
16532	4648	612	-3185	489	3078
16480	4268	164	-3149	336	2435
17100	4148	-324	-3254	477	3129
15168	3732	1564	-2454	582	2739
15832	2916	1744	-1382	148	1913
17032	2912	280	-407	413	1604
17048	3528	1592	274	1565	1281
15872	3012	1104	1177	946	517
15544	3044	944	1150	529	973
16428	4724	1308	817	1089	906
16120	3984	296	349	814	1353
15152	3696	2504	-651	1339	2202
13820	3680	1596	-1307	479	1660
15484	4028	-1396	-2229	-1216	3105
15480	4436	3260	-3167	449	3198
15496	2568	1088	-1653	-361	1953
15192	3184	-88	-398	221	3030
14908	4280	3796	1338	844	1565
14292	3076	-1800	2103	-569	1828
14800	5472	1208	266	-338	4019
15060	2744	2448	-615	418	1884
13160	1696	672	-1309	401	1828
14540	4212	1328	-2110	-167	798
15024	1508	356	-1022	192	33
15108	4684	1284	-389	-325	-975
16272	3596	-288	-1509	-300	-1399
16120	3816	-444	190	1061	492
17556	3896	2492	-300	1802	415
16040	2480	196	1789	1182	-353
16704	4296	1540	1295	1769	477
16412	2900	2516	2021	1392	-633
15408	3416	-424	1482	81	992
17604	4332	1872	-1828	364	1784
17192	2084	436	-944	391	460
16296	2360	2884	-291	946	2099
17052	3072	2240	478	-26	617
17064	1040	660	1495	-100	1179
16004	2904	2988	1583	281	905
16516	1708	308	-148	105	220
17012	2664	1620	-978	156	778
15712	1432	3236	-552	929	-659
15368	960	2660	292	723	-1635
14996	2476	1108	1483	165	-2081
15804	2684	1880	1151	-275	-2343
15968	2356	1696	406	-87	-2620
15800	3236	816	-718	-431	-2441
16524	3028	1452	-1791	453	-1782
16056	2712	1692	-1012	-451	-2263
16716	3112	1096	-174	-752	-2299
15600	2792	1456	70	11	-2686
15012	2460	1428	1176	-223	-3514
14880	4228	-236	503	-1444	-2434
15804	4068	1468	-1367	-109	-2375
15464	2956	1756	-960	-202	-3645
15124	4120	340	-1216	-677	-2887
16212	3852	2564	-1163	-442	-2718
16672	4132	1536	765	-800	-3585
15416	5280	24	307	-1312	-2398
16316	4500	1656	-794	-1322	-2419
16568	4324	-612	-5	-1153	-3067
14980	6320	124	-95	-773	-2440
16284	4796	492	-1689	-1211	-1600
17212	4692	-536	-1373	-1104	-1004
15700	6028	1064	-1387	-120	-378
15712	5984	124	-1650	-319	-758
16728	4520	-320	-1273	-36	-515
15504	5448	1348	-705	229	-567
16948	5788	2104	362	209	-1455
17612	5240	-1096	-220	-347	-341
15892	5908	712	-759	-361	317
16732	4744	1508	-1891	-473	-507
17124	3804	884	-1529	-58	-1074
16708	5324	1644	-1414	521	-1159
17760	5480	472	-670	-136	-1689
17264	5932	1040	1792	-223	-1797
16256	6856	972	1210	-501	-1930
17748	6632	-984	281	-1120	-1538
16740	6592	640	-550	-171	-909
15880	7524	860	-855	-447	-735
16244	7112	-496	-2147	-250	134
15524	7400	-260	-2536	-212	1079
16036	6424	640	-3071	531	1287
16440	5856	500	-2216	349	1072
15780	5684	768	-1562	320	842
16428	5336	1740	-103	272	178
16608	5356	1476	1522	607	-424
15776	6128	1060	2264	592	-613
16512	6080	-252	2015	-18	-452
17336	6512	-184	1046	-12	-202
15916	6144	1640	-122	536	-272
16564	6580	-20	-1624	-133	192
16896	6628	236	-2739	456	559
16000	6076	1636	-2544	325	213
16912	5500	1160	-1534	-508	-200
16692	5732	1564	-587	-367	-176
15376	5624	1836	-312	-183	-184
16452	6084	416	-223	-257	-261
16396	6132	540	146	116	-322
15392	6108	1020	742	4	-492
16384	5788	584	309	-517	-314
16448	6500	-16	-703	-228	163
15576	6260	684	-1831	211	-9
16044	5980	452	-1436	4	-234
16740	5800	1172	-830	150	-197
15816	6064	1404	-504	384	-135
15780	6240	368	-302	184	-283
16048	6408	900	378	76	-386
15332	6048	1300	-283	112	-162
15956	5824	428	-8	-599	65
16376	6232	372	-879	-166	250
15384	5816	972	-534	-52	-90
15804	5808	24	79	-282	-101
16452	6568	124	-312	-2	-60
15744	6072	1560	497	376	-633
16132	6884	-100	826	-266	-278
17056	7632	-228	-354	45	268
16928	7468	1204	-27	89	76
18064	8328	60	-315	-421	826
19084	9040	-244	-1055	-332	1460
19716	9144	748	-728	-154	1004
20544	8704	584	695	-876	663
19884	7416	108	310	-358	1151
19336	7020	-1320	-3238	1043	1862
19256	5316	-316	-4927	2043	1835
18704	4900	-124	-4666	1899	1191
19148	3272	840	-2788	829	251
17820	3716	2324	-253	520	-109
16448	4300	1508	838	14	-444
17444	4480	-932	698	-383	-75
17876	5208	532	-876	460	380
14980	3552	2628	-1903	1102	-8
15252	3844	788	-2319	171	929
16776	4644	336	-4276	-10	3130
14608	4092	3212	-4546	747	2454
14512	3024	-1164	-4064	-617	2604
12656	4692	2160	-4545	873	2856
13556	4160	1564	-3288	324	1711
14424	3428	776	-1508	-46	2682
15136	5188	3680	-1032	344	2945
16124	4272	1952	1989	296	1737
15344	4604	1692	3477	1055	2989
15124	5860	2256	2190	1318	2808
13832	3324	1368	-239	2428	2983
12656	4028	3120	-1717	2457	3545
14784	3664	3144	-2512	424	2947
13004	968	1272	-80	-1062	3122
13984	5100	3924	-903	-1765	1466
16724	1804	1788	141	-2194	589
15384	3864	1308	2516	-472	475
16260	4744	3324	1158	-1580	827
15856	2560	548	4453	-1498	657
14364	4788	1592	2444	-281	2300
16328	4284	2232	1984	-1306	206
13988	1896	-2396	1185	64	1722
15176	5380	2668	-1239	802	2349
15616	496	1120	-2974	480	1500
16108	2788	588	507	695	-200
17192	2388	988	70	415	-345
18196	1232	852	3652	628	-1159
17800	4072	404	3026	-66	-79
16784	2980	1228	1672	645	359
15684	2000	-1980	-252	358	1830
17848	4092	2228	-3228	1061	1071
17708	-508	1864	-1714	2646	156
15156	1196	3840	2378	2336	-922
16336	3248	812	2119	-527	-2005
16524	1712	1264	2025	1047	-1201
15224	4292	2056	2049	818	-1894
16032	3960	1744	-1918	-62	-338
15812	2984	2888	-3004	654	73
15312	2724	2940	-1299	506	-513
14680	3624	1408	-1747	-1091	-416
16152	3180	3740	-275	-545	-1105
16104	2340	1828	855	489	-1065
14196	3280	2972	585	554	-1352
16008	3808	784	-439	-367	-1491
15700	2632	1952	990	-127	-1365
15576	3704	1448	1703	-1013	-1730
15848	3924	1024	37	-456	-1364
15456	2444	16	-1196	577	-911
16104	3616	1064	-1763	1258	-813
15476	3208	504	-2948	540	-1059
16752	2016	1356	-2485	542	-405
15180	2392	3680	21	1281	-1352
15820	2396	1948	630	313	-1736
16496	1808	1580	1732	-9	-2033
16372	3144	3212	2287	1032	-2987
17316	3804	672	1826	332	-3721
16904	2824	812	254	436	-3074
16052	3580	3436	-758	391	-2885
17292	5044	2220	189	105	-3662
16192	3680	656	-453	74	-2486
15724	5152	2344	-92	183	-2680
17244	5032	1076	404	-909	-2922
16868	5120	1832	-525	-1323	-1854
16616	5772	2620	-464	-1125	-1563
17336	6192	1456	-431	-573	-1839
16348	5808	700	-1792	-619	-1027
16728	5668	2460	-690	-668	-367
17088	5952	2132	-420	158	-527
16636	6448	472	-950	179	-545
16844	5516	496	-1350	-615	522
17692	5536	1748	-1408	353	3
15820	5496	3224	-730	669	-751
15992	5836	164	-665	-1510	-100
17468	5836	964	-1567	-1178	123
15904	4972	2836	-1024	-377	-577
16532	4232	1820	-250	-693	-524
17452	5788	1072	349	-755	-711
16116	6068	2288	1639	-275	-1475
17392	6296	660	2889	-597	-1688
17296	7248	568	2897	79	-1346
15396	7632	980	2846	323	-1010
16964	7448	-160	966	-30	239
16632	7660	488	-824	684	870
15804	6560	1728	-1643	901	1265
16588	6128	996	-1967	494	1657
16488	5308	1772	-990	504	2132
16224	5580	1712	-757	333	1693
16736	4832	1064	-215	-235	1321
17104	5760	904	-1028	170	942
16372	4804	780	-1020	81	667
17360	4804	780	-832	-340	170
16544	4304	2032	476	55	-554
16404	5096	1084	733	127	-747
16716	5744	716	327	298	-968
15844	5660	1452	1078	509	-1364
16364	5336	1280	895	253	-1125
16520	5868	1132	-4	182	-696
15740	6192	1180	-923	187	-438
16376	6260	768	-1359	114	-419
16500	5856	1580	-696	-10	-417
15672	5404	2668	2	-78	-460
16040	5896	1004	264	-173	-95
16100	6392	724	-379	452	45
15232	5964	1436	-739	812	-59
15492	5680	832	-857	450	231
16828	5604	832	-1475	84	885
15880	5468	1628	-1200	-267	670
15608	5376	1280	-66	-653	261
17320	5668	64	172	-1231	497
16520	5336	1584	-205	-1207	445
16848	6464	168	113	-1605	18
17668	6940	-312	339	-1328	-64
18196	6660	964	428	-734	-11
18188	6628	892	262	-59	-178
19064	7688	756	-1320	782	130
18920	8016	668	-2536	1177	399
19608	7496	824	-1350	898	427
19672	5936	2252	-148	640	303
18996	5504	1900	390	310	297
18980	6356	1416	773	518	-80
18508	5916	824	966	577	-356
18044	4872	1972	-626	95	363
16692	5524	3504	-1814	1048	373
17392	4344	-792	-2652	-693	2199
18792	4908	52	-3925	-2100	3583
15948	3820	3992	-3629	-1262	2651
17548	1092	-2468	2546	-5036	1808
17956	4724	-616	1582	-5061	2976
14964	4968	1240	1727	-2280	1386
16740	2088	-1512	2929	-200	1520
15948	3780	-2100	430	2171	3708
13172	3208	4288	-72	4148	2940
12568	1160	-404	1716	3604	2077
12260	2872	2668	2133	3860	2315
12916	3220	2452	1847	2378	765
12560	2696	-720	-272	497	1595
13656	4432	2812	-3806	685	2365
14236	4096	1048	-4865	-601	996
14756	3480	-800	-4719	-618	2752
15440	3996	4196	-3851	322	2274
15132	1380	1132	-1267	-804	724
15892	5072	-1476	247	-1340	2045
17684	4488	3972	15	110	1537
15552	2008	424	1401	-474	2004
16396	5248	3532	1229	-237	2426
15220	3364	2508	1468	-182	-444
13984	1704	596	1054	545	701
15028	4904	2660	1739	38	304
15416	3620	1172	664	59	261
15044	2876	-444	685	-281	244
16480	3872	-832	281	-116	920
16900	3004	3324	-627	2032	67
15020	1464	-1176	771	585	-1054
16856	3608	1464	1304	716	190
16824	2432	876	745	971	-947
16844	2240	480	1568	915	-669
17496	3264	3452	3636	2247	-1457
16088	2644	-240	3788	833	-1273
16160	5428	664	2255	284	457
16240	4632	1004	-1343	307	1184
15140	2884	1924	-2701	67	1569
16592	3176	1364	-3144	57	2288
15976	1520	3036	207	629	347
15192	1704	948	2508	-136	-485
15600	2892	2028	2125	794	-424
14432	1508	1252	1310	384	-1244
16088	2764	712	-640	-263	-840
15972	2188	2584	-815	-27	-1957
14732	1036	992	-1158	-607	-2051
15608	2216	1688	-646	-884	-2238
15840	2116	2692	110	-464	-2761
16652	2436	1012	319	-1400	-2554
16384	3052	1000	-75	-874	-2275
16504	2580	764	219	-2119	-2767
17596	2656	-4	456	-1844	-2085
15708	3696	2036	-146	-662	-2905
16436	2524	-508	-132	-1316	-3346
16912	3264	-520	51	-611	-2510
15336	4336	2020	-48	224	-3428
16120	3420	1392	950	-65	-4500
16464	3124	332	3059	-943	-4160
15896	6260	412	2323	446	-4075
16448	4564	-2088	-401	-1369	-2450
18152	4916	992	-1286	1249	-2169
14852	7176	1488	-1507	638	-2996
17004	6116	-1748	-3902	113	-596
14536	5432	2860	-2913	2091	-1154
15424	6040	1472	24	-441	-1390
18128	6844	-1804	-259	-379	30
16052	6652	712	-348	818	129
17024	5348	-72	-349	-653	-9
17440	5688	844	-1011	1281	-98
15040	5808	1568	-2720	999	-331
18264	4108	-308	-2281	-388	-166
15656	5236	2648	-475	609	-1148
15892	5820	200	31	-2036	-899
19176	6656	-1588	-366	-2291	-168
16196	6612	1624	84	-616	-795
15384	6284	1136	-853	-1102	-837
18120	6984	-1472	-572	-1106	-126
16780	7264	768	-988	520	105
15880	6564	1492	-794	294	-344
17652	6576	-632	-374	-110	-20
16824	6992	552	-1298	846	420
16012	6192	1068	-2412	484	721
17272	6348	-500	-1673	6	1063
16144	6836	544	-1694	450	1413
17028	6416	-184	-994	-585	1188
17792	5792	624	-603	198	1012
16292	6116	732	-74	15	715
17048	5344	112	-581	-427	838
16748	5160	1028	-372	387	381
15580	5356	720	-516	394	192
16584	5396	376	-240	355	28
16640	5416	464	-487	297	94
15344	5400	828	-569	138	-195
16608	5496	528	-586	-214	-89
16704	5800	896	-1165	654	-237
15784	5252	1372	-730	431	-378
15800	5540	1112	362	-326	-219
16108	5764	772	-177	-317	-141
15904	5948	756	-391	35	-131
15800	5984	12	-1356	-90	480
16616	5380	364	-1983	-100	895
16120	5356	1384	-1198	180	362
16100	5720	532	-457	21	330
17200	6348	-240	-393	361	359
16264	5952	1320	422	621	151
17472	6660	412	527	488	74
18220	7656	452	-849	818	779
18364	7416	456	-400	852	740
19192	7792	696	-30	-202	1259
19776	7636	924	-1257	-638	1837
20296	6996	-232	-2745	258	1797
20132	6572	-600	-3924	591	1979
20192	5544	708	-3954	575	1811
19784	3580	1640	-1838	629	972
18944	3432	1800	-1105	496	1024
17640	4048	1152	-2028	316	979
17820	3188	944	-853	719	555
18420	3400	1380	941	46	219
16476	2396	3252	1216	-880	386
15768	2764	2104	1076	-478	587
15852	3620	-1616	77	-1303	1323
16256	5168	-552	-4271	-438	3161
14700	2652	3224	-5120	679	3081
13740	2216	-328	-4470	35	3151
14940	3260	820	-4997	-360	5039
13788	2188	3496	-3258	737	3895
13912	1756	2480	-827	221	2577
13896	2064	-796	952	-2448	3105
14924	4640	2764	-1066	-1200	4031
16524	1280	1180	-1208	-785	3643
15208	2380	1316	-599	562	3241
12644	1968	2524	-825	752	2331
15292	2612	280	311	-604	1739
15140	2172	1928	827	-388	1661
15532	1700	2172	1573	1657	26
15088	2652	2052	1395	1292	-922
14420	2224	320	1910	637	-1495
16572	3008	-540	1864	-135	59
15912	3620	3356	-988	881	850
15748	1008	2788	-844	1350	-810
14596	2956	-1232	-252	-400	-352
17424	4148	3240	-2216	-152	398
17672	1188	1768	908	1372	-610
14164	2964	480	1629	-1027	393
16992	3680	2152	-1340	-637	470
17000	1264	1448	270	1381	-88
15048	3004	44	-283	-307	376
17540	3712	1496	-1595	89	-180
16376	720	1232	1348	1400	237
15916	3964	1764	1036	610	266
17300	2656	1652	1697	1161	-1044
15096	1928	1840	2882	1256	-1
15284	4068	3728	1570	852	-591
15816	2084	940	-298	279	-198
15604	2952	1804	-1160	411	538
16028	3232	2196	-2301	-209	-243
15580	1116	2444	-1748	285	-136
14956	1844	3228	18	235	-713
15408	2452	2684	1601	-206	-2301
14120	1452	948	2907	-450	-2219
14056	2928	1120	2045	-1009	-2070
14832	1992	2960	1012	-411	-3015
13884	2108	-180	217	-164	-2103
15368	2364	216	-1019	-843	-1387
16064	1840	2920	-1034	240	-2637
16672	2184	1300	167	237	-3415
16544	1892	1700	871	487	-3548
18136	1580	420	3160	-1563	-2709
16420	4868	2192	3024	-383	-2591
16508	3852	1500	470	-1661	-2757
17404	3160	-296	202	-1692	-1726
15200	5308	208	-1463	-942	-964
18300	3536	896	-2542	-1212	-526
16444	3112	1236	-2360	-435	-703
15840	3568	1080	-2475	-839	-309
18764	4260	-220	-1985	23	-835
16796	4080	464	-1201	923	-1263
16664	3568	1016	-647	-823	-1186
18592	3372	976	486	-238	-1312
16648	5296	1680	1301	410	-1521
16912	5836	96	-588	-352	-818
18204	5520	-584	-873	-337	-194
16228	5540	1956	-876	1002	-427
16460	4220	2084	-1749	-406	351
18832	4644	268	-2680	18	958
16648	5128	2424	-1925	401	-134
16304	4324	1772	532	-881	-450
18520	4584	400	1797	-1853	73
18128	5584	1004	1857	-760	-376
17444	5120	160	841	-757	-499
18788	5324	-220	1877	-628	-960
18128	5540	896	-114	-350	-793
17032	5088	776	-1227	-331	-811
18012	5708	-1404	-2199	-216	-347
17196	5688	276	-1387	83	-66
16696	5316	576	-1513	-357	-175
17528	4948	-496	-317	-651	-66
16264	5576	88	-322	201	263
15872	5092	268	-1025	221	216
16516	4544	616	-353	750	23
16012	4880	880	-528	1054	92
15884	4372	-32	-779	43	603
16432	4980	456	-952	123	614
15572	4604	680	-932	199	318
16584	4652	28	-1120	-68	520
16336	4204	1344	-623	258	204
16880	4168	1576	266	744	-249
16820	4972	660	551	535	-256
15832	4476	1128	812	438	-162
16724	4816	496	501	-313	-25
16920	5096	588	-553	162	-157
16104	4516	1216	-1701	371	-186
16820	4824	648	-1483	13	-7
17924	5652	552	-1417	-370	292
17668	5808	1240	-1170	-231	229
18172	6104	164	-1163	-264	365
19032	6348	-508	-2108	101	475
18456	6320	1544	-1612	347	-167
18796	5508	1120	-517	-311	-613
20240	5408	572	784	-1941	-816
20084	6544	204	197	-1981	-1022
19968	6708	-432	-211	-2151	-1558
20900	5800	-2724	-1661	-1055	-813
18272	4968	-44	-3832	893	456
16704	3812	1664	-4778	1061	339
18292	3592	-1024	-5414	769	830
17916	4204	856	-5756	1649	1179
17076	2848	2324	-4009	1334	-33
17404	2392	-236	-692	-759	283
17816	4112	1604	1239	238	458
16976	3228	1856	2313	236	-626
17132	2576	420	2142	-736	314
15272	4972	1988	-195	436	564
16716	2984	-1028	-2033	-901	1893
16268	4380	1924	-3262	160	3272
14704	3172	4928	-3956	1508	2294
14704	1920	420	-1114	950	1283
14784	4920	-176	-182	6	2835
15648	3960	4600	1307	-345	2364
13452	2172	2456	4292	32	1743
13236	4940	1344	4292	-537	2551
11312	5040	808	2047	-1945	3458
12836	3956	2184	-124	-283	3748
10280	2732	424	-438	-923	2702
13604	6788	-336	-3269	-1678	2307
14564	2240	1196	-4458	-190	2515
13784	2264	2604	797	337	643
15864	5616	1332	927	-1115	-241
17896	2900	404	3580	1448	623
14084	4652	2060	5816	1900	315
14396	3924	-668	1518	-575	850
18648	3520	436	791	1961	2421
14212	2308	1784	328	1213	1188
15624	3156	240	-2221	-1205	989
19312	1940	700	-1670	1595	1775
16360	1692	2860	983	1188	-338
16404	1568	520	1861	-179	-92
18004	2688	1076	2851	1297	383
16384	1196	1472	3487	1129	-1127
16080	3080	-1084	1967	66	-216
16620	2460	1952	-1313	1488	1038
15440	1080	1816	-715	158	-846
17316	2428	516	-1540	370	-292
17148	2140	4208	1511	965	-2328
16136	1116	532	2366	304	-2068
15888	3348	768	1564	287	-1161
16452	3180	456	745	120	-2257
15924	2132	804	386	568	-1119
15492	4588	1328	-1169	-355	-1059
16820	2492	1456	-2609	545	-1380
15556	2416	700	-581	343	-1578
15604	4260	400	-1494	-458	-537
16916	2448	2192	-1395	700	-958
16544	1976	804	99	663	-1636
15132	3860	308	40	669	-1399
16276	2572	2440	-738	1165	-1872
16024	2532	940	1382	505	-3313
15708	3776	1536	559	597	-2476
15684	3048	2488	105	-218	-3084
17200	4036	-384	-611	-1491	-2538
16864	4264	1124	-2016	-533	-1464
15088	2832	2708	-2339	-78	-2332
15588	3736	1364	-844	-1133	-2897
15876	4332	1048	-1048	-384	-2142
15048	3764	2144	-75	-348	-2589
15516	4032	1364	501	-1546	-2861
15868	5928	456	250	-1355	-2437
15800	4656	1364	-1069	-142	-2319
15360	3792	1236	-956	-601	-2125
15124	5712	1268	-611	-846	-1609
16604	5604	276	-988	-843	-1269
16680	4672	520	-778	212	-1358
15012	4892	1308	-297	-328	-1055
16848	6144	-48	-262	-1374	-732
17612	5288	592	-424	353	-648
15216	5140	2408	900	622	-947
16312	5580	-404	-532	-1051	568
17544	6460	1264	-1349	132	808
15844	5956	2192	-1300	882	132
17052	5164	-828	-1275	-1425	940
17796	5532	1096	-1529	-662	1409
16316	4748	3400	-598	222	-72
17652	4168	724	1268	-1484	-626
18392	6520	-780	118	-435	43
15604	5660	1760	509	-195	-936
17612	4920	-540	532	-963	-966
17260	5912	60	608	-523	-286
16272	6632	452	12	-352	-210
17076	6388	-744	817	-605	-451
17244	6840	-720	1551	-686	49
16720	6696	420	65	129	460
16864	6044	-712	-400	-156	547
17484	6300	-124	-114	707	772
16804	6312	-160	-1030	112	1065
18080	5208	-664	-1683	-78	1503
16424	6208	500	-1684	420	1126
16392	5580	92	-1754	285	934
17424	5180	232	-1042	306	571
16424	4884	1280	-283	776	421
16480	4724	-100	-319	51	368
17548	5324	-524	-790	-548	538
16392	5004	324	-1504	-58	-44
15720	4588	824	-1228	33	-615
17072	4996	448	-974	436	-608
16504	5252	876	-529	785	-563
16112	5116	584	387	669	-832
16368	5576	-140	613	11	-619
16088	5156	828	134	369	-391
15248	5328	1000	-214	377	-403
16444	5220	-80	-510	357	-177
16212	5232	632	-754	525	70
15660	5028	1544	-773	348	-46
16884	5024	772	-567	419	-231
15680	5196	1780	-14	582	-251
16112	5036	536	59	-99	-250
16348	5464	196	-337	-211	102
15840	5184	1064	-446	49	-8
15944	4940	776	-458	138	-282
16340	5632	652	-362	261	-149
15636	5504	832	155	334	-80
16108	5728	492	447	-40	-16
16672	5716	560	273	215	378
16456	6236	840	-409	235	903
17540	6624	-280	-759	82	1083
18024	6776	12	-668	211	1546
18628	6372	588	-721	-59	1457
20424	6304	-556	-484	-58	852
19928	6152	948	808	528	-67
19908	6492	-452	1722	180	-498
20768	6260	-472	1256	658	-652
19892	6832	228	560	1017	-927
19268	5580	256	-235	807	-557
19648	4912	-956	-536	380	110
18808	4628	1516	-2160	1203	524
15912	3768	1888	-2155	864	220
18452	3404	-468	-131	361	206
18916	4384	460	1130	168	156
15304	3292	2332	2299	306	-413
16520	3456	-44	2143	-110	138
17044	5280	-548	1497	-13	838
15364	4340	1604	-987	860	1804
17096	3292	-1348	-2243	-440	3371
15900	4104	2816	-4793	637	5180
15844	3572	8	-4992	679	4153
14984	1748	-1304	-3765	386	6127
15140	3864	5196	-2107	1655	5033
15072	-88	1272	1041	115	3019
15676	2560	3224	4788	814	2938
14796	3316	2252	5626	980	2099
15224	2892	1196	6031	216	2414
13472	4488	2476	3561	648	3363
12860	2264	4072	2044	1090	3172
10632	1912	952	303	-590	3126
11492	4080	344	-3762	-1681	3713
12964	3700	1608	-5471	-2658	988
12460	1300	-1292	-5733	-2023	587
15556	5772	456	-5248	-1748	139
17120	2244	1348	-3955	721	-224
14396	2332	-396	1129	1063	169
16892	5564	1360	300	514	1072
17856	1644	2288	1648	2185	-212
15668	3236	-372	1884	969	498
17072	2436	1900	-1344	1268	1981
15900	452	3164	-179	2493	506
14328	680	-700	1687	-1251	-452
18208	4412	-3220	-1860	-1185	1836
19248	104	5808	-3105	3107	39
16912	-840	2056	636	3309	-3512
16744	2744	2544	2723	2430	-2646
16632	596	3564	3661	1235	-3310
16156	3208	2664	2775	363	-3161
15616	3664	3072	-487	300	-3444
14268	2860	1496	-2762	-596	-2022
14740	4328	2352	-3357	-1742	-1775
15500	2728	2312	-4591	-334	-1986
13404	2236	3452	-3018	421	-3233
13892	3320	2384	-1340	325	-4160
14676	3836	2256	700	-232	-4560
13644	3096	3720	545	-209	-4810
12636	5520	-200	1022	-2215	-4856
14680	5152	1360	-1382	-1606	-3025
15140	3488	1156	-1615	-1936	-2380
16820	5056	1524	-1627	-2114	-2075
16940	3672	60	-615	-859	-1724
16900	5168	108	909	-1423	-1149
16620	5328	1468	654	-937	-1566
16336	3800	-432	1368	-1402	-1308
15664	4876	-780	-17	-871	572
14748	4744	1460	-3384	-816	858
16700	3804	-272	-2328	-455	-741
16160	3836	-1344	-1406	-508	589
15156	4516	1596	-2066	-666	943
16912	3956	644	117	-497	-952
17060	3784	152	1601	1085	-286
14884	5612	628	566	870	487
16524	3012	-740	-1466	-674	659
18108	3976	1052	-1012	467	1279
15772	5044	1180	-2272	-464	1237
19552	4544	-480	-1682	-1270	1269
17368	4480	2124	-293	779	481
18736	4140	400	102	-1661	480
20604	4812	240	-1451	-541	622
17208	4320	2064	-808	-45	-848
18456	3856	376	408	-1894	-1117
19780	6084	416	1637	-489	-669
16056	5880	1232	1240	139	-806
16568	6792	-1464	1571	-862	-621
18644	6616	-512	868	269	294
16368	5844	1380	147	1252	881
16816	5444	-692	-1055	23	1669
18576	6252	-924	-1219	516	2342
17600	4560	468	-1928	848	2265
17540	4068	984	-856	568	1409
18960	4124	-268	-845	781	1389
17028	3620	1176	-752	1041	1116
17036	4048	856	-483	491	334
17076	3892	732	233	1040	56
16028	3384	1308	-57	747	226
16368	3360	672	86	-4	373
16316	4240	356	-309	80	404
16576	3796	368	-1422	533	207
16760	3708	748	-1036	163	370
16008	3388	1876	-1186	280	289
17108	3784	748	-999	230	-78
16820	4528	588	-609	482	-174
16456	3656	1564	-205	434	-151
17212	3840	1180	117	229	-272
16776	4092	1264	-228	690	-165
16024	3976	1636	-30	276	-234
17396	4096	-36	-252	-354	-32
16716	3920	1168	-677	23	41
16064	3940	1392	-6	56	-433
17316	4600	264	73	-36	-410
17732	4924	1036	58	729	-230
17572	4936	1100	532	312	-106
19388	5548	16	-359	150	125
20092	5616	1104	-846	832	-270
20140	5556	2028	154	870	-965
23696	6828	340	314	376	-1207
22492	6432	1804	-2787	1726	-1371
21168	5648	2460	-3422	1293	-1758
21660	4944	-1184	-4558	12	-589
21060	4292	2564	-4317	414	24
19096	3484	1940	-4782	810	-288
17500	3024	-1088	-4419	597	1
17620	4172	-672	-4735	338	2063
17892	2488	1544	-1727	88	1503
16608	1172	3144	735	-219	838
14732	1832	2896	3489	-1056	624
15276	3440	-1024	3593	-1209	883
13732	2556	-400	1454	-821	2202
12788	2796	3152	397	108	2361
13668	1920	-2036	363	-2087	2984
13924	3340	-1476	-1866	-1131	6646
13368	2308	4236	-2234	508	4753
13784	40	2636	2699	1679	2151
12868	2724	1972	5811	1241	1874
15144	3512	4568	7960	335	-17
14636	2476	412	9432	-244	-359
13668	4896	-260	5118	-1061	3391
14916	5732	1236	-758	-301	3727
13188	1648	-88	-3683	851	4076
10872	3316	964	-3922	706	4083
13408	1268	3036	-5384	-46	3166
12500	296	624	-2530	-54	1064
14876	2752	-2960	-1783	-1454	-117
18032	1888	1640	-3004	3240	1142
16336	296	920	371	2243	-1663
15740	2288	-3820	265	-1100	1069
17596	4088	1772	-4621	1480	2497
18128	-448	4120	-4474	3189	53
15628	2028	2584	-3183	2695	-1737
17736	972	5720	-1306	1781	-1543
17616	736	4156	3286	665	-2651
16564	3280	1756	3403	-708	-1332
17092	3796	2896	871	193	-1100
16612	2464	-1412	-172	-670	-170
16524	4092	1408	-3086	47	2532
17384	1412	4496	-2820	1301	1679
15752	436	2220	980	573	-39
15640	2472	3584	3147	1055	-425
15832	1048	2436	4055	620	-1061
15720	3228	1764	3478	300	-515
14576	1732	2968	717	1025	-287
13940	1736	1968	-841	-27	-383
13912	1840	3084	-1613	-315	-1036
14868	1540	3212	-856	273	-2707
12584	256	2804	1017	573	-3512
11212	2236	2388	1055	-811	-3470
13772	3232	1916	-382	-117	-4505
12500	864	856	274	-309	-4318
12080	2892	1580	6	-1252	-3485
15104	3292	1544	-1320	-1759	-2636
14560	3096	512	-1602	-915	-2342
13972	2096	968	-3169	-555	-1185
15556	1688	2240	-1284	-443	-935
17296	3956	-1300	-1144	-937	32
15708	2832	620	-2561	1003	1165
15404	1644	444	-3191	364	2029
19372	2100	1600	-1742	1733	1860
16264	2348	4480	-1109	3048	986
17496	1660	752	275	-1064	2597
22392	3880	1572	2159	461	3459
20364	4272	4124	-1021	1044	3425
25604	3720	-2120	-1849	-2527	5298
24176	5128	1048	-3333	658	6163
21940	3540	4452	-3885	1369	3867
23824	1888	2656	-2579	1930	2352
21172	1632	3616	-580	2542	1721
18256	1640	3732	573	1901	454
18544	1120	2008	1539	354	43
16332	2708	1348	605	482	607
16064	1004	1836	-1599	-237	1324
17548	888	1272	-1347	270	1728
16144	940	2524	-1473	1357	1518
16596	-196	2656	-379	1132	1482
16428	268	2416	1515	1065	1363
16176	812	2600	2118	1020	1049
16196	808	2520	1051	490	1015
17068	448	2116	702	841	918
15424	196	3232	5	690	1136
15364	-100	2880	548	106	1182
15256	-36	2752	561	382	1849
15004	464	2268	713	1163	2243
14044	492	2128	1331	1443	3165
15132	692	1436	2087	1793	4513
15036	1128	2840	1212	2925	5641
15464	788	2840	-221	3260	6903
16560	864	2120	-563	4028	8345
17380	704	3620	-1588	5263	9178
16820	-708	4716	-1131	4548	9148
17812	-1824	5292	-977	4498	8749
17200	-1728	4080	-762	3518	8396
17076	-2164	4736	-1479	3174	7859
17148	-2984	4324	-1064	2673	7045
16864	-2772	4024	-1142	2155	6602
17048	-2372	3868	-1330	2230	6219
15828	-3068	4076	-1637	2572	5765
16748	-3236	3828	-1427	2242	5457
16436	-3448	4416	-2632	2650	5128
16092	-4100	3864	-3572	2796	4821
15132	-4132	4056	-3962	2790	4669
15428	-4700	4376	-4652	2629	4848
15232	-6288	5208	-5363	3085	5580
14208	-6728	5664	-5256	2986	6105
14468	-7684	5148	-5386	3298	6819
13660	-8440	4800	-5369	3102	7500
14416	-9432	4784	-6176	3025	8374
13392	-10236	5512	-6931	3942	8609
13136	-10216	3640	-6738	3996	8487
13784	-10920	4108	-8306	5323	8492
13264	-12240	5224	-9143	5785	7599
13272	-13768	5784	-8857	6007	5761
12788	-14536	6064	-7477	6068	3815
11960	-15520	6500	-5007	5662	2575
11136	-15288	6436	-2693	5232	1552
10460	-14812	6656	-1105	4420	961
10604	-13560	5868	-303	4044	616
10832	-12736	5664	-1410	4216	590
11708	-17496	3016	2128	6565	872
6596	-12212	6276	5675	1500	2347
11968	-12544	5244	1830	2974	1310
11140	-5656	4608	-10402	6204	-4291
11796	-20848	7136	-9481	3895	3967
8432	-12164	7200	3970	1851	-1077
11884	-11964	5228	-3046	954	310
9536	-13084	6032	-293	1543	-446
10468	-12700	5784	-589	27	-41
9920	-12832	6316	459	532	-281
9844	-12772	5940	-740	2842	-502
3976	-9208	2580	-22	-2963	1520
10216	-12280	7008	2464	-4766	2206
12708	-13468	5740	2665	-315	115
8828	-9596	6376	1566	1942	664
9824	-12692	7108	174	371	1050
9556	-10356	6740	1418	-883	830
10572	-12044	7424	-80	-184	323
9320	-14460	7632	9182	-2816	106
10308	-11904	7156	7483	-679	22
9280	-10896	5872	5772	622	-39
8444	-11108	6544	2871	2238	-77
8732	-10296	7420	823	2951	767
9780	-9484	7644	-4357	5047	-261
8560	-11320	8244	-8120	5902	704
6728	-12212	9096	-7040	2825	761
9792	-11248	9232	-3145	394	1882
9540	-11384	10412	-3137	3703	1410
9032	-12228	9352	-1320	2252	292
8348	-13288	8100	3241	-2632	1042
