0	0	0	0	0	0
-13528	-2696	11440	536	659	-230
-12564	-4140	8392	922	175	298
-12504	-3788	7724	-392	1272	-93
-14360	-3572	8640	-569	959	-158
-12788	-3376	8356	-575	1204	-50
-12832	-3728	8820	-1651	3457	-48
-13652	-4112	8596	-1210	2433	-136
-14480	-3568	8080	-2041	766	140
-13252	-2480	7712	1561	-8157	938
-8420	-3148	7076	-2545	593	461
-15656	-3916	9300	-2037	1319	159
-12452	-3028	7928	-2660	-2285	643
-12184	-3260	7712	-4239	624	579
-13824	-3600	7652	-5180	-281	937
-12712	-3672	7240	-5850	-364	1248
-13428	-3320	7312	-7077	267	1431
-13592	-2552	6908	-9130	-456	1585
-13524	-2604	6444	-13403	-404	1966
-14052	-4380	6724	-13893	-473	2396
-13420	-3884	6212	-13427	-422	2938
-13620	-2804	5652	-15636	-638	3357
-13488	-4672	5604	-17093	-956	4152
-13120	-4292	5804	-16275	-365	4912
-14196	-4624	4772	-17471	367	5423
-14476	-5092	4060	-17564	-474	6036
-14464	-6224	4248	-15148	-1209	5684
-13948	-5352	4324	-12586	-1489	4958
-13892	-5156	4492	-12773	-924	4743
-14204	-6352	4940	-10554	-603	4631
-14544	-5304	4580	-11140	-217	4767
-14560	-6116	4804	-10794	-374	4793
-14332	-6352	4620	-8794	-49	4196
-14548	-5436	4416	-8038	-40	3645
-14500	-6268	4012	-7427	-545	3153
-14432	-6628	4360	-4843	-819	2732
-14272	-5700	4968	-4246	-1206	2399
-14356	-6008	4788	-4292	-1475	2274
-14348	-5912	4956	-3051	-1938	2080
-13856	-4592	5412	-2498	-2093	1829
-14336	-5756	4552	-4973	-1784	1812
-14416	-5788	5080	-4509	-2260	1791
-13956	-5584	5244	-4524	-1452	1426
-14432	-5540	4860	-5088	-1043	882
-14488	-5712	4248	-5645	-1150	623
-14684	-6860	4208	-4708	-1494	372
-14236	-5964	4464	-1605	-1387	82
-14464	-5716	3704	-2758	-763	-78
-14296	-6480	3328	-892	-894	-222
-14132	-5180	2912	447	-1165	-449
-14508	-5532	3324	103	-1537	-297
-14240	-5228	2924	12	-1855	132
-13688	-5104	2800	-1007	-1268	264
-13988	-4664	2436	-2137	-1007	143
-14776	-4768	2472	-3918	-1428	34
-15316	-5940	3840	-4222	-1813	-26
-14968	-4760	4916	-5157	-1004	-391
-14324	-5288	4740	-6929	-558	-381
-13748	-6352	5020	-5375	191	-1067
-13912	-5212	4824	-3004	-56	-1514
-13380	-5976	5492	-2353	-35	-1498
-13692	-5912	5552	-562	281	-1286
-14040	-5364	4840	727	45	-971
-14116	-5428	5080	798	-439	-744
-13936	-4732	5156	1137	-871	-848
-13720	-4820	5348	215	-948	-870
-13852	-4920	5612	-1655	-818	-616
-13980	-5664	5408	-2508	-207	-394
-14484	-6032	5516	-2800	-379	7
-13568	-6316	5432	-2316	-671	105
-13208	-6040	5488	-1332	-500	-60
-13176	-6500	5440	-463	102	-281
-13696	-6256	5340	417	85	-394
-13832	-6048	5100	838	22	-269
-14024	-6032	5140	720	-46	-196
-13704	-6276	4988	235	247	-369
-13804	-6444	5428	-101	177	-741
-13036	-5572	5328	-971	115	-1019
-12896	-6324	4644	-1257	260	-1127
-13516	-7060	4548	-1398	-1	-1307
-13460	-6792	5212	-1342	-594	-1879
-13812	-7492	4868	-1432	-19	-2231
-14272	-8100	5144	-1856	-307	-2949
-13428	-9404	5056	-1782	-333	-4034
-13472	-10116	5420	-668	-138	-5600
-12856	-10568	5584	109	-83	-7027
-13264	-11476	5160	428	491	-8622
-13828	-12276	5192	599	-81	-10307
-13076	-12588	5436	764	-499	-12203
-12840	-12488	4864	155	-488	-13995
-12556	-13652	4868	-1227	-519	-15054
-12144	-13804	5272	-1464	-737	-16163
-11308	-14224	4840	-2317	-590	-16873
-11340	-14840	5004	-1895	-615	-17614
-10824	-15068	5440	-1179	-980	-18419
-10172	-15800	4988	-1483	-315	-18885
-10196	-16172	4692	-1528	-204	-19637
-9124	-16468	5064	-1489	-411	-20269
-7856	-16256	5100	-562	-154	-20785
-6572	-16444	4996	-354	-360	-20801
-5964	-17316	4896	736	-173	-20995
-4884	-16644	5464	2080	-1227	-21118
-3640	-16512	5012	2210	-1269	-21062
-2680	-16456	5176	2030	-1603	-21116
-1200	-16040	4856	2804	-1712	-21068
8	-15708	4872	486	-1581	-20867
520	-15960	5380	597	-1900	-20794
2268	-13980	5360	746	-2553	-20358
3376	-13908	4200	-1181	-2010	-19766
3836	-13396	4880	-590	-2331	-19289
5084	-12968	4840	-283	-2663	-18631
5756	-11808	4696	413	-2794	-17844
7484	-10248	5128	973	-3569	-17000
8144	-10452	4704	-193	-2413	-15823
8496	-10524	4284	-217	-2398	-14954
9776	-8740	4704	1093	-2863	-14033
10524	-8012	4448	199	-2675	-12814
11320	-8556	4388	-1106	-2156	-11943
11588	-8188	4652	268	-1732	-11561
12468	-5852	4304	1692	-2583	-10832
13300	-6068	3856	1278	-2119	-9488
13908	-5500	4052	1647	-2161	-8262
14116	-4724	4104	2445	-1720	-6897
14444	-4576	3980	1645	-2000	-5340
14964	-4392	3828	1693	-1618	-3920
14996	-3960	3460	779	-1281	-2466
15200	-4380	3528	-606	-690	-1497
15200	-5484	3740	-1066	-357	-683
15220	-6852	4084	-1129	-282	-529
15656	-5952	4296	-1081	-688	-486
16204	-5852	2852	-960	-375	-641
15304	-6232	3724	-234	-84	-813
15824	-6280	3808	-220	-408	-871
15940	-5704	3260	-128	-314	-528
15916	-5820	2928	-139	79	-332
15280	-5848	3624	257	501	-476
15576	-5992	4020	-262	-92	-261
15488	-5952	3608	129	253	-116
15328	-5676	3244	40	122	51
15696	-5540	3236	-384	4	201
15340	-6220	4596	-353	546	132
15644	-5536	3576	-494	-8	411
15284	-5716	3680	-453	241	630
15280	-5408	3732	340	-166	911
15360	-5656	3992	286	-178	1485
14864	-5336	4012	351	-200	1989
14968	-4672	3064	352	-323	2796
14960	-5104	2948	-336	31	3703
14448	-6236	4052	-174	298	4327
14656	-7616	4140	-817	242	4660
14828	-8952	4356	-650	291	4246
15080	-7900	3528	537	94	3465
15188	-7340	3336	685	398	3119
15348	-7556	3436	844	483	3090
14732	-6620	4180	1265	885	2961
13920	-5816	3580	1149	834	3560
13988	-5696	2800	397	1189	5060
12352	-7484	4292	280	2101	6294
12836	-6492	4240	560	984	7640
13116	-6460	3032	398	1780	9011
11968	-7872	3668	-443	2493	10362
12040	-7532	4380	685	2075	11035
11572	-9436	4880	-1255	3022	11767
10416	-10968	4992	-47	2776	12365
10152	-11228	5168	628	2428	12708
10188	-11588	5172	720	2418	13003
9168	-12540	5444	1185	2496	12759
8320	-13624	6300	1067	2364	12533
8260	-13440	4776	-48	2229	12669
6916	-15852	6016	-1115	3256	12378
5824	-17080	6612	-1688	2322	11405
6716	-16548	6672	-1636	1269	9817
7252	-15776	6392	-1287	1438	8871
6404	-15852	5800	-86	1831	8653
5548	-15028	6292	891	1737	8347
4716	-14196	6504	1573	1515	8628
4136	-13032	4136	1711	1772	9195
3468	-13436	5940	853	2575	10041
2412	-13924	6412	-173	3271	11028
1488	-13860	6148	395	2866	11905
1472	-13284	5120	2170	2811	12683
-244	-14384	6456	1378	4229	12987
-1824	-14988	8124	1828	2913	13323
-456	-14288	6560	2620	3123	13833
-2452	-14316	6412	1864	4299	14021
-3892	-15196	8148	1374	3299	14319
-2988	-15220	8700	1946	3367	14433
-4132	-13788	6060	2326	4607	15032
-6712	-14912	8236	1528	4079	14864
-6668	-14192	8684	3077	2733	14779
-7056	-13268	7484	2544	4708	15393
-9016	-12416	7052	1456	4425	14940
-10236	-13128	8540	2518	3234	14655
-9596	-12144	8080	797	3208	15214
-10008	-11044	6796	-133	4038	16084
-11640	-11584	7368	-772	4032	15990
-12576	-11424	8228	571	2528	14942
-12232	-11308	8276	408	2728	14171
-12704	-10196	6388	1890	3846	13876
-13824	-10264	7548	2145	2798	13087
-13216	-10080	8132	4015	1724	11954
-12812	-9312	8176	3223	2936	10874
-13856	-8780	7208	3666	3372	9483
-14452	-8524	7312	3775	2112	8001
-13360	-7692	7380	3328	1444	6402
-13368	-7244	6968	2264	1413	5044
-13716	-7036	6852	1065	878	3541
-13412	-6532	6740	-557	-199	2399
-13332	-6688	6880	-2261	-43	2012
-13280	-6492	6796	-3562	-32	1604
-13232	-6572	6332	-3937	124	1140
-14088	-6780	6804	-3207	-299	505
-13220	-6592	6436	-2173	-698	-371
-13136	-6444	6976	-1065	-49	-1121
-13412	-6184	6224	-114	506	-1725
-13876	-5872	6744	395	-95	-2139
-13836	-5552	6728	991	-406	-2378
-13160	-5216	6812	887	-405	-2554
-13528	-5200	6728	433	522	-2552
-13304	-4668	6296	40	-492	-2621
-13060	-5444	6484	-340	130	-2148
-13576	-4812	6580	-889	-415	-1380
-12784	-5776	6400	-2400	-233	-780
-13432	-6092	6608	-2695	108	-572
-13648	-7364	6860	-3211	-557	-1111
-13660	-7952	7208	-2899	-1819	-3081
-12756	-8588	7644	-3106	-1877	-5038
-13360	-8820	7948	-3233	-1149	-6468
-13264	-9140	7596	-2795	-1455	-7561
-12668	-9440	7384	-2382	-2077	-8327
-12368	-9596	7380	-2212	-2475	-8863
-12056	-10204	8076	-2180	-2239	-9363
-12596	-11012	7300	-2636	-2069	-10493
-12964	-12348	7340	-2646	-2651	-12205
-12760	-13180	8032	-2400	-3461	-13829
-11748	-14252	7648	-2757	-3299	-15784
-11320	-15368	7612	-2419	-3393	-17601
-10516	-15492	7556	-2627	-3741	-19020
-9860	-16400	7900	-2891	-3955	-20315
-9024	-16532	7312	-3459	-4141	-21404
-8180	-16732	7680	-3781	-4619	-22346
-6712	-17220	7616	-4559	-3916	-23059
-6452	-17008	7624	-3693	-3957	-24005
-4892	-17440	7380	-3149	-4099	-24317
-3840	-16600	7096	-2696	-4239	-24471
-2988	-15968	7108	-1078	-4118	-24508
-1360	-15088	6648	-647	-4309	-24296
-208	-14608	6496	-598	-4018	-23987
1096	-13860	5860	-349	-3946	-23352
2708	-13376	5760	-726	-3850	-22427
3480	-12604	5764	-355	-3527	-21662
5072	-12092	5480	-952	-3552	-20790
6096	-10204	5168	296	-4143	-20210
7108	-11192	5252	-1095	-2820	-19043
7868	-9572	5168	-711	-3634	-18425
9156	-9040	4788	-1400	-3183	-17190
9284	-7796	4784	-1598	-3039	-16052
10824	-7272	4928	-2807	-3393	-14707
11888	-6796	4704	-2513	-2431	-13835
11936	-6228	4720	-2820	-2008	-12480
12440	-6488	4540	-2666	-2439	-11601
13212	-5784	4544	-1675	-2307	-11073
13900	-5664	4496	-1076	-2583	-10575
14760	-4748	3936	-1201	-2303	-10024
14724	-3744	4024	-786	-2735	-9371
15840	-2688	3100	-533	-2787	-8455
15468	-1704	2864	-855	-1867	-7153
15892	-892	2228	-1433	-2385	-5654
16212	-712	1792	-1055	-1462	-3896
16208	-716	2508	-1532	-1361	-2241
16176	-1240	2520	-1737	-910	-848
16164	-2684	2220	-1955	-544	305
16144	-2772	2368	-629	13	618
16060	-3572	2760	-552	20	951
16744	-3800	1868	10	210	965
16040	-4012	2376	375	579	1010
16504	-3936	2524	-283	60	932
16916	-4068	2844	-197	437	839
16276	-4124	2880	-144	500	605
16628	-4128	2984	-84	333	698
16752	-3864	2812	134	421	668
16324	-3804	3260	381	540	720
16460	-3616	2660	302	277	1025
16752	-3464	2432	-171	471	1360
15608	-4056	3232	-62	814	1468
15108	-3724	3448	535	559	1532
16192	-4232	2676	-143	-141	2246
16000	-3996	2656	266	638	2783
15120	-4444	3328	-35	434	2927
16404	-4700	2372	14	-133	3313
16220	-4824	2976	-445	613	3576
15924	-4196	3552	-152	391	3454
16748	-4132	2072	-1095	668	4086
15808	-5008	3124	-1232	1761	4523
15172	-4516	3412	771	1177	4183
15812	-3388	2572	1095	1106	5067
14648	-3576	2944	221	2144	6841
13140	-4100	3636	1059	2043	8470
13652	-3136	2232	729	1866	10277
12376	-4732	3148	-494	3017	12434
11396	-7128	4312	-709	3237	14176
11864	-7228	4420	-487	2532	15104
11072	-6700	3536	96	2471	15864
10716	-9048	2396	-1534	3967	17534
8692	-9676	5480	6	3728	17992
8672	-10656	4940	147	2688	18855
8496	-11580	4132	-17	4761	19808
4780	-13792	5860	526	4425	20178
5480	-14060	3916	1646	2916	19686
4028	-15576	6020	1156	4973	19514
2260	-17020	7108	607	3409	19422
3624	-16836	5312	-157	4033	19099
2464	-16128	5824	-1867	4368	18963
1148	-17472	7844	-723	4711	18312
-804	-17116	5824	2771	3428	17349
-1356	-16260	6024	3058	2779	16815
-1956	-15756	8192	3332	2722	16597
-3184	-16308	7092	2021	4641	16993
-4592	-15240	5556	1263	4670	16192
-6332	-15816	7696	2322	3064	15428
-6268	-15560	8384	2085	2376	14794
-5816	-15712	8440	2441	3158	14949
-6604	-13056	5628	2879	3966	14977
-8888	-13732	8496	2111	2974	14158
-8556	-13488	8336	2178	1964	14222
-8760	-13460	6560	851	4216	14753
-10580	-12812	7596	1224	3551	13502
-11284	-12700	7624	3382	2369	12464
-10712	-11848	7360	2292	2104	12311
-11544	-11588	6900	2499	2458	11675
-12324	-11408	7364	1353	1702	10695
-12124	-10872	7696	857	1453	9410
-12040	-10472	7516	-40	1573	8793
-11704	-10000	7164	-350	1745	8647
-12568	-9368	6972	53	1223	8732
-12396	-9256	7284	327	161	9116
-12060	-8552	6992	-145	685	9130
-12952	-8564	7068	-1167	884	8662
-13412	-8796	7152	-820	293	7596
-13216	-8180	6948	-1331	-275	6291
-13260	-8288	7072	-1936	-109	5030
-13188	-8064	6632	-1936	338	3806
-13504	-7916	6804	-2119	-41	2709
-12576	-7824	6572	-2391	-502	1813
-12760	-7556	6908	-2378	47	1060
-12712	-7448	6496	-2084	16	373
-13088	-7428	6576	-1664	305	-14
-13056	-7364	6612	-1414	-4	-297
-13332	-7104	6968	-626	-333	-732
-12660	-6792	6604	-727	-2	-1105
-13712	-6692	6816	-528	-109	-1408
-13152	-6920	6876	-402	-433	-1811
-12828	-6444	6844	-118	-8	-2300
-13020	-6456	6756	66	191	-2484
-13580	-6332	6396	178	497	-2371
-13332	-6236	6832	534	-267	-2251
-12796	-5876	6416	-37	544	-1875
-13488	-5656	6356	-435	296	-1436
-13052	-5832	6264	-519	163	-1155
-12408	-5644	6208	-1043	251	-913
-13496	-5544	6056	-1295	263	-581
-13240	-6296	6324	-2536	-294	173
-12712	-7572	7036	-3611	12	-45
-13232	-8652	6828	-4134	-408	-1507
-13220	-10440	6788	-5546	-659	-3262
-12616	-11904	7952	-3428	-1112	-6011
-11852	-11972	6980	-3161	-493	-8477
-12620	-12948	6992	-2236	-984	-10648
-12156	-12444	7140	-1772	-1616	-12338
-11996	-12520	7124	-2491	-1473	-13257
-11900	-12972	6960	-3246	-1895	-14100
-11232	-13132	6888	-3697	-1937	-15091
-11164	-13704	6840	-3613	-2040	-15842
-10304	-14284	6524	-2587	-1987	-16490
-10272	-14536	6532	-2122	-2001	-17193
-9676	-14912	6236	-1145	-1889	-17836
-9292	-14688	5980	-865	-2106	-18433
-8004	-14728	6044	-1221	-2078	-18640
-7220	-14996	5744	-1995	-1621	-18603
-6288	-15200	5688	-2540	-1691	-18442
-4860	-15924	6092	-1654	-1188	-18515
-4516	-15484	5544	-791	-1436	-18757
-3044	-15428	5628	-222	-2115	-18430
-2316	-15444	5920	-26	-1576	-18146
-1392	-15252	5296	-1035	-2242	-17827
-224	-14680	5752	-1568	-2313	-17278
968	-14488	5236	-2294	-2037	-16737
2232	-15004	5728	-3035	-2041	-16146
2804	-14368	5072	-2262	-1511	-15601
3588	-14824	5168	-2237	-1264	-15148
4612	-13440	5472	-988	-2138	-14851
5728	-13416	5508	-483	-1771	-14436
6548	-12308	5164	-263	-1701	-13959
7264	-11336	4632	-583	-1787	-12885
7848	-10300	5128	264	-1513	-11383
9128	-8136	3864	714	-2348	-9933
9896	-8016	4032	184	-1307	-8091
9720	-8236	4328	-243	-1124	-5745
10028	-9408	4420	-847	-775	-3708
10528	-9680	4728	-886	-1153	-2325
11312	-10088	4284	-401	-926	-1644
11088	-10268	4120	-72	-386	-1064
11500	-10856	4484	-1017	-150	-659
11528	-11012	4628	-342	-182	-291
12280	-10916	3716	-814	-228	249
11208	-11508	4648	-1512	-136	531
12044	-12680	4864	-1708	-679	326
11948	-12308	4120	-518	-174	-32
11192	-12008	4452	-245	-585	-215
11924	-11980	4052	229	-408	-293
11792	-11200	3808	384	-138	-208
11696	-11444	3920	123	12	13
11648	-11868	3860	502	95	106
11172	-11376	4152	-21	-84	249
11592	-11856	4204	-548	-281	413
11704	-11576	3688	-941	219	483
11344	-11612	4236	-943	147	401
11228	-11556	4396	-450	50	540
11352	-10920	4296	-594	41	968
11376	-10376	3916	23	318	1437
10668	-9788	4192	187	414	2105
10672	-8892	4016	-411	213	3320
10296	-9580	4072	-1738	1048	5013
9760	-9756	3916	-1269	1512	6350
9312	-9612	3920	-1270	1187	7052
9272	-11612	3736	-226	1027	8188
8780	-11644	4140	-73	1347	9771
8804	-11272	3048	-198	1050	10942
7940	-11784	2728	-1013	2424	11969
6660	-12984	4924	126	2892	12508
6956	-12740	4752	-1528	2790	13723
5356	-13048	3832	-40	4221	14704
3180	-13612	5652	1579	4252	15046
2396	-14640	5460	-607	2777	16135
2304	-15744	5716	1802	2784	16674
-220	-16236	4628	816	3569	16950
-1356	-18256	6800	1080	1581	15776
-216	-16484	6220	3359	1305	14440
-1404	-16836	5356	2885	2519	14861
-2644	-15804	5720	1463	2195	14953
-3304	-16628	7812	3085	1747	13899
-3264	-14752	5320	2821	1946	14194
-4868	-16644	6004	1400	3008	14488
-6676	-15544	7444	2200	1527	13439
-5680	-15024	6748	1957	1557	12684
-5864	-12780	4788	1430	2341	13668
-7220	-13832	6072	-453	2729	14782
-8836	-13344	7020	1154	1908	14135
-8740	-13160	6964	1273	1209	13487
-9072	-11956	5356	2790	2097	13921
-10960	-12772	5968	635	2345	14878
-12012	-12388	7304	1555	781	13656
-11272	-12528	7120	814	1282	12207
-12060	-11628	6260	596	1927	11310
-12056	-11456	7292	867	1149	10794
-11700	-10180	6480	1054	833	10699
-12032	-9680	6856	-37	542	10936
-12272	-9428	6864	-314	1050	10947
-13132	-9228	7048	-1357	1028	10483
-13312	-9648	7056	-1535	767	9524
-13204	-9336	6784	-1715	846	8137
-13624	-8884	6604	-1027	832	6616
-13552	-8644	6152	-2	827	5133
-13600	-8308	6172	636	268	3728
-12816	-8064	6332	935	-133	2628
-12708	-7576	6152	693	503	2021
-13484	-7580	6400	184	682	1706
-13684	-7124	6520	-533	286	1195
-12296	-7316	6268	-1408	-1	1077
-13584	-6928	6720	-2063	658	998
-12316	-7228	6292	-2153	-772	626
-13424	-7388	6608	-1651	909	538
-13560	-6868	6624	-1320	-726	113
-13120	-6960	6364	-735	-365	-586
-13572	-6776	6272	-64	-145	-1232
-13644	-6528	6304	-11	-292	-1893
-13152	-6464	6240	206	-206	-2240
-13916	-5916	6244	255	-84	-2304
-13040	-6312	5928	-224	-69	-2041
-13932	-5804	5988	-427	-182	-1540
-12964	-6080	5896	-1154	-647	-1101
-12688	-6104	5840	-1573	46	-593
-13308	-6360	5532	-2907	138	-83
-13352	-6792	5844	-3925	-166	-296
-13112	-7652	6312	-5066	-392	-1056
-12948	-8408	6160	-5351	39	-2057
-13496	-9024	5984	-6283	-37	-3227
-12916	-10072	6160	-5301	-671	-5005
-12544	-10400	6436	-3985	-25	-6580
-12868	-11872	6020	-2533	415	-7734
-12888	-12152	5848	-1317	11	-9245
-12608	-12336	5660	-740	-377	-11369
-12784	-12672	5608	-550	-473	-13299
-12284	-12708	5560	-1904	-642	-14718
-12488	-13716	5352	-3900	63	-15759
-12628	-14192	5484	-4784	-512	-17185
-11644	-15264	5540	-4503	-407	-18475
-10896	-16044	5392	-4399	-262	-19399
-9764	-16668	5220	-2641	93	-19940
-8776	-16284	5448	-878	31	-20710
-7772	-16520	5104	281	-56	-21358
-6508	-15680	4640	473	-17	-21221
-5812	-15516	5072	-137	250	-20746
-5484	-15324	4892	-441	-235	-20548
-3604	-15356	5156	-970	-939	-20207
-2328	-14984	4384	-1458	-630	-19414
-1832	-14892	4436	-1974	-840	-18445
-428	-15680	4308	-884	-726	-17938
160	-14564	4532	-508	-920	-17724
1604	-15168	4076	-583	-873	-17454
2408	-14872	3864	-526	-395	-17005
2836	-14656	3892	-542	-401	-16292
3700	-13160	4640	-508	-1224	-16016
5408	-12196	3932	-1041	-1523	-15657
5960	-11164	3720	-422	-675	-14914
6876	-10440	4060	-1171	-1189	-12987
7992	-10792	3732	-1029	-436	-10964
8624	-9200	4204	11	-1173	-9763
9880	-8468	3516	1487	-1677	-8882
10272	-8616	3204	800	-795	-6744
10456	-9304	4168	-77	-833	-4989
12000	-8196	4016	434	-1360	-3699
11348	-10132	3156	58	51	-1882
11340	-10348	4556	-344	-915	-1208
11092	-12092	4928	182	-784	-1219
11360	-11672	3380	111	-1036	-968
12312	-10532	3316	585	-534	-631
12048	-10312	3784	207	-63	-384
12516	-10808	3772	-495	-115	216
12308	-10920	3600	-925	417	793
11984	-11176	3868	-460	-286	824
12124	-12044	3616	-337	-484	808
11716	-12292	3764	-477	-507	538
12040	-11972	3452	-464	-677	329
12028	-11828	3108	-985	-78	336
11992	-12300	3412	-1238	39	136
12204	-12208	3640	-922	218	-42
11996	-11784	3684	-518	243	-228
12212	-11712	3340	-414	148	-312
12316	-11712	3772	-526	134	-443
11996	-11684	3804	-374	112	-480
11972	-10928	3352	-424	-244	-144
11796	-11076	3284	-568	17	173
11436	-11276	3744	-691	-219	444
11840	-11332	3660	-1012	-119	748
11516	-10976	3380	-1083	199	1130
11600	-11024	2660	-13	78	1635
11252	-10508	3800	1370	264	2105
10972	-9728	3552	2626	156	2725
11332	-8420	2748	2189	306	4240
10800	-8256	2560	803	1073	6173
10032	-8892	3464	-926	1599	7896
9784	-8736	3328	-2412	1303	9590
9124	-10296	2272	-5109	2007	11565
8228	-11712	3584	-3944	2371	13097
7928	-12320	3472	-2701	2624	13660
5872	-14592	3924	369	2663	13880
5960	-14384	3788	4193	1717	13579
4384	-15512	4368	4556	2780	13455
4472	-15768	5000	4303	2506	13080
3124	-15308	3728	1624	3617	13474
3168	-15684	4708	-1681	2898	13643
2252	-16904	5572	-559	3732	13211
1848	-16432	5436	1418	2729	13163
1060	-15852	4256	2930	2653	13633
-392	-16360	6152	4672	2776	13716
-1932	-15492	5644	6019	3668	13422
-2688	-15536	6436	4013	3677	13461
-2788	-14108	5664	3733	3301	14219
-3796	-13844	5740	3152	4114	14828
-5976	-15192	7084	2597	3652	14618
-6288	-15060	7148	2056	2408	14614
-6156	-15020	6632	882	3597	14941
-7068	-13776	5968	829	3971	14685
-8216	-13428	6904	2019	3088	14419
-8780	-12776	6612	1479	2887	14876
-9524	-11956	6664	-189	2972	15405
-10224	-12108	7028	-632	3285	15403
-11856	-12108	6500	-628	3710	14901
-13004	-13124	7584	-1570	1318	13784
-11736	-12960	7408	-373	-104	12235
-11240	-12376	7864	-327	564	11695
-11436	-11404	7344	250	1132	11809
-11772	-10680	6124	1140	1181	11794
-12476	-10052	6712	1964	804	11529
-13276	-9944	6804	2965	-181	10922
-13072	-9060	7040	1302	-319	9872
-13568	-8728	6488	-873	671	8528
-14472	-8460	6388	-1881	-46	7078
-13628	-8564	6164	-3041	-915	5428
-12816	-8228	5928	-4114	-1197	3706
-12964	-8424	6640	-4326	-318	2667
-13048	-8316	6624	-2753	-233	1908
-12976	-7928	6376	-2111	-219	1676
-13048	-7784	6244	-714	-898	1224
-12684	-7404	6432	379	-626	721
-13064	-7192	6388	770	-29	409
-13212	-6840	6016	575	-238	51
-13432	-6940	5852	695	313	-165
-13928	-6376	6284	931	-321	-625
-13184	-6444	5868	108	-142	-654
-13248	-6132	6044	-226	42	-617
-13436	-6428	6208	-223	177	-713
-13212	-6320	5816	230	-4	-921
-13456	-6332	6580	721	-404	-1248
-12452	-6296	6180	1256	-83	-1627
-13520	-6112	6600	1455	642	-1719
-13108	-5652	6064	796	432	-1771
-13416	-5560	6544	505	208	-1688
-13060	-5676	6364	-292	93	-1214
-13372	-5524	6316	-1133	249	-888
-12216	-5472	6120	-2648	61	-411
-13276	-6268	6336	-2469	453	37
-13332	-7104	6032	-3379	-860	39
-13328	-8552	7180	-4739	-1092	-932
-12588	-9452	7180	-4665	-728	-2365
-12560	-10268	6372	-4707	576	-3967
-13096	-11252	6888	-3836	-405	-6016
-12440	-12076	7344	-2420	-1257	-7564
-11720	-11896	7260	-2387	-975	-8861
-12164	-12636	7308	-2262	-294	-10150
-12664	-12384	6584	-2032	-1014	-11470
-12168	-13568	6704	-2468	-1353	-12667
-12012	-13672	7168	-2229	-1523	-14380
-11848	-14020	6524	-2316	-1231	-15912
-11704	-14344	6392	-2343	-1706	-17064
-11148	-14684	6324	-2433	-1570	-17819
-10836	-15112	6600	-2651	-1530	-18744
-10280	-15276	5948	-2517	-1637	-19678
-9164	-15872	5840	-2215	-1607	-20388
-8764	-16044	5476	-2664	-1317	-21038
-8048	-16552	5840	-2919	-1514	-21836
-7024	-16676	5296	-3385	-1279	-22327
-5560	-17016	5240	-3725	-807	-22339
-4004	-16668	5540	-3429	-1026	-22220
-2708	-15484	5132	-2849	-1136	-22234
-1184	-15628	4504	-3894	-520	-21657
-24	-15412	4768	-3444	-65	-20933
1264	-13828	4664	-2094	-432	-20436
2288	-12956	5040	-2199	-1251	-20075
2744	-13268	4180	-1583	-1143	-19282
3952	-12416	3620	-4166	-1601	-17849
5132	-12136	4216	-4480	-940	-16627
6536	-10528	4160	-3737	-1159	-15799
7784	-9244	3592	-1659	-790	-14745
8644	-8640	3284	-111	-283	-12678
8956	-8492	3336	380	516	-10297
10628	-7032	2908	1185	-647	-8154
11556	-7008	2912	1646	343	-5909
11040	-7320	2892	-275	278	-3304
11716	-8580	4076	-1826	11	-1197
11892	-9696	3300	-1829	655	-242
11164	-10336	3256	-2097	239	520
12276	-11896	4600	-1493	217	540
11800	-11832	4312	-234	-39	583
12332	-11060	3240	26	-387	813
12792	-11300	3412	-201	-291	735
12528	-11608	3564	136	-125	709
12220	-11704	3988	-712	-369	767
12660	-11624	3108	-131	-297	726
11616	-11624	3356	607	121	632
12268	-11812	3064	605	-704	559
12332	-11392	2912	224	-173	421
11416	-11248	2880	-34	-175	575
12008	-10836	2512	-1008	-135	990
12060	-11420	3056	-329	-6	1171
11108	-11424	3372	391	67	1198
11820	-11608	2760	727	-142	1701
11800	-11176	3280	550	429	1815
11388	-10280	3232	1624	251	1974
11656	-10376	2756	848	631	3245
10988	-10020	4068	499	240	3951
11708	-9684	3220	567	-97	4947
10984	-9932	2756	292	1135	6432
9420	-11252	4660	1110	852	7276
9884	-10988	3512	2755	488	7956
9188	-11752	3944	2793	1707	9090
8480	-11868	3564	3186	1464	10035
7076	-12464	3940	3076	2216	10648
6540	-13268	4716	2352	1863	11127
6460	-13052	4796	1566	2093	11674
5804	-13628	4712	28	2889	12317
4048	-14476	5408	-936	2365	12638
5288	-14668	5356	424	1616	12840
3792	-14904	5228	80	2318	13524
2668	-16152	5880	-620	1766	13592
2540	-16236	6400	906	1252	12732
1912	-16124	4576	1488	1953	12711
972	-16088	6028	1265	1681	12519
1048	-15712	6588	3051	1994	12120
-692	-14848	5064	3173	2752	12607
-2988	-15604	7028	2070	1817	13155
-1384	-14868	6868	1779	515	13474
-3184	-14972	4044	-255	3483	14018
-5480	-17164	7204	276	1952	12803
-4224	-16060	6752	2244	1358	11285
-4152	-15044	6116	3587	2655	11782
-5212	-13668	6160	3187	3495	12602
-6716	-13408	7492	2775	3103	12511
-6624	-12400	6540	2290	2205	13180
-7752	-13148	5968	-47	3339	14550
-10724	-13696	7676	-874	1735	13691
-9920	-13904	7476	385	603	12128
-9620	-13452	7124	655	1739	11501
-9896	-12788	6848	2092	1661	11288
-9836	-12280	7056	2491	1597	10833
-10760	-11228	7248	2293	1611	10384
-11308	-10676	7280	993	1340	10251
-11612	-10512	7004	-1148	1578	10237
-11648	-10416	6948	-3335	1757	9690
-12368	-10688	7340	-1745	1390	8559
-12408	-10300	7292	-82	193	7796
-11812	-10304	7524	1311	-95	7113
-12500	-9452	7312	1976	2	6832
-12236	-9008	6868	597	-149	6712
-12316	-9084	6864	-536	60	5917
-12828	-9036	6772	-1996	-713	4707
-12972	-9376	6836	-2899	-902	3930
-12248	-9572	6496	-3527	-1052	3397
-12312	-9532	6732	-3351	-371	2448
-13016	-9212	6628	-2172	-602	1216
-12464	-8804	6424	-929	-1200	135
-12340	-8016	6716	-351	-668	-598
-12612	-7928	6544	55	-195	-1104
-12968	-7420	6304	565	-249	-1119
-12936	-7036	6448	168	-410	-896
-12300	-6688	6448	-245	-673	-796
-12708	-6868	6524	-432	307	-519
-12936	-6748	6628	-501	-140	-316
-12308	-6812	6360	-404	5	-50
-13144	-6684	6824	75	101	73
-12296	-6680	6708	179	-283	-17
-13012	-6884	7076	567	470	134
-12504	-6492	6456	462	-84	57
-13076	-6824	6768	683	203	84
-12032	-6356	6336	284	-162	283
-13496	-6568	7012	-8	464	773
-12380	-6636	6664	-771	-469	869
-12548	-6816	6712	-1335	963	846
-13412	-6708	6796	-1419	-66	618
-12300	-7104	6440	-1158	266	494
-13712	-6912	7188	-725	73	344
-12520	-7128	7024	-249	-48	414
-12544	-7132	7064	-405	575	423
-12816	-6952	7088	-471	-172	290
-12352	-7748	6920	-1561	7	211
-12356	-9508	7392	-1181	235	-927
-12500	-9108	7388	-1337	613	-2944
-13236	-10368	6484	-1392	611	-4682
-12672	-10256	7012	-979	-1195	-5991
-11728	-10292	7120	-3932	-803	-6901
-12332	-11252	6956	-5887	-851	-7542
-11900	-12096	7004	-6559	-1193	-8460
-11956	-13336	6960	-6528	-1442	-10199
-12048	-14652	7312	-4783	-1687	-12706
-11728	-14640	7284	-3082	-1427	-15074
-11552	-15200	6816	-1584	-1267	-16983
-11568	-14944	6712	-1175	-1320	-18242
-10900	-15464	6444	-549	-1636	-19336
-10272	-15828	6364	-1044	-1954	-20265
-9492	-15936	6436	-1552	-2192	-21136
-8432	-16504	6300	-2290	-1958	-21630
-7892	-16492	5948	-2864	-1719	-22070
-6800	-16792	5788	-3470	-2115	-22567
-5376	-17036	5672	-3435	-1889	-22832
-4196	-16432	6064	-3225	-1404	-23200
-3236	-16444	5412	-3168	-1432	-23076
-1912	-16288	5080	-2755	-1315	-22818
-968	-15492	5360	-2267	-1342	-22608
628	-14920	5184	-2450	-1339	-22379
2108	-14080	5044	-1655	-1222	-21987
2912	-13704	4076	-1347	-123	-21005
3364	-12852	4564	-2721	-743	-19612
6328	-10744	5376	-2775	-2284	-18623
7860	-9916	4156	-2664	-270	-17593
7376	-8732	3888	-3538	-496	-15726
9304	-9100	4500	-3456	-790	-13388
9640	-7724	4576	-769	-81	-11321
9732	-6164	4260	110	-442	-8972
10768	-5980	3236	106	-323	-6582
10492	-7064	3924	895	613	-4473
10860	-7500	3980	-258	-140	-2497
12340	-7516	3176	-209	-93	-865
11356	-8508	3596	-1146	924	536
12192	-9852	4404	-2456	-548	1562
13020	-11256	4392	-1403	267	1081
12448	-10584	3912	-1283	-409	1179
13720	-11752	4304	-727	-213	1043
12752	-11348	4772	596	-15	455
13104	-11172	3516	1132	-503	175
13272	-11172	3816	744	-648	108
13104	-10980	3804	959	-482	-199
12688	-10948	3656	-322	-1034	-185
13232	-10680	3048	-888	-573	143
12188	-11088	3708	-511	-174	-138
12580	-10892	3472	-86	-547	-261
12828	-10428	3568	-50	-102	71
12796	-9968	3316	-147	-65	566
12932	-9824	2772	-519	171	905
12072	-10712	3896	-929	635	945
12040	-10752	3792	-963	-221	1067
13204	-10848	3236	-1067	-91	1501
12232	-10920	3840	-1102	239	1283
12388	-11564	4112	-302	-239	1162
12992	-11260	3576	-115	176	1314
11948	-10992	4196	-217	472	1049
12532	-10700	3588	-278	-386	1328
12808	-10156	3756	-1563	-157	2064
11940	-10456	3704	-1598	-101	2277
11900	-9700	2872	-918	-456	2913
11844	-9420	3008	133	-328	3801
10688	-9496	3460	80	22	4843
10368	-9276	3028	-151	10	6227
9816	-9340	2544	-1341	954	7795
8420	-10380	3784	-3871	729	9369
9336	-12344	2984	-5372	668	10024
8444	-12260	3040	-3936	1034	10059
8228	-14488	3420	-2569	675	10710
7940	-14192	3564	939	417	10768
8016	-12932	3552	3674	43	10646
7916	-12992	2964	4646	1449	11517
5380	-13724	4576	4385	1791	12270
5312	-13880	3248	3690	1168	13218
4352	-14440	3344	1784	2549	14424
2140	-15972	5556	565	1747	14523
2512	-17064	5112	1888	939	13570
1888	-15992	3268	1894	1533	13356
972	-16576	5780	2896	801	12981
824	-16888	5688	3151	1493	12852
-260	-15936	4104	3426	1911	12924
-1020	-16376	6148	3653	1738	12303
-1448	-15676	5628	2958	2155	12621
-2808	-15452	3980	1505	2989	13468
-3636	-16028	6224	1641	2463	12859
-3440	-15612	5616	1546	2731	12283
-4720	-15384	5532	430	3302	12755
-5668	-14644	6008	505	2735	12270
-5940	-14412	7036	231	2221	12298
-6808	-13512	5424	-505	2033	12905
-7764	-14064	7104	-148	2144	13023
-8292	-12772	6128	294	2182	13312
-9416	-13156	5056	-154	2235	14032
-10104	-13436	6696	-73	1031	13461
-9976	-13244	6808	559	1396	12532
-10488	-12488	5744	852	1389	12272
-10496	-12704	6236	1476	1165	12385
-11072	-11696	6780	3526	1072	12095
-11816	-11384	6576	3467	592	11728
-12008	-11128	7464	2362	278	11237
-11844	-10996	7204	1102	1054	10343
-12892	-10612	7156	-1095	1179	9312
-13100	-10880	6808	-1272	621	8507
-12800	-9740	6072	-330	-465	7382
-13036	-9472	6236	-663	-809	5980
-12548	-9352	6180	-974	-611	5083
-12620	-8896	5952	-1100	271	4577
-13216	-8968	5864	-1902	-431	3712
-12824	-9192	6488	-1771	-1015	3321
-12204	-8824	6120	-2410	-590	3003
-12508	-9100	6292	-2518	-228	2115
-12916	-8920	5912	-1471	-41	812
-13400	-9096	6396	-78	-609	-89
-12400	-8180	5980	398	-313	-734
-12496	-7936	6036	602	144	-1566
-13156	-7256	6176	858	607	-2231
-13632	-7044	6292	964	107	-2452
-12924	-6628	6316	973	-200	-2465
-12996	-6616	5944	802	374	-2194
-13044	-6716	6024	626	-337	-1439
-13288	-6380	5672	115	-304	-748
-12048	-6352	5700	-1307	-1473	-729
-12864	-6692	6284	-1879	835	-514
-13724	-7096	6360	-1911	-546	-499
-12376	-6712	5916	-1566	-647	-429
-13008	-7080	6340	-1278	-282	-238
-12368	-7060	6736	-657	-303	-435
-12712	-6900	6316	-644	491	-395
-13444	-6952	6312	-260	-532	-192
-11532	-6732	5696	-648	-343	51
-13816	-6576	6784	-75	251	434
-12584	-7412	6640	-531	-418	727
-11300	-7100	6024	-608	-242	766
-13564	-7368	6648	-751	-93	1098
-12724	-7952	6020	-1567	-423	1010
-12488	-8664	6196	-1586	-275	345
-12356	-10364	6376	-2150	184	-458
-12844	-10780	6220	-1821	-641	-2926
-11660	-12104	5940	-3448	-362	-5409
-12712	-12464	6332	-4422	269	-7326
-12120	-13356	6076	-5511	354	-9007
-12376	-13940	5868	-5979	180	-11376
-12296	-14644	6256	-5078	-524	-13435
-11664	-15248	6328	-4098	199	-15263
-11892	-15396	5996	-2871	753	-17212
-12216	-15840	5620	-1248	325	-18896
-11348	-15436	5424	-932	-391	-19933
-10496	-15348	5600	-1919	-25	-20588
-10008	-16072	4868	-2656	411	-21252
-9248	-16404	5148	-3352	121	-21792
-8228	-16460	5068	-3652	85	-22146
-6736	-16508	4924	-3836	180	-22124
-5700	-16420	4688	-3442	645	-22253
-4728	-17204	4796	-3040	1000	-22197
-3140	-16396	4536	-2441	314	-22170
-1688	-16748	4412	-1000	952	-21950
-1356	-15744	4132	-652	343	-21730
4	-15520	3916	-605	38	-21349
1728	-14108	4288	-713	-441	-20956
2412	-13632	3640	-1121	553	-20184
2700	-13772	4112	-2556	-66	-19170
4824	-13224	3872	-2083	-430	-18428
5128	-12472	3844	-2368	175	-17727
6384	-11880	4028	-1658	-872	-17137
7700	-11032	3924	-1365	-392	-16195
8260	-9556	3404	-885	-468	-14866
9484	-9136	3596	-1121	-292	-13106
10504	-6664	3960	861	-989	-11786
11572	-6904	3460	-25	-559	-9843
12000	-6792	3472	692	-265	-7592
12688	-5956	3620	1155	-440	-5383
13716	-4468	2428	2794	-1087	-3903
13600	-4740	2660	3419	99	-1869
12920	-6264	3636	2831	323	473
12848	-9180	4164	-100	-138	1902
12472	-11024	3688	-1002	-143	2000
13864	-11116	2652	-2365	-970	1894
14284	-11688	3292	-1637	26	1072
13648	-11308	3796	-193	-148	-32
14756	-10108	2680	938	-473	-590
14148	-9672	3260	826	415	-585
13440	-9276	3508	574	-5	-430
13728	-9120	2616	-299	234	49
13316	-9532	3520	-1255	221	300
13044	-9828	3732	-595	269	270
13184	-10212	3576	-657	-425	461
13200	-9724	3328	-528	-377	538
13508	-9520	3048	-584	-471	734
13584	-9436	2732	-807	-232	1061
13032	-10416	3800	-1055	42	1035
13412	-10124	3392	-892	-412	1013
13940	-10236	3020	-716	-10	1100
13128	-10300	3264	-396	74	930
13612	-10068	2884	77	-152	938
13328	-9972	3268	-104	101	1072
13264	-9440	3292	-59	18	1277
13112	-9344	3136	22	113	1718
13076	-8376	2688	-34	43	2392
12924	-8708	3052	196	755	3337
11704	-8744	3588	283	775	4167
11728	-8848	3008	164	555	5491
11172	-10028	3176	-425	1244	6775
10816	-10568	4088	195	445	7174
11692	-10308	3464	2188	205	7547
10604	-10100	3296	2495	593	8343
9508	-12004	5096	3189	164	8910
10568	-11188	3656	3378	475	9042
10036	-9448	1952	2366	1486	10019
9116	-10716	3640	1066	2317	11544
7308	-11792	4940	-347	3563	13125
6116	-12728	4744	-277	2642	14302
5680	-12560	3340	681	2728	14873
4232	-15012	5608	291	2857	15277
3088	-16376	6756	-203	2658	15323
3100	-15304	3984	1247	1813	14990
3028	-15428	4996	1513	2547	14944
1788	-15576	6488	2732	2552	15045
768	-15792	7176	2412	2710	15437
88	-14796	5448	3096	3049	15536
-1616	-15584	6600	1576	2956	15818
-2852	-17292	8056	919	1885	15530
-2448	-16912	6664	1038	1505	14947
-3584	-16096	5500	421	2284	14373
-4712	-17132	7440	1568	1311	13412
-4376	-15860	7912	1696	1372	12868
-4792	-13992	5216	2208	2505	13750
-6432	-14136	6028	1689	2470	13928
-7924	-14124	7112	2677	1699	13538
-7924	-13760	6456	1000	1559	13415
-8428	-13512	6388	110	2515	13423
-9396	-12824	5708	1228	2525	13142
-10516	-13452	7148	534	1309	12507
-9484	-12916	6944	624	1061	12183
-9692	-11668	6640	144	2398	12488
-11148	-10992	6260	82	2347	12774
-12132	-11052	6940	1166	768	12918
-11732	-10420	7128	1343	639	13065
-12120	-10260	6936	1049	1833	12845
-13768	-9708	6488	-231	1382	11933
-13552	-9960	6976	-1877	-200	10814
-12712	-9780	7280	-3792	819	10003
-13080	-9684	6564	-4325	407	8726
-12832	-10372	6728	-5008	-1203	7054
-12404	-11228	7384	-4258	-1610	5513
-11912	-11084	7052	-3583	-432	3944
-12840	-10652	6892	-1603	-29	1812
-13472	-10376	6584	683	-664	29
-12672	-9188	6460	1677	-1218	-1244
-12524	-8456	6288	1780	-56	-2068
-12940	-7916	5960	1854	30	-2166
-13340	-7640	6096	1527	-452	-2241
-12652	-7512	6032	849	-707	-2310
-12904	-7484	6184	2539	0	-2322
-12912	-7396	6004	3224	623	-2539
-13264	-6996	6208	4544	-19	-3306
-12564	-6356	6040	5091	397	-3526
-12872	-5360	6036	3764	301	-2592
-12672	-5540	6100	1083	122	-1425
-11920	-5580	6152	-1399	486	-315
-13132	-5636	6296	-3282	193	562
-12208	-6612	6240	-4528	-378	930
-13528	-6900	7144	-3551	397	707
-13068	-7100	6928	-2242	-370	374
-11748	-6956	5968	-1358	272	109
-13212	-6920	6560	-308	184	36
-11948	-7076	6088	-130	108	308
-12564	-7848	6608	-1319	467	330
-12640	-8600	6748	-3313	44	-515
-12940	-10064	6864	-5202	-679	-2126
-11864	-11364	7028	-6515	-750	-4072
-12044	-12556	7040	-7421	-601	-5559
-11512	-13764	6492	-6309	-848	-7020
-11460	-14500	6488	-4631	-1078	-8836
-11336	-14808	6448	-3202	-871	-10842
-11424	-14572	5996	-2056	-117	-12715
-11880	-14664	5732	-1468	532	-14220
-12140	-14724	5652	-900	3	-15905
-11440	-14956	6188	-896	-434	-17600
-10968	-14756	6216	-840	-335	-18827
-10200	-14876	5732	-1221	160	-19417
-10164	-15612	5684	-1762	-141	-19954
-9024	-15720	6212	-2208	-906	-20543
-7960	-15972	5968	-2673	-739	-20947
-6288	-16264	5884	-3001	-686	-21191
-5420	-16536	5960	-3407	-203	-21318
-4500	-16624	5528	-3190	-40	-21185
-3252	-16352	5672	-3525	-90	-20924
-2756	-16620	5176	-2938	126	-20843
-1056	-15916	5180	-2614	-869	-20413
220	-15592	4836	-1963	-59	-20280
504	-14924	4392	-1703	-260	-20110
1808	-14632	4340	-1149	-773	-19553
3064	-13712	4632	-607	-873	-18941
4440	-12964	4012	-1591	-938	-17970
5028	-12460	3652	-1390	-1178	-16993
6480	-12604	3900	-1854	-1072	-16255
7512	-10972	3580	-2807	-1324	-15227
7836	-11944	3900	-3215	-583	-14418
9480	-10448	3524	-3276	-1473	-13916
10184	-9836	3060	-3121	-471	-12891
10944	-8676	3216	-1651	-933	-12278
11704	-7556	3080	-1412	-342	-10805
11920	-7816	3216	596	-326	-8906
12424	-5828	2764	1373	-448	-6751
13464	-5340	2408	2088	-549	-5152
12996	-5608	2028	2064	382	-3107
13232	-6452	2940	1058	353	-1171
13668	-7004	3396	-597	678	44
13152	-8704	2644	-1823	664	777
13736	-9332	2900	-2222	-179	1004
14188	-10700	3272	-2159	233	626
13648	-10064	3244	-1212	-493	220
14884	-10268	2924	-1756	-509	-43
14296	-9668	2888	-69	249	-613
13972	-9128	3012	61	132	-506
14560	-9344	2908	-180	336	-308
13652	-9380	2660	197	483	-224
13916	-9036	2772	362	-14	-189
14324	-9248	2504	241	187	-262
13488	-9336	3528	-344	410	-98
13752	-9364	2860	-341	-336	235
13904	-8872	2644	-519	-2	359
13572	-9384	3132	-34	-147	321
14096	-9248	3180	-29	-366	442
13820	-8980	3236	-248	-294	687
13780	-8288	3352	-658	-285	1099
13952	-8552	2556	-1141	-197	1645
13256	-8928	3032	-1037	212	1995
13072	-9176	3308	-1322	-254	2406
13364	-10032	2640	-1408	-216	3127
13004	-10120	2984	-328	-129	3174
13040	-10492	2740	377	-357	2867
13592	-9628	2676	924	-586	2878
13528	-8496	2480	1506	10	3363
12880	-7504	2736	1860	378	4363
12888	-5908	2396	2674	210	5549
12404	-6632	2028	2419	1136	7924
10608	-7760	3728	2018	1255	10008
10088	-9076	4136	360	758	11851
8836	-10760	3000	235	1829	13688
7256	-12420	3264	650	1242	14321
8184	-12652	3984	2732	902	13926
7916	-12544	3600	3373	2227	14572
5940	-13380	3492	3692	3384	15366
5548	-13184	4636	3699	3061	15270
5240	-14232	5548	3496	3787	16084
2932	-14648	5620	3133	3635	16786
3228	-14656	5628	2505	2610	16628
3000	-14536	6336	1705	2782	16794
532	-16792	7248	1104	4267	17719
-1016	-16928	5996	1493	3095	16745
-1736	-16580	6864	2967	2115	15844
-1256	-17260	7756	1957	2878	15764
-2644	-16992	5040	2391	3107	15416
-4300	-16760	7528	2267	1978	14001
-3056	-15376	7448	2618	863	13682
-3736	-15392	5808	1576	2634	15078
-5996	-14920	7920	243	2874	14573
-7268	-14268	7400	657	909	13415
-6616	-14136	6700	-718	932	14158
-7044	-14036	7416	-1760	1892	14301
-9092	-14204	6872	-730	1849	12922
-9348	-14072	6760	572	-41	12155
-8616	-13460	6832	1460	551	12152
-9100	-12468	6540	2446	1410	12227
-10720	-11848	7016	4159	1275	12237
-10540	-10792	6724	5650	58	12064
-11196	-10616	7992	4259	911	11579
-11744	-10316	8200	2434	1825	11580
-12436	-9872	7400	444	2332	11124
-13128	-10420	6988	-409	1847	10150
-12156	-10764	7508	171	640	8859
-11716	-10432	7852	646	1177	7530
-12284	-10168	7336	1215	1217	6360
-12532	-9812	7584	1307	745	5472
-12364	-9452	7456	3	888	4742
-12416	-9784	7844	-361	-302	4242
-11488	-9040	7984	-1994	98	3377
-12336	-9748	8152	-2729	495	2230
-12748	-9316	7876	-1895	-531	1528
-11468	-8704	8188	-1482	-319	968
-12040	-8412	7772	-288	977	367
-13236	-7768	6780	1759	99	-18
-12560	-7232	7292	2277	-1034	-135
-12288	-6784	7160	1454	-592	-451
-12780	-6372	6956	864	53	-532
-13160	-6372	6872	28	220	-238
-12808	-6444	6968	-1088	-625	-19
-12204	-6508	7296	-1490	-336	-171
-12564	-6132	7132	-1186	-416	-369
-12808	-6716	7324	-1114	-268	-632
-12616	-6788	7076	-1077	-673	-983
-13368	-6172	7644	440	-492	-898
-12108	-6768	7364	11	267	-474
-12772	-6084	7004	111	-267	-867
-12152	-6908	7448	-49	21	-960
-12512	-6596	7004	-492	-412	-767
-12264	-6928	7384	-1471	263	-526
-13444	-7436	7460	-1101	-85	-365
-11576	-7976	7108	-1291	-607	-170
-12036	-8352	7396	-1380	896	-687
-12760	-9204	6900	-1558	22	-1558
-11008	-9888	7104	-2302	-1088	-3054
-12532	-9760	7916	-3758	30	-4363
-12632	-11004	7092	-4768	-1072	-5530
-11740	-11608	7736	-5367	-1347	-6909
-11612	-12152	7592	-4948	-1021	-8657
-11752	-13076	7540	-4352	-615	-10697
-11804	-13232	7652	-2644	-672	-12655
-11940	-13820	7624	-2075	-651	-14340
-11840	-14332	7612	-2014	-1117	-16598
-12116	-14848	7176	-1632	-1400	-18594
-11060	-15856	7940	333	-1934	-20422
-10632	-15960	7796	378	-1807	-21560
-10088	-16036	7232	623	-3799	-21998
-7292	-15128	8184	-1014	-3145	-22316
-7428	-15832	7280	-2993	-2434	-22586
-6000	-16048	7548	-4072	-3465	-22381
-4400	-15384	7588	-4157	-2919	-22037
-3476	-15364	7076	-3849	-2558	-21670
-3040	-15568	6876	-3093	-2306	-21382
-2212	-14244	6672	-2564	-2776	-21122
-236	-13744	5952	-3278	-2328	-20450
788	-13788	5636	-4157	-1421	-19584
680	-15004	5644	-4728	-780	-18572
1492	-13804	6632	-4031	-2667	-18404
4404	-13168	5976	-3776	-2192	-18388
3908	-12432	4836	-3194	-1736	-17895
5384	-13280	4976	-4854	-2240	-16315
7216	-10668	5324	-3799	-2755	-15542
8728	-9068	4696	-3422	-2371	-14963
9680	-8452	3564	-2459	-2140	-13478
11048	-6408	3468	-843	-2435	-11400
12564	-5332	2796	466	-1332	-8668
12208	-4640	3012	3852	-341	-6004
11708	-4624	2856	3337	679	-3384
10736	-7512	3688	1918	37	-1100
12392	-9476	3196	871	733	347
11068	-9632	3704	-1981	147	1518
13188	-11888	4200	-4149	-564	1628
12648	-11860	4564	-2041	44	819
13276	-11852	4952	-1902	-1079	384
14196	-11608	4204	169	-581	-242
13528	-10672	4052	607	10	-611
13248	-11096	3948	-79	-155	-583
13152	-10988	3932	-419	115	-648
12464	-10744	3948	-335	-273	-740
12600	-10884	3556	-33	-702	-712
12796	-10032	3312	298	-805	-873
12692	-9764	3256	229	-632	-474
12788	-9492	3208	-300	-752	67
12524	-9004	3152	-605	-193	784
11948	-10368	3628	-368	83	1364
12592	-9996	3300	115	-451	1756
12544	-10016	2788	873	75	1676
12168	-9032	2684	857	6	2035
12700	-8552	2776	-465	392	3280
12124	-8484	3692	-1436	1632	4658
10524	-10052	4776	-1130	1775	5821
11028	-9948	3920	254	1049	6392
11160	-8524	3464	1638	707	7095
11256	-8644	3540	650	1067	9051
9104	-11208	4784	493	2972	10661
8400	-9004	3852	-127	1345	11731
9012	-10840	3680	1398	1545	12645
7568	-12336	4256	5	2886	14322
6172	-13572	5104	116	2373	14976
6252	-12536	3948	185	2542	15434
3728	-16212	5576	-3262	4128	15482
2008	-18180	5852	-371	1920	14009
5188	-17324	4276	342	234	13074
4980	-15204	3980	3347	1662	12747
2416	-16992	6024	2469	3410	13235
1656	-16780	6748	3096	2413	12453
1208	-15056	4376	3641	2836	12386
496	-15672	5140	2176	2987	14088
-668	-15308	7360	2065	2853	13869
-1964	-15156	6436	1874	2875	13768
-2976	-15172	5408	1544	2877	14802
-3644	-14924	8184	2350	2240	14390
-4692	-15544	7264	2724	2581	14293
-4388	-14200	6480	3091	2542	14847
-6976	-14700	7028	2799	4301	14308
-8884	-15780	7784	2779	1403	12949
-6692	-14844	7616	2028	1312	12195
-7312	-14248	6920	496	2506	12353
-8472	-13548	6732	-410	1792	12384
-7388	-14704	7624	987	437	12024
-7532	-13864	7692	797	1530	12018
-8956	-13072	7076	2102	2390	12897
-10360	-11084	6680	2746	2156	13410
-12152	-11428	6884	3866	1415	13139
-11368	-10632	7200	2487	1056	11571
-11472	-11140	7344	1734	1152	9223
-11868	-10444	7344	295	1567	7333
-12736	-10844	7728	-537	1284	6619
-11528	-9528	7076	-841	190	5985
-11860	-9700	7160	-2826	583	5434
-12316	-9944	7400	-3468	-59	4991
-11460	-9744	7556	-3040	-805	4655
-11560	-10108	7592	-3168	631	4180
-12984	-9840	7436	-902	-403	3356
-11312	-8784	6948	-784	-1145	2872
-11428	-8796	7184	-1776	-10	2052
-13172	-9012	7080	-678	158	1995
-11972	-8012	6348	-1503	-953	2152
-11928	-8508	6400	-2917	103	2073
-12744	-8804	6680	-1522	-440	1894
-12232	-8512	6448	-470	-136	1481
-11776	-8932	6600	-461	254	335
-13260	-8640	6864	1980	379	-563
-12400	-7396	6436	1653	-63	-637
-12436	-7232	6808	-1414	596	-483
-12172	-8580	6724	-1001	1330	-372
-12784	-7036	6172	-352	743	-866
-12008	-7960	6364	-1634	-98	-1535
-12356	-7348	7048	341	157	-1878
-12732	-7064	6456	-117	607	-1055
-12184	-6780	6576	4	-86	-1029
-13164	-8132	7224	1062	667	-719
-12484	-7004	6260	987	-420	-202
-11316	-8036	6708	-389	-22	18
-11880	-8744	7040	-883	873	-532
-13284	-8720	6808	-2106	-452	-1541
-12136	-10268	6912	-4619	-1488	-3160
-12012	-11164	7284	-4901	-694	-4800
-11588	-11660	6880	-3922	-326	-5907
-11792	-12064	6292	-3683	-304	-7247
-11888	-12396	6348	-1871	-996	-8453
-10672	-12024	6616	-1589	-563	-9321
-11456	-12496	6292	-1698	406	-10500
-11752	-12772	5932	-1111	-525	-11619
-10724	-12620	6540	-1246	-1035	-12569
-10720	-13684	6840	-1873	-619	-13405
-10504	-14396	6740	-1648	-894	-14367
-9852	-14032	6440	-1785	-726	-15123
-9092	-15416	6716	-2006	-946	-15540
-7800	-15044	5896	-1655	-573	-15926
-7908	-15548	6320	-1943	-749	-16359
-7136	-15724	6228	-1547	-901	-16925
-6572	-16280	5852	-1776	-777	-17490
-5792	-16028	5728	-1753	-936	-17808
-4688	-16340	5932	-2322	-840	-18056
-3660	-16300	5612	-2182	-1017	-18011
-2788	-16264	5780	-3191	-675	-18070
-1752	-16200	5560	-2862	-1516	-18341
-424	-15884	5348	-2836	-1050	-18157
-164	-16168	5280	-2772	-629	-17857
712	-16116	5112	-2679	-739	-17896
1308	-15792	5072	-2357	-1071	-17914
3380	-14580	5216	-2106	-1630	-17842
4152	-13912	4568	-2343	-725	-17647
4896	-13892	5004	-3219	-1059	-16892
6576	-13272	4132	-2838	-1306	-16278
6948	-12152	4572	-3034	-1194	-15720
8008	-11472	3892	-2396	-1932	-14978
9052	-10576	3760	-2766	-1239	-13422
8848	-10016	3560	-2869	-874	-11807
10216	-7288	4104	132	-1907	-10894
11924	-5708	2640	1737	-1107	-9082
11288	-5540	2516	1587	252	-5744
11476	-5860	3532	902	280	-2771
11228	-7408	2896	621	595	-480
11160	-8792	4000	-52	-56	668
11080	-11564	4208	-886	136	1254
12072	-11436	3708	-2111	-925	1311
13304	-11720	3096	-2459	-794	1063
12768	-12172	3120	-1901	-443	627
13076	-12660	3464	-1518	-1059	57
13860	-12288	3316	-643	-615	-874
13592	-10760	2768	344	-195	-1235
13384	-10316	2828	548	421	-918
12292	-10576	3632	813	241	-542
12444	-10028	3040	585	-161	-213
11864	-10024	3252	156	-223	164
12036	-9892	2524	-455	-218	732
11660	-10032	2680	-910	-266	1538
12204	-10908	3144	-1171	-261	2203
12000	-11408	2804	-888	-30	2076
12688	-11448	2832	-184	71	1789
12452	-10860	3528	779	475	1597
12644	-9824	3248	1087	444	2046
12484	-8896	2744	765	868	3207
11884	-8120	3412	158	1142	4510
11316	-7808	3140	234	1150	6098
10132	-7736	3472	535	1497	8055
8832	-9004	3732	-377	1106	10224
9444	-10468	3592	-18	1090	11824
8004	-11992	3076	232	2058	13219
7324	-13088	3080	1145	1796	13668
6104	-14748	4708	2396	1455	13004
6636	-15008	3888	1975	1734	12744
6220	-14372	3984	1761	2479	12926
4640	-15732	4928	1519	3281	12898
4604	-15548	5732	1918	2431	12479
4112	-15620	4820	2511	3131	12674
2924	-16232	4984	1838	2930	12964
1764	-16992	7140	1985	2272	12177
2176	-16428	6324	2230	1837	11749
1672	-15680	4956	1219	2215	12341
328	-16588	7224	716	2065	11885
-400	-15824	6756	1493	1476	11185
-608	-15328	6020	1593	1406	11754
-740	-14900	5420	929	2292	12369
-3208	-15312	5588	1104	2570	12572
-4668	-15556	6872	1474	858	12207
-3168	-15792	6916	1297	1013	12125
-3336	-14440	5464	1071	2591	12737
-5820	-14716	5976	662	3565	12530
-7136	-15564	7272	1764	249	11306
-5260	-14688	6692	929	861	11444
-6276	-13760	6160	323	1929	11973
-8252	-13228	6968	715	1132	11378
-8724	-12844	6828	601	-18	11670
-8112	-12500	7224	-267	609	12876
-8480	-12676	6680	-360	2524	12785
-11196	-13072	6724	944	1822	11743
-10484	-13572	7344	2449	84	10791
-9924	-12376	7596	2532	1321	10182
-10604	-12152	6556	2284	2414	9728
-11844	-11168	7100	2494	1837	10253
-10632	-10296	7220	2786	1002	10550
-10596	-9592	6784	1966	2481	10331
-12732	-9076	6156	2505	2586	9569
-14132	-8924	6788	1915	-641	9077
-11272	-8504	7284	-1233	-998	8489
-12456	-9308	7448	-3718	1696	7787
-14600	-10052	6944	-3637	618	6902
-12960	-9908	7008	-3529	-1809	5276
-11416	-10128	7312	-2866	-782	3143
-12460	-9728	7444	-889	167	1555
-12264	-8916	6980	-185	-104	618
-12492	-8696	7152	134	-363	-115
-12836	-8440	7196	1284	-541	-41
-12280	-7776	6408	823	-267	-12
-12424	-7924	6868	639	262	-375
-13368	-7480	7032	1481	-81	-1117
-12992	-7376	6936	1725	-685	-1315
-12296	-6376	6440	1388	-740	-1595
-12364	-7076	6620	882	267	-1574
-12980	-6936	6520	833	32	-1143
-12908	-6652	6352	433	-199	-834
-12236	-7064	6408	-221	276	-839
-13244	-7156	6616	-295	187	-645
-11608	-7280	6104	-1037	-36	-290
-12248	-8604	7212	-731	868	-511
-11864	-8780	7588	1454	1091	-1838
-13676	-8260	7412	1952	439	-2968
-12348	-9728	7416	1996	319	-4296
-13524	-8980	7008	-582	-88	-6218
-13012	-9896	6980	-3083	-816	-8408
-12712	-10688	7180	-6388	-1161	-10003
-11712	-12148	7020	-7713	-924	-11092
-11564	-12920	7768	-6830	-881	-12172
-11572	-13900	7204	-4877	-1213	-13529
-11164	-14344	8036	-2377	-1656	-14884
-10640	-14500	7900	-1705	-1198	-16211
-11244	-13876	6984	-1818	-1589	-17484
-10000	-14452	7540	-1958	-2766	-17921
-8432	-14056	7612	-2762	-2657	-17789
-8336	-14472	6708	-3983	-2064	-17743
-7808	-14648	6640	-4659	-2134	-17790
-6780	-14768	6080	-4919	-2004	-17599
-5816	-15536	5644	-4481	-1876	-17440
-4800	-16108	6092	-3554	-1500	-17325
-3988	-15692	5672	-2668	-1243	-17367
-3068	-15984	5428	-2427	-1454	-17450
-1584	-15972	5096	-1832	-1410	-17360
-724	-16040	5320	-2233	-889	-17195
-112	-15360	4872	-1761	-1679	-17311
1324	-15452	5216	-1586	-1617	-16950
2472	-14760	5416	-1833	-1424	-16503
3188	-14068	4196	-1809	-1194	-15956
3724	-13656	3772	-1965	-951	-15198
4912	-13228	4412	-2014	-1534	-14153
5920	-13036	4276	-1554	-698	-13270
5828	-12928	4588	-1823	-668	-12780
7304	-11392	3960	-1925	-1302	-11991
8120	-12356	3732	-3620	249	-10634
8148	-11732	4608	-2980	-536	-9789
9616	-11496	3508	-2753	-31	-8888
9596	-10688	4080	-759	-391	-8069
10912	-9932	3752	885	-631	-7234
10944	-8508	4052	2031	-422	-6041
11656	-7516	3748	2181	-596	-4282
11008	-8464	3948	839	327	-2026
10800	-9020	3612	-195	-326	-764
11216	-10752	3856	-1436	-104	454
10976	-11088	4204	-2234	-239	1298
11376	-12516	4028	-923	-331	1318
11680	-11844	3460	26	-134	842
11632	-12392	3680	806	-342	432
12388	-12060	3676	437	-239	347
12252	-11644	3500	-532	-11	471
12264	-11428	3436	-1366	19	520
11992	-12140	3484	-1727	77	686
11568	-12644	4032	-1410	-149	595
11700	-12208	3692	-1012	-383	328
11600	-12188	3140	-140	-138	132
11304	-11932	3416	-435	-9	226
11388	-11808	3460	-420	-97	326
11380	-10916	3660	-492	172	616
11040	-9968	3016	-373	180	1279
11500	-8052	3136	76	54	2358
11200	-6548	2284	-651	881	4330
8568	-7824	2768	-1905	1768	7495
8660	-8532	3140	-4013	786	10700
8808	-9440	2652	-2397	1405	12208
7268	-11476	4052	1024	1272	13289
6504	-12820	4236	2986	1195	14072
5632	-13864	4668	4473	1044	14717
5812	-14128	3700	5801	2390	15011
4584	-13768	3312	5589	3425	15402
3112	-14264	5056	4779	3445	15943
2348	-15716	6896	3322	3392	16239
1308	-15276	4704	3001	3562	16435
292	-15300	6080	925	2791	16636
544	-15384	7444	2320	2352	16225
-868	-16208	6040	1394	3849	17495
-3088	-15632	5368	1125	3118	17761
-3624	-16804	7980	3714	2152	16647
-3512	-15096	6624	3208	2338	17148
-5396	-15064	6460	2157	3825	17618
-7624	-15112	7852	2664	3431	16339
-8136	-14476	7384	3028	1486	16158
-7140	-13852	6876	726	2002	16853
-9100	-14492	7844	120	2755	16128
-9956	-14376	7212	147	1635	14490
-10084	-14040	7188	575	909	13683
-9560	-13336	7004	-397	1654	13567
-10408	-12792	6820	-532	2481	13111
-11084	-12560	6808	727	1768	12594
-11320	-11700	7212	1752	674	11870
-11624	-11116	7304	2118	836	11264
-12448	-10140	7336	1590	905	10972
-12464	-9936	7556	428	301	10521
-12336	-9560	7384	-1076	-139	9581
-13008	-9628	7668	-2002	26	8484
-12556	-10088	7604	-2070	-884	7389
-12260	-9620	7700	-2523	-777	5867
-12600	-10176	7348	-1717	-319	4549
-12656	-9168	6780	-309	-1313	3820
-11560	-8900	6424	-964	-1064	3071
-12368	-9232	6760	-467	111	2470
-13252	-8512	6476	597	-596	2337
-12168	-8680	6312	-182	-297	1933
-12260	-8008	6876	10	-59	313
-12796	-7760	6692	516	571	-871
-13388	-7584	7292	1053	-80	-809
-12496	-7092	6828	1011	8	-615
-12068	-7036	6956	280	186	-755
-13140	-6832	7024	892	199	-553
-12464	-6752	6348	-228	-923	45
-11832	-7272	6828	-1138	25	-27
-13112	-7320	6844	-1812	802	-745
-13312	-7168	6808	-1805	-102	-1741
-12824	-7700	7256	-1523	58	-1958
-12532	-7516	6920	-1085	138	-1894
-11748	-7884	6896	-930	575	-1825
-12828	-7912	7152	-309	296	-1692
-12016	-8236	6968	-934	-141	-2148
-12616	-9008	7192	-1781	73	-3518
-12532	-9828	7392	-1618	494	-4913
-12844	-10812	6848	-2300	181	-6698
-12568	-11948	7500	-2011	-765	-8791
-11772	-11804	7544	-1671	-820	-10363
-11480	-12448	7920	-1852	-915	-11506
-11528	-12856	7872	-1676	-1247	-12691
-11528	-13616	7996	-1458	-1666	-13742
-11148	-14240	8076	-1645	-1841	-15020
-10948	-14448	7916	-1498	-2050	-16190
-10376	-14612	7848	-1249	-2250	-17493
-10092	-15096	7700	-1275	-2547	-18487
-9404	-15160	7832	-1390	-2869	-19383
-8712	-15496	7560	-1532	-2870	-19996
-7956	-15576	7288	-1901	-3217	-20554
-6972	-15296	6596	-2411	-3219	-20822
-5992	-15828	7160	-2876	-2923	-21014
-4712	-16168	6544	-3599	-2767	-21247
-3812	-15384	6588	-3401	-2856	-21385
-2432	-15668	6200	-3456	-2612	-21335
-1584	-15364	6268	-3719	-2482	-21140
428	-14664	5616	-3932	-2989	-20848
1516	-14552	5360	-4038	-1869	-20295
2320	-14684	5452	-4608	-2450	-19581
4140	-13256	5276	-4188	-2962	-19134
5532	-12408	4992	-3391	-2086	-18633
5900	-11712	4824	-2556	-1742	-17678
6388	-11072	5168	-2028	-1785	-16474
8356	-9080	3956	-1400	-1994	-15016
9892	-5720	3348	-1072	-1555	-12731
10324	-5244	3532	-1324	-461	-9406
10272	-5720	3724	-1304	424	-6124
9736	-6708	3624	-729	289	-3392
10340	-8128	4140	-886	154	-1648
10240	-9668	4272	-575	-235	-314
11056	-10428	3864	-1817	-76	491
11392	-10920	4148	-1304	-275	621
12212	-11836	4008	-937	67	707
12072	-11832	4352	-166	-41	614
12464	-11564	4252	-622	-256	540
13008	-11112	3656	-169	-269	547
12312	-11176	3660	-983	627	899
12180	-11396	4108	-1238	-84	767
12464	-11528	3620	-1107	414	959
11204	-11164	4004	-599	698	1034
11316	-10844	3952	960	-214	1248
11508	-9748	3704	1177	-72	2070
10996	-8796	3584	655	-134	3115
11056	-8944	3040	304	43	4573
10652	-9264	3752	320	438	6174
9736	-11116	4508	-205	444	7335
9736	-11900	3652	233	317	8192
9816	-11476	3348	538	541	8824
9072	-11840	3932	274	1130	9552
8184	-12304	4624	612	644	9710
8472	-11720	3840	1530	1392	10480
7360	-11444	2568	1971	2447	11862
5000	-13960	5824	2838	2317	12732
5852	-13508	5032	2880	1341	12814
5128	-13188	3472	1576	2743	13805
3544	-14512	5644	-274	2922	14566
2484	-15004	6552	-108	1552	14016
2668	-16428	4424	-1079	1886	14372
1172	-16676	5388	-993	1873	14233
528	-17724	6476	924	882	13605
492	-18364	5952	969	1476	13662
-504	-16720	5320	3647	1681	12142
-1472	-17076	6708	5123	1732	11048
-856	-14560	5808	3952	1124	11787
-1920	-14564	6692	2001	2289	12568
-3776	-14788	5320	806	2347	12707
-4872	-14412	6140	-1125	862	13193
-5192	-14500	5988	-3032	670	13845
-4888	-14564	5480	-3731	1459	14185
-5812	-13464	3176	-1845	2536	14780
-7956	-14252	6068	-2678	2483	15339
-9656	-14796	5984	-1649	872	14463
-8764	-14952	6380	-2061	483	13074
-9332	-13728	6300	-119	1175	11891
-8928	-13532	6944	2032	726	11594
-9300	-12744	6940	3336	805	12505
-9328	-11856	7096	3005	1256	13371
-11036	-11708	6436	2614	2293	13377
-13092	-11984	7144	2395	1259	12731
-11952	-12172	7180	3915	45	11695
-12332	-11196	7056	4379	1029	10461
-12664	-10600	6992	4458	681	8637
-13224	-9680	6656	3972	-5	7247
-12380	-9640	6780	2030	-599	6402
-12096	-8868	6764	134	-69	5333
-12912	-9232	6756	-352	-193	4867
-12088	-8544	6300	-1193	-1107	4806
-11708	-9452	6552	-1543	-384	4261
-13440	-9804	7124	-277	-171	3705
-12404	-8780	6388	-207	-681	3109
-12192	-8804	6656	-93	-362	1905
-12880	-8812	7192	557	48	783
-12880	-7464	6724	259	-863	36
-12404	-7756	6840	-137	-373	-561
-13616	-8060	7316	769	-232	-743
-12264	-7292	6720	1208	-1100	-734
-12420	-7048	7092	214	-306	-928
-12644	-6436	6620	-487	-734	-2004
-13284	-6408	6704	-709	-551	-2147
-12772	-6060	6492	-1895	-849	-1426
-12804	-6780	6820	-2044	-624	-971
-12164	-6720	6472	-1594	-663	-782
-12728	-6660	6424	-1276	-447	-262
-12272	-7548	6184	-2202	-90	-415
-11260	-7724	5276	-2879	-504	-997
-13532	-8344	6712	-2462	692	-1076
-12260	-9148	5468	-3494	-542	-1566
-10328	-10264	6800	-1849	1189	-2261
-13572	-9652	6540	-1539	1533	-2679
-12120	-11100	6360	-3268	-85	-3775
-12684	-11400	7760	-3420	576	-5344
-11884	-12024	6876	-4814	450	-6980
-11536	-13224	7112	-3936	812	-8936
-12348	-13432	7660	-2421	178	-10746
-11588	-13724	6956	-2385	-235	-12693
-11612	-13772	7156	-2036	186	-14957
-12656	-14408	6844	-1958	192	-16170
-11712	-14320	6492	-2626	-1190	-17107
-10796	-14656	7040	-2106	-1007	-18150
-9996	-15000	6812	-1628	-936	-18749
-9828	-15056	6196	-1552	-686	-19284
-9584	-15632	6052	-1159	-1538	-20050
-8020	-15932	5984	-1392	-1900	-20523
-7304	-16124	5848	-1984	-1222	-20716
-6656	-16504	5560	-2066	-1519	-20993
-5076	-15936	6056	-2401	-2119	-21290
-3316	-16156	5496	-3565	-1508	-21546
-2612	-16036	5160	-4287	-1201	-21265
-1388	-16572	5580	-4322	-1536	-20841
196	-14956	5168	-3375	-1969	-20877
1124	-15648	4960	-3320	-1364	-20655
2264	-14848	4536	-3483	-1892	-20108
3676	-14000	5084	-1554	-1791	-19704
5116	-12184	4332	-1490	-1544	-19147
5804	-10968	3844	-379	-1850	-18260
7408	-9700	3712	-412	-1700	-16379
7424	-8564	3860	-125	-921	-13817
9544	-6232	3036	685	-2145	-11274
10832	-5256	2580	493	-808	-8620
9956	-5492	2836	-264	-391	-5310
10792	-6628	2960	-2130	-213	-2108
10616	-8452	2968	-1414	598	-74
10056	-9584	3328	-1518	267	1329
10952	-11500	3236	-2133	-475	2001
11496	-12792	2960	-1220	401	1928
10816	-12732	3748	-1024	-272	1274
12972	-13312	3276	-1083	-709	754
12920	-12556	3376	-334	394	262
12028	-12228	3612	-688	-135	177
12804	-12048	3428	-2673	219	262
12184	-11960	2588	-1488	920	-215
11136	-11196	3136	-730	503	-196
11244	-12092	3504	-749	-406	131
11208	-11384	3284	-3	-359	395
11028	-9904	2080	1129	-359	1137
10228	-10328	2912	543	205	2322
10488	-9412	3124	1415	136	3217
10888	-8752	2348	1582	761	4864
10180	-9120	2968	-232	1819	6842
8760	-10784	4292	-1206	1889	8088
9100	-10760	3236	-2288	644	9417
9000	-11564	2932	-4437	949	10020
8000	-13844	4312	-1826	80	9463
7676	-14136	3732	-1065	-1177	10709
8408	-14136	3388	837	-789	11692
7124	-12520	296	3595	966	11897
4824	-14784	3488	3560	1922	12217
4332	-15232	3904	2763	1353	12720
4448	-14620	2568	2792	1764	12954
3368	-14800	2832	1127	2483	13621
1868	-16988	5800	3319	2111	12721
1408	-16020	4520	2789	1455	12871
1124	-16284	4080	1988	2066	13453
624	-17152	6188	2638	2470	12521
-904	-17296	5292	2339	2585	12621
-196	-17656	5960	2098	1849	12492
-980	-15948	5104	3617	2620	11871
-2704	-15768	5580	3561	1788	11530
-2640	-15652	6732	1670	1449	11825
-2776	-15212	6308	725	2131	12018
-4412	-14584	5156	312	1993	12213
-5660	-15816	7152	669	631	12042
-5804	-15316	6576	1300	612	11861
-5788	-14456	6132	1798	1397	11747
-6896	-14292	5988	2177	2098	11646
-7636	-14280	6220	2326	1277	11919
-7176	-13652	6020	669	1933	12820
-8200	-13068	5580	-55	2853	13021
-10392	-12800	6140	-250	1496	12209
-10396	-13284	6684	609	-331	11570
-9344	-12488	6712	276	551	11595
-10640	-11436	6024	998	1358	11332
-11892	-11656	6904	1676	428	11094
-11120	-10844	7144	2319	-168	10876
-11896	-10576	7524	335	1063	10722
-12516	-11396	7136	866	1180	9169
-13056	-10740	6836	1315	76	7337
-12256	-10436	6600	305	-912	5381
-12052	-10292	7136	-445	-10	4683
-11944	-9124	6508	-1524	-24	4869
-11612	-9112	6304	-2464	-566	4616
-12156	-9512	6844	-2060	-863	4441
-11584	-8948	6680	-1596	-1043	4689
-11596	-9100	6440	-2035	-57	4417
-12804	-9824	6652	685	450	3354
-13184	-9124	6820	3285	-554	2186
-12236	-8260	6704	3317	-404	1295
-12844	-7772	6348	2351	558	350
-13020	-7208	6436	1477	-6	1
-12664	-6664	6648	-958	-425	151
-12312	-7232	6672	-2269	-393	-16
-12748	-7924	6484	-2050	363	150
-12432	-7940	6744	-898	-375	190
-11212	-7872	6968	-106	-203	-322
-13104	-7912	6900	1071	1160	-970
-13532	-7388	6552	1262	-110	-1318
-12820	-6672	6552	-715	-43	-1287
-13088	-7196	6640	-931	237	-1421
-12440	-7024	6308	-2218	25	-1385
-12456	-7484	6476	-3489	167	-1233
-12964	-8484	6388	-3921	140	-1165
-11412	-8828	6336	-3797	-979	-1582
-12328	-9704	6960	-4619	1198	-1796
-12448	-11036	6584	-2609	614	-2715
-12028	-10308	6272	-1740	324	-4122
-12524	-11652	6568	-698	846	-6102
-12844	-11736	6600	-679	52	-8627
-11668	-11748	6676	-1278	44	-9982
-12364	-12700	6432	-2664	91	-10530
-11612	-13388	6892	-3294	-1124	-11598
-11128	-13944	7124	-3475	-798	-13082
-11740	-14644	6832	-4065	-1223	-14780
-11404	-15296	6232	-3661	-1840	-16612
-10668	-15500	7280	-3696	-1785	-18249
-10356	-16348	6360	-2996	-869	-19425
-10104	-15944	5820	-2284	-1659	-20612
-8428	-16556	5572	-2182	-1606	-21045
-7892	-16628	5608	-2856	-1321	-21492
-7040	-16676	5380	-2781	-1365	-21901
-5452	-16688	4884	-3144	-1242	-21854
-4348	-16880	5076	-2949	-689	-21543
-3700	-15844	5248	-1786	-1308	-21716
-1100	-15412	5364	-1725	-2506	-21585
-232	-15136	4764	-1852	-524	-21675
120	-15420	5112	-3496	-1226	-20949
2152	-14652	4408	-2864	-1789	-19892
3340	-13572	5356	-2566	-701	-19406
3332	-13436	4784	-2263	-518	-19260
4348	-12412	4184	-1801	-1203	-18326
5212	-12056	4348	-2506	-300	-17306
6264	-11488	4400	-2425	-908	-16127
7192	-11364	3736	-1639	-1157	-14829
8648	-7636	3456	-213	-2286	-14168
11576	-5504	2200	586	-3012	-12414
12424	-4688	2032	382	-604	-8995
10940	-6348	3500	-2370	75	-5589
11948	-6680	2160	-1069	-514	-3362
11912	-6996	2596	499	466	-1549
11660	-8324	2788	-324	-202	21
12292	-9624	2456	573	569	1187
11440	-9028	3156	1457	139	1880
12928	-10000	3160	-602	-278	2366
12836	-12104	3100	-590	424	2548
12588	-11684	3020	-1415	-180	2626
13180	-12076	3304	-1566	-203	1974
12776	-11744	3508	-750	277	1586
13048	-11588	3152	-224	49	1388
12644	-11544	3296	-47	375	1153
11972	-10836	2812	348	266	1152
11876	-11096	2780	984	12	1435
11692	-9752	3052	1075	72	2043
11124	-8240	2880	1555	250	2981
11568	-7464	2072	1036	233	4696
10920	-9108	3220	-211	1930	6776
9032	-10308	4464	-500	1922	8131
8952	-11452	4084	-524	531	9139
9760	-10144	2356	1628	812	10092
8440	-10576	2308	1667	2289	11180
7824	-11492	4108	2500	652	11974
9180	-11556	2188	4679	1909	13046
6664	-10752	1876	3808	4321	14453
4728	-13216	6196	2318	2976	13696
4680	-15184	6180	2008	3251	13855
3680	-15604	2800	-1531	4213	16586
1556	-17832	7660	-865	4048	16620
2000	-17788	6960	3108	2839	15334
1376	-17468	6316	3622	3893	14467
728	-17024	6516	3926	4395	13399
-804	-16360	6480	2220	4514	13195
-1328	-16916	7328	1473	3438	12754
-1504	-16096	6932	998	2986	12183
-2416	-15896	6524	625	2574	12260
-2900	-16064	7364	323	2081	11781
-3244	-15204	6968	1089	2019	11602
-3836	-13512	6032	2279	2133	12398
-5236	-13636	7416	1454	2438	13188
-5960	-14324	7124	1455	2349	12658
-7004	-13224	5936	2113	3640	13036
-7868	-11744	5660	1325	2768	13900
-8188	-13516	7580	1480	1943	14739
-8000	-13024	7748	306	3390	14778
-10916	-12212	6716	1834	4017	14344
-12144	-11984	7808	1670	1667	14201
-10920	-10572	8080	1230	399	14665
-11148	-11276	8024	756	1983	14700
-13108	-10540	7268	1554	932	13678
-12872	-10596	8252	-128	-2653	11545
-11352	-10328	8380	-3585	-1293	9352
-13460	-12028	8368	-3464	196	8619
-11904	-10764	6272	-3616	-563	7868
-11368	-11160	7132	-3045	-1368	6298
-12144	-11376	7372	-703	-448	5795
-12372	-9544	6628	-1363	-868	6299
-11976	-10044	6404	-3669	-1022	5748
-13108	-10816	7144	-4213	-1277	4680
-12008	-10152	6640	-3898	-2347	3656
-11304	-10632	6972	-4395	-1630	2302
-11652	-10104	6932	-2214	-1105	310
-12896	-9264	6792	-997	-829	-730
-12036	-8660	6536	-1106	-1187	-1016
-12852	-8096	6500	-726	-498	-1338
-12180	-7764	6532	-766	-1162	-1344
-12420	-7228	6164	-41	-432	-936
-13060	-7088	5980	-513	-1413	-784
-11412	-7680	6188	-1013	-760	-569
-12204	-7248	6092	-1317	-81	-372
-13072	-7552	5960	-979	-179	-290
-12204	-7884	6212	-203	83	-70
-12216	-7432	6076	-162	286	-413
-11632	-7512	5760	-857	615	-1063
-13648	-7528	6652	-178	741	-1221
-12128	-7820	6328	-1431	621	-786
-11076	-8200	6168	-2555	1972	-340
-13356	-8160	5952	-2764	1228	-161
-11268	-9296	5740	-3208	182	-88
-12624	-9764	6332	-1782	1834	-439
-11988	-10216	6320	-901	1299	-1837
-12800	-10916	6628	1156	1932	-3147
-11896	-11480	6620	1546	1875	-4820
-12300	-11532	6464	1283	1776	-7015
-12320	-11972	6560	-21	918	-8929
-11460	-12740	7180	-1968	839	-10296
-11716	-13292	7148	-2406	1092	-11691
-11804	-13400	6940	-1791	513	-12975
-11684	-13772	6844	-1152	53	-14126
-11344	-13992	6828	-893	-254	-15272
-11044	-14412	6944	-525	-38	-16722
-11052	-14412	6740	-612	-83	-18410
-10640	-14900	6240	-160	-876	-19193
-8852	-15176	6876	-393	-1176	-19425
-8624	-15180	6368	-853	-1139	-19701
-7828	-15040	5920	-1992	-1904	-19785
-6176	-15532	5848	-3135	-2070	-19572
-4880	-14888	5888	-4027	-1812	-19292
-3792	-15172	5020	-4295	-1653	-18504
-2688	-16184	5268	-4944	-1045	-17780
-2148	-15852	5456	-4162	-1580	-18033
-520	-15784	4580	-3343	-1732	-18122
648	-15612	4100	-3475	-391	-17760
596	-15744	4272	-3502	-160	-17479
1856	-15780	4540	-2643	-445	-17545
3576	-14352	4272	-1648	-504	-17394
4716	-13912	4044	-1244	-443	-16752
5132	-12728	4588	-1208	-317	-15930
6208	-12012	3988	-1591	-1170	-14777
8008	-10840	3392	-2163	-863	-13464
8180	-11628	4204	-2699	-164	-12108
8076	-10580	3984	-1115	-369	-11238
9776	-10064	3512	-1867	-1058	-9946
11452	-8108	2532	-553	-776	-8518
10020	-8796	3056	-474	518	-6626
11192	-8532	3184	150	-1170	-5049
11796	-8576	2964	1517	191	-3362
10936	-8932	2800	1583	446	-1435
10920	-9788	2940	1432	673	-320
10520	-10312	3668	1175	588	336
11844	-10976	3156	130	188	1052
12224	-11108	3236	-909	431	1567
12048	-11472	3424	-657	398	1689
11540	-12276	4372	-592	231	1588
12288	-12156	3640	-612	-341	1547
12244	-12240	3352	-424	372	1523
11416	-12416	3616	-187	369	1137
11628	-12428	4020	166	-78	780
12284	-12016	3212	-542	11	1144
11496	-12024	3456	-482	381	1120
11208	-11924	4068	305	-71	804
11484	-11920	3232	525	-164	988
11180	-10560	2648	622	218	1537
10996	-9760	3568	699	270	2371
11072	-7496	3092	689	615	3815
10220	-7160	4072	-148	1385	6228
8044	-9180	2736	-277	2118	8622
7824	-11488	4124	-1606	1192	10176
7912	-13308	4696	-912	620	10440
8156	-13656	3432	-1095	563	10676
8088	-13424	3164	-551	690	10851
6804	-14380	5180	-51	1450	10895
6608	-14596	4604	1704	429	10676
6424	-13212	3792	2484	342	11041
4668	-15108	4604	847	1619	11716
4156	-15624	5788	568	495	11506
3656	-15168	2776	245	1217	11663
2312	-15392	4184	-1497	797	12351
2228	-16412	5380	417	546	12200
1356	-16256	4704	1094	274	12452
1864	-14892	4548	2166	703	12841
1088	-15380	5348	3171	1805	13364
-888	-15428	5344	2802	2533	13906
-1928	-16408	6112	2767	2261	13780
-1348	-16344	6324	4763	2652	13605
-2344	-13556	2236	4604	3380	14405
-4864	-16060	7368	3908	2652	14763
-4408	-14188	6880	2714	2315	15083
-6620	-14708	4916	1257	3191	15929
-8524	-14364	6800	-730	2256	15033
-9396	-14156	7120	1951	625	13851
-8140	-13576	6860	500	488	14643
-8600	-11876	5012	-381	2224	15929
-9912	-12936	6440	-726	2780	15115
-11340	-12816	6588	1445	1966	14227
-11416	-12524	7036	1883	1417	14596
-11692	-10440	6020	2743	1841	15130
-13256	-10540	6728	3219	1479	16031
-12592	-9688	7204	3068	-117	15818
-12564	-10428	8188	973	998	14809
-14060	-11128	9020	1591	1534	13269
-13904	-9880	7196	1307	89	10494
-13024	-10804	8068	-118	-1326	7418
-12932	-10344	7700	-547	-441	5979
-12000	-10112	7272	-2708	-791	5377
-11904	-10036	6284	-3720	-24	4174
-14408	-10920	7452	-2169	-1204	2800
-12004	-9492	6444	-1326	-2095	1559
-12044	-9384	7240	-1847	-486	-175
-13328	-9320	7044	-142	554	-1609
-13488	-7700	6364	1375	-1492	-2070
-12612	-7196	6676	557	-1135	-2064
-11788	-6856	6704	102	-792	-2857
-13272	-6448	6528	1095	9	-2654
-13172	-6320	6336	163	-1009	-1948
-12116	-6216	6444	-743	-1443	-1603
-12468	-5768	6244	-178	33	-1216
-13764	-5988	5712	-1337	102	-830
-12488	-6392	6192	-2383	-667	-879
-12932	-6492	6444	-775	-127	-991
-11936	-6416	5976	-1643	-47	-873
-12800	-6940	6392	-819	752	-642
-12828	-7412	6272	-808	79	-536
-11292	-7876	6728	-1942	823	-382
-13088	-8176	6520	-2022	1372	-549
-12872	-9076	6804	-3315	486	-1541
-11656	-9516	6600	-2500	1608	-2691
-12900	-10228	6804	-2161	526	-3736
-12076	-10504	6988	-1761	13	-4679
-11384	-10444	6852	-1136	531	-5586
-12056	-10680	6956	-1716	613	-6345
-12528	-11700	6680	-2030	-35	-7366
-11660	-12308	6920	-2592	-404	-8998
-11424	-13292	6936	-2917	341	-10627
-11724	-13296	6740	-2345	305	-12083
-11240	-13904	6580	-1616	-174	-13162
-11004	-14184	6780	-862	-329	-14312
-10704	-14024	6492	-397	-517	-15289
-10432	-14348	6532	-565	-365	-15914
-10116	-14580	6380	-1227	-444	-16629
-9664	-15144	5988	-1760	-658	-17384
-9068	-15616	6420	-1799	-794	-18239
-8352	-16088	6188	-1996	-950	-18870
-7552	-16264	5988	-1798	-829	-19565
-6484	-16332	6080	-2132	-915	-20279
-5528	-16676	5324	-2495	-722	-20375
-4184	-16324	5516	-3541	-1328	-20544
-2840	-16544	5628	-3713	-771	-20800
-1824	-15668	5220	-3175	-1599	-20807
-152	-15960	4884	-3699	-811	-20324
624	-15016	5072	-3914	-1182	-19929
2208	-13944	4748	-3241	-1621	-19132
3688	-12980	3892	-3486	-1230	-18186
3736	-12240	4160	-3126	-1113	-17225
5820	-12816	3924	-3365	-1610	-15947
6616	-11764	2476	-2456	23	-14294
6408	-10904	3916	-902	638	-12518
7720	-10368	3984	1166	116	-11630
7880	-10460	4100	1962	882	-10271
7880	-10432	4088	882	515	-8403
9732	-9120	4148	215	-790	-6854
11288	-7520	3232	66	-701	-5178
11024	-7208	3108	-2184	-533	-3022
11392	-8516	3664	-2274	-877	-1169
11036	-10660	4128	-1801	175	578
10400	-11292	3980	-1239	-906	901
11280	-12924	3768	-239	-526	978
10832	-12388	3448	444	-481	774
11560	-12404	3000	85	-781	702
12040	-12416	2944	-396	142	668
11060	-12128	3376	-301	-10	653
12012	-12260	3096	-568	-136	838
11408	-12288	3588	99	389	817
10632	-12560	3924	-94	118	930
11200	-12436	3280	35	-250	1000
10976	-11972	3476	546	34	1006
10564	-12152	3888	260	-303	1158
11240	-12088	3464	-397	-615	1535
11236	-12232	3364	-283	-288	1793
10492	-12108	3468	-103	-208	1960
11344	-11956	3360	77	-762	2291
10740	-11644	3228	516	158	2527
9844	-11324	3608	807	15	2909
10504	-11604	3212	1000	-304	3609
9876	-11352	3192	1849	681	4307
9176	-11196	3480	1432	610	4839
9084	-12168	3636	1471	207	5919
8800	-11800	3320	1411	954	6738
8132	-9920	2492	2350	922	7698
7816	-11148	3588	2404	1591	9441
6676	-10992	5136	2627	1960	10740
6156	-10984	3636	2417	2687	12584
3772	-12912	5456	2794	3810	14005
3332	-14328	6448	2787	2252	14085
3032	-14320	4996	2272	2870	14958
1728	-15660	6328	585	3466	15418
1004	-16480	6164	790	2775	14769
876	-16664	6140	588	2540	14685
1008	-17128	6544	663	2639	14611
-360	-16492	6000	2175	2896	13896
-1152	-16560	6448	2243	2224	13375
-1372	-15384	6928	2163	2244	13625
-2248	-15132	5356	902	3104	14300
-4656	-15836	6340	-1028	3289	14117
-5472	-16064	7116	-728	1848	13012
-5108	-16000	6048	-1964	1787	12908
-5388	-15560	6068	-2387	2514	12934
-6284	-15384	6576	-1446	2553	13032
-6860	-14528	4552	-677	2093	12828
-8196	-15684	7080	191	1274	11841
-7804	-14164	6388	625	266	10923
-8424	-14740	5956	-292	1759	10506
-9480	-14404	6560	364	580	9729
-8804	-13244	6016	1250	-245	9140
-9264	-12464	5780	1457	412	9075
-9884	-12024	6208	1138	743	9422
-10000	-10904	6120	642	1106	9691
-11440	-10676	5728	166	1440	10086
-11888	-10484	6328	377	-77	10098
-11440	-10428	6524	1088	-24	9931
-12140	-9912	6572	974	927	9610
-12816	-9628	6260	559	816	9067
-12932	-9640	6372	385	433	8706
-12348	-9344	6540	-107	629	8281
-12188	-9332	6040	-730	1215	7801
-12976	-9688	5692	546	1665	7257
-13488	-8924	5396	1322	-218	6164
-12844	-9300	6464	799	-1312	4817
-12300	-8952	7036	334	-23	3587
-13292	-8680	6112	-892	899	2701
-13528	-8848	6236	-1791	-741	1436
-12212	-9072	6556	-1460	-933	303
-12568	-8240	7028	-1252	158	-553
-13580	-7740	6788	-959	-207	-1150
-13444	-7604	6400	-731	-1058	-1441
-12976	-6964	6256	-570	-1464	-1516
-12752	-7108	6536	-1394	-439	-1250
-13156	-6568	6152	-1894	-502	-1453
-13204	-6912	6132	-1162	-648	-1699
-12624	-6432	6020	-1520	-614	-1204
-13008	-6276	6040	-678	-883	-686
-12276	-6996	5820	-1315	-443	-89
-12780	-6452	5892	-574	-229	292
-13088	-7132	6312	-875	-132	945
-13040	-6416	5468	-828	-1209	881
-12400	-7640	5796	-1107	-118	925
-12960	-7308	5736	-2042	5	589
-12148	-8428	5488	-3424	314	-4
-13848	-9156	5948	-3747	351	-830
-11780	-9536	5932	-4421	-1663	-2140
-12248	-11380	6940	-5167	875	-3267
-12952	-11408	6184	-4371	-374	-5440
-11324	-11992	6656	-4183	-155	-7286
-12468	-11804	6340	-3502	1051	-8256
-12768	-11976	5908	-4462	121	-9061
-12356	-12012	5384	-4861	-422	-10748
-11596	-13192	5720	-3880	-219	-12118
-11048	-13096	5440	-3076	537	-12982
-11416	-13772	5256	-1983	781	-13357
-10844	-13796	5260	15	14	-13852
-9904	-14060	5200	338	428	-14074
-10020	-13908	4976	457	584	-14546
-9700	-14404	4820	-97	301	-14969
-8820	-14620	5108	-354	-9	-15284
-8480	-15072	4760	-1591	185	-15676
-7900	-15776	5032	-1812	-62	-16292
-6580	-15864	4636	-2572	256	-16684
-6124	-16288	4760	-2408	443	-17026
-5144	-16076	4664	-2605	-242	-16947
-3640	-15876	4464	-2833	-400	-16745
-3032	-16316	4704	-2594	378	-16670
-2328	-16104	4300	-2089	158	-16570
-1612	-16096	4652	-1435	-290	-16431
-580	-16216	4600	959	-216	-16425
136	-14140	4540	1754	-744	-16581
1476	-14800	4064	-210	-814	-16044
2732	-14196	4212	-1669	-739	-14947
3984	-14200	3256	-3693	-626	-13823
4608	-13696	4864	-2960	-396	-12954
5228	-13848	3944	-3384	-498	-12585
6004	-14496	3912	-1724	-835	-12546
7152	-13124	3716	-1752	-734	-11578
7368	-13172	3912	-1050	-176	-11139
7988	-12732	3420	136	-302	-11346
8296	-12212	3260	205	-49	-10756
9272	-10800	3084	-1219	-1300	-9247
10292	-10152	3500	-389	-565	-7434
10220	-8528	2840	-59	-259	-6385
10384	-8440	2456	-450	-851	-4715
11428	-9616	2972	-1711	-386	-2877
10864	-10408	3132	-1713	-192	-1592
10932	-11252	3008	-1491	-333	-1011
11240	-12040	3444	-798	-316	-693
11436	-12184	2868	-587	-494	-752
11812	-12220	2712	182	-409	-1003
11996	-12280	2532	162	-354	-929
12072	-11848	3276	-680	-225	-890
11704	-12476	2712	-385	-37	-852
11984	-11972	2516	-1188	-17	-808
12200	-11800	2940	-798	-72	-1088
11988	-11384	3112	134	351	-978
11536	-11092	2836	-130	436	-523
11860	-11620	3004	58	140	112
11868	-11392	3148	160	321	362
10928	-11424	2972	174	209	508
11972	-11340	2628	-252	-369	833
11728	-11416	2920	-631	305	1094
11212	-11116	2604	-606	50	1445
11428	-10764	2964	75	238	1790
11036	-10460	3152	305	302	2411
11100	-9660	2288	609	-98	3508
11628	-9160	840	1590	13	4797
11212	-7640	2408	1629	959	5851
9504	-9996	3328	556	1995	7162
8860	-11060	2556	2303	2306	9068
8200	-10164	2840	3004	2708	10121
7484	-10088	3988	3846	2061	10985
7172	-12624	4916	5047	3433	12407
5340	-11508	4664	2812	4037	13737
4604	-13784	4952	-160	2662	14939
4576	-14924	6508	-890	2751	15126
3720	-15480	6224	-1433	2222	14935
2212	-17220	5472	-1998	2298	14700
1784	-18148	5892	871	1303	14777
1424	-18336	5320	1745	1886	13746
596	-17696	5532	4440	1771	12230
56	-16548	4600	3050	2435	12641
576	-16692	6200	1985	1797	12927
-416	-15172	5052	3288	2448	12974
-1968	-15932	6120	2585	1529	13144
-2120	-15068	6784	2708	1416	12875
-3104	-14584	5352	2035	1858	13615
-4356	-15120	6628	653	2095	13899
-6308	-15544	7516	1458	2157	12553
-6592	-15084	6592	1937	850	12383
-5536	-13580	6164	1531	1565	12918
-6392	-13284	6732	1923	2571	13013
-8240	-13592	6800	2146	1697	13416
-8608	-14036	7172	926	937	13441
-8628	-13740	7504	1192	1765	12789
-10024	-13288	7368	1372	2329	11946
-10028	-12556	7200	2264	1083	11803
-9608	-11384	7116	1894	1465	12610
-10484	-10928	7144	1978	1992	12826
-11960	-10892	7056	1776	2025	12201
-12476	-10940	7364	1738	875	11561
-11588	-10476	7688	1196	1065	11184
-12096	-10100	7784	493	1601	10035
-12368	-10120	6880	753	1453	8713
-12944	-10072	7428	50	152	7232
-12196	-9836	8040	-473	85	5812
-12304	-10116	7404	-1277	524	5057
-12448	-9404	6836	-2063	-54	4273
-12008	-9464	7280	-2420	-772	2873
-12208	-9448	7112	-1915	-234	1777
-12756	-9204	7248	-1061	-246	1672
-12416	-8516	6876	-830	-100	994
-12032	-8188	6724	-344	-72	35
-12656	-7172	6764	-4	41	-498
-12856	-7072	6332	-482	-58	-862
-12068	-6688	6412	-819	-472	-853
-13328	-6612	6924	-478	770	94
-13060	-6796	6384	-1571	-307	343
-12368	-6644	6680	-1053	44	97
-12764	-7216	7076	-305	773	141
-12980	-6548	6944	-211	149	282
-12252	-6508	6760	45	-364	174
-13160	-6884	7352	387	742	253
-12572	-6576	6648	-754	0	42
-13096	-6416	6940	-475	92	-39
-12436	-6728	6676	-977	-69	175
-12732	-6744	6792	1468	-2705	436
-12812	-7132	6004	-3045	1176	848
-15268	-8732	7280	-3277	-939	653
-11360	-6928	5816	-4433	-511	182
-11652	-8756	6808	-2453	1973	-90
-15440	-4184	5744	-116	-46	-1257
-11196	-9936	6620	-2036	809	-727
-13708	-6952	6392	-856	511	-796
-11912	-7676	6256	222	464	-1017
-12780	-7492	6608	-68	659	-915
-12096	-7392	6640	596	427	-1065
-13240	-7852	7204	485	1003	-933
-10096	-6396	4664	-3280	-513	-1302
-13400	-8900	6628	-587	-809	-1596
-13008	-7720	6172	803	-2164	-1187
-13440	-7192	5436	-1165	-2190	-516
-12268	-9436	6876	234	-2451	-792
-11984	-7580	6144	147	-2200	-997
-11924	-8236	6784	1652	-1293	-1675
-11648	-7888	6932	863	-816	-1785
-11696	-8312	7124	1033	593	-2260
-11692	-7684	7224	1067	1310	-2115
-12464	-8076	7428	434	474	-1999
-12212	-7268	6980	-921	-5	-2247
-11576	-10176	7608	1572	-312	-3299
