0	0	0	0	0	0
-14552	-5028	6008	-684	-936	-1065
-14380	-5176	3576	-1018	-729	-1186
-13704	-5724	4168	-846	351	-1911
-14668	-5784	3940	-895	714	-1190
-14040	-6560	4692	-852	1711	-824
-15252	-5100	4960	-141	2062	-480
-18020	-3396	3124	2381	-2730	-1301
-12872	-5892	5280	-1702	-4978	3229
-13128	-5296	4544	1358	56	561
-15844	-4372	4636	239	-1207	1229
-13904	-4804	4312	-36	-1668	1110
-14764	-4704	3812	-970	-1337	709
-14348	-4664	3712	-1641	-1665	225
-14424	-5032	3904	-1846	-961	-148
-14468	-4864	3800	-2479	-826	-113
-14360	-5116	3592	-2619	-774	-134
-14260	-4936	3560	-3138	-652	53
-14256	-5332	3864	-2097	-549	306
-13960	-4820	3968	-1981	-394	803
-13764	-5256	3872	-1991	-342	1014
-13716	-5272	4032	-1221	-432	989
-13956	-4992	3952	-1289	-317	935
-14392	-5344	4248	-1624	-257	964
-14260	-5496	4120	-1522	-297	953
-14372	-5268	4144	-1663	-176	907
-14108	-5616	4484	-1426	-104	785
-14080	-5824	4188	-1915	275	855
-14172	-5956	4276	-1387	241	653
-14296	-6088	4500	-1116	318	476
-14220	-5716	4192	-1226	61	146
-14076	-6356	4428	-1269	-236	-30
-13948	-6100	4832	-924	-108	-367
-14000	-5796	4640	-1584	-52	-374
-13824	-5904	4948	-2056	27	-104
-13976	-6024	4932	-2132	206	161
-13800	-5724	4836	-2063	-83	386
-13736	-5184	4644	-2228	-78	504
-14188	-5592	4936	-2316	-298	782
-14328	-5156	5040	-1430	-440	885
-14584	-5496	5088	-1420	-966	946
-14256	-6176	6460	1229	-1378	212
-14652	-2244	7244	-4148	-2485	-339
-14008	-7748	7212	-8319	-4312	518
-12944	-8732	8308	-3508	-3963	-501
-14468	-5296	11764	-3922	-3761	-1165
-14988	-6072	11708	-8023	-6050	-882
-13740	-11704	13212	-5278	-7481	-1527
-14284	-10024	17204	2064	-7743	-3884
-16216	-8468	16900	-1537	-10250	-4811
-15676	-14980	17480	627	-12620	-6363
-16668	-11892	18632	4888	-14372	-8517
-17516	-12540	16172	437	-17688	-8885
-16784	-14912	16472	1763	-19816	-10039
-17516	-12024	16296	632	-20523	-10494
-17936	-14288	14852	-1609	-22723	-10886
-17656	-14300	15128	728	-22848	-12427
-17736	-12280	12168	-334	-24488	-13167
-15600	-12996	12200	223	-24908	-14138
-14124	-9740	10708	-844	-24226	-14451
-11844	-10084	8752	-2019	-23302	-14210
-10184	-6952	6704	-2049	-22858	-13607
-6692	-8124	7720	-3427	-21666	-12067
-3828	-6712	6208	-2194	-19245	-10946
-2468	-7204	6328	-2441	-16622	-9645
-1716	-6912	7084	1211	-14670	-8286
1188	-4676	6716	1374	-14781	-6731
3572	-4884	4684	2224	-12173	-5609
3328	-4352	5092	4785	-9243	-4581
4152	-3572	5988	3299	-9262	-3253
5040	-4024	6024	1035	-7204	-2030
6096	-3692	5228	239	-5931	-1542
7280	-5020	5428	210	-4464	-1039
8164	-4908	6896	76	-2301	-301
7336	-5816	7364	-761	-936	173
7976	-6904	7692	135	-1063	579
8784	-7128	9056	902	173	953
8944	-7568	10664	-536	1075	1111
8888	-8376	10632	391	2425	1206
8140	-8828	11356	-223	2086	1018
8348	-9728	12204	-135	1617	597
8320	-9432	13432	-154	1813	630
8576	-9248	12796	-1161	1397	672
8392	-10108	12876	-425	1313	822
8564	-8896	13196	487	939	990
8216	-9432	12428	-297	922	1170
7656	-9100	11340	896	788	1287
7596	-8436	11080	589	603	1281
7576	-7728	9964	66	1862	1175
6832	-8332	9268	-1109	2333	938
6160	-8260	9204	117	3547	429
6780	-7520	9908	-976	3949	324
6644	-8248	9772	-670	6031	626
4684	-7984	9148	-505	6006	1128
5840	-8004	10512	282	6020	1397
5384	-7036	10784	87	7902	1707
3704	-7512	10476	-894	8062	2012
4592	-7888	12080	1146	8342	2100
2684	-6428	10908	952	10885	2300
984	-8248	13348	-1840	8653	2730
3700	-9416	13920	1637	9297	3129
-268	-6724	9856	-1100	12447	3635
-844	-10572	15524	-1588	9095	3867
2600	-7620	13500	-1019	10016	3720
-2448	-9584	11524	-5187	13198	4897
-1960	-10684	16020	-1021	8282	4874
-544	-9820	11988	-2469	11685	4975
-4432	-9916	14608	-2968	11101	4945
-2316	-11184	14560	-2783	9484	5138
-4388	-10836	12760	-1544	12095	4700
-5144	-10600	15380	-2732	8821	4763
-2988	-11712	13428	-368	11522	4085
-7644	-10612	12712	-986	12586	3063
-6608	-11140	14560	-351	7965	2845
-4312	-10052	14144	380	11951	2449
-9956	-9592	11436	-1889	11949	2835
-7584	-10700	13576	-550	7265	3620
-5668	-8568	13884	-1770	10388	3607
-10100	-9300	10996	-5529	10002	4413
-7744	-11044	11344	-3708	7160	5133
-8660	-9224	11556	-2673	10552	5083
-11472	-10164	10408	-4421	8478	5591
-8648	-11680	10944	-1190	8139	5284
-10908	-10144	10236	589	10407	4187
-12880	-9628	9224	712	8150	3482
-9852	-10592	9932	568	8387	3218
-11896	-9436	9456	1541	10593	2447
-13476	-9464	8332	88	8982	2584
-11852	-9732	8952	848	8284	2404
-12512	-9272	9184	1460	9514	2044
-13756	-8928	7948	1646	8326	1661
-13192	-8300	8808	1603	7236	1185
-11472	-8568	8744	1399	8167	915
-12848	-8548	9140	355	8409	978
-12996	-8664	7132	481	7734	1009
-13716	-9000	7428	694	6204	1320
-12880	-7416	8168	983	4777	897
-13120	-7236	6728	-1752	4119	871
-12764	-8772	7168	-1379	3628	723
-13476	-7640	6668	-782	3398	637
-13664	-7776	6392	-1810	2260	875
-13384	-8288	6092	-1287	2252	1078
-13788	-8120	6736	17	1948	1145
-13676	-7184	5852	552	1390	638
-14036	-7912	5616	490	250	464
-13100	-7792	5868	2249	159	173
-13324	-6888	5224	1387	706	2
-13708	-7420	4416	424	270	215
-13748	-7796	4700	1718	-179	253
-13760	-6464	4224	1733	-494	131
-13556	-6696	3768	-282	-866	492
-13160	-7104	4372	-61	-461	643
-13692	-5608	4588	-1575	-473	700
-13696	-5716	4624	-4822	-1761	955
-13288	-7436	5792	-4848	-2041	1035
-12720	-7092	9144	-4530	-2433	337
-13184	-8944	11848	-4738	-2893	-576
-14184	-10228	13616	-1533	-4722	-1605
-14256	-10228	14464	624	-6733	-2114
-14160	-10844	15724	1887	-8308	-2635
-15708	-10536	15644	1165	-10352	-3265
-15532	-12500	15488	594	-13875	-3315
-16444	-12332	16016	1278	-15676	-3935
-16760	-12984	14672	-776	-19399	-4307
-15700	-15172	15056	175	-19691	-5150
-18156	-15124	14480	1281	-21262	-7183
-16208	-15260	13520	2447	-22774	-9575
-16120	-13280	13624	2848	-21031	-11342
-16440	-13420	12024	3101	-21771	-12311
-14296	-11616	11652	4088	-22726	-12598
-12588	-9920	10724	3052	-22291	-12321
-10844	-9304	8764	1926	-21212	-11257
-9796	-9172	8704	2557	-20710	-10192
-6952	-7468	8732	3199	-20810	-9523
-4692	-6932	7684	2923	-19024	-8587
-3672	-6148	7276	3643	-17276	-7948
-1800	-5692	7472	3327	-16812	-6867
580	-4892	7564	2187	-14802	-5969
1604	-5292	7348	1636	-12251	-5167
3104	-5332	8220	2850	-11378	-4741
4184	-4812	7300	2063	-9161	-4283
5000	-5104	8924	2607	-8118	-4215
6500	-4632	8144	2622	-5928	-3575
6528	-4540	8620	1218	-4257	-3010
6540	-5112	9264	114	-4451	-2480
8808	-5264	10228	1821	-3489	-2444
7600	-3404	9784	285	-1471	-2268
7988	-5824	10980	-1173	-2519	-1490
9492	-5060	10808	-350	-1005	-1217
7828	-6724	11036	574	-120	-264
8272	-4896	11172	24	-834	-5
9208	-6244	11140	-922	441	-27
8216	-6324	11492	-352	1532	414
8508	-6512	12640	-208	833	327
10012	-5852	12648	129	1040	-432
8888	-6620	13164	619	2124	-590
8000	-5340	14032	355	993	-652
9108	-6640	14048	-334	671	23
8356	-5520	13428	-41	1297	478
8680	-6148	13240	-970	670	646
8444	-6208	13188	-665	1119	595
8200	-5784	12988	-86	1009	285
7908	-5788	11784	-1195	695	206
8020	-5980	11324	224	2054	448
6384	-4972	10608	-648	2489	767
7628	-5960	10152	-2958	2748	1386
5368	-6288	9736	-1575	4713	1788
4352	-4552	9200	-3018	3059	2404
8816	-6312	10976	-4970	4912	2997
5120	-7348	10780	-3367	8565	2853
4556	-7784	13684	-2278	5530	2636
6456	-7388	11704	-1801	7674	2295
2704	-7504	12360	-296	8307	2699
4764	-6672	12840	-2112	7754	2478
2844	-7800	12276	-1879	10053	2498
2680	-6940	12544	-2821	8015	2646
3868	-8000	14212	-1693	10313	2991
780	-8340	12676	-1193	12027	3696
-648	-7544	14144	-1562	9273	3980
2492	-8428	14072	-1670	10052	4396
-1464	-8384	12488	-1895	13152	4769
-3200	-8512	13844	-2757	10921	4625
-952	-9464	14904	-1175	11468	4218
-2924	-9444	13820	-1655	13839	3737
-5228	-9416	14148	-1481	11969	3881
-4100	-9440	15240	-1046	11220	4166
-3784	-9016	14884	-2146	12909	3818
-6592	-9816	12740	-3693	13118	3739
-7432	-9620	15884	-2002	10194	3788
-4280	-9360	14112	-3507	11066	3740
-8740	-10920	12756	-5046	12755	3725
-9392	-9908	14716	-2312	8673	3496
-6488	-9260	13324	-3613	10696	3786
-9816	-10680	12744	-4259	11750	4193
-10068	-9700	12124	-2337	8111	4296
-8408	-9036	12584	-3133	9101	4679
-10684	-9368	11524	-3800	9681	5042
-11300	-9580	11452	-2842	7535	5217
-10704	-8592	11412	-3380	7582	4908
-10940	-9656	10436	-4094	7688	4779
-11228	-10120	10952	-1990	7799	4322
-11544	-9540	10704	-1653	7717	3826
-12220	-9732	10168	-615	6976	3231
-11892	-9900	9900	548	5964	3088
-10788	-9304	10472	2266	7013	2746
-12848	-9052	9336	1578	6579	2391
-12964	-8788	8700	1907	4054	2142
-11860	-7768	8292	337	4398	2111
-12340	-7968	7812	-1254	5864	1986
-13136	-8124	6768	-2490	4993	1572
-12660	-8556	6988	-1820	3909	996
-12288	-7788	7128	-1433	4194	693
-13160	-8652	6736	-924	4695	949
-13484	-8060	6408	34	3994	1004
-12760	-8000	6328	625	3472	892
-13172	-7788	6812	1308	3373	586
-13124	-7788	6800	1472	2966	389
-13172	-7560	6388	1110	2689	135
-13020	-7576	6760	1194	2093	-113
-13436	-7144	6732	1140	2003	-421
-13892	-6964	6332	384	960	-346
-12916	-7368	6056	363	627	-373
-13332	-6328	5828	-44	794	-585
-13376	-6744	5124	-1179	263	-322
-13420	-6888	5352	-1267	302	-27
-13452	-6824	5184	-1988	-46	342
-13072	-6768	5388	-2141	-638	388
-13488	-7092	6244	-2666	-616	644
-13808	-7456	6884	-2456	-1717	860
-13008	-7448	8192	-2979	-2105	634
-12924	-8548	10144	-2830	-2291	48
-14048	-8740	11236	-1333	-2880	-881
-14788	-8496	11872	-1595	-5771	-1174
-13072	-9872	13076	-569	-6736	-1410
-14128	-9064	13432	-245	-7694	-1925
-14896	-10420	13824	-890	-10491	-1892
-13552	-10604	14300	-36	-11974	-2623
-15028	-10924	13948	-411	-12917	-3488
-15368	-11028	14384	-77	-15902	-4355
-14284	-11868	15072	-489	-15778	-5138
-16244	-11832	14140	-152	-17259	-6152
-14832	-12236	13828	489	-19431	-7019
-13704	-12200	14012	1886	-19078	-7559
-14104	-11308	12664	1706	-19231	-8174
-13216	-12140	12060	1942	-20581	-8402
-11988	-10700	12212	2651	-19484	-8486
-11804	-10432	10992	1601	-19857	-8580
-9524	-9844	10588	997	-19757	-8569
-7936	-9700	10868	583	-18275	-8464
-6840	-10388	10708	1833	-17808	-8230
-5492	-8232	10060	3426	-17106	-8415
-3556	-8108	9752	1364	-17150	-8052
-1480	-9324	9344	3022	-14833	-7776
-1928	-7852	9428	2755	-12936	-7754
152	-7300	9556	1855	-14843	-8011
2892	-6900	8200	1909	-12758	-7611
3724	-7236	7368	957	-10702	-6632
4692	-5820	8100	2966	-9057	-5698
3828	-3956	8412	160	-7110	-4854
5276	-4972	8380	-969	-8092	-4164
7168	-5308	9312	-3183	-5653	-3955
6044	-4972	8588	-3921	-3929	-3995
7404	-6216	9548	-2173	-4808	-3862
9240	-4868	10392	699	-2337	-3674
7672	-5376	10024	-556	-1844	-3004
9152	-6512	10884	2832	-1845	-2541
9084	-4080	10992	3307	6	-2243
8588	-4748	10924	767	-882	-1298
9232	-4864	11180	829	-267	-489
8980	-4964	11628	-1688	-7	202
9292	-7120	11856	-1022	308	771
8644	-4884	11416	-1199	152	491
9680	-7356	12440	-1047	-47	971
9496	-6812	12456	1069	1683	743
8844	-6292	12148	977	177	690
9608	-6828	12540	1880	829	859
8540	-5860	12088	2282	1227	1291
9160	-5904	12020	895	493	1617
8828	-5276	11036	-384	2178	1836
7132	-6044	11132	-479	1714	2343
8848	-4972	10364	-1866	1337	2069
7916	-6584	10904	-763	3535	2249
6328	-5636	9668	-2049	3328	2656
7552	-5912	9772	-2210	3058	2541
7992	-6900	10368	-1549	5797	2846
4916	-5584	8788	-1567	5986	3936
5104	-6872	9556	-1686	5158	5770
7052	-6636	10344	-736	7789	6653
3344	-6748	9480	-1917	9902	7035
2864	-8800	12012	-3083	7679	6792
4184	-7672	12228	-1189	10746	5208
488	-7824	11456	-4355	11360	4149
2392	-10460	15480	-2660	9558	3328
1996	-10016	13692	-934	13837	2712
-1812	-9120	13024	-1074	11158	2423
1064	-9632	16556	-206	8810	2772
528	-9900	13952	-1347	13390	3464
-3656	-8744	13840	-2932	11234	3341
-368	-9548	16144	-2469	8581	3764
-1696	-10528	13300	-3988	13058	4191
-5312	-10224	13968	-3862	9426	3840
-1656	-10004	15368	-3192	8036	3594
-3628	-10644	12072	-4225	13304	3769
-6388	-11528	13748	-1315	9530	3169
-3700	-10412	15652	-242	9707	3176
-6720	-11320	11764	-2265	10751	3153
-6736	-9056	12096	-1137	6721	2541
-5100	-9012	13284	-3783	10949	3548
-9764	-10488	10180	-7148	11616	4835
-8116	-11312	11452	-4633	6616	4940
-6232	-8860	10568	-5184	10909	4867
-11536	-10480	10236	-5697	11830	5490
-10332	-11508	10708	-4105	9238	6280
-10180	-10352	9828	-3523	10551	6179
-10912	-11920	10824	-2280	9802	5413
-10584	-11912	10496	-325	9871	4754
-11720	-11396	10564	713	9416	3950
-10600	-11196	10536	1681	9308	3524
-12204	-10392	9652	3027	9943	3175
-13520	-9144	9280	2769	7234	2760
-10584	-8740	9380	1575	5661	2810
-10608	-9172	9248	2350	9357	2656
-14080	-8168	8148	1712	8543	2659
-13352	-8336	8188	2385	5977	2495
-11612	-8992	8644	2755	7341	2295
-13420	-8904	8704	3422	7751	1866
-13856	-8568	7968	3918	6681	1164
-14160	-8188	7840	4386	4661	827
-12128	-7824	8692	3504	4569	702
-12184	-7572	6928	2834	6747	875
-14264	-7296	5768	2289	5351	117
-14272	-7108	6256	3331	1786	-700
-12720	-6128	6312	2232	1670	-349
-13300	-6932	6508	1159	3346	547
-14376	-6456	5312	729	2909	1001
-13912	-6600	5092	681	1164	991
-12892	-6716	6028	1746	1076	800
-13544	-5704	5852	874	2475	639
-14852	-5644	5488	-2453	328	844
-13300	-6788	6284	-3692	-1885	1230
-13120	-5240	7076	-5008	-1296	1475
-14564	-5752	6772	-9768	-2605	2602
-13284	-7988	8448	-9511	-3832	2707
-12912	-6840	10500	-8234	-3910	1327
-12552	-8480	11012	-9631	-4969	684
-13392	-12168	13196	-5256	-4545	-204
-15784	-9676	13908	-1181	-7177	-1224
-15228	-12672	13412	-2269	-10704	-1267
-14804	-12488	15496	3931	-12111	-3383
-16048	-10148	14076	155	-14222	-4861
-15748	-14140	14304	-1276	-15548	-6087
-16540	-13164	14972	217	-16096	-7905
-17420	-12636	13284	-2644	-19529	-8866
-14920	-14564	14212	-24	-19507	-9896
-16548	-12336	13004	172	-19390	-10558
-16280	-13272	12192	541	-22110	-11185
-12432	-12220	14380	2236	-20147	-12027
-14052	-13212	12828	2439	-18680	-12300
-13504	-11680	11784	5926	-20585	-12955
-12728	-9304	10900	4474	-22214	-11988
-8720	-9064	9956	4769	-21514	-10820
-7208	-8260	8400	2185	-18342	-8931
-6712	-8852	8792	3052	-18877	-8333
-3508	-6884	9400	3746	-19650	-7952
-1472	-7052	7724	1903	-17402	-7259
-1076	-7268	7884	3157	-15185	-7082
-376	-6084	7364	1738	-15228	-6804
3016	-6420	7492	1414	-15333	-6851
5004	-5196	6860	1593	-10413	-5819
4088	-6448	8420	227	-8270	-4851
5524	-5696	8000	2003	-9056	-5007
6272	-5212	6596	1235	-7179	-4370
7164	-5000	8028	1483	-6006	-3403
7708	-5252	8368	503	-4201	-2660
8444	-5828	7684	-514	-4119	-2354
10060	-5928	8992	4439	-884	-3430
8920	-4136	9168	2897	559	-4560
9468	-6364	10956	3495	196	-4492
9192	-4832	11924	5768	957	-4373
10596	-3496	12548	3778	-199	-4085
9380	-2812	11012	1546	1239	-2655
9776	-4240	11688	-787	-1234	-597
11836	-4488	12152	-623	1128	580
8180	-4560	12336	-2642	967	1911
11140	-6224	11836	-1891	-1098	1923
10724	-6156	12532	796	2971	1506
7600	-5724	12872	1491	1546	1180
9480	-5452	11936	1052	-750	581
11232	-5388	12684	2164	2707	276
7424	-4404	12304	608	3367	309
8612	-5304	12012	251	219	569
10572	-4188	11440	1467	3098	953
6604	-4184	11624	-250	3604	1812
8488	-4288	11064	-2024	1814	1676
7868	-4836	10356	-2067	5308	1916
5648	-3500	10544	-3427	3854	2552
8900	-4452	10948	-5702	4002	3137
6908	-5712	11864	-4918	7457	3682
4672	-5508	10740	-4929	6145	3993
7292	-7684	12676	-2771	5824	3864
5484	-6852	12252	-629	9282	3638
3576	-6744	12652	-1570	6552	3449
6572	-7024	12660	856	8594	2890
2072	-5800	11296	-1052	11352	3408
2416	-7224	13988	-4145	6763	3963
5548	-7784	13264	-3131	11172	4042
-868	-7056	10712	-4507	13021	4729
668	-9324	15748	-4260	7640	4679
2864	-9468	12936	-3198	12504	4587
-2844	-8708	12108	-2900	13564	4504
-1544	-9552	16036	-2843	9565	4736
-224	-10320	13484	-718	13757	4232
-4960	-7984	13076	-1505	13181	3540
-3556	-9928	15764	-2534	10047	4134
-3392	-9048	14364	-409	14117	3772
-7060	-8844	13748	-4454	12319	4257
-4288	-9736	15704	-3609	9795	4434
-5568	-9560	14684	-5043	13623	5189
-8436	-10436	13924	-5595	10366	5359
-5080	-10668	14020	-4013	9062	4797
-7248	-10548	14848	-2214	13496	4198
-9156	-10624	13668	-833	9350	4290
-6404	-10220	13160	1369	9675	4070
-10748	-8592	12100	93	10778	4356
-10428	-8700	11600	-1683	7616	4830
-8624	-9256	11776	-2306	10252	5083
-12748	-9344	11528	-2497	11368	5259
-11944	-9596	10824	-1198	7705	4669
-10148	-9436	11944	231	8245	4112
-11696	-8892	12064	1012	9190	3643
-12888	-8496	9644	447	7943	3664
-11088	-8748	11392	1081	6039	3289
-10988	-7760	11612	1873	8819	2491
-14172	-8216	10112	1153	7234	2731
-12988	-8096	9744	2002	4775	2343
-10512	-7120	9992	1714	5125	1934
-12676	-7552	9924	934	6740	1447
-13304	-8148	8696	1188	5267	801
-13312	-7736	9036	2743	4564	96
-12908	-6452	8348	2376	3939	-239
-13620	-6840	7924	1130	3903	266
-13612	-6392	8176	1242	3271	703
-13676	-5512	7184	-551	2702	1273
-12768	-6688	7076	-1609	2027	1670
-12628	-6056	7608	-329	3154	1255
-14100	-6080	6468	-1303	2670	1386
-13376	-7368	7564	-677	1237	1439
-13252	-5616	7620	761	2172	737
-13964	-5560	6184	-2039	1074	1143
-12560	-7080	7168	-1310	423	920
-13568	-5476	7004	-1735	1141	714
-13980	-6148	6080	-3769	191	821
-13140	-6520	6584	-3324	-613	700
-13700	-5736	6928	-2901	-82	540
-13716	-5544	6380	-4818	-1394	896
-12540	-6296	6936	-5420	-2074	1398
-13396	-6348	7928	-5639	-1700	1605
-13236	-7576	9308	-6870	-3210	1332
-12032	-10108	12536	-4881	-2502	-355
-14444	-10372	13304	-3248	-4339	-2221
-13088	-11688	14832	173	-6854	-3624
-12728	-10676	16252	3188	-6885	-4803
-15092	-10432	15144	2727	-9296	-5084
-14572	-10696	16236	4080	-12434	-5540
-15224	-8768	15124	1204	-14126	-5577
-14888	-10516	15920	-802	-16256	-5566
-15220	-10168	15284	-1953	-16843	-6094
-15820	-12452	15668	-1125	-19059	-6857
-15336	-11092	14440	-488	-20884	-7690
-14188	-11320	14316	465	-20196	-8607
-13656	-12140	13324	952	-20132	-8817
-13616	-10772	12528	2027	-19826	-9632
-11936	-10680	12316	1401	-20826	-9937
-9888	-9188	12284	1884	-20112	-9929
-7484	-10164	12064	2138	-19620	-9534
-8284	-7924	11164	3047	-17704	-9600
-6652	-8968	10304	1076	-19239	-8319
-3412	-8572	10848	1454	-17696	-7708
-3172	-7892	9376	-28	-15817	-7366
-1792	-9232	9584	1146	-16465	-7393
572	-7736	9864	3050	-14158	-7512
92	-8236	8736	2572	-11900	-7753
1916	-5528	8520	4881	-13379	-8804
5324	-5372	8220	2281	-12049	-7464
5240	-4972	7520	2255	-7217	-6353
4568	-3676	7976	66	-9642	-5466
8124	-3484	7000	-1349	-7739	-3342
5648	-4544	6984	-4839	-3907	-1486
7836	-6104	7468	-4001	-6928	-803
11316	-7160	7948	700	-1424	-41
8456	-5988	10796	5298	2206	-1660
8376	-4788	9420	5023	93	-3281
8200	-4776	11016	8739	2028	-3876
7988	-2064	12300	4159	-274	-3775
10148	-3424	11112	779	-305	-2740
9004	-2656	12272	-3111	490	-916
9696	-5296	12580	-4476	-964	-168
11180	-6488	12288	-1588	957	226
8924	-5892	12980	105	1372	753
10276	-6640	13108	580	-148	230
9716	-6176	12468	2759	2224	-132
8208	-4436	12892	1938	1051	50
10228	-5764	13420	-454	130	121
9120	-4896	13608	334	2768	-115
7712	-4936	13068	-743	150	204
10488	-5008	12744	419	480	502
8824	-4300	13036	601	2334	941
7856	-3988	12184	62	1021	1637
9108	-4628	11760	-936	1480	1988
8292	-4604	11748	-1504	2922	2234
7028	-5308	11656	-2321	2731	2514
9188	-6188	12592	-1584	2911	1605
7032	-5836	11808	-176	4791	996
6616	-5104	12040	-66	2725	1217
8772	-5512	12216	-537	3875	1317
6392	-5100	12100	-1141	6313	1820
4560	-5256	10556	-3653	4143	3034
7204	-5732	11992	-3676	4325	3296
6496	-6888	12568	-4747	7924	3658
3296	-7044	10964	-3907	6935	4391
5348	-7752	14064	-1397	5016	4033
6500	-7916	12820	-2003	9515	3608
1132	-7652	11292	-1470	9223	3892
3616	-7136	13500	-1072	4784	2757
4988	-8228	13020	-2254	11329	2621
-928	-7740	12624	-3505	11146	3651
1608	-8820	15920	-2417	6408	3719
2584	-8844	13040	-2686	11294	3653
-2468	-8368	13088	-3712	10007	3557
416	-10000	16320	-1797	7795	3163
-796	-10180	13440	267	13175	2190
-4804	-9936	13824	-2838	8719	1343
-884	-8884	15540	-147	6894	790
-1304	-9108	13008	-5615	11012	1975
-3368	-10060	15064	-3873	9746	2264
-2544	-9388	14572	-4831	9603	2815
-4464	-10536	14296	-3171	10644	3234
-4268	-9972	14692	-1778	8934	3763
-4508	-9992	13252	-823	11025	3936
-7164	-9220	13432	-738	10531	3956
-5228	-9084	14120	-1309	10050	4320
-6632	-9112	12184	-2837	11863	4355
-8932	-9344	12664	-3266	9702	3571
-7708	-8728	13004	-3396	9503	3545
-9068	-10300	12628	-3856	11910	3979
-10896	-9784	12036	-2946	8666	3554
-7316	-10008	11952	-1647	7859	3640
-9524	-10028	12628	-441	11429	4110
-11584	-10276	10680	-736	8689	4441
-8684	-10640	11220	1042	8158	3640
-10824	-9632	11136	2189	10825	2899
-13148	-10228	9756	3753	9022	2628
-10112	-9024	10420	6307	7954	1645
-11512	-7460	10612	5971	10792	1096
-14008	-7148	10444	4854	8900	1314
-11680	-7432	10196	3310	6747	1766
-11956	-7020	10748	2220	7466	1850
-12216	-7240	10676	538	6685	1936
-12060	-7896	10236	1186	6148	1253
-12764	-8152	10444	2600	4849	355
-12836	-8064	10384	4202	4324	-195
-13276	-7608	9780	4576	3943	-365
-13060	-6440	8524	3931	2952	-823
-12760	-6376	7976	3232	2316	-1160
-12612	-5848	8076	2248	2384	-1113
-13188	-5952	7612	136	2311	-489
-13288	-6324	7328	-818	1850	185
-13032	-6104	7364	-772	1273	380
-13280	-5936	6700	-942	926	465
-13508	-6428	6716	-1210	112	655
-12808	-5636	6468	-897	723	554
-13408	-5844	6088	-2135	992	898
-12952	-5880	5812	-2322	444	1275
-12456	-6224	6548	-2606	1232	1275
-12260	-6376	8216	-3726	1506	1011
-12672	-7976	8156	-4475	309	755
-13152	-8572	12004	-2344	-978	-73
-13416	-7596	12260	-4040	-2508	34
-12736	-8916	14432	-2958	-3536	-344
-12844	-8636	15352	-2199	-5128	-1111
-13208	-9456	16780	-370	-7206	-2159
-13864	-8392	16968	1336	-10371	-2768
-13760	-9292	16572	837	-12783	-2033
-14972	-8992	18812	1701	-14413	-1399
-15440	-10608	18776	1981	-15927	-1681
-15868	-10976	18380	3898	-17820	-2999
-16728	-11008	18660	4676	-19783	-4162
-16276	-9440	16404	4288	-21203	-5155
-16248	-9784	16144	3116	-22263	-5728
-14860	-9336	14300	2090	-22972	-6266
-13552	-8600	13252	949	-23526	-6965
-13520	-9196	11380	-890	-22665	-6105
-10876	-9480	11704	408	-23113	-6216
-8592	-8576	11520	243	-21442	-6085
-6964	-9160	12280	1544	-20991	-5951
-5584	-8132	11180	3578	-19058	-6296
-5092	-7048	10012	3213	-19477	-5954
-1308	-6968	11776	5736	-18379	-6178
-816	-3920	9756	4279	-15900	-5638
-92	-5892	8464	4035	-17186	-4522
2280	-3096	9396	5459	-14760	-3890
2160	-3112	8104	253	-12039	-2559
3540	-3836	8068	-814	-12067	-2508
6176	-4056	7228	-1319	-9570	-2365
5900	-4004	8100	-445	-6426	-2496
6360	-4468	9132	248	-5932	-2514
7896	-3600	7900	561	-5081	-3108
7872	-3984	8636	1146	-2677	-3029
7664	-3340	8792	215	-3161	-2651
9608	-3608	9916	-671	-2003	-2243
9008	-3636	10324	-1806	434	-1695
8320	-5020	10476	-1018	365	-1424
9748	-3604	11280	-74	139	-1626
10096	-4784	12196	-407	1261	-760
9500	-4960	12776	1000	1797	-268
10240	-3748	13252	1730	1543	-321
9960	-3832	13924	835	2360	-209
9244	-3784	14484	172	1597	105
9416	-4172	14784	-394	965	834
9780	-4016	14680	-1693	761	1129
9348	-4668	15116	-1685	1127	1224
9096	-5664	14800	-1003	224	978
9804	-4840	14692	1363	777	376
8752	-5004	14832	962	472	245
8724	-4456	13152	779	-153	-36
9536	-4028	13748	1086	469	-281
8436	-3864	13664	-677	1001	138
8196	-4764	12632	-1166	-223	688
9392	-3916	12524	105	976	591
8076	-4116	12744	-401	2006	863
7532	-3924	11680	-656	1209	704
9012	-4120	11712	244	1960	797
7872	-3468	12576	-65	3593	1168
6624	-4012	11392	-1527	2145	1641
9392	-3472	12240	-821	3446	1542
6748	-3928	12804	-2261	5907	2345
5668	-4484	11716	-3744	3641	3299
8560	-5388	12584	-3453	5075	3150
4912	-5532	12936	-2924	8487	2831
3272	-6760	11544	-2891	3919	2459
8028	-5920	13140	-57	5163	1422
3788	-5688	12792	-316	10533	1629
1344	-4608	12048	-2420	5877	2725
7420	-5820	14264	-2721	6590	2742
2332	-5820	12276	-3380	13593	3573
-1204	-5928	13076	-5369	6273	4483
6612	-7336	14856	-4679	7026	4177
1068	-8180	13232	-2870	15860	4016
-4692	-7308	13136	-4060	8881	3448
2668	-8156	16648	-2094	4879	1807
1920	-8120	13916	-3816	14849	1831
-5776	-9368	13348	-4348	12113	2080
-1728	-9604	17948	-3006	5326	1103
1280	-8012	14408	-4245	10784	1061
-4256	-10348	14684	-5314	10764	1634
-2260	-8780	16000	-3136	7779	1449
-2400	-8916	14392	-5009	11691	2275
-5180	-10020	15068	-4173	9498	2690
-2796	-9232	14736	-1446	9394	2809
-5940	-8028	14268	-3035	12388	3528
-7444	-9744	13804	-3209	8639	4073
-4016	-8832	13224	-1058	10135	3923
-8576	-8152	13296	-2461	13179	4508
-9244	-9724	13888	-1380	8338	5286
-5636	-8576	12684	-283	10124	5224
-10212	-8484	12164	-2441	11523	5275
-9468	-9568	13300	-1960	9091	5042
-9652	-9200	11816	-2868	10366	4299
-11388	-10232	11520	-3300	8624	3712
-9204	-9644	12904	-33	8472	2840
-11588	-8416	10896	-1447	8803	3238
-11400	-9448	11184	-65	5418	3711
-8464	-8096	11420	1259	7680	3935
-11676	-7804	10904	-518	9897	4292
-12472	-8744	10360	225	7671	4387
-11584	-8856	11020	2992	7715	4140
-12584	-7400	11108	4529	7414	3586
-13196	-7456	9532	4048	7172	3017
-12548	-7864	10152	4736	6626	1739
-13576	-6620	10168	5646	6513	610
-13188	-5940	9328	4671	5256	94
-12996	-6308	9136	3732	4129	104
-12500	-5616	9152	3096	3716	683
-13040	-5064	8692	1295	3092	1567
-13148	-5588	8080	77	2808	2238
-13596	-4760	7656	-1728	2577	2568
-13444	-5460	7808	-2920	2344	2376
-13240	-5956	7788	-2463	2249	1619
-13848	-5900	7564	-2114	1767	1157
-14172	-5756	7168	-2149	936	1247
-12524	-6292	8352	-1193	1188	1112
-13836	-3824	7580	-3591	1162	1124
-13268	-5444	8472	-6757	-1254	1476
-12868	-5416	10556	-7331	-2579	689
-12696	-6932	11724	-8924	-3117	855
-11900	-8888	14456	-5984	-2934	-183
-13852	-7956	13232	-3430	-4625	-800
-13784	-10316	15388	169	-7652	-1498
-13396	-7500	16560	2625	-9271	-2686
-14324	-7728	15908	-609	-9248	-2765
-15960	-8812	16648	-568	-12328	-3498
-14672	-8816	16264	-2047	-15942	-3999
-14220	-9904	17144	-2425	-16614	-4541
-15816	-11276	16500	-2337	-18099	-5112
-15528	-11144	15428	107	-19635	-6275
-15260	-10488	14596	-101	-19669	-7410
-15248	-10864	13796	320	-20842	-8284
-13168	-9640	13236	-181	-20299	-8685
-13184	-10752	13572	-273	-18496	-8593
-12216	-10520	12624	716	-20321	-9133
-10728	-9884	12936	2781	-19829	-9438
-8540	-8616	13416	5041	-18834	-9548
-7104	-9564	11500	6580	-18300	-9348
-5652	-7180	11576	10072	-16310	-9703
-5292	-6156	11388	7492	-17119	-8641
-2032	-4852	11892	7788	-16409	-8635
-2092	-3840	9552	2653	-14997	-7078
-1588	-4224	10004	2013	-15771	-6076
1660	-2780	9908	862	-17219	-4886
4192	-3828	7556	-1995	-13285	-3340
3532	-5400	7932	-70	-10265	-2669
5520	-4080	9252	2998	-10326	-2321
6060	-4920	7316	1444	-6337	-1603
5612	-7308	7664	6029	-5684	-2293
8792	-4460	10292	11320	-2591	-3274
7112	-4812	9092	9400	406	-3658
6384	-2836	9700	9903	-1314	-5091
7324	-416	10584	5782	-569	-4609
6628	876	10900	-1268	-1703	-3047
9184	-1116	11496	-6258	-2402	-1062
9608	-3340	12620	-7878	829	166
8132	-4260	13696	-4139	1030	-485
10436	-4756	14028	842	231	-1443
10640	-4132	15208	5393	3075	-2216
7184	-2072	14472	5125	2034	-1937
9568	-1812	14748	5225	-185	-1543
9508	168	14832	2125	2710	-446
6152	-1012	15356	-2652	1107	760
9260	-2256	15132	-3763	-1389	1019
10488	-2900	16548	-1238	1981	445
6816	-3048	16072	-864	914	176
8716	-3588	15368	1076	-1617	-181
10240	-2668	15052	3432	1241	-881
7088	-1344	14988	2515	349	-757
9200	-2196	14340	1919	-837	-325
8188	-664	14052	908	610	63
8104	-2260	13504	1591	-92	678
8832	-948	13196	2110	605	745
7880	-1028	12228	675	1285	1356
7792	-1348	12080	171	1522	1737
7724	-296	11332	-1634	2153	1726
7096	-1688	11760	-3062	2885	2106
6904	-1720	11936	-3969	3589	2265
7004	-2564	12324	-2922	4266	1942
6172	-2360	12932	-2151	5250	1907
5628	-1904	12348	-4213	4483	2517
7132	-2200	13192	-4334	5952	2898
3876	-2776	12396	-7039	6954	4030
4868	-3876	12184	-7927	5699	4593
4544	-5216	13896	-7924	7786	3863
3212	-6016	13584	-8384	7490	3003
3968	-6720	14448	-5934	7564	2266
3556	-6664	13992	-5217	8711	2146
2088	-6656	14084	-4523	8527	2287
3116	-6828	15396	-4518	9743	2688
792	-7244	14820	-4412	11361	2959
236	-7696	15756	-3624	8694	2747
1236	-7208	14560	-4350	9572	2691
-832	-8168	14648	-4314	11188	2704
-1236	-7884	15204	-3918	10142	2701
-1156	-8472	14784	-3584	10379	2803
-2148	-8212	14632	-3001	11295	2764
-1636	-8160	15232	-2644	10283	3110
-2364	-8136	14328	-2602	12792	3628
-5992	-8224	14100	-4208	12205	4016
-5492	-8896	14872	-3561	9903	4128
-5712	-8100	13772	-4377	12015	4081
-7552	-9688	14180	-4224	11525	3930
-7356	-9140	13796	-1730	10801	3688
-7756	-8248	13052	-2015	10787	3958
-8592	-8424	13492	-1604	11517	3854
-9884	-7576	13716	-1698	11701	3744
-10516	-8112	12768	-2676	10287	4396
-8708	-8684	13204	-2432	9970	4106
-9556	-7820	12488	-2797	11115	3779
-11124	-8424	11396	-2161	9893	3452
-9816	-9500	12632	-821	9983	3369
-11852	-8584	12360	1525	10823	2755
-12328	-8636	11872	2030	9552	2472
-11152	-8180	12012	2790	8842	2383
-12152	-7708	11452	2672	8775	2566
-12984	-7020	11040	1237	7550	2690
-11964	-7336	11376	271	6990	2609
-12872	-7336	11360	689	6762	2214
-13100	-6824	10296	1043	5156	1833
-13024	-6552	9500	289	4713	1816
-12904	-6424	9744	292	4444	1557
-12348	-6344	9152	730	4494	1215
-12696	-6372	8944	1446	3923	1023
-12792	-6888	9060	1805	2926	1048
-12992	-6524	9204	2605	3009	941
-13312	-5900	8816	2327	2948	695
-13576	-6056	8156	1456	2110	435
-13272	-6256	8232	1499	1177	78
-12796	-5748	8284	1465	1322	-185
-13132	-5604	8096	1221	1496	-211
-13656	-5568	7064	1087	734	-450
-13908	-4336	7220	67	-1068	-427
-13196	-3732	7276	-4080	-1478	719
-13272	-4420	8028	-6887	-1364	1611
-13064	-4452	8320	-8639	-1376	1842
-13728	-5544	9084	-9917	-3043	2291
-11880	-7844	12488	-5932	-2943	1302
-12812	-5956	13120	-3619	-3661	408
-13576	-8080	14352	-1437	-4530	116
-13368	-6640	16096	1979	-6415	-777
-13984	-7588	15696	903	-7880	-569
-13616	-8420	17856	2604	-10210	-654
-13604	-8800	17292	2327	-12380	346
-15396	-10120	17280	2175	-14425	343
-15600	-10624	17340	2301	-16823	-1763
-15136	-9544	17400	2101	-17632	-4389
-17436	-8852	15596	846	-18611	-6431
-14540	-9196	15776	-125	-20927	-7545
-13868	-8192	17284	-423	-20844	-7767
-13744	-8632	15240	-763	-20766	-7112
-13512	-8912	15440	-126	-22818	-6672
-11440	-7652	14256	1795	-21781	-7023
-10940	-8192	12536	1072	-21380	-7217
-8296	-7364	12284	3158	-21464	-8135
-6348	-7368	11084	3158	-19348	-7749
-5872	-7368	11980	3826	-17854	-7204
-4268	-5564	12304	5094	-18096	-6826
-2120	-4600	11068	2587	-18455	-5340
844	-5008	13188	1936	-15813	-4289
208	-5212	11248	-518	-13938	-3686
376	-5008	10276	415	-15890	-3687
3700	-4092	9744	-899	-15453	-3252
5032	-4304	9364	-1684	-11266	-3944
4940	-5052	8812	-520	-10086	-4549
4984	-4376	7884	273	-9082	-4069
6304	-3496	7880	376	-8620	-3969
8716	-3184	8612	-588	-6623	-3629
8032	-3880	7556	-691	-2945	-2708
6936	-3312	8692	-42	-4529	-2505
10992	-3148	7888	-746	-2952	-1919
8604	-5156	10196	-561	28	197
7976	-2880	8860	-546	-2620	-442
13640	-4580	9696	-348	-398	-1988
8264	-3364	11864	391	3492	-2904
9428	-6068	12636	1944	608	-3029
10156	-3284	12588	5533	2561	-2752
9988	-2092	14052	4414	1529	-1551
9216	-2464	12420	1684	2004	211
9988	-1452	13140	709	979	2572
11276	-1504	13624	-3404	2147	3890
9736	-3856	14728	-4525	2306	3617
9064	-4320	14496	-2936	1400	3063
10272	-5468	15344	-990	742	1637
9412	-5144	14540	742	1217	-40
7956	-4868	13704	620	-329	-112
10448	-4172	13728	845	615	-217
8624	-4264	12968	-822	601	-10
8996	-4304	13056	-991	345	282
8932	-4092	12672	-1150	884	234
8692	-3888	11780	-1716	774	63
8888	-4252	11824	-1162	2157	147
7160	-3296	11308	-1687	2485	323
8572	-3776	10848	-2392	2004	600
8660	-4112	11296	-1643	5030	1005
6056	-4020	10348	-2415	4746	1877
7388	-4180	9284	-2995	4376	3218
7228	-4836	12624	-932	7745	3634
6872	-4984	13032	-850	8761	3359
4308	-5520	12164	-1074	8774	3411
4708	-5496	14296	-1241	6274	2910
6524	-4808	13560	-1937	9027	2215
1980	-5276	13112	-3733	9113	2304
3520	-6364	14476	-5423	6204	2141
5092	-6548	14888	-2370	10109	1535
208	-6312	12296	-3431	10764	2283
1304	-7188	14712	-3450	6240	2543
4400	-6064	13908	-2069	11673	2676
-1768	-7208	11840	-3722	13226	3953
-684	-7220	15340	-3332	8170	4219
1332	-6992	14128	-2621	13321	4685
-4560	-7716	10692	-5113	13925	5633
-3776	-10124	14564	-2692	10991	5113
-3132	-6712	14384	-129	14760	4756
-5788	-9432	13476	-3098	14498	5435
-4920	-8976	16032	-587	13110	4847
-6876	-6440	13620	-4513	14455	5367
-7320	-8800	15064	-5532	11781	5550
-6928	-9088	15172	-4880	13730	5601
-10180	-9420	13796	-4253	13562	5462
-9460	-9576	14736	-2200	11695	5339
-9296	-9068	13480	-2657	13030	5800
-10504	-9404	14108	-1266	11787	5455
-10492	-8476	13476	-1101	12612	5491
-13100	-8836	12344	-4083	11253	6026
-10116	-11496	14396	62	9918	4689
-11020	-7524	13180	2150	12238	2819
-14200	-8948	11140	-273	9851	2441
-10788	-8840	13180	2862	7968	1809
-11488	-7064	11752	2172	9622	1728
-12804	-7016	11108	79	7972	1909
-12420	-7384	11304	-938	6632	2088
-11996	-7396	11564	216	6845	1986
-13068	-6992	10640	-219	6177	1768
-13620	-7388	10112	505	5329	1395
-12628	-7228	10228	2007	4467	843
-12536	-6624	9840	3550	4826	11
-13352	-6740	9476	4381	3850	-371
-13416	-6232	9168	5287	2801	-677
-13080	-5744	8660	5059	2429	-672
-12864	-4896	8116	3173	2153	-413
-13004	-5416	7228	1736	2039	-236
-13520	-5184	7628	857	1362	-91
-13472	-4816	7316	-689	800	535
-13268	-5628	7772	-2385	603	1196
-12904	-5608	7972	-2298	917	1308
-13412	-5112	8532	-2684	409	1394
-13180	-5528	8456	-3487	-800	1574
-12528	-5664	10696	-2406	-1366	1213
-12692	-4356	11748	-2635	-1665	1175
-13428	-6080	12304	-3643	-2514	1739
-13376	-6460	15508	-1225	-4103	785
-14008	-5652	15192	-1714	-6117	317
-13992	-7792	17400	-824	-8265	-249
-14512	-7268	17480	1112	-11017	-1233
-15060	-7352	17008	692	-13418	-1673
-14452	-8668	17896	949	-15103	-1958
-16132	-8056	16872	1394	-17077	-1933
-15316	-8636	14996	-1584	-19816	-1354
-14692	-9660	15536	-889	-19184	-2164
-16008	-8232	14164	-1948	-19549	-3019
-14556	-9880	14136	-2285	-20687	-4324
-13300	-8316	15696	-446	-20572	-6142
-12284	-8036	15236	-725	-20091	-6739
-11772	-8260	15648	701	-20937	-7056
-10784	-7240	14424	815	-21570	-6665
-8256	-7432	14624	1542	-21149	-6435
-7576	-6696	12448	888	-19080	-5947
-6612	-7164	12796	2091	-19258	-6281
-4900	-5940	11324	1452	-19513	-6403
-2264	-6744	12364	821	-17948	-6256
-1652	-6228	10808	839	-15281	-5526
-1676	-5816	10496	542	-16216	-5002
2060	-5456	11028	2162	-17378	-5162
3528	-3768	9244	443	-12317	-4381
3080	-5688	9312	-1128	-11957	-3674
5428	-4504	10252	1717	-10830	-3976
4672	-4572	8296	-376	-8287	-2976
6616	-4856	9860	1236	-8059	-3848
7112	-4904	7596	832	-6183	-4049
7320	-4252	9184	2928	-4759	-3726
7068	-3404	8868	1910	-3860	-3473
8520	-1996	9864	1646	-4051	-3154
9556	-2344	9872	-658	-2200	-1856
7244	-3248	9336	-2057	-1997	-164
10300	-2952	10312	-2548	-2778	-117
11040	-3900	10304	-2867	1586	-340
8380	-5560	11416	-1335	1096	-526
10412	-3772	12156	1778	1252	-1284
9544	-3132	13492	1584	1651	-873
9424	-4160	12752	796	1637	308
9584	-2996	12800	-74	995	1049
11124	-3084	13492	-294	2321	1721
8660	-4624	14528	-2951	1983	2365
9072	-5616	13656	-1427	758	1668
10812	-4832	14768	-916	842	668
8388	-5148	14364	-289	1650	-247
8872	-5328	13664	97	-839	-511
9508	-3936	12320	706	1097	-714
9076	-4176	12644	-11	484	-424
7548	-3928	10436	-606	1323	69
7928	-3516	9272	-601	887	380
9444	-2772	9696	937	4512	557
6068	-3356	9176	-435	5678	1984
5500	-2452	8572	-2579	5212	2548
8404	-3532	9708	-3163	7324	1867
4428	-4012	10792	-5894	9391	2078
3548	-6316	12168	-7495	5717	2142
7960	-7192	12952	-4770	8063	1125
2972	-7656	11456	-1630	11099	1016
1996	-7412	12812	1046	6876	1196
9060	-5184	14708	4396	11128	1606
720	-3884	11764	453	16141	4032
-704	-5536	14752	-2224	10221	4761
4960	-4700	15244	-4603	13634	4483
-3688	-7900	13132	-7771	15383	5413
-1044	-9052	17020	-2867	8652	4312
1728	-6784	15312	-2364	13634	3464
-5776	-8224	14692	-2475	13564	3722
-1728	-6200	16296	-171	10453	3705
-3828	-6280	14140	-4214	14950	4295
-5948	-7748	16072	-3961	11380	4722
-3176	-7084	15680	-3443	14111	5637
-9128	-7220	12544	-6186	13999	6956
-6344	-8844	14888	-3849	10298	6599
-7488	-6692	14816	-3757	16267	6996
-11868	-9360	13152	-6456	12225	8373
-6200	-10232	15312	-1911	11728	7559
-10984	-7808	14952	-2575	16569	7268
-14196	-9624	13148	-3069	11273	7089
-8252	-9388	13508	-331	11569	5684
-13044	-8036	13164	-1306	14501	4964
-12676	-9460	12780	-693	10764	5197
-10932	-8420	12680	131	12400	4675
-13956	-8448	12032	416	11215	4106
-11460	-8776	12648	1442	9516	3203
-12340	-8512	11692	2888	11071	1924
-14316	-7788	10820	3172	9401	661
-14164	-6596	9692	2710	7763	-30
-11676	-7160	10920	3260	6857	-154
-12256	-6244	10740	3955	8710	-219
-13884	-6052	9560	3699	7209	12
-13820	-5956	9648	2249	4971	527
-12748	-5748	9992	1897	4094	614
-13008	-5332	9528	959	4480	227
-13868	-5492	8848	-280	3279	149
-13748	-6072	8948	799	2212	-159
-13428	-5780	8664	1617	1634	-376
-13104	-5756	8588	2900	1446	-877
-13716	-4804	7316	2153	739	-863
-13856	-4512	7152	812	-340	-522
-13404	-4528	7564	-593	-975	-178
-13272	-4048	8092	-2691	-1118	122
-13448	-4856	9348	-4893	-1784	615
-13248	-5716	10884	-3859	-2223	665
-13196	-5560	11932	-3388	-3617	682
-12188	-6708	14160	-1945	-4782	362
-12952	-6292	16524	698	-5917	-322
-14032	-6692	16804	739	-8086	-325
-16260	-6264	17192	1521	-11091	-830
-15856	-5948	16860	-283	-14415	-762
-15700	-6672	17392	-1439	-14922	-949
-16912	-7464	16800	-2229	-17172	-1511
-15200	-8844	16968	-1974	-19236	-2018
-15092	-9392	18168	670	-18851	-2985
-17892	-8624	16544	216	-20396	-3088
-15072	-10128	17316	635	-23108	-3862
-16320	-7260	15820	398	-21715	-4669
-13664	-10000	15700	-1036	-23226	-5345
-13764	-7920	14828	98	-23160	-6785
-11280	-9592	14292	612	-23657	-7891
-9628	-8032	13720	1812	-22364	-8647
-10244	-8404	12152	3795	-20763	-7853
-6596	-6468	13972	6193	-22288	-7720
-5356	-5600	10560	3188	-20352	-6414
-3996	-5288	10300	2739	-19985	-5514
-1928	-2840	10264	828	-20996	-5166
1584	-3844	9076	-2245	-18890	-4569
2452	-4400	8216	-3240	-14434	-4572
1884	-5756	7856	-3050	-13478	-4811
4648	-4272	7356	151	-13664	-5315
5356	-3488	6872	504	-9889	-5483
6508	-3180	7900	1088	-9271	-5507
7344	-2444	6528	-954	-6762	-4621
7288	-3296	7180	-1051	-5256	-3918
8716	-2388	7376	-1681	-4887	-3642
9836	-2924	7644	-1793	-2078	-2853
8444	-3460	9604	-1398	-1183	-2593
10388	-3640	9356	-894	-1059	-2336
9264	-3428	9952	-1584	284	-1689
11116	-3492	10256	-1486	-904	-1771
11788	-5060	11024	663	1832	-1485
9660	-3276	12520	1501	3061	-190
10392	-4080	11460	-1081	57	540
12144	-3016	12496	1661	3105	157
8288	-1316	13612	-1599	2460	380
10480	-4112	12720	-2067	106	471
10160	-2820	12924	-220	2045	502
9552	-2544	12644	-522	1147	715
9020	-3188	10796	-7	2500	1425
9100	-2308	10356	-219	1965	1711
9248	-2716	10152	1068	4021	1663
6708	-1760	9720	38	3957	2366
9024	-3168	8692	-833	3918	3068
7448	-1720	10132	303	8179	3364
5376	-3132	9016	-2424	6930	4742
5740	-4268	8248	-1798	9018	5979
4572	-3236	12328	-2768	9893	6087
5236	-6272	10532	-4262	11638	5877
1436	-5904	11084	-2681	12629	5294
2760	-5908	13516	-1551	10366	5051
2068	-6392	11280	-2009	13934	5245
-1120	-5796	13164	-2673	13125	5177
2172	-6916	15456	-4283	12948	5841
-2296	-7580	11868	-6876	17361	6988
-4812	-10436	16920	-6875	13471	6030
-804	-9008	15732	-4245	14073	5271
-5264	-9932	13828	-5988	17038	4904
-5216	-10900	17728	-3100	12419	4559
-3664	-8608	14808	-3957	15635	5330
-8180	-9452	14092	-5632	13843	5681
-6488	-9956	15240	-3259	13259	5911
-7620	-8560	14908	-2917	16717	6854
-9644	-9956	12920	-3378	14709	7605
-8920	-9516	13752	-2433	14700	7826
-11672	-9200	13472	-2290	16395	8083
-11912	-9740	14120	-3214	15309	7655
-11488	-11184	13036	-4365	17104	7175
-14420	-8992	12400	-1902	14464	5846
-11292	-11580	14520	1966	12506	5341
-13132	-8276	13216	3050	12552	4218
-14284	-8012	11116	-1199	9605	4076
-9824	-9548	13656	1139	10576	3439
-14276	-7204	12604	1600	11339	2783
-13828	-8676	12924	27	6228	2180
-10200	-8724	14120	2987	6727	1596
-13148	-6716	12392	3624	6500	810
-13464	-6700	10636	1954	4014	406
-13728	-6696	9176	812	3395	695
-12712	-6464	9420	1246	3354	218
-13476	-5880	8116	1796	3758	-191
-14540	-6336	8300	1640	2395	-62
-13828	-6772	8152	3884	961	-52
-13040	-5164	7936	3437	1470	-235
-13748	-4836	6804	1543	1577	-134
-13428	-5924	6548	701	603	74
-13128	-4992	7004	1111	106	-10
-13192	-4656	6644	-1829	98	513
-12976	-5624	7320	-2777	-145	970
-12760	-4956	8276	-2683	-488	837
-12964	-4772	9156	-3711	-1584	662
-13476	-4960	10448	-4471	-2975	682
-12936	-6568	12096	-3972	-3226	1098
-13584	-6156	13416	-3629	-3849	1139
-13568	-7628	13964	-2698	-5170	1050
-13196	-8680	15528	364	-6331	143
-14416	-8496	15664	2257	-8317	-848
-14204	-8448	16212	2595	-10974	-1542
-13964	-8412	17168	2670	-11397	-2176
-15960	-8308	16144	18	-13896	-2359
-14512	-9196	17580	-324	-16203	-3330
-15896	-9344	16768	-1706	-16997	-4477
-16924	-9900	15184	-3016	-19111	-5669
-14772	-10372	15768	-1343	-19866	-7285
-14496	-8292	14352	-456	-19412	-8294
-12568	-10556	13956	653	-20463	-8412
-12400	-8396	13580	2316	-20064	-8673
-11240	-8208	12976	1947	-20553	-8230
-9400	-8104	12960	1660	-19596	-7781
-11260	-7044	12252	1141	-18873	-7878
-7708	-8748	10372	54	-21002	-7860
-3740	-6300	12572	2781	-17871	-9283
-3192	-6624	12648	2729	-14677	-8801
-2712	-7100	11340	3302	-15474	-7843
-2668	-5308	11264	5206	-16625	-6281
1608	-4840	12128	3613	-17006	-5227
2004	-3736	10332	1531	-12253	-4800
1260	-4416	9812	-1271	-12632	-4926
3548	-4788	10016	-891	-13299	-4355
4736	-3956	9016	-1171	-10609	-3554
5696	-4692	8364	-1972	-9169	-3498
6864	-3496	7532	-762	-6680	-3384
6280	-5660	9328	671	-5378	-2359
7524	-2120	8588	2253	-4655	-2594
8784	-5644	8540	823	-4197	-1589
8132	-2792	8788	5663	728	-2184
6656	-2696	10724	4053	-1680	-1901
10344	-2592	9692	110	-1434	-403
8132	-3124	11648	-2666	1906	4
8716	-3784	11164	-5584	-430	-23
10148	-5164	13544	-3539	2475	-31
8464	-6832	14112	-959	-404	503
11360	-4424	13448	1778	2282	-67
7908	-4800	14364	2191	2456	409
9056	-4712	12916	990	511	876
11052	-4188	14000	442	1656	792
7256	-4876	14584	-1474	1889	1306
8220	-5276	11908	-1318	-266	1401
10240	-5108	12376	1290	886	446
7676	-3580	12408	1761	3679	265
6688	-5144	10460	508	1083	1028
7852	-2412	9336	1394	3606	1196
7000	-3416	9916	-1490	4034	1753
5848	-3980	9024	-1577	6296	2710
3628	-3252	7912	-3737	5821	3950
6788	-3572	8084	-6071	7167	4319
4680	-6196	12336	-4549	11806	4017
316	-4628	9512	-6282	9566	4294
6028	-8308	13912	-3464	8006	3529
3676	-4772	13240	-1287	14788	3874
-2152	-7480	12936	-3595	11058	5385
4392	-6032	14980	-1132	10298	4241
128	-6996	13932	-3183	16634	4728
-4444	-8936	15796	-3709	10890	4810
2784	-7920	15528	-2199	11475	4375
-4220	-7732	12912	-4669	17095	5087
-4464	-10688	16556	-2962	9343	4474
748	-7216	15980	-606	14876	4899
-9036	-9828	13124	-4998	16292	6198
-6084	-9868	17012	-262	9552	5609
-3920	-6904	15848	-3019	16278	5771
-11056	-10560	14232	-5362	12774	6239
-6588	-9148	14492	-2526	9944	5836
-5452	-9124	16344	-3397	14694	5992
-13124	-9212	12392	-4663	14101	6418
-9076	-12156	15556	-2363	8045	5634
-6796	-6588	14828	2358	14550	3821
-14288	-9984	10920	-4344	12066	4887
-9088	-9632	13560	1557	8738	4123
-11016	-6420	11872	-1045	13540	3936
-13600	-8400	10792	-3250	9329	4479
-9548	-8672	11176	-1210	9158	4361
-12304	-7748	11392	55	11283	4282
-13724	-7764	10156	-253	9313	4558
-12748	-8672	10892	2030	8267	4515
-12756	-7804	11516	5193	10218	4327
-14260	-7036	10340	4914	9453	3947
-13096	-7620	10756	5008	7054	2582
-12724	-6512	10880	6375	7640	512
-13740	-5368	10600	5225	6967	-916
-13500	-5092	9864	2113	4961	-843
-12668	-5568	10468	1168	4249	-210
-13368	-4700	10412	-262	3666	531
-13572	-5616	9152	-1834	3348	1271
-14204	-6072	9084	-1462	2544	1120
-13972	-6324	9208	-418	1280	513
-13564	-6052	8356	124	821	-325
-13752	-5376	7376	1400	235	-1337
-13560	-5004	8048	1200	-876	-1846
-13176	-4268	7960	-438	-2009	-1478
-13012	-4848	8980	-1321	-1836	-460
-13592	-4168	10068	-2062	-2218	595
-13668	-5580	12124	-3338	-3945	1674
-12624	-6592	15132	-1235	-4674	1316
-14200	-7256	14816	-665	-5868	550
-13928	-8840	17616	2077	-8631	-1024
-14424	-7832	17560	4216	-9792	-2577
-13692	-9736	19184	4995	-12612	-3085
-15192	-9048	20340	7552	-13680	-3945
-18212	-7672	17828	4471	-17590	-3397
-16572	-9104	17908	1181	-20454	-3430
-18352	-5600	14168	-3531	-21642	-4389
-14668	-9312	16948	-6759	-21863	-5902
-17532	-9272	16852	-7713	-23219	-7375
-14540	-10068	16052	-5177	-24332	-8998
-13404	-9472	15828	-2463	-23808	-10006
-12336	-9684	15544	694	-23514	-10050
-12052	-6828	12212	873	-23915	-9742
-8164	-7924	12580	1244	-23132	-9078
-7448	-5868	11552	1740	-19724	-7694
-5584	-7528	10936	1789	-20947	-6889
-3112	-6792	10156	6676	-17740	-6581
-4552	-4548	8696	5926	-18246	-5669
-236	-4160	7948	4869	-20009	-4897
2680	-2732	7152	2054	-14092	-3767
1900	-3360	6000	-1994	-12181	-2701
4096	-4860	6652	-1479	-11465	-2322
5244	-3244	7176	-2110	-8763	-2488
5892	-5296	6972	-2668	-7804	-2751
7392	-4300	7444	150	-5642	-2509
7620	-4260	8464	-362	-3885	-2023
7700	-4836	9396	345	-2335	-2042
7860	-4124	8972	139	-2235	-2310
8824	-4428	8732	-179	-1913	-2226
9096	-4508	10136	-1426	652	-1042
8144	-5568	11096	-2057	-180	-651
12848	-6860	11376	2988	349	-1714
9288	-4684	11440	7884	5238	-977
8216	-5256	14356	7712	1447	247
10132	-3256	14228	7433	3572	-103
6960	-1220	12728	808	2228	246
8200	-3316	12576	-3688	-172	743
9280	-3396	13708	-6294	622	822
8576	-6444	13860	-5135	388	890
8668	-4524	13004	-311	1756	565
8012	-4772	11304	236	1151	570
9000	-3632	10616	2305	4404	470
3540	-2272	8416	-2323	3484	890
9076	-5456	9696	-3092	1788	6
7064	-3836	10924	-1618	10116	396
1940	-5644	10080	-2235	4859	1867
10064	-5168	11240	1697	7102	1962
2864	-4220	11632	878	13077	3239
2288	-5400	11976	1090	7850	3672
6340	-4592	13600	1356	11215	3089
1792	-3936	14344	217	14358	3502
156	-6372	15452	-2884	9653	3928
3716	-3936	15216	-1888	11160	2947
-336	-6820	15164	-5308	13390	3450
-2964	-6392	14516	-4870	10404	3627
2200	-7288	16348	-3930	10605	2936
-2924	-6520	14880	-3860	15170	3602
-4244	-8064	15984	-3802	8812	3608
760	-6528	15576	-1185	13088	3292
-6320	-6352	13272	-5204	14875	4511
-3060	-8996	14852	-2627	10069	4227
-3916	-6188	13692	-2609	16506	4844
-10180	-8692	14472	-6328	13634	5585
-6564	-9796	14580	-3044	12711	4619
-8820	-6568	14116	-4915	13178	3884
-6520	-11100	15508	-3583	12728	3619
-10056	-8116	13996	-1109	15198	3719
-12188	-8424	14848	-1459	10950	3796
-7100	-8964	14168	410	12416	3348
-12040	-7388	14192	750	14135	3307
-11972	-8648	14004	838	10746	3510
-9932	-7464	13868	2773	12303	3207
-12680	-7456	13012	841	10956	3434
-11760	-7600	13240	1509	9817	2607
-12136	-6880	13120	2615	10419	1741
-13584	-6596	12148	3127	9291	1099
-12888	-6512	11684	4740	8183	186
-12156	-5204	11984	6044	9131	-426
-13608	-4756	10600	3694	8879	110
-14356	-4864	9324	3090	6921	517
-10580	-4700	10604	3247	6194	644
-13584	-3688	10384	1165	7476	1192
-14340	-5580	9268	-120	5105	1925
-14224	-5188	10004	691	4346	1637
-13864	-4300	8944	-1244	4083	1193
-13816	-5652	9112	-2366	4119	1018
-13596	-5988	8544	-867	3564	413
-13524	-5852	8516	281	2484	-81
-13568	-5288	8464	142	836	79
-12780	-6184	8872	2121	1880	-223
-14380	-3944	7948	406	1082	-20
-13352	-6804	7976	477	247	218
-13644	-4360	8524	1978	238	-428
-13600	-3988	6720	-2766	-1155	816
-12540	-6576	8808	-1453	-970	277
-13864	-3200	8172	-2131	-1719	-600
-14120	-4916	9064	-6026	-2934	-305
-13456	-6304	12284	-3281	-3217	-928
-14260	-3916	11908	-2603	-3666	-1405
-13852	-6972	13592	-3633	-5834	-634
-13228	-6512	16660	1899	-6070	-1298
-15552	-5340	15852	592	-7998	-851
-13660	-10076	20172	5034	-9670	-1486
-17260	-5336	18000	5934	-11631	-1095
-16376	-9228	17448	2684	-15690	1077
-15768	-6792	17080	464	-19117	232
-15200	-8428	17540	-808	-18282	-2673
-17192	-6760	17440	-5014	-21826	-5259
-15852	-9140	17988	-3717	-20939	-7606
-15436	-7988	16680	-4668	-24213	-7627
-14584	-8944	17444	-155	-22412	-7856
-13792	-7120	15928	1915	-24660	-7082
-9924	-8352	13360	5283	-22869	-6242
-12164	-6672	12800	6856	-23260	-5455
-8996	-5632	11584	5975	-23308	-4669
-7284	-5252	10616	3319	-21606	-4688
-6456	-4024	8764	219	-20996	-4050
-3892	-5308	9748	-2179	-21122	-3823
-1812	-3504	8404	-1915	-18650	-4278
20	-4636	7740	-4296	-19744	-4318
3276	-4228	9188	-82	-16030	-4080
3604	-3156	7960	-890	-12616	-2742
4700	-5512	7504	2053	-12083	-1349
5808	-2092	7904	4203	-8555	-95
6784	-4712	8648	2318	-8526	-71
6960	-1676	7004	2320	-2820	-869
6208	-3676	10128	-2375	-4457	-874
7404	-3604	9836	-1870	-3282	-979
7428	-4280	10740	-2853	-2786	-566
10088	-5668	12152	-2951	-3518	-1152
9380	-4904	11036	575	-363	-1757
8820	-5060	11684	2498	-2925	-1471
10952	-3408	10848	2521	1134	-375
7804	-4816	12720	-9	1345	1358
9536	-4208	11464	-271	1751	1201
8512	-4152	12248	-1324	1611	700
8716	-5400	13124	-1548	281	299
9176	-4940	13280	-749	532	-731
9892	-5228	13304	239	1874	-1058
8136	-5204	13196	440	973	-207
10240	-5076	14024	1751	1217	-200
7684	-4208	13652	365	2791	347
9204	-5736	13980	-1109	748	1143
9444	-4296	12836	-1154	2509	497
8616	-5488	12628	-2886	1228	406
8556	-6068	12720	-866	2607	214
7764	-4276	11856	-82	2366	-524
7652	-5204	11580	-477	3691	-599
6036	-3460	11076	-991	3244	-296
8912	-4296	10736	-2835	3315	-306
6588	-4372	12496	-893	6770	-149
4996	-3852	11072	-2181	4338	1178
8584	-4524	11760	-553	6466	1258
5320	-3452	12752	156	8724	1330
2856	-3636	11016	-2686	7302	3163
5664	-5116	13860	-2100	7797	3293
2552	-4412	13032	-1573	10387	2825
1408	-5820	13232	-3170	7315	2470
4720	-4408	13664	-3274	9654	2198
1124	-6220	14744	-4189	11757	2653
-976	-6056	13300	-6085	8875	4099
2512	-7060	14552	-5169	9777	4613
-896	-6936	13480	-5418	12466	5166
-1580	-8440	14944	-4600	9099	4942
680	-7352	15292	-539	14056	4227
-6212	-7568	12236	-3643	13712	5209
-3316	-8716	14732	-1660	9891	5604
-1580	-6520	13644	-3058	15415	5284
-10080	-8324	11972	-4670	15543	5990
-6144	-9456	13840	-3466	11551	6377
-5648	-8244	13316	-2669	17067	6261
-12344	-9844	11972	-4932	15508	6704
-9196	-11204	13780	-1993	13039	5665
-9508	-8908	15112	-1422	15599	4062
-11500	-11080	13400	-2388	14668	3974
-10784	-10376	14804	776	13290	3839
-10388	-8512	14008	-1334	13282	4291
-9772	-9236	14256	-2142	13000	4374
-11868	-9256	14052	-2112	13616	4313
-12568	-9132	14732	-3057	10553	4345
-9784	-9604	14268	-2024	10930	3802
-12656	-9192	12460	-1547	11190	2985
-14932	-9332	11744	-106	7665	2047
-10956	-8208	12228	1527	5958	1457
-11524	-7860	11404	2430	8541	996
-13528	-8012	10376	3861	6715	398
-13064	-6452	9740	4349	4930	-119
-12236	-6044	9712	3878	4263	99
-12808	-5952	9416	3389	5041	540
-14300	-5532	9040	2655	3840	1142
-13420	-5532	8592	943	2372	1599
-12424	-5968	8764	117	2358	1550
-12824	-5648	9000	653	2664	809
-13868	-6040	7800	-157	1888	862
-13724	-6700	8080	481	44	936
-12500	-5952	7920	1017	74	492
-13620	-5460	7384	-362	515	263
-13956	-6248	7168	-1505	-347	-77
-13088	-6488	7580	-1336	-587	-551
-12792	-5880	7596	-1851	-16	-730
-13324	-5988	7592	-2274	-986	-697
-13064	-6328	8896	-1964	-2502	-656
-11968	-5696	10920	-656	-2639	-1067
-13052	-5568	12332	-1916	-2512	-795
-13116	-7284	14532	596	-3867	-629
-14880	-5328	15184	3011	-6292	-218
-13144	-5608	15796	1127	-9374	1189
-13212	-5920	16432	1270	-9550	1506
-14124	-6100	16024	-738	-11218	1850
-13872	-7156	16416	-1835	-13002	794
-13972	-8828	16748	-2327	-14430	-496
-14432	-9480	17280	-1781	-16397	-1658
-13952	-11328	18404	-1020	-17732	-2783
-15348	-9620	18124	854	-18999	-4302
-14524	-10296	16212	-144	-20748	-4971
-14440	-9096	16700	-348	-21166	-6036
-14092	-9988	15312	-2978	-22174	-6437
-11956	-8632	15620	-2020	-21103	-7591
-12112	-9344	12784	-4144	-21973	-7781
-10912	-10080	13548	-203	-22382	-9097
-8448	-6696	11644	-423	-21190	-8941
-4848	-10092	13192	2342	-19303	-8921
-5440	-8344	11660	8760	-15644	-9436
-5920	-6480	11708	10915	-18127	-9574
-868	-5292	11904	12048	-18715	-8008
932	-2532	11320	7321	-14082	-5958
-824	-3376	9968	247	-13403	-3793
1012	-2368	10936	-944	-15449	-3440
3748	-1828	7792	-4852	-14053	-2933
4332	-4140	8088	-6713	-12388	-3043
7172	-5824	9696	134	-10185	-3965
5956	-3256	7540	-1060	-5844	-3590
6140	-6480	9372	4527	-8392	-4464
8632	-592	7180	6274	-5461	-4714
8328	-3776	8884	2124	-3390	-2883
7648	-2300	8652	3006	-2267	-2704
9252	-3180	6084	1484	-3059	-1362
11768	-4068	10760	7543	1380	-1983
7344	1356	9348	5094	2619	-2246
8716	-2620	11316	1752	-371	-1301
11136	540	10864	4112	3412	-1454
8156	-236	13212	-2233	1969	708
10496	-2248	13916	-1785	2215	1852
9304	-2176	14632	-1818	2557	1851
10160	-3304	15544	-2463	2030	1708
9040	-4548	15496	308	2513	1253
9024	-3060	15360	1749	945	270
10316	-3296	15040	956	811	2
8092	-2428	14396	960	1610	64
8952	-2244	13144	-1008	-130	331
10188	-2592	13652	-969	1250	817
7520	-1852	13256	-2399	2253	1470
7628	-3408	10904	-4212	102	2361
9972	-2300	12336	-538	3743	1675
5492	-2816	10392	-2810	3626	2345
7644	-3408	9044	-2228	3016	2964
8160	-2576	11060	-904	7451	2359
3520	-2764	8884	-2622	7543	2911
5448	-4908	10956	-774	5896	2773
6656	-1988	11300	-649	11126	2051
1288	-4820	10260	-3704	11479	2744
1884	-3996	13704	-696	9486	2220
4948	-4200	14024	-2867	10868	2316
628	-5128	14476	-1341	12705	2447
112	-6112	14560	-492	9445	2571
3656	-4772	15588	-376	12994	1617
-2980	-4216	12572	-5144	15120	3059
-2576	-7900	15612	-6199	11015	4212
1220	-5776	15520	-4293	14043	3323
-5508	-6604	12548	-7914	15981	3345
-5460	-8880	16624	-4896	11825	3803
-880	-6436	16144	-2321	15717	3581
-8372	-6888	10972	-6194	16675	4113
-7124	-9200	17756	-4937	13052	4401
-5744	-6872	16456	-4785	16685	4820
-10068	-8636	12776	-5853	14285	5042
-8032	-10168	16736	-3371	13364	4998
-8548	-7844	17516	-1625	15954	5434
-11068	-9244	13140	-2410	14624	5918
-10168	-9012	15536	927	12356	4908
-10680	-7476	14908	978	14613	3709
-13368	-7440	12896	-1994	11717	3445
-9796	-9312	15356	-773	11326	2274
-13096	-6824	13464	-1238	11673	1058
-13412	-7544	12424	-3592	8450	1249
-10120	-9040	14036	-949	9821	926
-13276	-6632	12148	191	10176	1216
-12332	-7312	11960	272	7619	1636
-10888	-7808	12676	3779	8951	1474
-12640	-5820	11484	5298	9122	1707
-13708	-4888	9352	5388	7574	1561
-13280	-5108	10120	4368	5236	1483
-12152	-4612	10576	3716	5754	1030
-13656	-4576	10376	1795	6516	570
-14440	-4660	8988	380	4810	-150
-14280	-5748	8924	-1069	3020	-317
-13656	-5096	9224	-775	1320	-378
-12812	-5520	8984	-1589	1966	85
-13244	-5400	8844	-1653	1988	652
-13060	-5468	6908	-2041	1097	982
-13948	-5600	8120	-1389	-348	891
-12864	-4688	7756	-3528	-1809	1478
-12656	-5848	10504	-2374	-645	759
-13960	-3580	9468	-3770	-1005	119
-14200	-5836	11616	-4809	-3197	220
-12604	-6128	14708	-1649	-3781	-577
-13564	-5040	13364	-1093	-4791	-547
-13768	-7224	14908	-667	-7255	-266
-13104	-6520	16000	2101	-8235	-845
-14616	-6796	15076	1071	-10148	-862
-13504	-9016	18132	4802	-11335	-2095
-15868	-5544	16200	4083	-13331	-2355
-14756	-8540	18576	2626	-15551	-1998
-16908	-5428	16560	1427	-17513	-2336
-14540	-7800	18116	-2345	-19298	-1932
-16060	-7492	16152	-3240	-19927	-2750
-14252	-8108	16392	-2621	-21517	-3972
-14384	-8520	16164	-2693	-21512	-4434
-12608	-8840	16564	-578	-22985	-5455
-12592	-7992	13336	-6	-21481	-5696
-9724	-8760	14620	1451	-21879	-6011
-11324	-6564	11712	1470	-20004	-5692
-7148	-8232	11320	2195	-21073	-6062
-4604	-5412	12440	4610	-18487	-6338
-6296	-6380	11352	2058	-17355	-4896
-4744	-4116	11028	2445	-19103	-4644
328	-3564	12816	-890	-20560	-3628
2532	-4708	12980	-1892	-14428	-1436
320	-4508	8744	-4958	-13541	-290
2720	-7004	10044	-3365	-12931	-1316
2104	-5284	9428	-1509	-11154	-2380
4584	-6608	9700	-834	-10730	-4376
5252	-5840	8056	110	-7610	-5407
4300	-5832	9260	1932	-7329	-5885
5060	-2608	8896	1923	-6970	-5922
6368	-3116	7528	-2739	-8418	-5050
12368	-3616	9904	-392	-4678	-4013
7580	-1716	6452	-2927	-1012	-1559
8768	-4632	10764	-2391	-3996	-1093
12116	-3204	9472	-1072	771	-983
8088	-4620	11988	-644	2140	-548
8148	-4984	10488	-231	80	-186
9680	-4240	12304	1797	1372	-359
8908	-3800	12344	-349	699	-278
9304	-4340	12516	-845	1511	-351
9424	-5076	13144	-705	1706	254
8236	-3972	13464	-627	1483	454
10540	-6248	13816	-10	608	375
9716	-4360	14668	1100	3086	155
7712	-5840	13300	-104	636	1124
9860	-5512	13996	2404	1995	705
7848	-4424	13768	316	1753	847
9152	-5160	13908	-732	1593	1081
7484	-5000	12824	-1104	1708	1196
9756	-5416	13504	-860	1328	1312
7484	-4624	13232	-1212	2766	1523
8032	-6304	13056	-555	1938	1543
6784	-4984	11216	75	2538	1128
8204	-4848	11724	539	2721	798
6248	-4488	10672	-1385	4734	1615
6276	-4972	11176	-1623	3591	1751
7260	-4572	10264	-995	5948	1598
5548	-5188	11600	270	7770	1865
2548	-3416	10600	-2850	7857	2475
5244	-7280	11496	-2762	5993	2329
4252	-3824	11244	-761	11452	2472
8	-5176	11216	-5958	9644	3661
4776	-7336	13284	-2686	8958	3107
1024	-4204	10752	-2648	15082	4087
-2568	-6580	11708	-7546	10708	5156
3668	-8672	15728	-2682	10231	4478
-704	-7216	12896	-3767	18229	5140
-6408	-10252	14764	-4966	13449	5247
-2088	-8752	16720	705	11508	4075
-3764	-7664	11460	-4417	15337	4673
-6116	-9620	15092	-805	13440	3830
-4316	-6356	15672	-1027	14511	4257
-6784	-9144	11796	-4590	15766	6036
-8000	-8900	15148	-941	14280	5795
-7048	-8128	15544	-681	15286	6492
-10176	-9000	13044	-2726	16021	7614
-10068	-10332	15692	-394	14647	6772
-12312	-7308	14108	-911	14315	5802
-8960	-11656	17104	1043	12826	5169
-11640	-7272	14704	4584	14161	3467
-13616	-7996	12508	175	9402	4101
-8736	-8864	16388	3313	9481	3298
-11756	-5908	13592	1056	12130	3090
-12688	-6132	13012	-1094	9675	2703
-11544	-7148	12884	-1131	9340	2803
-13248	-6548	12884	-566	8128	2487
-12232	-7064	11900	-451	6757	1390
-11304	-7628	12088	2241	7941	138
-13832	-6612	11012	4692	7645	-422
-12992	-7508	10508	6105	5634	-281
-12360	-5912	10192	7874	6152	-700
-13800	-3876	8328	3884	5472	38
-13076	-6280	9844	2230	3627	382
-12564	-4364	9168	2232	4463	-397
-13716	-4776	9084	-1680	3573	-116
-12640	-6620	9404	-1020	2937	-634
-13492	-5332	9280	1574	3434	-1491
-14144	-4348	8004	518	2497	-1125
-13044	-5848	8360	2204	2054	-1203
-14176	-3420	8404	2674	1847	-1044
-13148	-3556	7160	-579	470	-114
-12392	-4732	8000	-389	646	-178
-12848	-2872	9848	-1802	1098	-288
-13484	-3768	9072	-7604	-632	881
-13656	-6792	12740	-5256	-1306	171
-15152	-3560	12820	-6465	-2883	-23
-13128	-8444	14752	-7242	-4747	-77
-13280	-8768	15488	112	-6352	-1840
-13000	-7160	15220	346	-9218	-2322
-13512	-9200	16988	4259	-10631	-3135
-14072	-6232	17436	5810	-11781	-3525
-15608	-6192	16084	1115	-14432	-2104
-13492	-9104	19112	1459	-16432	-1543
-15296	-6844	19620	328	-16241	-1123
-16524	-11196	19300	-558	-18238	-371
-16008	-10296	17172	3631	-21574	-2346
-15828	-8108	14108	1030	-22591	-4176
-15244	-8992	15028	-629	-21278	-5658
-14932	-8460	13668	-2124	-23944	-6196
-11688	-7536	12372	-1591	-22174	-7192
-10628	-8516	13772	-2821	-21912	-6752
-8784	-10232	13140	2379	-22088	-7003
-6732	-7016	11812	7367	-18600	-6702
-7228	-7152	12212	7105	-19197	-5234
-4560	-5676	13128	11597	-17500	-4423
-2668	-3952	11304	8995	-16742	-3259
-1984	-2348	11964	4103	-17533	-2263
-2212	-1976	9460	-882	-15402	-2269
152	-2464	9008	-7907	-19529	-2701
5752	-3808	8080	-8744	-14933	-2851
2964	-4832	6540	-10968	-8225	-2409
2744	-6672	8728	-4959	-13427	-4231
8688	-3344	7712	-278	-8994	-4347
5904	-5356	6880	-1757	-5218	-3879
6832	-3908	7516	3292	-4744	-4178
9700	-2292	8448	1991	-2307	-3333
7660	-4112	9812	948	-467	-2002
7984	-2880	10496	1047	-1179	-1976
9836	-3192	10868	-821	-29	-1465
8088	-4256	11844	-1431	1284	-195
9420	-4840	12352	-991	-717	-121
11156	-4640	14040	389	2955	-186
5824	-4232	14336	229	2643	568
9788	-5504	12760	365	-969	218
9800	-3576	14216	2936	3795	151
6388	-4132	14032	-42	1430	650
9148	-4180	12368	724	83	505
9964	-3072	13964	-695	2348	718
7104	-4744	13632	-1401	2619	1243
7700	-4360	12544	-1345	265	1374
10128	-4404	13028	30	3019	1214
6024	-4204	12732	-690	3945	1440
6924	-4580	11380	-607	2122	1608
7744	-3936	12052	-107	3928	1747
6376	-4352	12172	-1105	5052	2031
3836	-4432	10036	-1280	4459	2320
6840	-4532	11012	56	4199	1369
7244	-4252	10700	2101	8928	1117
1920	-3460	10040	845	8373	2535
6148	-5416	11980	644	7852	2567
2356	-2464	12352	-163	13239	2833
-824	-5488	12360	-5394	9275	4265
4200	-6344	14712	-3758	10929	3670
-1092	-6092	13248	-4436	13974	3717
-1368	-7920	16072	-3704	9305	3437
2616	-7860	16076	-674	13452	2586
-3832	-6380	13664	-1123	14367	2512
-1904	-7860	17264	-952	10489	2027
-1548	-5872	16276	-1689	14120	2007
-6480	-6004	12892	-4886	12281	3395
-1204	-7832	16520	-4398	11097	3728
-5332	-6892	16528	-5039	16755	4948
-9592	-8564	13652	-6859	10297	6094
-2412	-10252	17544	-1171	12117	5043
-8784	-6536	14760	-2492	16578	4467
-9420	-10016	15588	-1153	10384	4154
-4952	-6996	15472	2429	12126	2917
-11124	-5540	13616	-3633	13932	3416
-11544	-8680	14096	-4798	9101	3751
-8216	-7532	14292	-3327	11556	2843
-11928	-6608	13136	-8059	12513	2733
-11796	-10508	13636	-7210	7873	2719
-8680	-9616	14324	-996	9814	2267
-11856	-7760	11612	-2235	11179	2885
-10352	-10208	12996	-1014	9365	2724
-11604	-8940	12544	3530	10738	1661
-13260	-8016	11364	3149	8613	1319
-10960	-8436	12020	3560	7919	545
-11968	-7416	11572	4235	9352	120
-12968	-6188	9940	2468	7749	338
-12084	-6368	10200	732	6161	412
-11780	-6060	10436	617	6362	514
-13556	-5736	10796	-448	5919	1115
-13720	-5948	9496	-1505	4616	1698
-13144	-6268	9556	-1252	3893	1759
-12868	-5880	9404	-135	3773	958
-13188	-5724	8916	-663	3234	350
-13140	-6332	8928	-179	2374	-193
-12880	-6000	8712	1041	1943	-501
-12880	-5628	8752	1132	1767	-449
-13372	-5568	8480	334	870	25
-13184	-5720	9060	-6	67	670
-12752	-5304	10040	-596	-300	1123
-12648	-6612	11212	-1426	-684	1180
-12716	-7368	13012	-703	-1394	71
-13080	-8348	14204	893	-3374	-714
-12904	-8252	15944	3898	-4714	-1716
-14284	-7972	15640	4442	-7589	-1721
-11996	-10140	18784	9224	-8102	-1943
-15408	-6448	16912	10441	-9797	-1904
-14640	-8220	16460	7182	-13794	-1188
-14908	-5920	17524	5692	-14705	-1901
-16800	-5360	15704	-1263	-17874	-1760
-15072	-7688	16368	-3557	-19025	-2612
-15516	-7264	15852	-5606	-20005	-2813
-12880	-10884	15928	-3582	-20699	-3771
-12256	-8896	16424	2573	-19500	-4949
-14276	-9812	13964	2262	-21282	-3338
-12376	-9096	13420	6196	-21852	-3729
-10880	-5712	13532	4192	-21649	-4177
-9600	-5324	11752	-1142	-19795	-4540
-6824	-5120	14152	-311	-20701	-5771
-5676	-4596	13784	-899	-17952	-5516
-5560	-4396	12924	-3057	-18215	-4842
-1300	-7516	15524	-149	-20009	-4739
-1020	-3576	12920	233	-15916	-3653
308	-6908	14892	10	-17035	-3164
460	-6008	11896	2488	-15576	-3362
720	-4676	9276	3597	-13665	-2846
920	-5772	9268	2465	-14551	-3105
4652	-3048	8092	4527	-12018	-4002
3368	-4352	6108	1669	-7986	-3507
3580	-3380	7000	2830	-9240	-3696
8580	-2052	6728	1139	-6643	-2820
6300	-2972	7456	-1383	-1674	-1379
5844	-3520	7828	-1303	-4141	-763
10080	-1636	10828	-769	-403	737
8048	-4008	12040	-6204	728	2991
8400	-6728	9072	-4712	-1544	2241
11116	-5476	11580	-444	985	-34
7200	-1728	15168	-2448	1754	-1879
9400	-7912	12520	-1866	-515	-3260
8208	-3112	13044	3346	2159	-3346
7872	-2644	14332	117	-379	-1289
10904	-2896	13012	-1102	1055	-770
8316	-3272	13372	-98	2556	226
8744	-2052	13700	-1617	1169	1757
9632	-5420	14552	-831	1982	2031
7768	-3284	13528	-22	2696	1846
7476	-3748	13068	-156	1271	2406
9804	-4856	14072	1972	2059	2190
6544	-2800	13144	604	3601	2434
6648	-4504	11888	-773	1297	3386
8420	-3964	12136	531	3431	2942
6028	-2344	12020	-1999	4141	3223
6040	-5340	11180	-3420	3492	4161
6432	-4516	11700	-942	5603	3670
3984	-3952	11300	-3674	5391	3628
4384	-6532	11212	-2983	5674	3730
3528	-5636	10928	-1496	7067	3678
5120	-4760	10864	-418	8088	3247
2504	-6744	10796	-561	9366	3631
1344	-5748	11128	2102	10943	4722
540	-5100	11344	-1625	11315	5565
2004	-6368	14736	-1000	14357	5017
-3156	-7728	11016	-2803	15578	5401
-4244	-7604	13752	-1819	11643	5329
280	-6496	17064	-1351	14382	4889
-4884	-6440	12636	-4795	17205	5042
-5268	-11112	16836	-2488	12268	4133
-4132	-5388	17600	-556	15207	3918
-7976	-6736	12600	-8884	14312	5468
-4672	-12000	17192	-2084	12373	4444
-8168	-6400	15900	-124	16307	3864
-11012	-7320	13656	-6062	12624	4619
-5324	-10920	16136	-2427	12268	4808
-10016	-6812	13496	-336	15753	4833
-13760	-6676	12288	-4453	12454	5708
-7344	-9944	15940	-888	12290	5912
-11968	-6780	11740	-242	16888	5561
-14088	-8672	12844	-2333	10714	5114
-9360	-9396	14304	2573	12954	4261
-13644	-6700	13268	1399	14125	4218
-13960	-8744	10996	148	11556	3517
-12068	-7904	12516	2430	10097	1999
-13728	-6596	11892	2758	10529	1037
-13828	-6472	10832	759	8170	689
-11752	-7828	12156	1493	8595	7
-14084	-5936	11228	1663	8054	-43
-14364	-6216	10380	59	6796	327
-13620	-6448	10568	201	5424	146
-12668	-6372	10584	2310	5973	-252
-14008	-6060	8864	1142	5290	-34
-13260	-7612	9972	3896	3990	-473
-12936	-5588	9436	4379	3376	-1216
-12900	-5624	9596	3214	3230	-1511
-13348	-5384	8504	3194	3071	-1840
-14664	-4604	8404	3246	2213	-1963
-14760	-4112	7964	1437	-418	-1248
-12888	-4304	8388	244	-857	-897
-13356	-3296	8428	-1186	-739	-685
-13948	-3736	8928	-3400	-2032	17
-12992	-4696	11004	-4587	-3220	613
-12620	-5748	13172	-2311	-2939	611
-14984	-4784	12896	-3126	-4994	727
-14124	-8524	15368	-1698	-8203	459
-13540	-7028	17360	1902	-8913	-570
-14536	-7496	16932	370	-8957	-1005
-15456	-9228	18068	2745	-11348	-1930
-15952	-7248	17584	4220	-15151	-2570
-15484	-7256	17860	1176	-17718	-2527
-15420	-8676	18100	158	-18377	-2673
-16636	-8192	16200	68	-19515	-3160
-16228	-9692	15228	-7	-22090	-4082
-14660	-7084	16012	1833	-22014	-5352
-14504	-8572	15192	-1002	-21407	-4949
-13732	-8744	15380	1472	-21587	-5611
-13644	-7296	14092	-834	-23326	-5185
-9060	-7768	13468	-1391	-22985	-5160
-9044	-7304	13432	-660	-21265	-5438
-8836	-6828	11104	-840	-21068	-4961
-4948	-9488	11176	1174	-20769	-4675
-3852	-6140	9620	6259	-16309	-4967
-4740	-5868	7656	4137	-18413	-4298
148	-4940	10264	7033	-16653	-3724
-656	-1852	6448	-688	-15039	-2067
3276	-6268	11212	-2273	-15409	-2488
2424	-2464	7796	-3272	-10415	-2015
3920	-6012	10436	-5583	-11826	-2335
3688	-5564	6712	-3537	-8531	-2825
3812	-3968	9024	-2154	-9909	-2340
7600	-4516	7368	-4929	-6177	20
6236	-4228	8372	-4810	-4007	-1172
9340	-6100	8284	-2080	-4178	-2933
7128	-2880	8064	218	-46	-3636
7684	-5972	10980	-1130	-2431	-3052
9168	-4312	9124	1141	-100	-2740
8644	-4744	10888	3465	1968	-1273
8092	-1660	9736	1192	1526	-601
8700	-4580	10600	857	2772	1177
7804	-2180	11292	1204	4605	2075
7172	-2288	11692	-2180	3221	3126
8324	-4608	10416	-2458	5054	4032
5088	-4976	11068	-837	6332	4613
5596	-3880	11548	-1828	2975	4358
7764	-5900	11572	-2187	7128	3849
2668	-4236	10396	-1326	8538	3393
3916	-5920	10712	-1761	3443	3704
6424	-5388	11408	858	10327	3938
-1256	-3828	7696	-4448	11481	4984
1724	-7952	12412	-3508	6231	5112
3756	-4460	10360	1628	14024	5094
-3740	-5216	6956	-5480	15284	7663
-2716	-9024	14624	-3412	11398	8311
-1752	-5668	11900	-1523	15253	8587
-5652	-7244	9668	-7119	16692	10093
-6248	-11108	15496	-3327	17082	10080
-8216	-7892	10916	-2854	15803	10028
-6512	-12544	15992	-2830	15590	10248
-9164	-9760	14692	2043	17179	8918
-10492	-10308	15356	-6	13950	8209
-7476	-11888	16228	2045	15503	7320
-11652	-10160	14044	1506	17586	6157
-13088	-9408	15580	583	13217	5247
-8824	-11196	17524	2838	15171	5090
-12540	-7904	13032	1909	16063	4354
-11780	-8552	13968	-1261	10836	3831
-10244	-9192	16376	77	13132	3350
-12852	-8136	14692	-1064	14110	3124
-13788	-8128	12820	-1111	11229	2374
-11644	-9008	14072	-1352	9214	2273
-11616	-8056	13912	683	11098	1876
-13016	-7888	12928	294	9966	1640
-10832	-9372	14276	1914	8936	1014
-12528	-7924	13308	4815	8827	-483
-12716	-6876	12768	3943	5853	-1190
-11028	-7128	12868	3740	5599	-1623
-12512	-7004	12328	4255	6111	-1623
-13292	-6160	10884	3629	4017	-1622
-12580	-6708	10968	1250	1720	-1513
-11764	-7620	11696	1723	1741	-2304
-12476	-7484	10796	1270	1733	-3457
-12416	-9056	10244	1391	808	-4498
-12364	-9228	9988	3070	915	-5343
-13408	-9004	9004	4570	479	-6115
-12768	-9360	8872	8103	-167	-7011
-12120	-7640	7200	9291	-496	-7507
-12196	-8152	7052	9645	-915	-7942
-12344	-7332	7192	9960	-1401	-7765
-12788	-7124	7096	8573	-923	-7066
-13612	-6784	6540	6912	-684	-6216
-13680	-6436	6048	5590	-853	-5458
-13356	-7064	5928	6236	-770	-4926
-12616	-6208	6560	5359	-324	-4863
-12104	-6208	6424	3992	556	-4790
-3052	-8252	2452	-1607	5123	-10786
-15340	-9672	5132	5915	4534	-11287
-11996	-5804	5396	544	9296	-10735
-16212	-9828	6240	3183	5114	-6080
-19536	-4736	7376	6940	-6556	164
-10560	-12428	8052	7861	-16213	4876
-3176	-6228	6472	4420	-30	-3091
-16080	-6680	10884	-647	985	-3532
-9524	-7492	9060	-252	-4019	-2882
-8104	-8980	8880	-553	-1039	-3934
-13168	-7424	9460	26	-3066	-2816
-10144	-7484	9304	394	-1368	-992
-10564	-8744	8456	3665	-11243	3167
-4784	-4228	7204	-6691	-3007	-360
-9036	-11104	7480	-4597	3274	785
-13180	-10324	10228	-12	-794	-1823
-9044	-4764	7664	-4601	-246	-1755
-12484	-8976	10764	-6185	-3705	-3880
-9064	-8896	10276	-4113	-8655	-2948
