0	0	0	0	0	0
16348	4200	-3228	-1223	-68	53
15708	3800	-4080	-1466	22	-94
15708	3636	-3848	-531	360	-390
15936	4196	-3988	-388	640	-301
16056	3692	-3892	609	710	-253
16160	4360	-3520	1464	657	-494
16380	3260	-3240	1917	558	-719
15704	4120	-2900	2751	1154	-1607
15212	6044	-3908	1960	-350	-545
17376	3432	-4196	-683	-602	563
14436	5280	-3708	-104	670	-173
16116	3692	-3972	-736	373	463
15588	3940	-4112	-875	510	489
15556	3612	-4308	-625	555	331
15816	3640	-3832	-284	639	33
15784	3576	-4016	33	653	-193
15960	3832	-4056	-6	671	-201
16028	3972	-3792	-250	696	-303
16152	4140	-3632	-132	751	-263
16428	4224	-3776	-305	772	-86
16372	4224	-3720	-267	649	-84
16092	4268	-3576	-211	502	33
16248	4180	-3552	-595	454	167
16064	3852	-3388	-631	446	136
16068	3984	-3696	-696	376	109
16076	3732	-3636	-758	320	55
16016	3828	-3432	-647	330	-24
16256	3596	-3628	-765	320	0
16328	3884	-3576	-880	326	-209
16344	3764	-3520	-792	285	-340
16492	4020	-3388	-885	165	-464
16348	4004	-3380	-923	79	-583
16476	4292	-3680	-710	-43	-651
16908	4608	-4104	-907	-173	-565
17332	4768	-4044	-930	-297	-563
18060	5344	-4408	-1047	-325	-309
18788	5728	-4840	-1160	-403	-81
18952	5852	-4740	-1163	-479	14
19284	5808	-4932	-1483	-404	296
19144	5380	-5368	-2177	18	555
19640	4824	-5920	-2555	178	448
19932	4784	-4956	-2611	774	-106
20532	4420	-4648	-2141	1308	-408
19184	3876	-3836	-890	1657	-471
18848	3348	-3608	391	1790	-593
17600	3772	-2020	798	2263	-493
16576	2652	-2524	-853	2090	430
16064	2436	-1048	-1384	2073	962
15488	2836	-1160	-1165	1456	1025
15536	2472	-640	-697	560	1445
15188	2552	-1116	619	-288	1373
15880	2872	-704	1426	-196	999
15544	2840	-712	1386	-406	1422
15404	2436	-2568	508	-689	1759
16152	3112	-1824	783	-889	1439
15688	3048	-1812	-591	-1076	2692
15860	2312	-1808	-1365	-845	2512
16620	2332	-2412	-796	-422	2510
14616	3136	-2160	-1337	430	3037
15268	2168	-2288	-1124	138	2638
15048	2652	-2040	97	727	1800
13624	2488	-1596	6	887	1757
14120	3708	-2024	399	820	1424
14820	2676	-2724	221	860	1384
14232	3904	-2512	-136	870	1320
14188	4088	-2920	-958	621	1284
14248	3532	-2556	-514	942	1070
13484	3912	-2524	-866	972	907
13760	3468	-2340	-625	344	623
13228	2844	-1588	133	330	99
14372	4452	-3636	-481	-558	-200
15104	3412	-3120	202	-802	-826
14972	3680	-2308	-41	-212	-1337
15708	4092	-3920	-38	-580	-1462
15716	3140	-2544	523	708	-1479
14924	4092	-2708	611	79	-1617
16556	3384	-3872	1749	-705	-1509
15656	5376	-2700	2180	-185	-1335
15832	3340	-2328	1204	553	-676
15844	4056	-3748	295	-214	167
16520	3752	-3252	374	84	314
15084	4868	-2100	-761	602	858
15360	3264	-2436	-1945	-104	1040
16640	2816	-2904	-168	-240	535
14508	4460	-1816	26	-175	327
16044	3512	-3316	115	-1174	-42
15560	3480	-1720	1652	-293	-288
12952	3980	-2496	95	-451	453
16632	2384	-3872	72	-1102	65
15244	4108	-3036	1766	-158	-470
14416	2872	-2316	508	-284	328
16596	2792	-3516	1445	-291	-45
15080	2984	-2588	826	492	-130
14684	2660	-3996	861	-784	-109
16628	2152	-2776	876	136	-266
14224	1332	-1640	-1150	145	-452
16612	1512	-2928	-137	-197	-607
16428	2400	-2400	-184	322	-449
14916	744	-1912	-504	-694	-816
16920	1292	-1828	364	-1017	-1644
16052	1900	-1588	-460	-935	-1583
16544	1064	-3480	10	-2232	-1958
17968	1780	-2900	1613	-2042	-1957
15728	2532	-2468	-259	-1671	-1532
17360	1356	-3840	-207	-2546	-1551
17228	2936	-4088	-406	-1973	-1758
15116	2568	-3288	-1017	-2192	-1119
17176	2440	-4656	-158	-2544	-1429
16472	4256	-4256	134	-1448	-1392
15096	3536	-5808	-1038	-2020	-248
16812	3116	-4808	-610	-1061	-256
15952	4852	-4924	-843	-542	-347
14960	3280	-5928	-2111	-911	783
17180	3892	-5312	-1765	167	49
15472	3208	-4964	-1175	1080	-25
15656	3100	-4720	-1144	1166	419
16852	3056	-4644	-669	1806	-120
15028	3592	-3932	-515	2083	172
16284	2612	-3868	-1200	1441	656
16412	3336	-3408	-788	1443	229
15376	3520	-3592	-793	1327	723
17744	3028	-3836	-1934	1088	1273
16576	3204	-2860	-1941	1528	876
16676	2040	-3796	-1892	388	1068
18048	3404	-3204	-1032	714	-4
17104	3608	-3004	390	465	-455
17564	3328	-4028	-15	91	-214
17548	2804	-3916	-444	684	-95
16336	4020	-3036	-748	538	217
16688	2976	-3516	-2043	-162	698
16660	3328	-2760	-1214	-241	148
16676	3356	-3656	-1411	-558	463
16900	3568	-3788	-815	-427	290
16192	4144	-3988	-253	-29	447
17384	3972	-4756	-871	99	780
16812	3612	-3988	-787	542	654
16232	3652	-3508	-1220	801	1184
17184	3128	-3700	-1489	841	994
16648	3668	-3636	273	810	314
15880	3680	-3688	605	641	715
17128	3128	-3404	373	719	494
16716	3724	-3240	512	1112	499
17104	3172	-3376	-523	616	1110
17312	2848	-2952	-1099	385	963
17280	2816	-2764	-467	270	624
17668	2524	-3580	-792	89	620
17396	2944	-3744	-492	25	95
16676	3024	-4028	351	-256	-201
17140	2848	-3668	-96	-518	-103
17016	2752	-3380	-473	-233	-166
16092	3236	-3784	-726	-196	53
16500	3376	-3616	-800	-346	112
16584	2724	-3236	-1088	-92	111
16296	2612	-3628	-1152	245	373
16908	2792	-3976	-925	226	204
17384	3560	-3748	-862	344	-435
17836	2848	-3840	-644	198	-682
18964	3396	-3980	-154	34	-829
19484	3732	-4592	267	-16	-860
19792	4812	-5016	-44	-55	-967
20432	4992	-5196	-458	-437	-1000
21320	4932	-5252	-1086	-898	-1209
21136	4116	-4816	-807	-1215	-1458
21308	3848	-4892	-956	-1275	-1116
21232	2836	-5256	-1152	-1032	-1048
20236	3268	-5116	-565	-377	-1640
18908	2268	-4384	-373	261	-1881
18096	836	-3596	421	685	-2157
17048	1940	-2244	2071	1273	-2285
16024	1984	-2632	1464	1407	-1374
14480	1512	-1568	239	808	-511
14916	1272	-2472	-915	240	-69
14304	1832	-1184	-1861	-78	425
13580	1840	-2224	-2480	-467	920
14984	1332	-1928	-1417	-1398	708
14980	2720	-1660	-1368	-1315	866
14244	3644	-1396	-829	-1090	568
16864	4124	-4884	-2125	-1848	1950
15440	4396	-2548	-5311	-596	4102
14188	1956	-2936	-8348	-155	4814
14860	660	-2528	-5105	-21	2550
14564	3520	-1760	-1863	812	1719
15004	3584	-3796	-910	488	1362
15600	2292	-2532	3019	1139	428
14768	4876	-2592	2511	2004	301
14952	4168	-2596	1085	2415	594
13500	4268	-2188	-1094	3142	1417
12912	2852	-1712	-1352	2005	1546
13548	2656	-1956	-597	1080	1649
14852	4760	-1772	-1341	417	1152
13932	3624	-2212	-594	212	801
14252	3728	-2288	96	-458	-328
15272	4336	-3176	1535	-801	-788
14596	4700	-2448	1419	227	-373
14572	3688	-3960	469	86	-212
15180	3704	-3832	1403	-320	-487
14992	4896	-3532	297	30	115
15968	3208	-4044	-534	180	185
15156	3340	-4156	59	94	174
15468	3444	-3500	-193	703	697
16568	2356	-4176	-222	923	609
15872	2588	-3304	283	1425	557
15536	2328	-3148	276	906	406
16752	1840	-2948	947	878	-180
16812	2704	-2376	446	1066	-133
16664	2236	-2244	372	1089	-417
16348	2960	-2492	853	534	-754
16092	2960	-656	1190	410	-1023
15440	3132	-1852	694	-849	-866
15920	3652	-2204	134	-958	-265
14740	3888	-1848	-1301	-1412	75
15892	3356	-1732	-1125	-1279	-494
14768	4020	-2840	-47	-2101	-729
15544	3692	-2268	2183	-1672	-843
14144	3788	-2744	2277	-1663	-823
15360	4056	-4584	2042	-1590	-549
14944	4620	-3316	1734	-433	-789
14600	3456	-4828	864	-368	-91
15868	3284	-3884	1639	512	483
14788	2712	-2764	380	1219	581
14620	2060	-3132	1111	695	612
15692	2720	-3184	1408	552	554
14664	2208	-2776	1361	276	-87
15320	780	-2636	1497	111	155
15128	2196	-2404	369	168	235
16524	1080	-3184	8	-11	-297
15544	1732	-2776	478	-25	-288
15948	1328	-3164	261	-575	-101
17708	340	-2988	-261	-257	-498
15688	1664	-2296	-513	-73	-387
17324	376	-3940	-1366	-1230	-255
18052	1464	-3472	-937	-1309	-1054
15148	1276	-2332	-1122	-1136	-1050
17428	524	-4980	-268	-1954	-982
17000	2568	-3352	-753	-1394	-1310
15528	1132	-4016	-2080	-1221	-650
17144	1856	-4180	-1821	-1173	-1126
16404	3004	-3844	-1191	-827	-1110
15620	1888	-4540	-1848	-1198	46
17272	2916	-3864	-837	-1048	-1026
15936	3440	-3912	-652	-846	-637
17020	2504	-4576	-801	-1448	730
17712	3960	-4252	-765	-952	-8
16460	3600	-4604	-698	-249	86
17776	2524	-5352	-1452	-168	862
18808	3048	-4900	-509	433	-46
16016	4004	-4824	-189	1345	-174
16348	2212	-5696	-720	1405	736
17752	3040	-4136	-761	2012	56
16660	3460	-3796	-1055	2318	135
16688	2648	-3888	-820	1833	637
17436	3328	-2980	-426	1418	246
16716	3184	-3476	-315	1307	560
17592	2964	-3720	-606	937	1185
17016	3400	-3196	-1524	1025	1334
16484	2520	-3832	-1690	731	1570
17928	2624	-3900	-1751	483	1310
17712	2324	-3004	-1231	518	536
17472	2184	-3592	-156	466	328
18076	2352	-3488	640	206	-207
17628	2832	-3788	1137	163	-791
17068	3460	-3848	630	283	-698
17652	1928	-3844	-542	417	-202
17536	3360	-3884	-1365	483	-48
16912	3512	-3692	-903	7	65
17100	2652	-3668	-790	-510	257
16956	3056	-3476	-1119	-344	262
16500	2672	-3360	-1105	-151	348
16584	2656	-3872	-1439	-77	523
16612	2788	-3624	-554	122	11
16608	2692	-3720	-54	268	-66
16680	2920	-3984	-178	603	20
17092	2928	-3816	-298	816	114
17620	3276	-4416	-897	1010	328
18664	3484	-4204	-1222	1182	472
19744	3620	-4404	-1265	1213	472
20348	4320	-4728	-508	850	255
21512	4176	-4552	554	249	-130
21916	3036	-4264	-40	-191	-400
21864	2444	-4900	-422	-343	-1357
21336	1920	-4740	1157	-931	-2776
22080	2292	-3484	3198	-1270	-3593
19628	680	-2588	4329	-261	-2559
16568	2204	-3840	2082	788	-538
16176	1340	-2868	249	399	331
15940	1436	-2280	-1833	218	722
16072	212	-536	-2358	-244	631
15996	-404	-212	-1371	-379	1121
14656	136	-2012	-339	-1168	1469
15696	1384	-2104	721	-1759	557
14612	824	-1396	-1516	-1351	733
13824	884	-3440	-3335	-986	615
16056	300	-2572	-2483	-725	-625
15904	2308	-2856	-2172	-387	-353
15040	1756	-2336	-1353	-581	-677
16408	2080	-2864	304	54	-1019
14964	3564	-2812	321	388	-426
15136	4476	-4152	-476	-490	-236
16436	3928	-4124	566	389	-146
13908	4004	-1360	-880	2111	1077
13336	1720	-2044	-2258	1969	1707
13464	2800	-2924	-104	1146	1040
13684	5024	-3360	164	420	881
13588	3884	-2520	-1487	194	941
13848	2968	-2760	-1471	390	860
14568	4820	-3648	-1321	579	857
15348	4324	-4156	-896	861	901
15484	3976	-3704	179	1210	817
13680	3060	-2428	337	1485	371
13096	2332	-4328	401	765	368
14928	3192	-4092	141	-109	-163
14280	3180	-2060	-643	280	-1352
14664	2672	-3156	-988	-56	-1828
16744	2180	-3272	-66	-550	-1849
16516	3844	-2308	1884	-623	-2530
16152	2732	-2036	2136	-416	-2268
17828	3796	-3852	841	-357	-1241
17436	3968	-3208	940	-46	-1237
16728	4052	-3272	304	122	-404
16344	3676	-4020	137	-384	393
16728	2960	-3108	502	312	770
14648	3188	-3684	-430	62	1039
16156	2324	-4084	-685	217	909
15060	2776	-3340	-650	-11	121
15856	2372	-3300	-60	103	-115
15512	2816	-2888	-58	14	-537
15780	2612	-4148	713	-225	-703
15116	4024	-3300	177	255	-511
15976	3032	-3472	-289	-248	-1119
15520	4252	-2928	490	217	-976
14032	4056	-2880	-606	196	-204
15476	3856	-3684	227	-701	-634
15208	4908	-2492	1280	-126	-803
12940	4500	-2528	520	-892	-528
16196	3652	-3808	1434	-1395	-872
14556	5616	-2960	1691	-535	-676
14880	3928	-3636	593	-866	398
16040	3572	-3972	1347	-260	852
15604	3072	-3572	196	139	1496
15604	2640	-3984	250	275	1471
16328	2484	-3960	651	718	1167
14832	1360	-2576	649	768	1078
15632	1356	-3504	1757	523	70
16468	1940	-3404	1721	1080	-26
15924	1296	-2968	642	1066	34
16708	1356	-3528	1318	830	-323
17084	1868	-2944	798	985	284
15612	1876	-2624	-308	490	321
16892	1280	-3244	-104	83	358
16456	2160	-2332	-900	223	571
15688	640	-3080	-2056	-685	328
17468	724	-3464	-977	-552	-342
15876	2080	-1956	-698	-75	-634
16628	-100	-3952	-777	-718	-371
17116	800	-2732	-489	-322	-957
15112	1552	-2500	-320	-100	-1425
16552	948	-4556	347	-474	-1658
15848	1828	-3064	537	-407	-1666
15252	2036	-3920	-766	-539	-853
16544	1868	-3796	-1697	-598	-582
15680	3328	-3444	-2276	-481	178
15184	2840	-3208	-1659	-1074	713
16792	3240	-4376	-975	-1037	708
16796	3328	-3580	-1698	-60	1169
16644	2504	-3864	-2935	537	1420
17288	2148	-3776	-2714	640	854
17104	2672	-2580	-2304	894	186
16528	1968	-2840	-1467	595	-28
18028	1828	-3132	460	157	195
18184	3228	-3324	1519	61	-126
16768	3508	-3396	1975	-305	127
18952	2936	-4912	932	-941	1311
18580	3492	-3616	-288	-792	1318
17360	2796	-4224	-2037	-558	1711
18904	3096	-4660	-3377	-202	1551
18556	2716	-3948	-2636	455	819
17436	2728	-4032	-731	414	519
18544	2464	-4360	311	220	52
17824	3176	-3956	1384	217	-389
16988	2732	-4892	1110	-2	236
17256	2424	-4184	-225	-281	688
17124	2616	-3740	-1098	-34	425
16100	1308	-3664	-1693	45	805
17136	1760	-3608	-1808	15	439
16676	1824	-3864	-441	-54	-461
16244	2428	-4084	764	-513	-467
17088	2296	-4052	268	-547	-191
16624	2700	-3756	-1020	-55	-137
16004	2688	-4164	-2211	235	286
16464	1668	-4364	-2713	73	586
16740	1716	-3724	-1813	122	175
16456	1736	-3556	-806	128	-40
16940	2100	-3820	-834	250	20
17504	2928	-4764	-794	40	-189
18976	4004	-4844	108	-393	-614
20100	4268	-4888	-30	-378	-334
20564	3348	-4968	1224	-417	-541
21484	4528	-6948	-132	-95	-69
20908	4092	-6108	-586	-118	-446
20812	2148	-5948	-298	-202	-1291
20124	1192	-4188	391	352	-2081
19096	732	-3520	1132	1233	-2265
19760	1588	-4580	1466	1561	-2506
19052	2884	-4020	2281	1113	-2753
18024	2260	-2120	1860	686	-2227
17620	684	-2128	669	424	-846
16388	2036	-3028	-1033	788	215
15252	1928	-1668	136	130	523
15000	1096	-2908	-534	-837	1663
14968	-200	-1244	-887	-1229	2076
13668	428	-1424	-1847	-912	2323
13128	688	-3208	-3281	-1040	2410
14428	380	-3272	-2734	-1738	1404
14732	944	-1436	-2361	-2083	997
14492	-448	-1076	-2655	-2722	1650
15916	1664	-3132	-3514	-3555	2335
16408	1536	-5172	-4756	-3535	2126
15780	3364	-4608	-4828	-3096	900
15944	1312	-5756	-6672	-2024	696
15476	1472	-4428	-3729	1098	-32
14428	2360	-4852	-1767	2165	-423
14112	2344	-4480	1641	2885	-1311
13872	3840	-4952	3700	2803	-1981
13796	4528	-3804	4327	3438	-1761
14448	4204	-4188	1734	3832	-222
12584	3556	-3560	624	3428	375
12880	4568	-4112	-1415	1939	1088
14364	4108	-4140	-1752	1967	1533
13852	3228	-2272	-3267	1886	1129
14544	2048	-3516	-2204	1188	260
14408	2996	-2876	-291	1157	-823
16588	3080	-4016	1243	-42	-2292
14472	3048	-2536	3301	380	-2647
16624	3284	-4024	1518	-339	-2363
16748	3060	-3460	2745	464	-2931
15164	4528	-4060	1305	231	-1313
16508	2920	-2368	-619	-45	-1189
14732	2072	-4480	-586	-383	-40
17108	3584	-4668	-3001	262	1409
16860	2620	-3336	-4691	434	183
14752	3644	-3240	-2434	1134	-644
16260	3392	-2680	-1052	363	-1308
17376	2456	-3116	2527	-71	-1543
15600	5608	-2732	2128	641	-540
17716	3516	-4196	173	574	-39
15932	5252	-3636	166	1270	859
15772	4276	-2484	-2792	859	1798
15868	3100	-2284	-934	894	1175
14768	3820	-2460	-478	-167	1361
15656	3344	-2076	594	-272	532
15568	3448	-3060	1497	-574	-247
15620	4492	-1868	1931	-18	-627
14508	2560	-2216	2330	-637	-728
15644	4412	-2860	2744	-465	-394
14144	3412	-2344	1720	-885	-595
14840	2788	-3192	1827	-1190	141
15724	3784	-3080	430	-746	718
14496	2324	-3972	-151	-1547	-91
15768	2364	-3936	1665	-441	286
15592	2588	-3348	-66	-132	304
15420	976	-3792	1875	-249	-705
15588	2880	-3864	2416	109	-228
15256	1672	-2732	1674	237	-509
16312	1140	-4080	2764	39	-1205
15244	3064	-3040	2159	481	-287
15860	888	-3100	188	-377	101
17572	1364	-4056	771	-254	326
15680	2364	-2612	-280	207	644
16476	692	-3568	-529	-721	635
17288	1112	-3472	-804	-764	998
14952	1100	-2240	-1560	-740	159
16764	656	-3108	-1313	-1090	-242
16488	1636	-3296	-1282	-1384	-174
15636	284	-2716	-1008	-1658	-534
17072	1092	-4036	74	-1505	-1220
15608	2652	-4140	-165	-1176	-639
16580	804	-4388	-452	-1147	-1012
16844	2144	-4892	324	-698	-1428
15544	2032	-4780	-294	-559	-230
16812	1460	-4116	-1134	24	-305
16240	3104	-4660	-1107	445	-255
16240	2964	-5640	-1770	-177	985
17824	2660	-3036	-1582	309	197
16204	2172	-2716	-1392	493	250
18972	2460	-5664	-989	-113	826
18368	2660	-4012	78	-239	224
17100	2540	-4776	-21	-144	229
18076	2660	-5252	-1142	155	179
17960	2428	-4860	-1437	629	-246
17180	2092	-4884	-1352	543	-364
16988	2228	-4244	-400	346	-639
16476	2472	-4132	467	409	-1089
16492	2652	-4388	301	517	-787
16708	3300	-4560	-1199	309	-313
17040	3348	-4456	-967	316	-297
17268	2960	-4796	-1804	183	-21
17316	2980	-4832	-1727	74	212
16924	2796	-4296	-738	136	386
16968	3232	-4696	-461	296	348
17052	3004	-4908	-927	370	361
16632	3060	-4876	-545	574	364
16600	3048	-4808	-928	788	386
16860	2796	-4676	-1169	802	188
16776	2928	-3764	-1115	1133	143
16736	3000	-4012	-922	1387	353
16296	2872	-3524	-447	1353	415
16524	3276	-3568	-395	1326	359
16660	2948	-3272	-267	1330	453
16800	2636	-3248	-264	1198	657
16632	2740	-3224	-194	1002	349
16536	2644	-3416	121	628	305
16836	2164	-3212	-235	313	450
16624	1772	-3204	-937	257	565
16608	3128	-4188	-1201	424	472
17024	2228	-3552	-1045	199	311
16944	2040	-3344	-888	85	-88
17292	2040	-3260	-55	78	-588
17724	2864	-3788	-128	280	-623
17304	3612	-4460	-699	304	-472
17760	3260	-3904	-999	13	-356
18140	3012	-3516	-1898	-68	-69
19012	2128	-3576	-1389	-114	28
20336	4452	-4988	-1053	596	-156
20028	3996	-5180	-267	6	-490
20524	3456	-5488	914	-695	-1186
20704	2400	-3324	756	-577	-1530
20976	2160	-3944	-496	77	-1324
20908	2332	-5520	-1930	370	-1130
19376	2768	-4248	-758	508	-1241
18976	2552	-3676	404	727	-1548
17876	820	-2088	722	1086	-1410
17160	2112	-1912	1314	1871	-809
16684	1056	-3484	1080	991	-136
15488	2520	-1924	1489	739	-511
14380	796	-652	168	726	-273
13328	280	-1124	-480	675	86
13316	1532	-1144	56	235	41
13736	504	-1288	-511	-753	193
13872	1024	-1408	-209	-1056	-473
14764	688	-2280	487	-931	-579
15816	2500	-6132	-1600	245	-172
15752	2360	-3796	443	2013	-2323
15000	3476	-3448	-293	2344	-2509
15240	2692	-2964	1188	1926	-2564
15464	3668	-1400	878	2099	-2257
15224	4676	-1720	185	2524	-1527
14972	4916	-2396	-1686	1981	-135
15484	5204	-1564	-1732	1195	78
16000	4380	-1044	-805	848	29
14576	5220	-408	317	920	492
14468	5024	-1976	-196	177	811
15540	5020	-2968	1502	-504	993
15020	4824	-1732	421	33	1161
14896	4224	-2240	-1312	243	1064
14676	3444	-2664	-1689	360	1066
14548	3924	-2740	-1110	-441	627
14060	3736	-1032	-1073	-578	-142
13872	3120	-2136	-1817	-1165	-323
14816	3216	-2604	-2903	-1524	-20
16492	4248	-2444	-2678	-336	-1272
14028	4576	-2136	-1896	-319	-1235
16980	4436	-6420	-997	-1866	-1013
17092	6008	-2856	2839	-280	-1295
14644	4364	-248	-818	1049	-546
15376	3124	-4556	-1425	-653	-462
16692	4292	-3776	2211	195	-1304
14264	6616	-2176	833	449	-764
15840	4252	-3116	606	-435	-702
16608	3576	-2108	1696	189	-587
13448	6284	-2980	919	-27	-425
16444	3700	-2956	129	-369	221
14828	5024	-1348	-313	-10	-687
14600	3552	-1844	753	-497	-1287
14776	5748	-3760	2202	-1059	-1288
15436	5344	-3288	2788	-1534	-916
15060	5788	-3056	2489	-1437	-835
15132	4596	-3196	909	-1127	154
16272	5496	-3844	166	-937	377
15208	4744	-2916	167	-69	618
14444	5004	-2892	-227	-872	977
16676	3300	-3396	1568	-1387	391
14420	3852	-1988	1006	-1011	162
13768	2736	-4808	226	-2117	-190
15468	2108	-2988	1132	-964	-195
13512	3740	-3540	-1383	-441	98
15288	1772	-4392	-1560	-672	18
15240	3920	-3220	-1076	28	-404
13320	2964	-3380	-1006	-783	-784
15972	3120	-4204	779	-1020	-914
16352	3864	-2280	443	127	-823
15068	2876	-3832	-1058	-582	-381
16656	2916	-4172	-385	-436	-179
14720	4108	-3080	-1411	451	121
16512	2348	-4804	-878	-781	313
17352	3484	-3244	-312	59	73
14068	4088	-2956	-1227	285	538
16988	1940	-3928	-610	-212	574
16848	4212	-3724	-925	188	189
16352	2796	-4532	-1624	146	635
16900	3168	-3692	-1405	287	108
16628	3148	-3296	-170	878	-229
15548	3400	-5000	54	302	840
17132	4752	-3780	-63	1004	547
17188	4052	-4124	-859	1550	590
16712	3632	-4408	-1750	1046	1659
17840	3872	-3032	-1896	1286	1517
16900	3480	-2920	-1796	1208	1611
17560	2912	-4348	-2146	641	2094
18048	4116	-2612	-790	874	867
16540	3444	-2228	-631	957	1067
18172	2976	-4072	-1435	828	1547
17696	3768	-2864	-670	1004	460
16848	3948	-3696	-624	689	528
18204	3388	-4092	-1335	360	411
18004	3076	-2968	-284	546	-287
16784	3996	-3204	-733	630	312
17932	3372	-3332	-1491	449	737
17872	3832	-3188	-830	262	494
16816	4104	-3904	-1075	-189	946
17744	3140	-2996	-1836	-455	1064
17196	2348	-3064	-1242	-69	877
16600	3336	-3880	-1183	-108	1095
17216	3636	-3832	-1120	115	923
16972	3008	-3220	-528	229	355
16656	3224	-3648	-183	227	283
16892	2652	-2924	-471	275	424
16632	3124	-3216	-1045	564	272
16532	3136	-3304	-1563	716	276
16680	2708	-3300	-1845	655	209
16488	2488	-2608	-1065	394	-93
16968	2572	-2260	-668	388	-171
17184	2440	-2900	-673	369	-227
17192	3964	-3484	-564	383	-488
17648	4532	-3468	-1112	272	-422
18664	3416	-3336	-1484	252	-348
18976	4312	-3168	-1068	353	-335
19104	4872	-3400	-1576	290	272
19368	4392	-4108	-894	-459	291
20000	4184	-3536	-388	-845	-130
19992	3064	-2800	-1121	-744	-276
19116	2844	-3492	-845	-566	-400
18924	3232	-2936	-371	-960	-900
19172	2572	-2436	-22	-1194	-1522
18780	1796	-2096	584	-890	-1653
18292	3064	-3712	1148	-827	-1395
18624	2184	-2260	-143	-586	-1174
16876	1476	-1616	-491	-233	-1187
17224	2032	-3328	27	-329	-1463
17288	2564	-2220	877	-675	-1929
16164	2332	-2408	1579	-831	-2148
16016	2704	-3316	2801	-876	-1659
15380	2848	-2440	1992	-738	-112
13392	2932	-2220	-170	-906	1250
15548	1720	-2608	314	-1941	2690
15152	1808	-412	-583	-1707	4700
13068	4144	-3756	-3744	-1805	5077
15208	1800	-4688	-1983	-3177	4502
15532	5072	-3712	-2353	-2828	3850
15496	2440	-2772	-2808	-1688	2836
14876	1468	-3640	-2302	-53	3105
14172	1804	-3884	-1887	851	2900
14480	2176	-4972	-832	1140	1273
13716	3296	-4080	853	1481	-531
13920	1964	-3216	1247	1958	-472
13216	2004	-2800	1907	2065	-269
13656	2196	-3680	2477	1670	118
14340	4008	-4088	818	1446	855
14600	3276	-3344	-1949	793	450
15448	2808	-4004	-1625	843	1010
15552	4480	-2824	-2832	1014	1342
15704	2540	-3636	-2443	212	902
15512	2964	-4184	-429	-16	1569
14472	2876	-3036	-1710	-227	550
16088	-428	-3584	725	351	-876
13632	5632	-4324	462	1065	-508
15076	1236	-2016	842	793	-613
14812	1840	-2960	943	156	-694
14712	4184	-3460	563	-111	-1249
15864	2564	-3176	875	-168	-1325
16152	3728	-3380	156	-429	-595
16948	2860	-3516	-46	-301	-64
15872	3732	-2712	-146	418	-99
16188	3332	-4660	-958	-172	272
16844	3092	-3648	843	-206	-376
15848	2612	-3560	1340	298	164
15840	3288	-4012	1150	414	861
15452	2464	-3716	1281	359	293
14896	3164	-3916	946	320	357
14040	3200	-2620	553	538	648
14488	2144	-3096	377	-408	-105
14988	2376	-3732	1676	-326	380
13792	3280	-2368	-336	352	863
15180	1616	-3788	241	-380	-318
15784	2340	-3868	1169	-94	34
13476	2196	-2772	-118	428	83
15752	416	-3424	1254	-91	-631
15700	2036	-2348	1177	554	-215
14388	760	-2656	-131	633	-410
17176	88	-3764	986	111	-1096
16560	752	-2964	1474	532	-1000
15644	-216	-2448	938	631	-1349
17540	-104	-3732	920	46	-1362
16840	1980	-2996	241	217	-1129
16536	304	-3412	-1067	-118	-1400
17348	312	-2364	-709	-172	-1562
16388	1356	-2608	-963	-203	-1736
17644	432	-4456	-185	-471	-1929
18148	2036	-3492	443	29	-2270
16452	1712	-4196	-291	166	-1619
17648	1904	-3428	-1321	420	-1506
17624	2492	-2948	-1466	636	-1849
15616	2048	-2976	-1416	-361	-923
16296	2492	-2872	-1083	-1069	-543
16616	2932	-2864	-13	-961	-639
15852	2284	-4416	-1075	-828	261
16904	2956	-4200	-1860	-344	131
17140	3092	-4012	-1511	622	44
15112	2832	-3972	-1481	605	740
17100	3200	-4036	-1534	672	653
17128	2884	-3084	-1310	1319	323
16764	2392	-3692	-1726	1041	1431
17716	3116	-4072	-1645	783	1257
18096	3352	-3372	-430	1265	1005
17204	3020	-3712	-1659	1083	1948
18248	2712	-3500	-1759	1093	1537
17852	2736	-3380	-1433	1145	1126
16892	2988	-3252	-1789	870	1987
17576	1652	-2460	-1644	667	1765
17532	2208	-2868	-944	521	1567
17188	1880	-3820	-1043	176	2048
16992	2064	-3028	-915	305	1665
17104	2112	-3352	-403	607	1444
17848	2312	-3712	-955	803	1863
18260	2080	-3168	-1590	1112	1410
17768	1848	-2820	-749	1360	776
18092	1672	-3212	-288	1169	1047
18084	1892	-2280	-1063	1074	1217
17736	1576	-2580	-1136	1105	997
17488	1420	-2664	-1350	801	1292
17952	1168	-1868	-1548	380	1013
17560	720	-1400	-1233	365	454
17800	816	-2504	-668	460	135
18012	1372	-2368	-169	364	-407
17992	1476	-2276	363	69	-1060
18020	1344	-2672	-380	-99	-1264
18012	1716	-2832	-594	114	-1585
18044	1888	-2336	-1083	257	-1635
18516	2008	-2432	-930	-34	-1664
19496	2616	-2280	63	-341	-1749
20788	2812	-2516	20	-505	-1305
20940	3200	-3228	-978	-596	-1049
20232	3124	-3576	-607	-721	-1271
19792	2912	-3012	-1178	-823	-1583
19796	1396	-2372	-1009	-841	-2127
18448	1048	-2480	-265	-745	-2673
18312	1564	-2624	1881	-672	-3212
18096	1676	-2936	2249	-667	-3414
17664	1320	-3152	2271	-865	-3199
18096	1296	-3296	1360	-363	-2579
17348	2396	-3472	-588	624	-2114
16044	1196	-3364	-881	814	-2204
16000	836	-1948	-773	892	-2476
15140	936	-1176	382	631	-2160
14144	2384	-640	328	-66	-1147
15536	2000	-1324	-829	-1644	-177
16056	2920	-2452	-2937	-2694	625
14220	2516	-1236	-4335	-2676	1431
15276	1500	-2068	-4763	-2485	1196
15556	2460	-4348	-4924	-1710	814
14600	3404	-2712	-3722	-402	-1282
15500	2212	-3936	-2205	-65	-1961
16300	3356	-3520	-755	408	-594
15592	4768	-2404	-1651	1018	-600
15164	5120	-2072	-1659	958	-813
14188	6244	-2532	-1977	622	-245
15120	3756	-1524	-1887	70	1011
14312	4036	-820	-2820	747	2106
13780	3424	-2364	-3659	588	1441
15672	4608	-4156	-2414	311	1042
15048	5572	-1692	-965	991	247
14924	2680	-1752	-183	1141	-310
15376	4536	-3076	1841	1466	-13
15132	5848	-2964	874	1638	-211
15912	4780	-3784	1838	1743	420
15764	5968	-2492	645	2738	1560
14600	4156	-484	-663	3411	800
14476	4760	-2528	634	2512	717
14116	5512	-616	1317	1175	2
14588	4268	-2080	1073	-54	366
15208	5404	-1468	-35	291	505
15908	4276	-2396	-1409	555	70
15692	4600	-3568	-667	539	632
16404	4224	-1976	547	914	212
15044	2016	-2632	167	818	1078
16352	3504	-2468	-1905	1052	1021
16456	3812	-1592	-1648	1326	-504
15924	3880	-940	-1315	1106	-919
15676	2432	-1080	833	397	-1455
15660	3176	-1004	2449	446	-1382
14464	3648	-724	-84	838	-1675
15884	3332	-2252	181	339	-1479
14712	5912	-152	-1793	431	-1278
16080	3288	-1752	-830	-674	-2561
14876	6372	-1020	834	-654	-2009
14636	5764	-664	672	-1007	-2047
15904	5304	-360	2654	-865	-2117
12752	7012	-324	1060	-1489	-1083
14340	4892	-680	617	-2596	-579
14516	5552	-520	180	-2551	-375
14832	5444	-1768	-882	-2300	121
15880	3712	-2184	-386	-1963	318
15784	3672	-2448	172	-2034	472
15228	2800	-1964	1479	-1533	-455
16072	2592	-2988	2906	-1018	-941
14976	4092	-2500	1927	-392	-551
14256	2392	-2856	2316	-192	-1325
16752	3208	-3592	2011	250	-706
14688	3416	-1816	-646	639	130
15672	2744	-2108	-687	667	-755
18728	3844	-3080	252	1071	-881
15432	3244	-1112	229	372	-346
16844	2424	-3064	3326	-506	-851
17412	4644	-1968	4634	-207	-707
15628	3164	-3624	1545	-287	781
17456	4404	-2748	1109	68	560
16624	4884	-3040	422	455	451
16576	3136	-4116	-1031	-60	1418
18052	3716	-2320	624	321	662
16752	3540	-3292	1016	1001	661
16444	2696	-4048	-310	868	912
17508	3484	-3032	70	1457	-30
16588	3876	-2544	-351	1711	231
17700	3164	-3224	-68	1258	796
18088	4004	-2672	56	1129	573
16620	4348	-2952	322	800	671
17816	3712	-2492	-516	504	1255
18464	3400	-3100	-1394	551	1306
17372	3964	-3260	-843	12	1720
17464	3224	-4036	-555	-735	2693
18144	3624	-2732	-1481	-362	2362
17252	3560	-2748	-2880	648	1994
17384	3308	-3688	-3630	1319	2101
17904	3076	-2340	-2009	1216	1137
16980	2944	-1944	-184	983	554
17008	2876	-2036	-10	743	712
17564	3372	-2372	-1278	924	630
16608	3196	-2180	-1452	624	532
17364	2832	-2280	-1984	211	957
17912	2216	-1612	-1497	187	431
17084	2716	-2096	-405	85	-109
16920	3120	-2468	-477	-115	-107
17648	3132	-2196	-625	-43	-516
16976	2560	-2100	-805	-48	-484
16944	3348	-2256	-1123	9	-181
16996	3156	-2256	-1466	139	-116
16740	3896	-2192	-895	-79	-133
17268	3580	-2280	-715	-219	334
17720	3492	-2008	-1029	118	724
18232	3364	-2188	-1348	339	971
18460	4308	-2360	-2371	179	1163
20212	3672	-2212	-2247	-379	778
20644	3792	-1824	-670	-929	-165
20212	4124	-3144	599	-1089	-322
20072	3128	-3040	627	-1330	-318
19952	3196	-2908	186	-1138	-770
19780	2216	-3788	-275	-1033	-1313
19920	2264	-2712	372	-1103	-2019
19392	1568	-1584	2008	-955	-2705
20584	1596	-3180	3691	-1383	-3294
21416	3084	-4180	4493	-1257	-3583
17568	2984	-2792	2970	-342	-2121
15760	1320	-3876	-159	-561	67
16172	588	-2504	-217	-642	659
15540	1828	-1212	-2182	-98	1589
14052	736	-1532	-4385	-191	2283
14268	4	-1604	-3271	-666	1739
14152	1340	-1084	-2475	-790	779
14684	1384	-1828	-1264	-1035	1
14776	2860	-1736	74	-1026	163
15116	3636	-2892	-920	-1642	1435
15192	1584	-2028	-1769	-1624	2484
13648	3480	-1728	-3086	-938	2202
14796	2544	-4536	-4214	-874	2891
15480	3580	-3068	-4333	317	2842
15432	3060	-2272	-3232	1646	399
14056	3216	-2712	-239	2277	-343
14720	3748	-2700	1104	1881	-406
15304	3964	-2292	3995	2403	-904
13512	4572	-2220	2759	2423	685
14396	4168	-2540	-317	1740	1592
14480	3912	-2328	-1137	2196	1405
12844	4076	-1884	-2288	2120	2129
14688	1244	-2116	-2686	697	2181
14784	2648	-1840	-323	477	660
14648	3964	-2016	-354	722	138
15544	2204	-2528	-20	231	-801
16284	2188	-2260	2147	593	-1336
15196	3084	-516	1408	1364	-1154
16464	2280	-4904	623	-427	-349
17192	2992	-3708	810	34	660
16152	2408	-1400	-3167	817	272
15164	1840	-3008	-1902	808	-682
16304	2224	-3916	-737	-437	169
16528	2904	-984	-659	-30	-236
15696	2404	-2120	-960	391	-567
17272	3088	-3120	-2485	304	-84
17228	2964	-2492	-844	351	-564
16016	2516	-1012	85	737	-380
17088	2588	-2708	894	925	-237
16300	4452	-1696	193	947	-289
15472	4196	-1640	-369	119	-686
14844	3956	-1192	134	-388	-524
14428	3972	-404	-1543	-1255	-48
16044	3452	-1948	-1714	-2011	-54
13988	4836	-920	-1780	-1363	340
13924	3092	-1440	-3983	-2576	414
16200	2312	-2152	-1956	-3046	-656
14540	3952	-2104	-2228	-2028	-615
14840	1404	-1928	-567	-2126	-2293
14892	2656	-2772	2875	-2087	-2924
14232	3440	-1452	630	-1358	-2466
16176	2244	-3524	1652	-1616	-3957
16356	4060	-3020	2708	-1245	-3103
14492	3168	-1320	97	-1317	-1524
16196	2844	-4336	1949	-2353	-2143
17944	4720	-3452	1109	-1953	-295
14556	1884	-1772	-2526	-1152	582
16848	2124	-5256	-88	-1866	-761
18004	4108	-4392	2011	-1387	-192
14660	1740	-2120	1094	-496	45
17848	1760	-6172	3627	-290	-1450
17804	4572	-5060	2235	1154	-1082
15012	2224	-3396	560	1998	-630
17680	2836	-4896	1835	1795	-1609
16724	3680	-3372	2303	2350	-1165
14684	3016	-3388	1665	1916	-124
17660	3368	-4024	2013	2054	-290
16484	4744	-4136	1062	2781	204
15436	1332	-3132	-1422	2776	1196
17088	1656	-2728	1867	3232	80
16204	3000	-2768	2952	2928	23
17604	1992	-2636	2271	2158	205
17616	2760	-2368	2254	1815	-527
18076	3064	-2792	339	1252	-205
19040	2980	-2072	-157	822	-603
17672	3536	-1376	1251	663	-1177
17972	2652	-2356	515	377	-663
19304	3496	-3028	-996	560	-445
17344	4336	-2956	-1142	835	86
17572	3680	-3544	-1109	175	1090
17800	4052	-2792	-950	169	1031
16728	4640	-3128	-691	358	1164
17740	3104	-3168	-1288	258	1545
17864	2996	-3032	-1485	489	1301
17124	3804	-2984	-889	821	990
17632	3028	-3136	-866	838	809
17728	2844	-2248	-554	1098	380
16684	3140	-2348	162	1069	371
17072	2964	-2324	-200	867	695
17632	3308	-2420	-1329	1083	466
16768	2788	-2500	-1127	886	219
16512	2740	-2092	-734	480	486
17180	2644	-1736	-507	463	400
16836	2452	-2124	-826	544	215
16580	2928	-2176	-1194	508	211
17008	2616	-2040	-1100	443	9
16888	2484	-1360	-833	394	-304
16652	2416	-1736	-377	207	-272
16448	2844	-1768	-539	62	-72
16492	2944	-1616	-604	-167	-213
16380	2936	-1772	-1249	-199	-91
16720	2944	-1628	-1526	-147	24
17008	2704	-1816	-1639	-5	-6
17052	3204	-2240	-916	-66	-318
17396	3032	-2216	-678	-232	-294
17848	3340	-2100	-1143	-180	-324
18184	3216	-2436	-1085	-39	-300
18836	4436	-3044	-946	-139	-146
19708	4092	-2788	-1238	-424	-29
19620	3956	-2472	-1010	-756	-392
20392	4436	-4076	-575	-1040	-411
21432	4472	-3860	231	-963	-1024
20664	3700	-3420	-49	-963	-1348
20164	3260	-3500	87	-1082	-1060
20036	2652	-3200	159	-605	-1108
19476	2748	-2296	618	53	-1149
17856	2260	-1944	329	263	-790
17888	1464	-1152	-221	321	-1033
18120	1572	-1232	276	145	-1782
16788	1904	-16	1973	-252	-1552
15284	1756	-1668	1442	-1157	-410
15748	2688	-1720	875	-1597	-293
15264	2792	-1592	-683	-1181	174
13484	2448	-2232	-2030	-1472	866
15340	3348	-3068	-1804	-1702	921
16600	3520	-3896	-1773	-406	1241
15136	3364	-3228	-2753	1080	1881
14960	3096	-3656	-4955	2027	3133
14836	2504	-3256	-5364	3061	3704
14616	2824	-460	-2932	3595	2689
15572	2196	-1476	-613	3198	2388
14528	2860	-428	1195	2894	2098
15208	2352	-984	188	2629	1688
15004	2776	-252	-1078	2310	762
15280	1976	-156	-1472	1697	259
14576	2300	1144	-1423	741	-210
15764	2856	-724	-1416	-391	-642
16364	3152	-240	-836	-461	-690
15444	4124	-1412	-2088	-516	-422
15960	3196	-1672	-633	-1098	89
15544	3252	-916	-1341	-394	1157
14384	3632	-1480	-3766	17	313
14960	2764	-1816	-3274	-581	-455
14808	4372	-1016	-3204	-875	-876
15232	2636	-1024	-946	-1121	-1463
15556	2884	-1376	261	-658	-1197
14712	4876	-2248	-544	-1788	-1547
15144	2912	-1976	769	-1613	-980
15356	5424	-2864	-1061	-1107	-576
17096	4012	-3272	-1060	-481	-1060
16028	4992	-2828	-1900	1029	-204
16348	4728	-2424	-1886	1080	-70
17108	4232	-1920	394	1187	26
15016	4096	-1188	295	881	-110
15732	2496	-1680	1572	620	233
15768	4192	-1276	84	840	395
15952	3348	-1764	-324	721	-367
15868	3680	-1600	679	676	-198
17052	3116	-1492	67	148	304
16528	3028	-1540	865	111	-398
16728	3772	-1856	884	804	-156
15740	3320	-572	-606	515	11
15356	2624	-968	326	403	-832
15092	3868	-28	332	1503	-1899
14504	4300	-1460	199	1084	-2192
15104	4344	-380	2464	676	-2262
14996	4880	-1324	2885	591	-2198
16172	4580	-2332	2197	382	-1278
15516	5412	-1208	652	1175	-315
14424	4556	-840	-198	812	-137
16188	4472	-2036	566	213	-138
14628	4116	-1200	-1931	873	1214
14196	2520	-8	-2638	61	187
16752	2224	20	1189	-315	-665
16032	3388	372	1417	-305	439
16000	2088	-368	2587	-1410	-184
18212	3844	-3124	2725	-1162	-95
16040	3092	-1120	-1330	344	871
15836	384	-2304	-2740	644	-808
16860	2904	-1400	26	1628	-2109
14992	2156	-392	-1754	1416	-1191
15296	1576	460	-140	579	-2622
17216	3160	-524	827	63	-2943
15648	5044	548	-915	-634	-1136
16744	3120	-880	-1137	-2053	-192
18432	4664	-1044	-1974	-1594	438
15944	4212	324	-4144	-1002	1667
17068	1808	-1584	-4329	-1310	1754
17800	3772	-340	687	-702	-782
15812	4416	-760	5382	-1004	-1890
17392	2960	-544	6585	-1117	-1955
16956	3496	-924	7291	-582	-2633
15852	5596	-2492	3919	-794	-1080
17208	5180	-1552	-320	-654	-110
17132	4448	-1156	-2974	-369	656
17676	3800	-2396	-3625	-1001	1909
17412	3960	-2244	-2126	-1243	1931
16840	4720	-1968	1155	-1278	1023
17736	3108	-3340	924	-938	1140
17636	3092	-3000	-76	-82	677
16788	4260	-2728	-412	730	312
17912	3800	-3908	-1246	956	298
18352	4280	-3080	-388	1170	-562
17836	4556	-2868	819	873	-442
18176	4396	-2736	752	816	455
18224	4720	-2700	-467	1375	1037
16760	4932	-2728	-1917	1469	1700
17192	4308	-3184	-1520	1203	2002
17528	3404	-1836	-565	1126	1641
17524	3328	-1696	-77	1382	1429
17248	3316	-2368	-1332	1635	1691
17396	3092	-2372	-538	1318	1192
17332	3452	-1332	-1027	1192	808
17004	2356	-796	-899	816	257
17024	2140	-536	200	643	-143
17020	2816	-1268	248	398	-203
16752	3408	-1384	-97	216	-248
16228	3288	-1364	-659	-6	-153
16580	3140	-1232	-1533	-114	40
17096	3076	-880	-2003	-139	-29
17032	3076	-1124	-1690	-211	-211
16896	3080	-1400	-388	-399	-575
17256	3208	-1580	-147	-361	-971
17092	3412	-1268	-316	-166	-1165
16572	3456	-1540	-581	-57	-829
16996	4160	-1956	-1700	59	-373
16956	3924	-1660	-1571	-22	-218
16796	3812	-1744	-1001	-307	190
17408	3892	-1668	-1244	-286	680
17720	3744	-1360	-1284	-345	663
18216	4300	-1700	-732	-153	459
18508	4264	-1708	-591	-311	11
19148	4376	-1248	-161	-498	-563
19716	4304	-1256	221	-645	-1009
19836	4260	-1956	-16	-847	-928
19600	4072	-1980	501	-1182	-1235
19952	4048	-1588	956	-1323	-1608
19976	3468	-1588	568	-1425	-1865
19564	4168	-888	1874	-1543	-2433
20244	4620	-672	3362	-2451	-2453
20700	2736	-608	1944	-2930	-1691
18456	4544	-612	1516	-2416	-1752
19492	4776	-5356	433	-2779	-1179
18812	4420	-3708	-826	-1872	-664
15976	1348	-1276	-1348	-661	253
16352	1080	-2280	-567	-155	829
14948	2048	-904	608	-248	1322
14364	2112	-2340	859	-1472	2125
14072	2328	-1936	1871	-1887	1880
14268	2192	-2484	-49	-1266	3072
14088	3512	-3444	-2278	-1288	3670
14856	2856	-1640	-2257	-285	3470
13772	4196	-2080	-1830	-219	3533
16012	1552	-4676	-1637	-1216	4919
14168	3636	-740	-1538	148	4668
13172	1112	-3028	-2585	1757	3358
12936	1056	-4608	-961	1365	2760
13748	3300	-2564	-106	1465	1385
13684	304	-2368	1562	1341	-214
14356	1720	-4052	2235	952	672
13700	2952	-1396	-1462	956	-463
14524	2100	-2188	-369	465	-2301
13668	4452	-1988	554	-195	-3773
17156	4224	-5600	2143	-1386	-2917
16832	4732	-2852	3201	855	-1823
14468	3900	-1840	-1919	498	-1669
14264	1020	-3348	2482	981	-1873
14868	8412	-3412	356	358	-760
15916	1440	-3852	107	-1078	-394
16428	3932	-4248	677	254	586
15212	4824	-2140	-4118	988	382
16368	2612	-4516	29	587	-1222
14680	5328	-2460	2150	799	-978
16044	3548	-3404	1808	-634	-960
16128	2912	-4196	4708	218	140
15924	4696	-3416	-2143	1298	1659
16396	2216	-3480	-1174	1379	76
15660	4464	-2984	-80	1944	618
15068	2808	-1812	-1490	1034	890
17044	1828	-3276	1749	334	375
15560	5112	-1896	1153	1413	372
16400	2404	-2960	270	660	-14
16208	3624	-2228	1734	491	-152
15072	3564	-2348	149	302	447
15188	3120	-1952	62	170	-155
13408	3572	-2764	-1823	-698	533
14828	1992	-1980	-2301	-1340	340
14560	3776	-1524	-1861	-867	-584
15768	2352	-3124	-1105	-1083	39
16428	2968	-2420	76	-1058	-73
15632	3532	-2964	1187	-584	-1062
15612	3456	-3608	1118	-552	34
15448	3364	-2772	81	-139	-257
15480	2436	-2632	143	592	-339
13736	2608	-2808	-522	499	734
14760	1632	-2964	-353	-181	-167
15820	1316	-2472	-862	76	49
14440	432	-1856	-3389	726	899
16692	544	-2552	-1453	796	-1320
19480	852	-4060	1113	951	-1531
16900	2140	-1712	1141	1313	-1315
17248	-628	-2160	672	1026	-1997
17988	2076	-1944	-152	1262	-1893
15224	2536	-1700	-2309	1198	-1688
16720	1092	-1780	-3119	-89	-1718
17308	2244	-1372	-2691	-596	-1448
16552	3136	-1936	-1702	-538	-1981
16816	3072	-3504	-678	-794	-2047
17304	3612	-2936	-234	-892	-1207
16460	3140	-2464	-2063	-618	-783
16668	3868	-3108	-1254	-146	-741
17260	4356	-3496	-2058	-208	673
16952	3480	-2720	-3324	-104	880
16144	3360	-2936	-2819	239	-85
16668	2860	-2928	-2387	5	737
16804	3580	-1432	-1924	81	115
16448	3600	-2300	-690	44	-666
18172	3944	-3260	-222	-461	478
18524	5100	-1968	-1122	256	428
16844	4936	-2552	-1662	650	57
17692	4656	-3556	-2676	544	796
18576	4516	-1984	-2666	663	706
17608	3896	-1444	-1576	605	700
18252	3852	-2956	-467	396	993
18816	4604	-3052	365	589	593
17444	4000	-3320	878	656	498
17436	4632	-3724	888	745	898
18072	3712	-2616	-67	982	964
17440	3960	-2008	-1773	1512	1296
17396	3796	-2288	-3180	1935	1743
17248	2928	-1588	-2929	1498	1545
16548	2776	-588	-1438	981	845
16632	2288	-472	-1131	722	752
16944	2920	-1260	-2488	879	649
16392	2636	-1220	-1390	388	-300
16740	2648	-1196	-780	-370	-620
17280	2720	-1044	-245	-625	-731
16672	2664	-1056	61	-510	-838
16756	3332	-2180	-344	-362	-654
16480	3740	-2116	-968	-156	-623
16444	3752	-2036	-935	70	-729
16876	3228	-1440	-712	370	-550
16704	3604	-1596	-284	724	-364
16544	4412	-2380	-301	743	-92
16680	3784	-1804	-407	566	55
16700	3796	-1304	-632	562	394
16540	3480	-1404	-822	699	795
16932	3376	-1456	-1063	713	899
17224	4224	-1360	-27	685	745
17660	3840	-1408	460	391	997
19336	3516	-1764	-480	241	1445
21148	4392	-1988	-718	525	1260
22128	3896	-2696	-2500	358	1242
23236	3700	-2132	-2871	-184	112
22704	3788	-1376	-831	-706	-1687
22296	2004	-1760	1174	-1606	-2473
21788	1812	-1780	2006	-1727	-2802
20168	2592	-1596	1846	-1677	-3234
19520	2140	-2696	1996	-2079	-3456
19212	1840	-1360	2018	-1987	-3412
19316	1496	-1256	1553	-1700	-3241
19308	1784	-2280	2051	-1329	-3033
17600	2088	-2600	2396	-309	-2937
15848	732	-2024	619	823	-2265
14704	2488	-2152	-503	1220	-1900
13508	4544	-12	2609	1113	-1578
13100	3728	-1268	1054	-52	587
14360	3876	-436	15	-832	2684
11988	4392	208	-2054	-772	3625
12112	3440	-2412	-3486	-1663	3951
13128	4408	-1360	-1363	-1641	3582
14156	3856	-2616	-1880	-1162	4416
13136	3792	-1032	-1725	421	4060
13668	2200	-2652	-1235	1067	3640
13008	4272	-2608	-1835	807	3568
13464	3812	-2740	-2077	363	1959
13328	2856	-1828	-138	647	167
12536	3844	-1956	-1556	452	-470
13400	4008	-3336	-69	-563	-2047
13348	4140	-2372	2487	-602	-3567
15300	4336	-3600	463	-1691	-3157
14960	5168	-2588	431	-43	-2083
15980	4968	-4440	-4712	396	-744
20316	4924	-7100	-5045	-667	1265
16748	8452	-776	-4145	1942	1985
14460	1492	-2184	-5814	1909	3004
15732	2556	-1392	-1559	541	784
14916	7452	-1836	2906	282	-1544
16284	2612	-2880	3537	56	-1266
16752	5192	-1772	3201	-75	-1170
14928	4512	-1508	4653	1196	-1608
14464	5212	-3400	1481	610	252
16428	4836	-2848	307	-366	156
15012	4000	-1248	697	758	-287
15344	4252	-2948	-934	439	1021
17632	3096	-1744	412	-441	315
15588	4476	-1524	2267	230	-610
15396	3316	-2212	1730	23	273
16064	2876	-824	733	-954	53
15688	2912	-1672	1026	-1002	175
14776	4684	-1016	-93	-1313	676
14292	2696	-2788	-460	-3069	1426
15012	3660	-988	-82	-2560	890
13800	2556	-2132	-1582	-1682	167
14216	2156	-4440	-1393	-2204	-84
16236	2044	-3580	279	-1570	-626
14276	2520	-2064	1251	-339	-2286
14056	1616	-4740	3433	-630	-2830
15580	3168	-3160	3234	62	-2146
14380	1940	-2728	446	601	-2206
14756	2692	-3700	-266	635	-2327
15124	3388	-2024	-614	996	-1780
16836	628	-3360	-2225	977	-2005
17500	3828	-1552	1138	1509	-3591
15480	2344	-4044	2290	398	-1296
17444	4128	-1408	1284	-142	-638
16736	4044	-2516	486	470	-1407
15524	4056	-3092	-2554	311	472
16656	1360	-1920	-4268	-90	1002
15144	5660	-1136	-589	61	-341
16332	3384	-3612	-1693	-428	1067
17036	2824	-2304	-2074	-382	1254
15436	3216	-2560	-12	-415	291
17524	4076	-5344	32	-998	896
18856	4492	-3616	692	-283	859
19124	2976	-4592	-1334	112	1497
21336	3456	-5872	-1643	929	861
20608	5712	-4096	110	1817	-576
18916	4916	-4424	-972	1754	100
19740	3492	-4000	-432	1265	-179
18464	4756	-2624	84	1344	-307
17332	4112	-3136	-870	796	725
18132	3688	-3224	-1667	400	890
17928	4736	-3404	-1830	742	189
17204	3224	-3136	-1464	675	54
17024	3264	-2308	-979	405	21
16908	3476	-2720	-220	403	-541
16352	4208	-2848	388	393	-644
16000	4068	-3224	-616	442	77
16248	4388	-2508	-1544	479	387
16700	3552	-2484	-3341	1062	592
16072	3184	-1552	-3095	1110	169
16164	3544	-1724	-1255	755	-227
16824	3748	-1512	722	342	-809
16512	4356	-2064	872	390	-898
16188	4692	-75	305	-619	16328
4260	-2204	-994	359	-262	16416
4184	-2332	-2126	434	144	15928
3880	-2276	-2373	378	506	16196
3344	-1768	-1265	382	331	16464
3476	-1700	-1064	607	277	16128
3828	-2084	-311	598	114	16188
4388	-2332	-298	518	-26	16940
4204	-1828	-257	357	-376	16972
4056	-1624	-249	243	-338	17096
4532	-2064	-432	166	-3	17516
4944	-2108	-16	116	-76	17852
4892	-2576	-319	-172	234	18644
5060	-2344	-545	-332	550	19152
4828	-2524	-815	-413	467	20424
5616	-3516	-808	-357	462	21356
5424	-3828	272	-882	-86	21092
4896	-2836	274	-1110	-347	22000
3696	-2840	-826	-1101	-314	22424
3748	-1960	-1040	-538	-991	20960
3912	-3436	-1083	-202	-1090	20444
2480	-3508	-373	-926	-1162	21132
2700	-2312	-908	-876	-1352	19028
1452	-564	811	-382	-1925	17456
1768	-1244	2964	-260	-2045	16556
1372	-1824	3479	-606	-1093	16460
2052	-1100	3336	-697	-839	13072
2352	808	1492	-116	-719	12760
1728	-2140	-194	-948	56	15696
2456	-2172	-885	-2112	1576	14156
3732	-2004	-3263	-2104	2871	13908
2840	-2364	-3495	-1630	2501	14020
3240	-2152	-1855	-1232	2777	14388
4876	-4828	-2258	-1527	4444	16188
3992	-5096	-413	10	4576	13204
2524	-988	670	3800	3854	10260
4360	-2376	-3336	4761	3157	9812
1916	-952	-1102	3172	1407	9936
6108	-560	320	2069	-98	11572
3888	-2444	-2275	-786	-106	13644
4612	-2176	-341	-1371	-1586	12844
4668	-1152	-93	-306	-1649	14564
5244	-4920	-1960	-785	-803	15192
3536	-2588	1137	450	-1656	14780
5824	-2792	-939	1211	-1595	16812
2804	-4564	612	645	-1238	15136
5940	-1372	1357	2021	-674	15612
3680	-2088	605	1550	-1380	16788
4972	-3580	2291	1092	-1435	15840
4952	-1136	1463	1904	-859	16208
4064	-2280	869	1363	-858	17064
3652	-3152	1289	1143	897	15464
4344	-908	-2042	1299	1949	15600
3364	-1920	-3035	551	1537	15132
5316	-1476	-2386	-53	914	15608
3692	-1792	-2192	-895	1114	16524
3900	-1144	-470	-525	610	16544
4848	-2920	-243	745	672	15384
4944	-1080	865	1318	549	14700
4480	-1284	1784	917	488	14712
5044	-780	1577	250	283	14248
4504	-624	1398	-32	-63	14280
4716	-2328	1061	-950	391	14848
4612	-880	940	-922	382	15560
2380	-2076	571	-1157	201	15988
3180	-1820	1371	-595	537	16880
2384	-2384	820	-353	803	19332
940	-3248	2500	169	1329	16804
3332	-1052	894	827	1479	16900
1560	-3100	-52	-168	1017	16856
2540	-2196	-384	-82	1763	14912
476	-300	-2176	30	423	15376
-1336	-2368	-187	-719	-1501	15472
332	-496	1404	-1190	-1707	14992
-384	-568	1433	-1431	-3054	15868
644	-2260	3414	-2003	-4360	15444
3288	-2284	2233	-1939	-3319	14860
1584	-2444	13	-1847	-2967	16076
2188	-3572	272	-1702	-2703	15160
4116	-2772	-1374	-789	-2076	15688
2416	-3448	-3375	-530	-1625	16340
3712	-2420	-2514	87	-1963	14296
4352	-2412	-1680	632	-1742	16512
2896	-2472	-2103	359	-1024	16280
4764	-1780	-869	835	-1411	15616
4576	-3248	133	971	-774	17564
3800	-3508	417	1275	-589	16744
5432	-1880	418	2353	-843	16884
3920	-3316	-1091	2064	502	18148
4236	-1488	-1711	1452	1206	18004
4776	-1096	-2363	1142	1500	19532
3476	-2320	-3942	219	1747	20308
4264	-2520	-1953	-115	914	18644
5196	-2948	1645	-674	87	18920
4724	-3872	3087	-911	40	19556
4636	-3800	2824	-382	-129	18124
5764	-3356	730	437	274	17424
4676	-3900	-1934	399	1351	17616
3980	-2552	-3549	60	1716	17236
3436	-1908	-1939	-142	1130	16980
3232	-2236	-225	-158	866	16928
4016	-3068	-64	36	486	16652
3896	-3404	1212	-50	-213	16316
3188	-2656	-95	-189	53	17004
2904	-1760	-1132	165	-99	16804
3404	-2212	-1369	724	-103	15744
3536	-2652	-571	74	6	16160
3892	-2368	583	-369	-436	16272
3632	-2472	701	-229	-642	16368
3680	-2492	-578	143	-117	16480
3592	-3104	-2000	423	223	16232
3804	-2564	-1745	395	89	16540
3272	-2388	-1515	168	192	16644
3204	-1620	-1052	266	11	16408
3908	-2664	-824	483	-137	16368
3800	-2760	-866	280	130	16628
3848	-2284	-1178	176	105	16652
3716	-2040	-1101	354	-149	16348
3988	-2124	-1511	517	205	16412
3928	-1924	-1605	508	340	16380
3844	-1936	-1164	299	248	16688
3660	-1624	-947	418	205	16572
3436	-1736	-1097	559	255	16380
3784	-2224	-811	537	119	16788
3896	-2024	-527	474	-81	17632
3768	-1720	-635	444	-57	18272
4360	-2288	-370	378	63	18880
5168	-3136	1	318	418	19752
4664	-3344	-98	79	751	21068
2932	-4204	-1193	-40	756	21472
4236	-3664	-624	-77	-485	21584
4296	-3528	1775	-362	-1733	21936
3900	-2852	547	-942	-1693	22364
3744	-996	-233	-493	-2260	22096
3880	-2524	-311	-401	-2752	20908
4696	-2496	1551	-564	-2854	18836
3028	-1448	2792	-365	-2859	17500
2420	-896	2806	195	-2771	16364
3396	-964	1396	758	-2102	16072
1844	-2244	-121	1005	-1575	15712
2464	36	-658	1352	-1792	14488
1300	436	-13	1150	-813	15372
3620	-988	1038	548	324	13244
4068	384	3161	31	404	12560
4648	-1884	1687	-448	910	13960
4088	-2220	920	-241	1233	13692
4076	-1420	-394	558	2537	14212
3788	-1548	-2798	940	3465	14448
3844	-1088	-2690	1390	4447	13960
5020	-1380	-3291	1070	5047	14656
4496	-2964	-2155	504	5446	15800
4184	-900	-344	2008	4536	15004
3920	-736	-2046	3063	3256	12676
2644	-388	-728	2819	1640	12532
2944	184	768	685	-111	13492
3360	-1748	2812	-1544	-804	12812
4100	176	807	-1672	-285	13732
2672	-1948	-1145	-2373	-926	14844
2928	-2948	-318	-2190	-1329	13788
7032	-2692	-1406	-1473	-1443	15372
2180	-3932	15796	3936	-4044	171
-1383	-1049	15112	4888	-1664	589
193	-1525	15316	4168	-3204	-144
653	-1516	17488	3420	-5472	1205
604	381	15256	6536	-1272	-780
2184	1624	14808	1840	-980	-2727
1800	1003	16240	2156	-3492	-878
1296	1187	15336	6380	-1032	-222
1217	185	17012	1560	-2472	1192
316	-668	17164	3764	-2248	2506
412	-135	15736	3948	-1368	880
807	-252	16852	2520	-2652	587
405	-42	15912	4776	-1820	-1339
821	608	15164	3460	-1448	-1862
366	180	15220	4088	-1648	197
-180	136	15224	3540	-1196	-602
-121	352	15080	3528	-2136	-562
-571	-118	15176	4016	-1260	804
94	-269	14480	4012	-1060	-384
59	26	16380	3204	-2684	344
-354	-719	15920	4852	-860	1951
1705	-2103	14600	4416	-1744	1151
1597	-1717	16520	3880	-1948	2286
844	-1305	15584	3760	-1372	2563
1301	-592	14668	3464	-1248	-20
1616	254	15992	2336	-1256	-1358
1491	728	15948	2912	-504	-1637
1741	1111	16344	2188	120	-773
1299	-217	16848	2060	524	1678
317	-1011	14628	3256	176	1254
-274	-913	16136	948	-1000	44
-869	-1340	17288	1668	-380	-1385
-880	-1326	14884	412	-408	-3475
-1292	-503	16388	476	-748	-2303
-1217	-2044	16816	2896	-88	628
-980	-3491	15064	2640	-908	-173
-1936	-2790	16856	2912	-520	-288
-2394	-3592	16504	4696	-640	-229
-2236	-3803	14856	3104	-1736	-3284
-2920	-1425	15992	4432	-1172	-3247
-2955	-1177	15196	4444	-988	-3955
-2207	-1072	14216	4356	-836	-4367
-2546	194	16764	5424	-2956	-3807
-3060	356	16556	6868	-1128	-1392
-2597	-574	15968	4520	-2692	-1654
-2869	469	18436	4076	-2692	-2099
-2475	992	18544	6704	-2192	912
-1471	-645	19144	5908	-6072	-129
-1403	345	19736	5816	18416	5636
-4024	-177	-658	956	18592	5524
-5104	-909	-437	1027	18948	5428
-4200	147	-23	478	17196	5808
-4240	725	283	673	17612	5016
-4848	343	462	827	17368	4944
-3660	347	1041	640	16904	5416
-4172	-1977	1451	1486	16964	4584
-4096	-2469	1380	1719	16368	4472
-2972	-1424	1127	1512	16560	4216
-2904	-654	728	1652	16824	2856
-1300	640	842	1011	16468	3800
-2548	899	1287	423	16560	4160
-2840	380	1166	64	16916	3676
-2344	70	1001	-251	16592	3544
-1724	-245	722	-421	16296	3240
-1760	-836	415	77	16620	3564
-2060	-1276	243	147	16292	4284
-2680	-686	0	-204	16484	4260
-2432	-310	-246	-274	16932	3776
-1960	-390	-163	-264	16652	4116
-2412	-540	166	-348	16560	4772
-3044	-684	466	-294	16448	4268
-2568	-608	181	-450	16612	4060
-2120	-794	153	-541	17044	4160
-1600	-1679	373	-467	16660	4128
-2080	-1753	-54	-626	16504	4736
-2976	-786	-784	-871	16900	4144
-2540	220	-1126	-1101	16528	4080
-2552	276	-822	-862	16444	4396
-3312	-667	-249	-273	16464	5264
-3824	-1365	-105	119	17136	5056
-3324	-1570	-124	360	17844	5104
-3112	-1883	143	363	18516	5916
-3684	-1665	-177	351	20160	6748
-4068	32	-1104	375	21860	6504
-3612	-611	-1912	577	21820	4644
-2828	-1728	-2288	490	20704	4032
-3416	-2508	-1753	-136	20508	3656
-4384	-1107	-1441	-1375	19264	3576
-2952	526	-1036	-2290	17384	2672
-3028	1280	-624	-2435	17384	3244
-3468	2693	-487	-2563	17584	3364
-2120	2034	2	-2243	15476	2428
-1608	951	99	-1555	16176	3000
-2380	1559	-205	-1481	16964	3332
-1868	1927	-372	-1393	15692	3108
-2508	1882	-724	-644	14592	3396
-3940	949	-1141	140	14172	4772
-2816	-169	-732	1767	13176	7104
-2212	-3913	-660	3088	14920	3624
-5180	-6460	-1748	5246	14296	2300
-1648	-5748	-978	6979	13700	1340
-3276	-7626	169	6693	13848	892
-3984	-4081	1263	4826	13640	3612
-3004	-2575	3067	3392	13244	2052
-1212	-119	3360	311	12448	2092
-2128	4287	2883	-1218	12500	4444
-44	4053	2754	-1855	12664	3636
-124	3914	1497	-2973	13048	3900
-2060	4132	712	-2649	13800	8556
-4920	-161	-384	-2925	14792	3708
-3928	184	-487	-3053	14772	8020
-3324	-2502	147	-1213	16560	5028
-4532	-2781	-185	-1095	14276	5144
-2948	-1153	397	-860	14120	6268
-2588	-2389	632	-13	15984	4600
-2960	668	817	-1521	14352	6528
-3408	1539	1263	-1475	15384	6016
-3148	1257	1401	-1326	16364	4772
-2992	2912	2232	-1435	14876	6752
-2580	498	1750	-421	17444	4728
-3252	342	1105	-113	15452	7512
-2032	-134	1919	555	15992	4528
-1944	-915	1193	1172	15888	5200
-2168	-245	731	2071	14724	4932
-1948	-1996	243	2323	15892	4220
-2396	-1159	30	1176	15052	4952
-1856	-1028	93	1288	14356	4528
-1880	-369	-412	290	15432	4080
-1268	2854	-147	-1143	14356	5700
-1372	2061	-253	-1058	15456	4488
-1272	3855	-901	-1699	14684	6008
-1300	3668	-534	-879	14912	5500
15336	5520	-3112	-487	-1512	1241
14980	5624	-1864	-1125	-588	2212
14492	3824	-1820	-2599	-672	1797
15916	3356	-3456	1131	-1351	759
15008	4240	-2480	1402	-643	1726
14296	2616	-2312	2125	-395	283
16132	2016	-2948	3647	14920	2276
-1800	-115	944	1642	16560	628
-3080	38	603	41	16796	1552
-3120	201	525	967	14252	2428
-1096	-1833	849	145	14552	416
-2380	-1330	33	-2195	15592	1908
-1428	-635	-131	-1547	14396	3000
-476	-1190	24	-2363	15684	2656
-1864	615	-681	-3212	15628	4048
-1392	725	-681	-2084	14868	3324
-2000	-1638	-501	-1444	17956	2944
-2776	-1655	-262	-1553	15400	4488
-1096	-933	418	-1522	15660	3204
-3300	-900	-113	-1231	18004	3540
-1480	-1065	20	-1264	15136	5460
-2248	-621	330	-863	17640	4352
-3220	-1473	-476	-109	19812	3740
-1916	-1590	334	-857	17400	4872
-2276	78	1042	-933	18732	5116
18772	5464	-2720	576	245	199
16360	6156	-2792	195	19304	3944
-4100	-3190	-200	2003	19152	4788
-2980	-3377	-170	1550	17156	5660
-1864	-2901	-84	2113	19096	4636
-2636	-3815	-629	2482	19304	4444
-3640	-2255	-525	860	17428	5660
-4544	33	-479	344	17656	4976
-4136	1551	-588	132	17664	3720
-2592	929	-314	-151	16992	4268
-3288	600	389	-211	16312	4872
-3668	-471	603	645	16228	4572
-3108	-499	583	1010	16576	4740
-2452	-1033	698	1082	16172	3864
-2612	-1674	828	1442	16292	3508
-2656	-1123	656	1464	16460	3148
-1668	-1543	514	1004	16792	2976
-1652	-1075	536	230	15920	3100
-2012	671	495	-28	16016	4228
-2724	409	297	95	17000	3848
-2740	-135	359	-175	16300	3912
-2512	-1027	322	117	16212	3660
-1976	-1372	88	584	16604	3596
-2160	-1851	27	611	16428	3424
-1976	-728	236	257	16604	4040
-2348	-258	346	390	16848	3864
-2104	-762	506	315	17120	3756
-2260	-860	787	-91	16660	3788
-2144	-441	674	-234	16656	3856
-1760	-188	334	-166	16608	3632
-2264	-551	128	109	16520	3760
-2668	-1537	106	522	17360	3428
-2600	-1960	12	371	17728	3496
-2428	-1336	-12	46	18560	4212
-2608	-1298	66	297	19940	4988
-3364	-1323	-4	161	20940	6008
-3876	-684	-285	-461	24304	6036
-3232	626	-675	-1496	24148	4260
-3252	733	-440	-2140	20756	3540
-932	1060	-70	-2810	18404	3592
-3044	999	-205	-2607	18824	2744
-2668	324	-76	-2076	17876	2908
-1264	-691	396	-1810	15704	2308
-684	-540	510	-1393	15828	2164
-2576	2773	108	-1347	15744	2912
14276	1316	-680	2907	657	-916
15332	908	-4180	-193	552	-332
16500	2564	-888	-199	1434	-1128
13412	2464	-628	44	1406	-339
13364	2696	-612	-882	-609	1816
15048	3908	-1548	-828	-1044	3113
13604	4532	-2140	-3873	-579	3572
13996	3552	-1820	-4413	65	2906
14288	2948	-2256	-4092	1387	2864
13992	3520	-1408	-2454	2647	1413
16104	4376	-3172	221	3134	636
12784	5072	76	11	5137	1109
12860	3592	-128	-1729	3653	1835
12968	2352	76	-3273	1500	2970
11148	7260	744	-4562	-82	1215
12988	3604	-200	-3691	-1428	-623
14260	5376	-336	-2117	-1944	-1560
14164	4772	-680	-1596	-2120	-2089
13644	5744	-2396	1647	-1569	-2321
15156	6876	-3576	-1362	-1312	-750
15636	6208	-2636	-548	-141	-1552
14480	4836	-3308	123	597	-906
16100	6096	-3372	-1404	-102	-23
15564	5820	-2172	2870	1615	-1106
15404	5700	-2476	-312	1451	480
18284	5524	-2288	612	642	-426
15276	5912	-448	2720	2399	213
15112	4100	-152	-1350	1274	836
17916	2212	16588	6240	-364	327
1270	602	17772	2520	-1200	424
17964	5148	-1440	2782	1163	-233
16144	4616	-32	2576	1519	149
16008	4584	-1108	3394	515	-22
16132	5552	-1124	1565	119	919
14916	4644	-600	39	447	773
13488	4388	-524	-1322	105	97
14172	4440	-836	-2003	-866	120
14228	4444	552	-1950	-885	-758
13804	3868	-28	100	-1842	-1621
14356	4488	-1536	2267	-3063	-679
15400	5032	-1348	2271	-2696	-760
15580	3356	-1296	2198	-1821	-1031
13860	4076	-1836	2350	-2317	240
15172	4236	-956	1580	-2521	621
15444	4388	-3028	1351	-1946	916
14496	4852	-3168	-188	-992	1473
15516	2464	-4004	-2665	24	1733
13812	1312	-2516	-1870	1917	1617
14080	472	-2680	-697	1640	1003
16256	208	-2928	2332	1497	-1348
15092	2176	-1120	3500	2199	-2031
13380	868	-2284	2242	17032	3000
-1360	2855	2158	-2877	16540	3564
-184	1357	2904	-2362	17652	1836
-1148	-1222	2114	-1103	18168	4472
164	386	2211	-2087	15816	3896
-456	1118	2017	-1144	17636	3528
372	-1112	1073	-29	17808	4524
-68	1615	1081	-791	17740	3448
-1568	-1362	-102	1373	18932	3504
280	-2473	-522	1758	18072	4020
964	-1321	-305	1198	20028	3612
-564	-1207	-1134	1506	20068	4392
-2092	412	-1318	964	19344	5080
-1580	970	-1450	1131	20228	3424
-2632	-214	-1595	949	20848	4556
-3996	1195	-708	-289	18984	4620
-4552	729	-583	288	20668	5208
-4008	-1596	-294	200	19148	3848
-2800	-1085	454	-657	17776	4192
-2552	-3532	92	768	17532	3456
-1720	-2736	-364	690	16896	4284
-1848	-603	-397	-35	16056	3496
-2056	-352	16176	3136	-1756	-954
-162	145	15912	3496	-2168	-1994
315	27	15704	3112	-1348	-2213
238	129	16056	2716	-1016	-1659
34	-107	16188	3588	-1380	-302
42	-603	16140	3608	-1296	86
136	-399	16544	4216	-1532	-1405
274	-232	16560	4248	-1812	-1883
482	-605	16336	3476	-1360	-1023
265	-620	16748	3692	-1584	-622
-22	-493	16704	3968	-1604	-186
5	-466	16540	4308	-1776	-1023
177	43	16744	4004	-1860	-2247
445	229	16340	3924	16368	3600
-848	-1118	496	-68	16588	3704
-1252	-1170	378	-91	16832	4444
-1688	-960	236	-206	16992	4616
-1692	-864	222	-120	17428	4280
-1720	-1357	130	160	18500	5332
-1876	-1474	529	325	19124	5688
-2148	-1074	-55	538	19876	5268
-1760	-698	-684	761	20584	4892
-1528	530	-1041	635	20916	4880
-2524	92	-1755	914	21096	3824
-2788	-1133	-2018	365	20000	2948
-1292	-1029	-1559	-743	19740	2512
-1476	-1163	-1204	-1374	19100	2816
-1288	1029	-1334	-2275	17996	3280
-1336	902	-1287	-2357	17524	1976
-788	-118	-1381	-2381	16880	2928
-1364	-368	-1376	-2251	17012	3608
-2268	776	-1780	-2104	17636	3236
-2452	493	-1830	-1821	16444	2792
-648	-320	-1958	-1280	14688	3276
-1288	632	-2628	-298	14004	2600
-1412	801	-2760	959	13344	3568
-2912	-699	-2221	2146	12400	3184
-3132	-3191	-1734	2737	13520	4040
-2968	-3914	-1510	2620	14204	3092
-3164	-3736	-866	1734	15144	3396
-2092	-512	-216	713	16520	4036
-3128	933	22	958	18656	3552
-4448	1221	-389	897	18464	4492
-3296	1585	1059	1223	16768	4564
-3556	223	2652	1729	15976	3136
-2720	667	3691	1727	14852	5128
-2636	2338	4756	1658	12744	3672
-1280	3416	5093	896	12168	2448
-1704	4168	3816	1207	12116	4232
-1132	2764	3332	630	12424	2932
-1316	2203	2754	-973	12312	3700
-2224	1135	1997	-356	14540	5632
-3056	392	758	-618	17164	5152
-2664	2564	1332	-849	14092	6472
-1452	-825	2549	1084	14948	4012
-2916	-1904	701	1070	16076	3564
-2396	-14	530	1075	14324	3708
-1364	-5192	1387	2860	15696	1300
-404	-4849	734	114	16648	2676
-3332	-88	290	-902	16328	4232
756	-1663	477	-1289	17392	504
-2640	2579	199	-2972	17412	5168
-756	2400	1944	-3315	15988	2360
-676	3132	1680	-4543	16364	3376
-2096	5832	365	-3353	15744	6068
292	1718	964	-2021	16512	4664
-2748	-2395	329	-1253	16076	6784
-1904	-4590	621	2	16776	5296
-792	-5292	-83	553	16516	4732
-332	-1835	-589	251	15336	5796
204	169	-106	425	15352	5472
-1200	1420	-1048	-856	14724	6392
-876	901	-2016	-637	12720	5988
600	-1598	-2188	-355	14368	4188
-624	-1452	-3201	-661	14516	5428
148	-907	-2675	-657	13960	4560
-1912	-584	-2417	-672	15668	4804
-1684	2157	-1525	-1721	15240	4600
-436	2879	-631	-1827	-1030	269
-11270	-777	-25539	5140	-5896	-21489
-32264	7415	-16326	16401	-24327	11012
10746	7420	31806	10251	4082	-5891
1786	30972	10309	17423	29684	23803
-20481	28926	-32710	-2038	17657	26107
18175	25600	24638	-21493	19188	-10494
-17412	252	-8127	2066	10742	10501
20736	-5893	-28621	31757	-25605	-9471
11518	16638	-11203	-15348	18677	-4093
-13318	11517	15426	-5101	-10503	-256
-9220	13564	26675	-3053	-22017	18172
-1540	19711	-15302	16397	26363	-16126
19192	-6914	2106	-3056	-30728	7437
-2822	18683	12342	-27636	-30480	29434
-3337	1033	19522	10253	12789	11251
16635	-6135	-959	19475	-7185	-16139
31231	-32762	20544	24587	23541	-7950
-31236	-23542	-12217	15366	18166	-14080
-25348	-16379	25673	2063	-9487	22540
-25858	-29696	-14260	-27631	24810	18950
15870	-29692	-25522	-26605	-14353	-12545
5120	-24575	26693	-20465	15345	-22790
-8446	25601	2125	-25585	11247	29174
-2049	21507	17484	17425	30958	19453
27135	16638	16452	14356	-7439	-23290
18941	-23299	-31672	-14321	26347	-1535
-28678	6399	1096	-28654	-32020	-15362
-18948	-18181	15425	27668	-18704	14592
27647	-8965	13377	28688	17645	-4869
20733	-15360	10305	-16364	3309	24059
24575	-5120	16445	25623	-26641	18175
-19711	-25599	12349	5140	-26384	-14088
13056	-5113	-15296	11280	-17935	-17674
10497	-15353	-31682	-20464	-11021	-23562
-27389	10245	-21442	14	26868	21495
-28157	15364	28736	1036	-7948	-1797
-6910	12289	-15297	28685	-25870	15359
9475	18686	-10178	-15348	-23309	30973
-13311	14589	-959	19467	-8202	-31748
-30207	-772	62	-30703	24564	-3844
26881	-3844	3133	-30703	-26126	12796
18943	-18179	-11202	-22510	21746	8444
-15362	-21251	63	-16367	-21517	24314
-28418	-1793	-29634	-28656	499	-8712
510	2049	24638	-13292	3824	-2058
-16897	20480	25662	-7150	-11790	-14345
-11776	-23297	-13251	4111	23029	-24326
-5376	-22273	16446	-15343	-25869	17149
30720	7168	9281	12308	-24332	18941
-5119	3072	9282	13331	28145	26617
12801	4098	-16316	-13293	-21774	-16138
-4608	-32767	12358	1043	9460	-6921
15616	1025	-952	-24557	18417	-5896
-19712	-7168	13386	25620	8173	-30211
-27649	24576	16460	22553	5869	20479
-9729	-1024	26700	-8170	9970	-32514
-3840	26625	-11189	-18414	14830	-4619
25343	25605	2123	-6125	19183	-23823
28669	13317	-20405	11277	-24329	1781
25854	-7168	-16311	11273	12023	9463
29694	9469	-12215	-16377	30196	-5125
-5890	249	30792	3086	-23055	13568
21248	19701	1093	-16370	14322	1542
-14335	7410	-5053	-26614	1526	-24054
24578	30963	31808	-8182	6389	20745
7940	31988	-14277	-11251	-18700	-21753
11779	-26379	-24520	21516	-24582	-13298
-13312	-25354	-13251	-28654	-17159	4878
8960	21755	-6085	10262	24048	-2556
-18691	-13309	5182	-29673	10226	-20229
-7172	-19448	-14279	-12274	-3338	20723
23548	17419	24637	3085	-9480	2293
-13315	-15349	24637	5131	2293	27643
30975	29708	9275	-16372	9714	-17412
32512	30730	-8137	15373	14066	-25856
11777	30728	7224	-28661	-11533	5118
20227	-7159	-22468	29709	10486	-25859
16134	-2044	21563	-1010	-527	-14334
13318	7169	-30660	3091	-18443	17920
-763	17410	-4035	-3056	11510	-12030
-22011	-773	-3017	-30703	-28166	15631
8970	-19203	-977	-16364	8442	15875
6409	-16377	-10190	-11257	3065	28161
5634	3080	-18381	-27624	21748	7161
-16639	-2040	6198	-12270	-12301	-23
-6657	-4091	-21450	16393	-4873	11765
-27388	-32513	-15313	-19439	18168	-4875
8200	-7944	-31693	7174	18935	-13306
24840	7410	16438	-9188	3574	30990
7945	-30479	-31685	-7151	-10254	23564
14086	-12047	-23493	-16360	499	25605
-13306	28922	-20417	21526	21497	8181
-10746	-28420	8259	20505	-17930	-19204
17671	3324	-30660	23573	-25091	-6665
-31735	-6142	-7105	-25582	7163	-9730
11010	255	-12225	29717	-6405	8193
24067	-2818	8250	2066	-29955	-17413
-15869	7422	22589	3088	13818	22527
-15616	-25346	20540	9240	-3846	-27652
-2304	-772	18493	-20459	-17414	-18943
10497	13564	15416	31768	-30723	16379
30464	8193	-29639	-15338	-30467	13309
14846	-16383	10297	7192	-31236	11769
31742	10243	-28620	-6122	-27906	20727
8189	-17406	-19401	-32745	-13317	-28673
-14598	-23551	25658	18457	-4866	-12546
-4358	24579	-21449	-5098	-16648	22272
12279	-7166	8253	-26600	11513	21504
19192	-4090	5176	26644	6651	10998
18429	-5114	-3015	13321	20724	31488
-22278	25603	-27596	22549	-8710	-32512
10236	-5113	-1999	8200	-22788	-16389
17917	-22522	6200	-19447	6646	-26114
22269	-31743	10298	11274	17400	11259
-28163	1	-29636	-16378	6651	-28415
-13060	9468	-24507	10246	-6669	17161
4860	31995	-23485	-19444	20472	-8695
23294	23806	-16321	8201	10741	-12537
2813	-29443	1094	30735	27123	14342
-9476	17660	20543	-6131	12281	-30211
-29187	16639	-27586	8198	-4620	-28935
7932	27900	31811	-23540	-16393	15357
19711	-14088	8252	-28661	25338	-31744
-2305	-26376	29758	-3059	-24840	3335
-22273	9460	-18365	-18417	-12810	-10999
4351	10484	-26564	21517	25592	-3071
17406	24826	-29633	-22513	-7178	-31235
16638	27897	16451	20495	-22027	1535
-32000	-28425	22590	-13296	-27658	31483
26879	-21252	19524	11280	-17680	9468
-7937	-31491	68	-28647	-7694	-14851
24834	-12036	-11201	26645	-21263	-20746
-2557	-31743	13381	27668	15093	-23308
-11005	22531	8262	12311	-29707	-23301
-3324	-12287	-22461	-22506	-11277	-26885
-5373	-9213	-12216	6164	7412	30456
-1021	22532	-11193	-16362	-21771	-29702
-30202	20483	9283	-8167	-9227	-29446
1796	2053	-29625	-21486	13305	8445
19969	-29692	11334	25619	3576	-5632
16127	3	-24506	-28654	16629	-16130
-4867	12290	19525	-25582	25333	20990
30716	-8191	-3008	-26608	11255	11777
-29188	2050	31808	10258	5618	13818
30716	-14331	5185	-8174	25330	-10504
2045	15362	-1985	14350	-27915	-20485
32511	10495	19518	-19441	23542	14333
-24320	-2048	-4033	23570	24310	3324
14593	3072	28734	10260	-31499	-5380
-21247	-7937	-29635	-16365	-10249	18683
-1535	-12288	-11201	-20464	-1544	28409
22272	-27646	-1984	15376	25592	-10245
-1535	6145	22592	-28654	-28171	-15620
2049	21506	22592	-22511	1014	-771
28672	-9215	23615	-15342	-5130	-9475
3585	28672	31807	-1009	23544	19966
-27902	2303	-6081	-5105	4600	-28418
3330	1024	15422	-17390	23544	30974
14082	-4095	20542	-13295	-10249	24317
-29694	6145	-7105	19470	-32518	12541
-1790	-28671	26687	7185	19192	6909
-23550	-11263	-6081	15379	-17161	-14341
-29438	26625	-31681	13329	32249	-1284
-15102	-10240	-16321	6160	16377	8188
24578	-2047	-17343	-29680	-24583	-7429
-17407	-31743	1089	28689	24569	-32259
-25854	-12288	-19393	23569	-265	-14596
5377	-2047	26688	-15343	-19975	-6147
-14848	17408	27712	-29682	-6404	26365
6144	12288	25664	-23537	28921	-6147
-27137	-28672	-23488	-29679	-15112	-12035
-14338	22528	-3008	-22511	3831	25344
-17410	-14081	-8128	21520	-25352	-30976
-28162	-10240	2114	16	-23049	-32515
-9728	19457	-18365	20499	-24589	-26886
8194	-18429	-25531	-22510	-15886	30971
32002	28675	-30646	8211	16119	-15109
-28158	-19454	2120	-6124	16377	-16642
7170	-27647	3143	-29677	10488	-25596
-14081	-32768	-21428	12309	15864	-17407
-5123	-30719	-16307	22546	20471	-14852
22013	-14335	-30644	5134	248	-16898
19709	1024	-31667	-1008	1014	12796
-26626	-17154	28748	19469	-6152	-15110
32252	26877	-22454	-10229	12537	-14590
8699	-30470	7243	13	4345	21258
2554	30969	-4022	13326	-20488	11009
-14852	-27397	-956	-11254	-6665	-19203
15868	-773	11334	22538	-11273	-17151
14331	-3848	-1980	-14330	25086	-508
-27141	2296	-25537	-10231	-31497	-24317
-2310	-3845	17473	30734	-30220	-4088
19449	-32517	-32706	-31727	21242	8705
-17925	1279	-4039	23557	20218	-4100
-1288	-28670	8255	-12279	3574	-26628
27382	23556	-17345	26640	-14087	-32519
23543	-16375	-29640	-15347	26100	18165
9720	29703	-4037	11271	27380	-267
-20488	-20474	-16327	16393	32758	-7179
32251	10250	20536	-2036	-21770	-23564
24063	-16377	23611	29702	6134	15614
-20478	-15357	-10188	10256	-1546	2813
30467	-14332	-23495	10257	-18704	12801
4097	-28670	31810	-28647	-4117	2823
22021	-19452	4156	-23522	15688	5980
-3100	37	5717	817	11508	4628
-1148	289	5860	49	8956	2532
1788	4212	3015	-1350	8712	3544
144	3631	-591	-698	12260	3968
-2132	188	-2247	-984	13548	5108
-4024	-2185	-1897	-1437	13828	5004
-4556	-2835	-663	-700	16924	3772
-3488	-1847	79	-897	15460	5532
-2228	464	1080	-1058	15056	4508
-3116	404	1706	-543	15856	4956
-2852	1904	1016	-806	14884	4544
-2028	-47	1270	1000	15304	3932
-1044	-2219	934	354	15684	3804
-2116	5	172	-796	15364	5052
-1696	-1370	27	-84	16432	4164
-1736	973	12	-1037	16840	5364
-2332	1534	284	-712	15600	6260
-2480	474	-233	-610	14792	4828
-1540	2414	-426	192	13548	5396
-1404	-12	6	190	14100	5036
-3728	959	-1114	-371	13864	8268
-2896	1243	-656	-69	14424	5728
-2752	10	-347	-28	14388	4840
-2432	-166	-340	566	14292	3912
-1484	-426	170	1361	14216	2852
-2440	-146	-63	1435	15180	3852
-3284	355	-217	2875	13908	2888
-1780	-1609	-64	2317	14788	1756
-2064	-669	-109	277	13504	3868
-2072	-908	405	-448	15524	1912
-1688	-2	-569	-1389	15732	1992
-828	1630	-489	-1800	15480	1956
-1452	1812	168	-2069	17644	1576
-2588	1893	100	-2203	16768	2884
-920	751	683	-2083	17336	1436
-4040	121	474	-2926	18492	2696
-2784	1807	1198	-3825	14556	2932
-1628	437	1747	-2876	16776	2872
-2236	-822	1223	-2497	16820	4952
-1872	442	1512	-3116	14632	4320
-1232	-3435	759	-883	16520	2816
-20	-4138	37	-1251	15816	5740
236	730	346	-2772	16088	5432
-3368	-323	-718	-783	18248	5452
-2856	20	-807	1166	18476	6092
-3488	-233	326	1918	19260	5156
-4560	-4513	1153	2872	19584	5168
-3524	-3164	2213	2152	19720	5608
-3320	-1606	2438	2179	18736	5424
-1716	-607	2380	1567	18500	5188
-1772	1611	1789	901	19284	5048
-1348	528	988	926	18904	4108
-228	-40	424	552	18936	4376
-944	-242	-179	620	18704	4944
-1032	-473	-705	358	18040	4484
-1668	610	-1169	-40	17128	4640
-2180	-737	-1764	604	16892	4212
-2788	-1057	-2353	709	16208	4016
-2392	-847	-2059	473	16288	3756
-2332	-769	-1407	561	16816	3796
-3172	-1832	-551	264	16112	4088
-3284	-864	-28	-633	15676	4188
-2308	-244	-1	-721	15992	3464
-1668	-479	-54	-454	15860	4444
-1808	-866	134	-220	15780	4864
-1956	-1434	156	254	16076	4812
-2072	-2093	7	910	16608	4384
-1888	-2546	53	1032	16836	4224
-1444	-2495	272	586	16568	3492
-1528	-1981	-7	255	16912	3744
-2052	-508	-300	-212	17136	4080
-2216	1211	-85	-816	16588	4088
-2552	1439	105	-951	16532	4924
-2928	-229	436	-400	16476	4792
-2588	-1869	568	9	16372	4172
-1492	-3256	594	496	16480	3904
-1432	-3007	306	373	16540	3784
-1356	-1295	97	5	16520	4044
-1856	-530	-383	5	17608	4716
-1632	-756	-568	-345	17864	5104
-2360	-1511	-618	-505	18864	6140
-2916	-1353	-862	-392	19824	6188
-3176	-1619	-940	-67	20164	5912
-3000	-1232	-1237	86	20452	5988
-3128	390	-1766	-288	21200	6660
-3692	2576	-2751	-888	21612	5336
-2592	2811	-2860	-970	20428	3780
-3528	144	-1833	-571	20584	2492
-3532	-2367	-393	-524	18604	3432
-3300	-1468	310	-1875	17852	2512
-2596	893	-240	-2581	16464	2368
-1364	2983	-452	-2632	17304	3812
-1868	2766	-230	-1955	16264	3760
-1644	842	213	-1436	15864	2904
-2124	-852	-719	-329	16712	3112
-620	-690	-1197	825	16540	3560
-1892	130	-949	476	16968	3932
-3544	1711	-1282	677	15552	2600
-2824	-364	-1358	2707	12112	2084
-2024	-2063	-1179	2363	14820	2072
-2984	-311	-1106	1461	14228	3528
-3440	-1624	100	3554	13104	2868
-3088	-3825	587	3815	16716	3580
-5584	630	1663	1514	14480	6088
-2916	2856	3877	2767	12816	4488
-2388	326	4359	4387	14876	2440
-3608	2342	5096	3956	11224	8364
-124	-444	6993	3230	11004	3280
-564	-1994	3765	1914	9020	2864
188	1825	-104	-473	10724	6076
-2100	1051	-2271	-1535	13504	2440
-1904	-1191	-2096	-2632	11800	4032
-4196	-1088	-1246	-2816	15316	4580
-4580	-1800	-1516	-2700	16244	4144
-3848	1480	139	-3503	14864	6376
-4408	-311	1968	-1127	16672	4664
-3388	-116	1505	-1199	15736	5832
-2908	1582	2121	-292	14788	5960
-1696	-1437	2360	1316	17068	3788
-932	940	2369	1397	13840	7500
-160	-639	2512	1206	15696	4900
-2004	1270	-160	-108	16012	6804
-824	2798	278	172	14504	5116
-404	382	1072	647	14792	3720
-48	1477	135	515	13864	5200
-76	76	-639	1159	13104	5008
-624	-298	-1935	35	15416	2272
-1604	1350	-1537	-837	13944	3332
1696	1489	1063	-2175	15604	4088
-2360	2953	17	-3444	16088	3688
-800	6027	-1703	-2966	14968	5348
-3392	2614	-1567	-2159	16536	3916
-3400	1918	-1294	-1304	16480	3120
-1932	-2378	-26	753	15520	1928
-2660	-3523	273	191	16468	2864
-2408	-171	-75	-292	14840	2712
-1716	-881	-358	638	16764	780
-1268	-791	-909	-285	17140	3056
-2808	813	-418	-1396	15584	3032
-2744	-452	-659	-479	17528	1784
-2508	-1657	-637	-1172	17492	2904
-2820	134	2	-2409	15576	3524
-2600	803	-178	-2089	16916	3156
-2404	-80	-329	-2176	16876	3852
-2744	-119	-24	-2441	17528	3960
-3068	-377	-677	-1706	16484	4356
-2620	-1241	-595	-926	15168	3436
-2316	-1865	-1560	613	17132	4912
-2724	-2965	-1439	574	16648	5976
-2632	-3558	-543	38	14552	3416
-3232	-2819	-1669	1433	17068	5296
-2592	-2260	-1928	1070	18008	5072
-2600	-1661	-679	-360	16936	4176
-2776	-1786	-355	-242	17604	4592
-3688	-586	-416	-312	18172	6572
-3732	645	10	-917	17832	6400
-3824	799	284	-432	17896	5452
-3920	-559	266	1096	17516	6292
-3904	-1974	767	1805	16824	5828
-3528	-3018	970	2236	17292	4380
-3656	-2369	567	2539	17488	4380
-2528	-1136	619	2205	17516	4764
-3416	346	1014	1491	17644	4708
-3848	-425	1035	1454	17736	4644
-3100	-1314	1276	869	16952	3892
-2688	-954	1203	633	17012	4072
-2988	-1097	946	709	16672	4144
-2428	-588	854	272	16116	4212
-2196	-131	758	298	16364	3560
-2088	-1195	424	767	16636	4004
-2332	-1536	525	429	16392	4092
-2036	-1357	765	219	16316	3700
-2076	-1128	548	315	16820	3580
-2024	-1108	393	141	16856	3864
-2168	-1086	540	-308	16436	4064
-1948	-1065	573	-365	17324	4252
-2180	-1114	435	-267	17224	4272
-2396	-2346	270	-185	17612	4528
18736	4764	-2576	-1919	-401	-532
19164	5592	-2828	-1357	-586	-561
19420	6772	-2804	46	-1148	-757
19956	6564	-2608	2011	-2029	-1033
20624	6848	-2768	3484	-3036	-1105
20096	5820	-2728	2123	-3349	156
19916	5236	-2616	-742	-2717	897
18920	4300	-3648	-1193	-1636	256
17364	3584	-3032	668	-1270	-423
16152	1996	-2640	1887	-960	-813
16068	1696	-2640	2323	-292	-1523
16524	2512	-2676	2364	312	-2449
17544	3780	-1624	1918	228	-3034
17620	2732	-1736	2093	-812	-2415
17196	2400	-2184	2097	-1555	-1408
18060	5640	-3412	1823	-1295	-897
16824	5016	-4472	1018	-1944	484
18360	2952	-5044	-1509	-2658	2070
17212	2320	-3464	-2310	-1378	2210
17256	2576	-4068	-2108	-736	3024
14784	2948	-2528	-1384	-938	3685
14016	3108	-2560	-1616	-998	3379
12704	2472	-2044	-2253	-680	3218
14440	1700	-4144	-3321	-256	3116
15084	2016	-3492	-2579	868	3678
13560	2816	-2452	-3170	2424	2801
13524	2688	-3380	-308	2484	153
13892	4760	-4572	2157	2230	527
14784	5416	-3288	1766	3478	1201
13860	5316	-2504	2612	5243	958
10832	5572	-2152	319	4827	2418
11712	5976	-2328	-2538	1958	2862
12048	5636	-564	-2014	983	1227
11100	3884	-2028	-4063	818	1661
14016	3168	-3560	-3161	-952	1126
15224	5840	-3092	-724	451	-190
15136	3152	-4632	-1111	747	54
16252	3188	-2588	1312	918	-1339
15264	2696	-3720	2337	1228	-799
15856	2828	-2320	-494	1614	-59
15552	2616	-2220	247	1281	-1013
15412	3872	-2228	-563	16456	3164
-1224	681	241	-1489	14896	4388
-1208	2369	173	-1991	13364	4536
-2160	1116	-540	-984	14532	4504
-1684	-156	-1555	-1562	13564	5000
-3032	-508	-1619	-1295	11720	4812
-2940	-2124	-1213	517	14784	3720
-2880	-1518	15416	4272	-3604	50
-337	-1008	12904	3056	-1428	-268
507	-1204	14004	2692	-2924	2371
-48	-2336	15264	3864	-2420	1590
395	-1342	15736	2368	-1436	3
949	-1991	15884	2448	-1468	891
734	-1642	15408	3204	-604	495
16260	1876	-2416	1588	31	-2191
16704	2064	-2672	451	-368	-1001
15828	1468	-440	-1014	366	-1269
16872	1200	-2376	-1300	849	-2508
18072	2012	-1544	-747	661	-1968
15788	2988	-344	596	178	-2326
18316	3576	-1972	1012	-966	-1763
17912	4892	-916	-977	-1997	586
16392	4008	-2860	-1372	-3733	1954
18472	5280	-3132	-982	-4107	2296
16732	3396	-1828	-2229	-3668	3141
16644	2712	-2576	-2713	-3816	3437
17232	3936	-3356	-1854	-3026	1831
16548	4560	-3720	-1217	-2466	1280
16188	2836	-4016	-1354	-2095	1957
17520	3640	-4220	-398	-837	758
18208	5924	-5252	622	447	-170
17664	4684	-5508	379	576	912
18576	4380	-4800	-290	652	799
18324	4116	-4816	-147	1165	388
18708	3696	-5080	-1320	1204	987
18372	3664	-4560	-280	17776	3832
-5068	1239	560	192	18072	3824
-5064	-64	525	715	17800	3764
-5024	-862	749	883	16448	3004
-4952	-1238	539	963	17080	2628
-3792	-1849	235	1107	17492	2160
-2596	-732	476	774	16880	3364
-4032	-787	16404	3632	-3544	-756
-251	464	16300	2848	-2576	-709
16180	3396	-2748	-1017	-274	74
15796	3752	-3468	-928	-411	-21
16424	2892	-3944	-1056	-234	349
16784	3128	-3524	-375	-150	849
16036	2184	-2620	-1545	-93	566
16264	1912	-2432	54	-706	22
16272	3432	-2768	590	-1158	-460
16496	2988	-3520	868	-954	-549
16384	3224	-3440	7	-1024	-860
16288	2996	-4316	-1298	-828	-816
15876	3688	-4232	-1665	-693	-541
15960	2824	-4580	-1029	-507	-225
15780	3260	-3884	693	-72	-609
15948	3804	-4164	-676	75	72
16196	3400	-4332	-442	138	376
15500	4612	-4660	-2085	-441	1450
16152	1908	-4084	-2753	148	1804
16028	3196	-3112	-1690	274	1290
