0	0	0	0	0	0
-13804	-6176	10524	-827	-680	-485
-12460	-7124	5652	-827	246	-387
-12620	-7524	5776	114	663	-1061
-13468	-7484	6516	421	1595	-1788
-14944	-5852	7368	-29	1227	-1462
-13564	-7596	6888	1323	-1520	554
-12216	-11156	6572	3590	-2910	-687
-10604	-6196	5124	-1510	2956	-3361
-14312	-7104	6120	-112	-1068	-1188
-11752	-6312	5500	-1451	-1101	-652
-13352	-6616	5776	-1527	-105	-266
-12684	-6808	5756	-2262	-1310	44
-12440	-6692	5848	-2043	-215	17
-13032	-6732	5468	-2045	434	50
-13192	-7040	5776	-1432	-298	-105
-12704	-6780	5832	-549	-21	-126
-12528	-6764	5852	-470	366	173
-13248	-6672	6172	-172	396	562
-12944	-6852	5768	4	119	825
-12796	-6596	5956	-128	284	983
-13004	-6772	6120	-5	630	1065
-12780	-7068	5944	165	286	1041
-13136	-7032	6236	581	558	1030
-13044	-7100	6224	835	588	919
-13040	-6992	6284	1321	433	717
-13084	-6984	6304	1640	708	675
-13052	-6916	5924	1756	648	470
-13188	-6632	6064	1986	751	285
-12464	-6372	5572	1414	536	232
-13272	-6248	5684	354	1222	460
-13120	-6228	5440	-1269	589	782
-12356	-6992	5888	-3223	716	466
-13976	-8884	6096	-4343	1672	-306
-15080	-10280	6396	-7498	-294	-2258
-12956	-12452	6816	-9986	-807	-5281
-11944	-13316	5756	-10691	1375	-8041
-12960	-15168	5260	-11463	1387	-10244
-12440	-15436	5160	-11012	246	-12699
-12360	-14836	4296	-12288	968	-14915
-12188	-15616	3512	-14381	2416	-16503
-12608	-16188	1196	-16582	4578	-18183
-13508	-16472	1140	-18825	4361	-19634
-11932	-17188	-160	-19875	5451	-20451
-11240	-17208	-1232	-19919	7805	-21210
-10420	-17612	-3072	-18288	9433	-21518
-9980	-17644	-2752	-15528	10411	-21117
-8600	-17208	-3708	-12586	11213	-21041
-7980	-16136	-4268	-11363	12095	-21116
-6708	-15560	-5596	-11288	12523	-20519
-5284	-15992	-6552	-10096	13259	-20217
-4624	-15108	-5812	-9783	13605	-19514
-3200	-14252	-6108	-9691	13412	-18566
-884	-13896	-7280	-8044	13427	-18155
128	-13652	-7188	-6594	14424	-17364
968	-12816	-6520	-5797	13793	-16524
2908	-11752	-7428	-6696	13017	-15717
4328	-11780	-7864	-7160	13722	-15439
5588	-11544	-6536	-7014	13741	-14734
6584	-10728	-5808	-6632	13479	-14244
7824	-10064	-4652	-5764	12842	-13535
8816	-9176	-5592	-5029	12621	-13170
9068	-8896	-6404	-5361	12242	-12543
10672	-7820	-3624	-5506	11043	-11733
11964	-7200	-3200	-4799	11166	-11039
11540	-6256	-2096	-4271	10477	-10155
12072	-5256	-1020	-3802	9005	-9167
12768	-4496	-952	-1738	7317	-8145
13044	-3704	-688	-793	4984	-6652
14120	-3056	-976	-810	2905	-5015
15188	-3304	-1368	-978	1469	-3567
15660	-3516	-2352	-1322	987	-2295
15924	-3964	-2256	-1843	588	-1212
15976	-4752	-2792	-1526	581	-757
16024	-4720	-3392	-1119	446	-856
16004	-5196	-3692	-615	543	-840
15752	-4984	-3932	96	496	-1017
15912	-4668	-3664	147	523	-1214
15676	-4648	-3336	162	728	-927
15928	-4084	-3320	-294	187	-675
15988	-4276	-3616	-514	277	-501
15808	-4164	-3500	-660	102	-320
15820	-4760	-3816	-1258	-47	-201
15628	-5008	-4112	-1174	-247	-427
15664	-5612	-4072	-1261	100	-765
15848	-5796	-4220	-1198	105	-1213
15756	-5576	-4140	-887	665	-1568
16060	-5184	-4172	-596	530	-1689
16068	-4596	-3436	-489	926	-1483
15880	-4328	-2412	138	907	-1285
15660	-3784	-2824	191	315	-935
16112	-3848	-3292	605	44	-708
15196	-3764	-2640	566	-32	-689
15224	-4128	-2192	977	-814	-567
14984	-3860	-2776	1406	-1596	-3
15576	-3692	-2464	2106	-2272	420
15288	-3932	-2044	3329	-2960	1042
15632	-3576	-1904	4058	-4407	1898
15920	-3760	-1516	5028	-4883	2471
14996	-4040	-2420	5878	-5821	3076
15544	-4100	-2128	7096	-6932	3954
14204	-4316	-3652	7875	-6843	4805
13780	-5348	-2280	8962	-8430	5713
14136	-4932	-3180	10201	-8444	6434
12576	-5036	-3324	11650	-9155	7904
11396	-5312	-3288	11120	-9715	10065
11988	-6080	-2952	11122	-10761	11265
9828	-6884	-6380	11816	-10309	13287
8800	-7780	-6364	11016	-11451	15217
8844	-9664	-2204	9825	-11223	16284
7664	-10936	-4880	12532	-11724	16853
5824	-10072	-6200	14481	-9034	19436
4348	-11504	-624	12630	-8757	20388
3544	-14184	-1524	13795	-9831	20685
1692	-12692	-9860	17503	-7389	23522
-1484	-14664	96	12956	-3736	24454
-2296	-16364	648	13522	-6760	23497
-3584	-15756	-6832	14039	-3104	25989
-7508	-17656	372	9903	97	25189
-7948	-18560	2896	9482	-3516	23673
-6076	-17960	-3704	10074	-2156	24318
-7788	-18696	540	9563	1319	23411
-10012	-18208	3512	11106	-115	21581
-9128	-18116	1480	11900	-341	21385
-8748	-16600	996	13948	2246	21156
-11944	-15504	5112	13606	4239	19807
-14096	-15256	4984	11005	1959	17885
-12328	-14372	4832	9837	1067	16614
-11916	-12572	5420	7828	2745	16006
-13640	-11816	5848	6206	2506	15105
-13912	-11456	5936	5945	884	13806
-13668	-10840	6320	4881	365	12541
-13040	-10700	6948	4457	275	11353
-13108	-10232	6720	2966	897	10334
-14248	-9516	6176	2282	822	9276
-14388	-9556	6124	1253	-145	7798
-13580	-8780	6296	643	-540	6144
-13452	-8728	5628	-521	172	4516
-14240	-8560	5976	-1322	77	3096
-13264	-8288	5512	-1567	-740	1754
-13376	-7684	5592	-1632	-140	684
-13756	-7584	5360	-1621	-649	-474
-13648	-7160	5384	-1579	-714	-1010
-13980	-6840	5344	-1502	-461	-1114
-14192	-7004	5272	-841	-361	-1468
-13836	-5848	4976	-646	-338	-2434
-14108	-6004	5340	134	127	-2868
-13832	-5856	4856	201	-3	-3148
-13992	-5544	5328	664	-7	-3498
-13136	-5012	5180	-263	-691	-3427
-13344	-5740	4980	-1203	686	-2777
-14264	-5728	5572	-2195	-299	-2663
-12160	-5796	5876	-4022	-1242	-2312
-12572	-7492	5704	-6135	1007	-1898
-15008	-9396	6120	-6949	-868	-2783
-13212	-10268	6680	-7823	-2378	-4882
-12284	-11788	5828	-9626	-941	-7193
-13344	-13232	5584	-9608	-949	-9596
-12820	-13584	4888	-10874	-1275	-11717
-12412	-14276	4024	-12451	-879	-13764
-12104	-14448	3072	-13466	-194	-14888
-12020	-14896	2228	-15262	782	-16145
-12068	-15808	1228	-16623	1882	-17394
-11768	-16288	540	-17350	2917	-18387
-10760	-16804	-628	-17428	4380	-19127
-10316	-17380	-1272	-16137	6297	-19947
-9556	-17532	-2068	-14626	7128	-20433
-8240	-17124	-3648	-13942	8145	-20349
-7056	-16880	-3840	-13327	9169	-19872
-6048	-16488	-4156	-12405	10309	-19432
-5488	-16676	-4928	-11137	11107	-19085
-4324	-16016	-5400	-10268	11132	-18494
-3020	-15880	-5620	-9096	11777	-18124
-2164	-15448	-6096	-8163	12451	-17936
-1024	-14664	-6168	-7523	12182	-17562
548	-13700	-7196	-7912	12070	-16838
1572	-13680	-7676	-8495	12551	-16181
3048	-13252	-6820	-9008	12441	-15713
4280	-12452	-7784	-8851	12662	-15178
5588	-12440	-7112	-8411	13484	-14556
6024	-11788	-7024	-7140	13726	-14168
7420	-10452	-6376	-6048	13024	-13891
8524	-10236	-7024	-5903	13531	-13288
9128	-9144	-5456	-5442	13132	-12677
10064	-8356	-5760	-5974	12626	-12228
11272	-8040	-4416	-6310	12397	-11534
11596	-7740	-3188	-6775	12293	-10795
11968	-7376	-2568	-6012	11431	-10544
12576	-6112	-1948	-5717	10011	-10266
13568	-5280	-1992	-5051	9132	-9970
14168	-3872	-1576	-4699	8653	-9411
14732	-2732	-512	-4399	7091	-8595
16012	-1240	-232	-3803	5709	-7099
15816	-548	776	-3694	4972	-5101
15800	-960	1080	-2396	3008	-3147
15476	-1444	52	-1248	1492	-1109
15636	-2348	-1700	-935	-156	422
15980	-3016	-1772	-507	-79	1038
15180	-3676	-2900	-522	-604	1325
16348	-3712	-3564	-735	-803	1181
16140	-4084	-3000	-873	-263	1068
16320	-4148	-3112	-1200	-446	833
16468	-4156	-2168	-434	-180	555
16912	-3960	-1988	-153	-407	655
16796	-4140	-2556	293	-295	512
16764	-3932	-2308	238	-110	312
15884	-3788	-1576	840	-294	230
16056	-3184	-2152	989	-1155	580
15644	-3248	-2128	1168	-1345	1057
15232	-3224	-1548	1187	-2314	1420
15844	-2924	-1724	883	-3106	1667
15452	-3112	-2228	1327	-3625	2304
15088	-3512	-2688	936	-4808	3454
16500	-3700	-1452	1802	-5191	3880
15212	-4196	-1340	3582	-5028	4273
14568	-4284	-2620	4499	-6299	5273
14468	-4084	-2264	5075	-6311	5779
13024	-4540	-2748	6435	-7564	6766
12740	-4916	-4516	5723	-8606	8709
13128	-5684	-2200	5470	-8905	9509
12320	-6700	-3532	6974	-9869	10019
11380	-6780	-6084	7458	-10387	11844
11604	-7404	-2200	6958	-9964	12641
9472	-9296	-5056	8287	-11105	13464
8304	-9512	-7244	9531	-10903	14794
6952	-10836	-5552	9044	-10750	15932
6312	-12712	-5060	10098	-11225	16318
5532	-12744	-7616	11971	-11160	16975
5000	-13028	-4620	11088	-10014	17945
3772	-14100	-3416	9816	-9332	18605
2032	-15600	-4144	10093	-9519	18986
792	-16220	-4256	9429	-7583	19491
-136	-17176	-2252	8150	-7449	19243
-600	-17884	-2556	9029	-7062	18066
-720	-16744	-4804	11926	-6235	18428
-1976	-17064	-4164	11129	-3723	19496
-4672	-18316	-960	13642	-1982	19179
-5344	-14472	524	17579	-2919	18383
-5928	-14688	-2660	13973	-863	19685
-8544	-16880	944	11152	2031	19246
-10472	-14860	3108	10444	-94	18530
-9556	-14660	1892	7967	-1407	18937
-9308	-14556	2096	8276	520	18988
-12368	-15380	4136	7290	2446	18055
-13856	-14536	4332	6701	-3	16024
-11952	-14472	4456	7661	-839	14762
-11172	-12948	5440	7764	1068	13898
-12944	-12140	5756	6816	1265	13599
-13060	-11952	6268	7161	-644	13645
-12452	-11136	6280	6294	-972	12674
-13332	-10804	6712	3595	-211	11420
-13996	-10684	6160	2046	-1170	10055
-12912	-10500	6008	-360	-1495	8350
-13472	-10532	6248	-1745	-753	6384
-14204	-10272	6068	-1431	-958	4608
-13216	-9688	4896	-2088	-1947	3209
-11864	-9256	5236	-2984	-1349	1815
-12996	-9168	4976	-2270	304	716
-13764	-8484	4980	-1845	-489	95
-13008	-8240	5152	-2161	-970	-335
-12896	-8240	5308	-2003	33	-882
-13844	-7776	5424	-715	-61	-1311
-12880	-7260	5040	-500	-614	-1899
-13192	-7216	5044	-527	481	-2332
-13996	-6916	5488	27	28	-2255
-12804	-6800	5148	-186	-1	-1795
-13316	-6744	5192	-433	555	-1835
-12824	-6744	5072	-528	-94	-2015
-13236	-6492	5308	-249	756	-1635
-13280	-6756	5060	-578	514	-1128
-13496	-6368	5168	26	555	-824
-13252	-6836	5072	402	380	-625
-13084	-6556	5300	274	180	-386
-12620	-6840	5476	277	459	-19
-13240	-6992	5616	171	1152	276
-13848	-7248	5552	711	-5	348
-12352	-7360	5276	-28	-448	118
-12956	-8552	5768	-1899	527	-416
-13852	-9280	5708	-3132	224	-1871
-13212	-9796	5232	-5299	-341	-3576
-12888	-11032	5356	-7042	-82	-5472
-12588	-11592	5476	-8323	184	-6776
-12192	-12680	4444	-9083	713	-7643
-12120	-12868	3724	-8473	755	-9043
-12140	-13288	4120	-8665	311	-10787
-11636	-13992	3376	-8973	909	-12075
-11860	-14376	2964	-9506	2197	-12727
-12152	-14488	2084	-10126	2746	-13939
-11924	-15148	2008	-10165	2666	-14970
-11036	-15464	1772	-10148	2956	-15756
-10412	-15712	1136	-10601	4050	-16150
-9684	-16116	-28	-10507	5088	-16538
-9384	-16396	-516	-10328	5798	-16943
-8588	-16320	-672	-10321	5610	-17284
-6880	-16204	-2040	-10174	6325	-17239
-6476	-16120	-2620	-10469	7709	-16845
-5940	-16512	-3020	-9809	7550	-16593
-4820	-16020	-3108	-8977	7714	-16339
-3504	-15960	-3820	-8086	8012	-16137
-2652	-15680	-4960	-7879	8480	-15599
-1452	-15344	-4372	-6861	8148	-15291
32	-15172	-5112	-6289	8725	-15031
356	-15000	-5896	-5814	9148	-14615
1432	-14344	-5280	-6016	8748	-13967
2860	-14116	-6108	-5705	8886	-13575
3516	-13628	-6424	-6086	9323	-12978
4696	-13200	-5692	-6980	8928	-12607
5880	-13220	-6120	-6821	8997	-12395
6448	-12596	-6168	-6167	8954	-12086
7404	-12100	-5212	-6484	8988	-11493
7840	-12072	-5688	-6241	9274	-11291
8748	-11620	-5476	-5231	8834	-11457
9888	-10876	-4336	-4617	8643	-11110
10364	-10448	-5444	-3734	8695	-11024
10564	-9820	-5468	-3943	8689	-10797
11696	-8896	-3904	-4374	8456	-10626
11980	-8652	-4632	-4733	8463	-10445
12472	-7736	-4332	-5153	8351	-9965
13132	-7200	-3960	-4956	8159	-9671
13284	-6796	-3600	-4570	7964	-9194
13484	-6104	-2256	-3822	7195	-8815
14060	-4800	-2720	-3559	6482	-8450
15000	-3816	-1672	-3609	5975	-7520
14888	-3156	-956	-2773	5069	-6460
15080	-2552	-180	-1853	3742	-5084
14884	-2440	-264	-596	1976	-3481
15140	-2060	-1084	336	-15	-1780
15800	-2200	-2124	-23	-643	-94
15256	-3500	-2516	-729	-467	1189
15532	-4324	-3296	-1142	-918	1567
15740	-4808	-3712	-1190	-1047	1489
15860	-5388	-3644	-921	-752	1057
16004	-5744	-4012	-374	-712	674
16448	-5500	-3444	86	-826	28
16748	-5436	-3596	332	-594	-448
16240	-4964	-3416	509	-108	-495
16256	-4816	-3472	179	-247	-429
15980	-4740	-3860	336	-80	-347
16176	-4400	-3720	136	-61	-255
15856	-4648	-3600	-33	35	-170
15944	-4340	-3552	238	128	-306
15496	-4292	-3184	227	-69	-280
16044	-4316	-3580	249	-220	-253
15908	-4060	-2960	-33	-298	42
15912	-4524	-3016	-1	-485	188
16048	-4504	-3304	131	-636	296
15772	-4768	-2956	203	-679	306
15980	-4676	-3124	591	-976	273
15732	-4380	-3308	800	-876	438
15928	-4484	-2916	1293	-1529	490
15680	-4284	-2960	1491	-1644	852
15500	-4208	-3176	1814	-2039	1234
15576	-4320	-3044	1966	-2722	1789
15504	-4300	-3196	2083	-2691	2187
14896	-4416	-3544	2652	-3139	2692
15276	-4628	-3452	2614	-3956	3319
15028	-4640	-3380	2838	-3999	3768
13912	-5052	-4244	2731	-4606	4748
14388	-5288	-3848	2624	-5125	5475
14344	-5624	-3228	3061	-5218	5819
13880	-5860	-3764	4223	-5784	6748
12544	-6244	-4960	4163	-6252	8158
13284	-6800	-3244	4466	-6914	8336
11316	-7816	-6088	4789	-6637	9417
10516	-8148	-6260	4624	-7468	10517
10428	-9316	-4200	4083	-7685	11049
9916	-9988	-5336	5488	-8507	11163
9236	-9512	-5912	5710	-8335	12088
7956	-11508	-5328	5640	-8283	13218
8208	-11600	-3292	6980	-8729	13052
6188	-12248	-6080	8343	-8468	13937
6024	-11408	-5912	8390	-8215	15086
4684	-13584	-4120	7417	-7085	15713
2248	-14980	-4996	8865	-8321	15985
1872	-14348	-5764	8379	-7932	16573
1516	-15372	-3056	7418	-7685	16490
80	-16152	-4672	6690	-7114	17390
-1088	-16864	-4452	8215	-5949	17072
-2264	-17336	-3756	9000	-6185	15791
-2088	-17572	-2920	9165	-5873	16009
-2744	-17096	-6896	10692	-3802	17099
-4852	-17288	-1468	9650	-1506	16107
-6396	-18480	-1340	8997	-1263	15485
-5736	-18036	-2156	8741	-673	15775
-5344	-16428	-796	12101	714	15094
-6756	-15544	296	13205	1667	14383
-8100	-15540	1672	12477	1165	14381
-8232	-14592	2444	12278	1182	14148
-9788	-14140	2460	8751	1866	14492
-10884	-14640	3428	5624	135	14211
-10396	-14416	4444	4023	-150	13664
-10876	-14784	3548	3590	193	13220
-11008	-14792	5332	4337	-925	12034
-10940	-13892	5672	6629	-531	10742
-11916	-12740	5500	8037	-281	10336
-12132	-11840	5632	8536	-536	10280
-12272	-10956	5640	7811	-159	9433
-12880	-9988	5908	6058	-539	8612
-12608	-10220	5976	4596	-614	7933
-12916	-9392	5780	2455	-702	7179
-13140	-9284	5396	689	-1008	6356
-13172	-9248	5984	-724	-1263	5925
-12388	-9264	5596	-1883	-1346	5268
-13280	-9244	5888	-2007	-889	4343
-13052	-9116	5584	-1281	-1540	3008
-12824	-8596	5644	-1074	-1098	1591
-12864	-8020	5660	-127	-261	352
-13612	-7752	5416	876	-9	-303
-13304	-7056	5248	1392	-684	-620
-12468	-7080	5264	1196	-11	-528
-13260	-6504	5252	986	516	-728
-13356	-6700	5340	551	95	-828
-13872	-6408	5532	-238	345	-593
-13080	-6408	5488	-1462	-403	-627
-13088	-6704	5500	-2082	1161	64
-14232	-7008	5612	-2254	53	352
-12400	-6784	5704	-1566	-1614	145
-12060	-7696	6084	-1609	1534	100
-13948	-7120	6004	-1365	449	-407
-12372	-7400	5644	-839	617	-1062
-13752	-6764	6292	-11	1009	-1656
-13044	-6820	6140	266	-306	-1817
-13244	-6352	6084	-314	1057	-1381
-13452	-6480	6052	-1195	-9	-938
-12292	-6300	5624	-1982	-82	-478
-13964	-6632	5856	-2483	-174	183
-12924	-7036	5520	-4264	-1938	-138
-12264	-8216	6324	-5349	-1451	-934
-12720	-8372	5784	-6677	327	-1140
-13780	-9392	5340	-8807	-200	-1938
-12752	-10172	5060	-8812	-986	-3571
-12448	-10952	4836	-10901	-163	-4788
-12412	-12364	4636	-12170	404	-6172
-12436	-12624	3332	-13681	841	-8005
-12636	-13376	3080	-16417	777	-9383
-11560	-14060	2224	-18026	1907	-10063
-11284	-14540	412	-20054	4153	-10709
-11868	-15472	-280	-19916	4846	-11953
-11232	-16192	-764	-17929	5361	-12656
-10368	-16096	-1984	-15199	7087	-13584
-10880	-16008	-3208	-12395	8950	-14360
-11020	-15476	-3924	-10306	9212	-14811
-9912	-15304	-4096	-9204	9537	-15285
-8800	-15028	-5464	-8558	10515	-15474
-8396	-14544	-6148	-9405	11177	-14945
-7376	-14748	-5912	-10346	11243	-14415
-6464	-14888	-6804	-9822	11907	-14344
-5708	-14732	-7524	-9584	11717	-14115
-4428	-14632	-8204	-9542	11874	-13483
-3116	-14884	-8228	-8019	12318	-13283
-2468	-14196	-8188	-6839	13261	-12726
-1564	-14252	-8352	-5573	12922	-12538
220	-14036	-8356	-4182	12823	-12641
932	-13344	-8796	-3660	13057	-12366
1856	-12708	-8884	-3828	12656	-12122
3412	-12368	-9120	-4621	12364	-11845
4252	-12428	-8172	-4264	12665	-11420
5076	-11488	-6804	-3865	12313	-11030
5912	-11616	-7884	-3489	11623	-10740
7176	-11208	-6624	-2688	11278	-10702
7128	-10648	-7620	-2703	11121	-10440
8384	-9704	-6972	-3484	10365	-10030
9456	-9860	-7924	-4681	10416	-9705
10136	-9764	-7420	-4967	10776	-9632
10108	-9308	-7676	-5353	10966	-9492
11292	-9184	-6780	-4827	10960	-9920
11560	-8724	-5296	-2804	10911	-10343
11992	-7088	-5888	-1908	10057	-10567
12496	-5996	-4428	-2220	10130	-10003
12604	-5172	-3132	-2436	9093	-9154
13424	-4280	-2616	-2374	8035	-8345
14028	-3808	-2340	-2234	6999	-7187
14476	-3168	-564	-2122	5495	-5448
14968	-2692	-780	-1846	4045	-4294
15188	-2792	-1160	-271	2919	-3295
15436	-1988	-1020	-36	1572	-1955
15296	-2292	-624	63	491	-718
14372	-2172	-3544	318	-1216	518
15288	-2460	-4140	-1221	-1548	2023
15668	-4504	-3500	-1647	-1721	2107
16272	-5536	-4568	-1363	-1579	1481
16400	-5764	-4792	-985	-1061	671
16380	-5960	-3764	-171	-583	-151
16244	-5716	-3444	705	-595	-492
16620	-4880	-4112	750	-520	-722
16372	-4660	-4240	751	-80	-722
15776	-4308	-3900	431	-146	-625
16000	-3960	-3748	86	-345	-455
15560	-3900	-3740	97	-539	-187
15520	-3924	-4280	-477	-457	50
15416	-4300	-4240	-323	-629	11
15556	-4300	-4736	-270	-567	23
15360	-4056	-3868	19	-780	221
16208	-4188	-3788	-110	-1189	568
16224	-4184	-3768	-130	-646	802
15540	-4548	-4028	2	-883	1049
16024	-4228	-3692	30	-1346	1168
15936	-4128	-3412	120	-1552	1324
15288	-3968	-4228	2	-2184	1599
15444	-4656	-3408	234	-2500	2038
15348	-5032	-3240	1381	-3465	2375
15492	-4476	-3592	2482	-3921	2845
14736	-4864	-3908	3631	-4448	3375
14512	-5008	-4456	3807	-4562	4020
14068	-5264	-2804	4422	-5239	4494
14056	-4868	-5020	5499	-6429	5182
13364	-5112	-5980	5077	-6840	6356
12972	-6548	-4064	3867	-6879	6891
12900	-7628	-4832	3980	-6942	6684
12592	-7056	-6912	4674	-6801	7149
11480	-8808	-5108	3873	-7019	8018
12088	-9576	-3972	4578	-7531	7459
11436	-8148	-6204	6812	-7920	7983
9704	-8144	-5340	6041	-7334	10022
9412	-9592	-3900	5654	-8944	10604
8000	-10772	-7408	7724	-9342	11460
6316	-9888	-8012	7303	-9005	12373
5380	-12552	-7564	6279	-9990	12798
5276	-12880	-3852	6792	-10019	12707
3984	-13032	-10812	9336	-9993	13046
2212	-12996	-5864	7205	-9099	14642
2008	-14896	-4192	4856	-8869	14376
2108	-15512	-4540	6989	-9452	14254
1200	-13256	-6444	7658	-7814	15908
-1240	-16328	-2736	7719	-7728	15265
-1476	-17232	-3192	10059	-8431	14514
-1452	-14672	-6316	10742	-7034	15820
-3172	-16172	-5064	9208	-4675	16767
-4628	-18256	-3080	9406	-4122	16170
-4740	-18044	-3408	11261	-4588	15098
-4788	-16316	-3668	11540	-3474	15258
-6432	-17364	-3208	7359	-1937	15639
-7728	-18440	1024	7183	-2352	13632
-7424	-17732	-608	7804	-2300	12270
-7676	-16512	-556	8928	-1619	12446
-8240	-15992	1060	9847	-869	12286
-9124	-15256	2744	11130	-536	11317
-9364	-14784	1824	12187	-211	11139
-9588	-13660	2324	10648	238	11145
-10720	-14340	3968	10312	919	10243
-11260	-12976	3648	9441	36	9535
-10708	-12480	3652	8028	-246	9475
-10912	-11648	4656	7489	113	9431
-11788	-11240	4840	5361	-586	10007
-11696	-11740	5364	3645	-1087	9948
-11932	-10720	5032	1398	-342	9122
-12856	-11776	5360	619	-377	8227
-12684	-11244	5840	614	-1106	7409
-12432	-11392	5560	1617	-668	6454
-12824	-11208	5412	3122	-1068	5682
-11700	-11088	5080	3668	-1910	5208
-11500	-10568	5196	2373	-783	4233
-12504	-10084	5580	1015	875	2309
-13216	-9244	5344	-41	803	-392
-13464	-8820	6048	-757	1135	-2313
-13520	-8452	5752	-774	981	-2687
-12468	-7880	5756	-501	498	-2404
-12096	-7784	5528	-381	626	-1932
-12580	-7528	5764	352	-23	-1341
-12484	-7304	5624	74	-323	-689
-12948	-7032	5396	-529	-262	-498
-12604	-7200	5372	-1459	-267	-396
-13596	-7316	5752	-1585	-172	-262
-12472	-7424	4972	-1726	-583	-160
-13116	-7428	5616	-1574	-263	-174
-12644	-7468	5720	-880	-1234	-337
-12384	-7484	5692	-532	754	217
-13564	-7592	5548	-561	-218	38
-11824	-7504	5072	-346	-1077	-190
-13392	-7620	5964	253	719	405
-12748	-7584	5632	-406	-762	586
-11976	-7492	5364	-427	-347	544
-13248	-7824	5996	-994	176	803
-12728	-7608	5600	-1549	-1015	749
-12400	-8136	5344	-2566	-772	371
-12652	-8496	5516	-4023	-746	59
-12592	-9016	5624	-5297	-747	-371
-12536	-9568	5032	-6323	-522	-1143
-12708	-10304	5324	-6838	-1031	-1973
-12072	-10828	4968	-7878	-594	-2709
-12048	-11812	4744	-9330	308	-4025
-12652	-12168	3944	-10756	817	-5785
-12188	-12708	3320	-13102	538	-7462
-11704	-13772	2756	-14698	1593	-8815
-11616	-14256	1936	-14869	2395	-10043
-11740	-14724	1536	-14773	3096	-10867
-11380	-14652	884	-14400	3717	-11535
-11076	-14636	-336	-13869	5016	-12285
-11040	-14752	-1584	-13444	6127	-12591
-10716	-15072	-1936	-13195	6610	-13145
-10108	-15624	-2508	-12401	7618	-13489
-9520	-15364	-3540	-11314	8403	-13783
-8972	-15756	-4828	-11108	9213	-13805
-8228	-15820	-5052	-10749	9962	-13972
-7172	-15792	-6008	-10057	10599	-14084
-6120	-15500	-5940	-9662	10802	-13874
-4856	-15388	-6980	-9197	11103	-13641
-4012	-15264	-7564	-8009	11496	-13505
-3600	-15312	-7564	-7500	12122	-13237
-2468	-15104	-7412	-6760	12035	-13204
-1188	-14592	-7424	-5760	12214	-12890
-328	-14108	-8120	-5334	12147	-12600
344	-13764	-7308	-5402	12201	-12386
1716	-14024	-8608	-5003	12225	-12485
2668	-13296	-7748	-4111	12351	-12065
3160	-12444	-8948	-4425	12057	-11519
4696	-12196	-8004	-4668	11536	-11361
5896	-12080	-7892	-4346	11721	-11032
6308	-11436	-7620	-4101	11629	-10947
7472	-11224	-7896	-4796	11361	-10700
8132	-11172	-8152	-4299	11416	-10908
8592	-10496	-7048	-3925	11416	-10876
9308	-10196	-6412	-2706	10919	-11038
10400	-9048	-6212	-2455	10539	-10917
10720	-8148	-5492	-3282	10772	-10162
11376	-7616	-5920	-3640	10500	-9830
11908	-7692	-5348	-3486	10371	-9380
12612	-7200	-3840	-3241	9624	-9077
13436	-6800	-4020	-1974	9543	-9301
13040	-5924	-2832	-1088	8921	-8775
14460	-4792	-1760	-260	7483	-8004
14460	-3448	224	685	6980	-6414
13340	-2372	1040	1311	4267	-4789
14556	-2464	-492	1515	2131	-3150
14616	-2548	-532	1224	1012	-1460
15312	-2600	-1800	34	-859	-57
15772	-3304	-3608	-1021	-1370	719
15696	-3984	-3324	-1520	-1498	923
16236	-4564	-4116	-1651	-1527	781
15504	-5360	-4484	-774	-1003	698
16352	-5216	-3884	-234	-1110	566
15784	-5276	-3756	2	-352	494
16256	-4888	-4072	37	-356	708
16064	-5544	-3764	-301	-87	765
15900	-5688	-3496	-441	113	508
15068	-6204	-3552	-140	-436	69
15960	-5436	-4040	344	-364	-241
15188	-5424	-3108	682	-600	-312
15768	-4892	-3264	997	-1142	-96
14976	-4804	-3400	1116	-1433	207
14668	-4912	-3888	1154	-2112	625
15032	-5152	-3868	1090	-2815	976
15408	-5372	-4156	1033	-2966	1106
14540	-5884	-4384	1196	-2881	1122
15172	-5740	-5588	693	-3045	952
15864	-6136	-5092	729	-1942	323
15604	-5540	-4100	1422	-1673	286
14924	-4644	-3308	2042	-1779	909
14480	-4532	-2356	2987	-3060	1800
14332	-4240	-2680	4042	-4311	2803
13552	-4188	-3180	4549	-5426	4018
12592	-4680	-2732	4873	-7000	5257
12580	-5436	-2704	5007	-8665	6431
12536	-5728	-3952	5396	-9206	7473
12296	-6196	-4668	6158	-10161	8591
11968	-7292	-3984	5832	-10760	10095
11564	-7840	-3840	6663	-10539	10490
9472	-8456	-6088	8283	-10495	12020
8552	-9000	-6540	7601	-11000	13540
7816	-10748	-4864	7506	-11130	14085
5828	-11328	-9280	9595	-11433	14890
4600	-11328	-7208	7488	-11099	16352
3936	-13752	-4752	6982	-11587	16453
3028	-14160	-7948	10095	-11420	16699
2204	-14224	-6076	9923	-10816	17405
208	-16968	-4860	12281	-9733	17555
-568	-15780	-5696	15958	-10136	17695
-1228	-14816	-5972	14259	-8141	18797
-4536	-18116	-4408	12686	-5743	19649
-5596	-17980	-2808	13333	-6290	18971
-4732	-16200	-2296	12352	-5918	18733
-6148	-16420	-2920	9436	-3975	20081
-7584	-17996	-608	9492	-3495	19577
-7532	-17180	140	12800	-4038	17976
-8168	-15884	-64	13173	-2595	18321
-9644	-16356	1624	11893	-964	18803
-11608	-14976	2568	11110	-908	17672
-11740	-14628	3096	8435	-2358	17103
-10968	-14168	3880	7441	-1954	17420
-11620	-14192	4908	7270	-28	17399
-13836	-14192	5272	7833	-21	15222
-13928	-14152	5664	8320	-2396	12369
-12060	-12652	5904	7303	-1168	10662
-12728	-11888	5460	6006	716	9588
-13316	-11380	5260	5668	-321	8955
-12140	-10396	5548	4818	-1741	8117
-12184	-10356	5852	3281	-877	7389
-13444	-9824	5668	2293	-218	6353
-13560	-9428	5348	826	-810	4976
-13344	-8984	5408	-200	-1114	3081
-12724	-8428	5464	-1436	-587	1143
-13256	-8204	5588	-1755	-5	-54
-13492	-7488	5512	-2173	-265	-547
-13016	-7760	5484	-2534	12	-724
-13360	-7192	5692	-2385	-125	-1121
-12936	-7264	5756	-937	170	-1246
-13476	-7208	5992	-533	310	-1391
-12812	-6912	5492	211	-65	-1511
-13708	-6768	5796	1285	714	-1143
-13560	-6648	5412	775	-252	-1375
-12716	-6192	5676	416	556	-1431
-13596	-6872	5752	17	912	-1284
-13356	-6656	5808	-986	-312	-1333
-12140	-6856	6080	-2322	-375	-1407
-12340	-7928	5628	-5031	300	-1368
-14248	-8900	5400	-7239	-591	-1861
-12828	-9980	6096	-11669	-2004	-3832
-11956	-11640	5492	-12514	773	-5716
-13436	-12620	4444	-13610	1576	-7141
-12864	-13308	4184	-13898	-449	-9178
-11436	-13528	3772	-13410	637	-10794
-12052	-14300	2436	-13876	2824	-11817
-12548	-14464	1732	-14089	3084	-12775
-11732	-14628	1076	-14041	3058	-14029
-11248	-14812	160	-14958	4425	-14390
-11060	-15216	-620	-15200	5499	-14742
-10768	-15496	-2280	-15042	6630	-15312
-10396	-15968	-2316	-14299	6970	-15498
-9188	-15736	-3344	-13301	8049	-15414
-8520	-15532	-3948	-12598	9337	-15254
-7832	-15972	-4228	-11034	10025	-15188
-7060	-15540	-5228	-10269	10502	-14936
-5800	-15312	-5688	-9083	10785	-14843
-5308	-14956	-6432	-8998	11465	-14336
-4444	-14864	-6404	-8946	11089	-14039
-2652	-14448	-6704	-8618	10775	-13674
-1688	-14716	-7452	-7906	11743	-13444
-1136	-14128	-7976	-7815	11517	-13127
448	-14480	-8888	-6888	11241	-12965
1504	-13748	-7372	-5917	11983	-12627
2472	-13532	-8884	-5069	11763	-12561
3324	-12788	-8348	-5052	12445	-12135
4256	-12452	-8328	-5421	12508	-11636
5312	-12724	-8476	-5638	13060	-11373
5712	-12276	-8056	-4785	13306	-11653
6964	-11256	-8084	-5060	12364	-11577
8548	-10708	-7608	-5934	12495	-11493
8824	-10264	-8488	-6451	13466	-11621
8932	-10096	-7692	-7241	13642	-11410
10472	-9344	-6492	-7191	13477	-11489
10944	-9264	-6488	-5763	14374	-11928
10760	-7856	-5908	-4394	14125	-12214
12300	-6028	-5072	-4078	12986	-11929
13200	-4948	-3496	-3668	12833	-11133
12612	-3644	-1924	-4178	11826	-9653
13392	-2292	-1384	-4620	9775	-8248
14200	-2344	360	-4805	8564	-6276
14352	-2052	1296	-3216	6349	-4598
14728	-1992	1868	-1145	3341	-2860
15524	-1788	148	-210	1653	-1472
15048	-2244	-480	627	185	-220
15308	-2220	-1708	59	-1470	1054
16168	-3060	-3656	-1285	-2026	1630
16076	-4104	-3288	-1932	-1192	1495
15756	-4684	-3692	-1989	-1398	1169
16804	-4856	-4212	-1301	-1043	587
16872	-4604	-4020	-136	66	-88
16656	-4508	-3400	291	-130	-433
17080	-3996	-3092	729	169	-635
16000	-3500	-2756	523	399	-427
15984	-3668	-3104	98	72	65
15844	-3728	-3048	-425	-132	265
15860	-3720	-2776	-422	-164	191
14968	-3856	-2136	347	-907	290
16144	-3176	-2912	867	-2022	414
15536	-3228	-912	1153	-1995	696
15048	-3412	-1780	2184	-3641	1446
16256	-2980	-3440	1768	-4596	1896
15964	-3808	-2568	1390	-3989	2353
14516	-4436	-3300	2311	-4989	2837
15644	-4064	-4480	2550	-5878	3492
15136	-4532	-3328	2565	-5308	3810
14652	-4688	-2520	3858	-6298	4079
14724	-4160	-4072	4328	-7219	4848
14064	-4692	-4076	4324	-7257	5663
12920	-5416	-4780	5201	-8296	6346
12892	-5672	-5564	4668	-8986	7504
12100	-6500	-4952	4808	-8626	8426
11616	-6720	-5288	5777	-9679	9174
10768	-7644	-5256	6020	-9806	10355
9600	-8724	-4712	5927	-9995	10931
10052	-9092	-5976	7180	-10752	10909
8584	-9020	-7600	7487	-10066	12518
7120	-10968	-6932	6530	-10145	12877
6400	-12488	-7380	7140	-10969	12787
5816	-11708	-9632	7108	-10399	13300
4456	-12992	-8428	5590	-9814	14298
4204	-14260	-4492	4968	-9899	14193
3736	-14996	-6496	8236	-10500	13601
2688	-13520	-7580	8936	-8056	14677
1280	-15884	-4372	8555	-8214	13733
608	-16760	-5688	11232	-8673	13340
-524	-14872	-9884	9712	-6746	14871
-1952	-16632	-4492	5926	-5939	14186
-2548	-18000	-3616	7159	-6502	13639
-2308	-15628	-6292	6431	-7064	14637
-3028	-16892	-3168	5301	-5348	14574
-4400	-17872	-1612	7854	-4450	13750
-5648	-16952	-5112	10425	-4944	13672
-6780	-16504	-1288	8213	-4424	13243
-6628	-17340	-1232	8345	-4539	12072
-6668	-15732	-1188	9648	-4164	12332
-7596	-15408	12	8906	-4140	13323
-8300	-16116	1172	9563	-3770	12361
-9272	-14976	1148	11116	-2871	12042
-9724	-14240	784	10986	-2962	12848
-10264	-13140	2520	9062	-2101	12838
-11280	-13632	2892	7336	-2461	11860
-11160	-13116	3360	6349	-2690	12141
-11028	-13032	3468	7197	-2167	12273
-11980	-12592	4216	8830	-2080	11925
-12224	-12352	4544	8932	-2285	11160
-12192	-11828	4884	8270	-1185	9894
-12948	-11140	4668	5637	-538	8614
-12980	-10992	5244	3687	-1415	7440
-12340	-10936	5172	963	-1805	6220
-11888	-11208	5412	-868	-1314	5201
-12436	-11152	5536	-1633	-924	3951
-12196	-11080	5364	-1167	-1283	2322
-12332	-10824	5492	-82	-353	875
-12548	-10228	5424	983	171	-56
-12628	-9384	4996	1345	274	-823
-12408	-8900	5108	1599	328	-1316
-12396	-8308	4996	1051	819	-1699
-13216	-8084	5064	489	663	-1779
-12556	-7604	4936	-781	-209	-1709
-12652	-8112	5440	-1669	837	-1498
-12960	-7644	5504	-1971	675	-1677
-12680	-7764	5308	-1638	816	-1482
-12736	-7852	5736	-1152	405	-1642
-12040	-7512	5464	-28	794	-1781
-13052	-7772	6068	858	1310	-1490
-12748	-7712	5812	1102	342	-1187
-12328	-7284	5840	1874	666	-908
-12672	-7288	5896	1599	988	-532
-12520	-7420	5668	1104	317	-234
-12456	-7264	5932	179	254	351
-12692	-7460	6020	-146	92	738
-12376	-7988	6060	-289	217	1090
-12752	-7880	5948	-192	-37	1055
-12032	-8364	5560	129	61	989
-13864	-8100	6332	1108	224	941
-12148	-8132	5700	1324	-1398	752
-12332	-8244	6212	1661	1070	894
-13160	-8340	5940	2117	96	400
-11660	-7932	5952	3076	-1165	8
-12604	-8244	6228	2614	1349	441
-13660	-7844	6096	1923	-77	300
-11456	-7484	5124	958	-396	302
-13260	-7652	6104	932	911	362
-13152	-8156	6124	746	-610	133
-11532	-7784	5616	467	576	199
-13244	-7576	6036	296	834	-195
-12280	-7616	5556	301	-1018	-620
-12896	-7396	6340	271	1483	-342
-13084	-7916	5852	-457	132	-715
-11680	-7224	5616	-20	-749	-946
-13316	-7460	6428	-224	1504	-475
-13120	-7864	6220	-650	-92	-814
-11668	-7728	5976	-315	612	-732
-13552	-7428	6428	-561	394	-513
-12712	-7884	6504	-1187	-618	-459
-11836	-7852	6116	-2978	154	-259
-13332	-8628	5992	-5221	126	-509
-12600	-9452	6040	-7707	-1562	-2200
-11664	-10736	5836	-8842	120	-3691
-13012	-11796	5560	-10538	841	-5375
-11928	-12352	5428	-10168	-115	-7370
-11760	-12984	4620	-9998	1008	-8547
-12028	-13612	4312	-9460	986	-9373
-11540	-13792	3976	-9821	1069	-10594
-11536	-14436	3100	-10806	1633	-12066
-11592	-14656	2188	-12388	2364	-13280
-11620	-14832	1608	-14780	2968	-14304
-10444	-15316	660	-16554	3333	-14836
-9960	-15936	-600	-17714	5104	-15258
-9740	-16372	-1712	-18219	5674	-15620
-8544	-16968	-2520	-17725	6399	-15937
-7588	-17136	-3844	-15858	8188	-16224
-7208	-16676	-4544	-14087	9014	-16373
-6204	-16448	-5104	-12445	9627	-16369
-5536	-15964	-5652	-11523	10534	-16141
-4420	-15180	-6468	-10232	10614	-15788
-3144	-14676	-7152	-10475	10803	-15059
-2316	-14596	-7176	-10763	11561	-14086
-1008	-14376	-7656	-9327	11257	-13767
104	-14320	-8684	-7677	11749	-13460
640	-13840	-8276	-6694	11937	-13109
2156	-13044	-8168	-6145	11569	-12535
3728	-12488	-8128	-5612	11864	-12362
4288	-12360	-8332	-5001	12508	-11813
4452	-11616	-7504	-5547	12241	-11105
5936	-11436	-8220	-6349	11501	-10691
7208	-11272	-8040	-6307	11842	-10625
7456	-10816	-7904	-6078	11847	-10474
8560	-10308	-7304	-5753	11282	-10229
9220	-10228	-7328	-5001	11244	-10171
10212	-9120	-6124	-4827	11115	-9932
10792	-8904	-7444	-4730	11305	-10017
10524	-8208	-7256	-4840	11509	-9471
11812	-7364	-6996	-5126	10887	-9509
12484	-7528	-6708	-5229	11542	-9080
12912	-6752	-5012	-4120	11274	-9140
13628	-5768	-2572	-2908	10416	-8816
13788	-4332	-2000	-2166	9535	-8005
14076	-3124	-2244	-1282	8257	-7192
14560	-2028	-600	-1210	7129	-5558
14704	-2092	164	-1314	5002	-3629
14656	-2396	-856	-647	3239	-1942
15096	-2048	-1208	-981	1159	-561
16032	-2792	-1796	-1270	79	35
15412	-3700	-1908	-826	-53	612
16048	-3652	-4036	-1180	-1351	755
16460	-4724	-3992	-1415	-434	558
15716	-5044	-3116	-1024	-177	134
16520	-4932	-3716	-578	-185	-144
16404	-4656	-3640	18	102	-317
15704	-4960	-3588	419	287	-452
16148	-4360	-3532	417	-236	-653
16288	-4040	-3488	70	-12	-766
15932	-3688	-3732	-309	-267	-737
16316	-3952	-2992	-785	-293	-531
16160	-3768	-2412	-571	-148	-224
15668	-4020	-3208	273	-736	129
16100	-3676	-3084	728	-795	339
15640	-3764	-1484	1497	-1016	445
15748	-2824	-1592	2297	-2624	993
15308	-2696	-1808	2039	-3553	1829
14896	-2864	-1792	2287	-4909	2509
14836	-3220	-2464	2205	-6125	3541
14552	-4036	-3148	2929	-6557	4249
14088	-4196	-3276	4248	-7390	4969
13852	-4488	-3480	4703	-7750	6238
13196	-5632	-3232	5809	-8142	7421
12932	-5292	-4160	7194	-9425	8168
12364	-5516	-4452	7152	-9957	9501
11452	-6368	-3472	6945	-11188	10575
11660	-6828	-4044	7156	-12277	10892
9376	-6776	-6016	7912	-12786	12092
7460	-8552	-6624	7070	-13246	13983
7968	-10280	-4624	7984	-12904	13917
6072	-11348	-6760	9556	-12367	15237
5048	-11940	-7200	9651	-11036	16575
4720	-13912	-5736	11250	-10106	16097
2836	-14032	-7624	12523	-8938	17063
1824	-14284	-7672	11015	-7187	17718
1168	-15892	-5488	11779	-7393	17116
520	-15920	-6844	12976	-7509	17645
-608	-16048	-6428	10896	-5266	18433
-3188	-17940	-1956	9809	-4579	17926
-3436	-17256	-3076	10120	-6356	18383
-2568	-15664	-1564	9973	-5892	18947
-4900	-17364	-1616	11201	-4463	19899
-7316	-16716	444	11842	-4201	19142
-7580	-16588	-244	12196	-4367	18608
-7580	-15448	392	12847	-4242	19763
-8904	-16188	1960	12224	-2946	20010
-11556	-16280	2376	11526	-2003	19016
-12112	-16124	2880	11166	-3279	17414
-10988	-15416	3848	11781	-1707	16601
-12456	-14252	4016	11617	-619	16408
-12792	-13348	5260	10636	-2336	15701
-11740	-12680	5376	9503	-1511	14234
-13220	-12280	5636	7037	15	13397
-13764	-11816	5540	5315	-1672	12057
-12380	-11432	5628	2672	-1953	10301
-13228	-11628	6152	493	-492	8781
-13460	-11164	5788	-1169	-1636	7191
-12248	-11012	5300	-3431	-1244	5338
-13176	-10824	5564	-3505	-304	3697
-12356	-10232	5552	-3366	-1774	1876
-11476	-10296	5496	-2458	-337	405
-13032	-9832	5736	-345	210	1
-12608	-9208	5292	248	-1111	-464
-11960	-9336	5068	1477	384	-1067
-13616	-8628	5104	1647	739	-1417
-13252	-7888	5132	1446	-412	-2074
-12436	-7896	5100	168	699	-2499
-13748	-7460	5308	-1085	853	-2827
-13200	-7508	5572	-1464	-366	-3032
-11504	-7304	5152	-3908	-24	-3035
-13124	-6464	4824	-6337	1362	-3125
-14168	-7808	6064	-11038	-1544	-3774
-10940	-9040	5168	-15660	-1430	-3545
-12768	-11164	5748	-18067	3448	-3421
-13500	-12648	4824	-15971	665	-5507
-11248	-13688	4252	-12293	721	-6830
-11440	-13804	3748	-8878	2587	-7783
-11944	-13272	2060	-7120	2819	-8868
-12004	-12840	1688	-7981	2775	-9836
-11512	-12652	1224	-10364	3194	-10319
-11500	-13088	-148	-13705	4300	-10432
-10900	-13740	-544	-15634	4606	-10803
-10352	-14268	-1572	-16263	5615	-10650
-9968	-14808	-2404	-15734	6086	-10584
-9088	-14256	-3328	-15112	6799	-10575
-8720	-14392	-4508	-14791	8063	-10392
-8544	-14452	-5924	-14564	9186	-9950
-7968	-14396	-6076	-13589	9213	-9906
-7056	-14492	-6596	-12099	9779	-9709
-6664	-14136	-7684	-11099	10373	-9648
-6352	-14188	-8152	-10676	10676	-9147
-4972	-14168	-8940	-9196	10954	-9323
-4264	-14336	-9772	-7906	11502	-9329
-3748	-13852	-9788	-6627	11687	-9269
-3148	-13796	-10144	-6058	12214	-9042
-2348	-13792	-10332	-5265	12414	-9141
-1084	-14020	-10464	-3580	12240	-9702
-312	-13516	-10500	-3211	12607	-9891
624	-13172	-10360	-2642	11965	-10220
2012	-12412	-11544	-3784	11717	-10222
2884	-12256	-10516	-4755	12406	-10079
3040	-12696	-10948	-4803	12309	-10018
4396	-12004	-9652	-4167	11757	-10075
5144	-11296	-9920	-3739	12240	-9745
5456	-10644	-9376	-2921	12254	-9732
6744	-10292	-10160	-2888	11603	-9825
7660	-10048	-9956	-2550	12144	-9684
8092	-9792	-10092	-1976	12041	-9924
8884	-8764	-9508	-1816	11906	-9739
9788	-8100	-8464	-2869	12106	-9370
10116	-7872	-8740	-3351	12643	-9007
10112	-7224	-8632	-3973	12667	-8806
11084	-7340	-8156	-4704	12528	-8637
11712	-6676	-7228	-4496	12878	-8548
11656	-5964	-6064	-4535	12773	-8210
12868	-5172	-4884	-4403	11914	-7854
13772	-3604	-3640	-4502	11806	-6990
14288	-2508	-1604	-4492	11056	-5750
14792	-1544	316	-4345	9278	-3962
14896	-2108	1312	-3020	6883	-1853
15076	-2220	2092	-1292	3490	-90
15404	-3152	956	-176	814	842
14764	-3988	-1140	110	-966	1611
15220	-4400	-3396	-404	-2352	1861
15384	-4980	-3876	-1448	-1971	1903
15152	-5448	-4112	-1405	-2375	1672
15968	-5172	-4976	-928	-2505	1262
16216	-5408	-3988	-41	-1619	790
15700	-5108	-3048	1182	-1901	540
16508	-4648	-3276	2146	-2474	552
16168	-4568	-2336	2937	-2390	844
15252	-4216	-1676	3519	-3692	1265
14768	-4724	-2932	3293	-4575	1669
14472	-4340	-2160	4121	-5301	1981
13520	-4148	-3492	5071	-6764	2953
13272	-4436	-3776	5252	-8399	4030
13144	-5276	-1924	5622	-9476	4902
12336	-5744	-4384	7184	-10531	5875
12376	-5464	-4544	7323	-11658	7398
12196	-6872	-3828	7688	-12251	7807
11692	-7340	-5948	9480	-12775	8279
10412	-6240	-7356	8571	-11795	10510
9236	-7948	-6652	6114	-12323	12001
8544	-9948	-5504	6506	-12310	13007
7352	-9592	-7616	8303	-11748	13852
5444	-11092	-6612	10440	-11965	14787
4768	-12072	-4320	9721	-12082	15316
4220	-13676	-6272	13192	-12162	15326
1796	-11976	-8284	15070	-9693	17397
48	-13688	-4192	8748	-9299	17918
144	-18156	-3952	11033	-10220	16266
-300	-14712	-8036	13658	-9142	17715
-2632	-15712	-6844	8880	-6958	18311
-3392	-19624	-1616	11334	-7455	16493
-3252	-16812	-4880	13919	-6899	17387
-3420	-15464	-5804	12430	-5271	18577
-5400	-18640	-472	11822	-3245	17946
-7220	-18676	240	13911	-3935	16858
-6860	-16200	-2896	13401	-4681	17572
-7084	-16280	600	12124	-2199	17684
-9472	-16768	1480	11862	-268	17682
-11080	-15980	2508	11275	-1413	16644
-10760	-15216	2948	11106	-1757	15409
-11224	-13888	3880	10472	-823	14961
-12004	-12880	4536	9685	-1662	15402
-11692	-12076	5164	9229	-2257	15622
-12280	-11796	4908	8881	-1254	15592
-13776	-11112	5884	6301	-1595	15110
-13452	-11644	5988	4663	-2046	13652
-13284	-11608	6068	2819	-1141	12066
-13284	-11768	5708	1408	-1658	10023
-12408	-11628	5628	-30	-2087	7777
-12524	-11528	5820	-1398	-986	5623
-12988	-11376	5948	-2017	-1013	3457
-12376	-10648	5520	-2226	-834	1558
-12668	-10152	5312	-2541	-273	175
-12600	-9256	5176	-2439	-530	-906
-13052	-8872	5548	-2230	63	-1422
-12668	-8216	5088	-2237	-413	-1904
-12676	-7796	5216	-1696	446	-2056
-13352	-8012	5464	-1906	407	-2185
-13224	-7024	5388	-1043	123	-2503
-12944	-7300	5456	-419	931	-2461
-13448	-7064	5428	-342	824	-2614
-13020	-6396	5420	292	409	-2426
-12996	-6416	5452	244	849	-1874
-12608	-6580	5244	-426	390	-1529
-13100	-6568	5364	-447	889	-1132
-12672	-6660	5476	-721	19	-333
-13052	-6696	5780	-668	590	377
-12768	-7356	5744	-444	86	355
-13228	-7076	5956	394	492	779
-13196	-7260	5872	339	16	871
-12256	-7328	5220	296	-7	621
-13508	-7664	5800	316	787	1202
-12468	-7752	5800	-490	-990	1624
-11620	-8088	5280	-1847	400	1554
-14200	-8500	5736	-3166	-512	821
-12304	-9548	5932	-6595	-1838	-658
-11868	-10356	5896	-8853	329	-2013
-13380	-11516	5324	-10887	1015	-3249
-13020	-12476	5116	-11097	-897	-5266
-11948	-12912	4424	-11757	-80	-7079
-12204	-13412	4084	-12027	1236	-8563
-12392	-13872	2372	-12733	1985	-9936
-12664	-14272	2388	-13475	2022	-11747
-12180	-14412	1284	-14217	2688	-12630
-11840	-14816	748	-15616	3918	-13722
-11700	-15496	-560	-15814	5101	-14884
-11216	-15684	-1256	-15367	5637	-15526
-10364	-16084	-1572	-14458	6810	-15981
-9892	-16300	-3012	-12627	8375	-16466
-9520	-15868	-3848	-10984	8859	-16631
-8588	-16112	-4236	-10000	9834	-16611
-8140	-15328	-4592	-9441	10540	-16404
-6604	-15012	-5760	-9319	10818	-15849
-5624	-15276	-5968	-9179	11497	-15465
-4932	-15104	-6136	-9079	11419	-15007
-3356	-14788	-7284	-8443	11123	-14885
-2300	-14496	-7912	-8773	11938	-14474
-1580	-14908	-8700	-9102	12187	-14151
-176	-14744	-8032	-8514	12190	-13933
1044	-14452	-8820	-8097	12573	-13872
2316	-14148	-8068	-7494	13347	-13675
3276	-13604	-8404	-6650	13366	-13574
4144	-13024	-9160	-6937	13808	-13525
5824	-12220	-7284	-6559	14113	-13466
6728	-11264	-7900	-5614	14163	-13352
7676	-10648	-7040	-5152	14315	-12908
8460	-10100	-6848	-4335	14147	-12976
8824	-8788	-6348	-4056	13611	-12316
9788	-7588	-5852	-4920	12867	-11611
10432	-7236	-4860	-5317	12995	-10691
10928	-6484	-3592	-4350	11634	-9775
11908	-5428	-3812	-3782	10437	-8718
12388	-4652	-2528	-3211	9037	-7748
12996	-4020	-1964	-2955	7717	-6395
13328	-3836	-1948	-2820	5783	-4694
14072	-3192	-1024	-3101	4229	-2983
14756	-4004	-1928	-2589	3048	-1794
14700	-4064	-2712	-1602	1846	-841
15196	-4496	-2840	-1662	754	-194
15444	-4952	-3580	-1882	182	58
15624	-5592	-3756	-1906	205	140
15356	-5580	-5092	-2079	139	-66
16000	-5912	-4664	-2133	645	-346
15716	-5912	-4420	-1176	884	-657
15632	-5220	-3704	-506	846	-592
15808	-4752	-3844	2	468	-465
15292	-4684	-3764	-81	596	-103
15156	-4664	-3448	-155	-178	28
14972	-5128	-4244	-283	-496	233
14896	-5256	-4100	-497	-471	357
15228	-5320	-3788	-254	-1239	412
15588	-5264	-4216	19	-1205	276
15360	-5072	-3636	431	-1215	363
15060	-5020	-3688	999	-1796	644
15636	-4572	-4076	1172	-2344	959
15276	-5164	-3380	807	-2226	1450
15040	-5104	-3268	1775	-3088	1598
14952	-4636	-4524	2100	-3774	2163
14592	-5120	-3608	2076	-3970	2777
13784	-5500	-2580	3757	-4790	3355
13952	-4588	-5076	4935	-6321	4264
13604	-5400	-4028	4576	-6694	5596
13324	-6840	-3200	5269	-7226	6166
12828	-6824	-5148	5678	-7685	7088
11932	-7296	-6260	4350	-7873	7888
11436	-8424	-5420	4167	-7873	7893
11324	-8816	-5912	4298	-8989	8184
11076	-8672	-6064	4456	-8444	8670
9336	-9520	-5412	5069	-8971	9289
9416	-9936	-6040	4675	-9207	9933
9528	-9740	-6248	6025	-9053	10203
8048	-9864	-7196	7355	-9236	11457
6360	-11556	-5628	6470	-8994	12636
6076	-12532	-5588	7770	-9664	12238
5564	-11392	-7284	9609	-9326	13386
3616	-12404	-4108	7445	-9149	14876
2964	-15128	-4208	7307	-9162	14723
2224	-14444	-5604	11212	-8779	14734
780	-14352	-5876	11116	-8359	15770
-216	-16752	-3964	10701	-7249	16105
-596	-16564	-4408	14032	-7464	15878
-1236	-13820	-5496	14410	-5900	17531
-3996	-15516	-2436	10074	-3943	18775
-5580	-17692	148	10857	-5343	17693
-6080	-15536	-5224	11512	-4591	19097
-7328	-16516	-816	8326	-3617	18836
-8936	-19080	1524	9880	-2985	17700
-9884	-17464	904	11542	-4160	16612
-8488	-16036	984	12189	-4039	16100
-8916	-15988	1236	12669	-802	16370
-11160	-15344	3408	11619	72	14984
-11572	-15336	3444	10529	-1256	13009
-10584	-13876	4012	9289	-1233	12187
-10972	-13136	4276	7565	-469	12494
-11920	-12152	5072	5951	-1254	12214
-11632	-12488	4996	4670	-1999	12003
-11864	-11912	5288	3226	-1024	11124
-12920	-12172	5628	2520	-747	9326
-13324	-11528	5696	2201	-1757	7461
-11968	-11100	5612	1580	-1867	6005
-12032	-10920	5552	1424	51	4787
-12940	-10500	5332	863	-575	3565
-12576	-9804	5308	193	-1235	2980
-12176	-9592	5164	-845	-933	2498
-11528	-9432	5288	-1707	-203	1701
-12472	-9464	5216	-1580	907	991
-13496	-9292	5676	-1083	-533	313
-11884	-9412	5952	-881	-416	52
-12268	-9172	5604	-630	944	-356
-13096	-8672	5956	110	229	-1175
-12788	-8664	5824	743	298	-1807
-12840	-8464	6168	748	94	-1801
-12244	-8216	5868	339	603	-1717
-12372	-7860	5944	476	458	-2139
-12400	-7828	5824	10	334	-2387
-13156	-7472	6220	322	56	-2238
-12052	-7424	5780	-260	-904	-2122
-12580	-7632	6064	-728	470	-1361
-12864	-7920	5932	-2112	-856	-1068
-11932	-8056	5888	-4052	-1057	-1347
-12452	-9572	5776	-6920	-296	-1919
-13000	-11216	5440	-10041	-273	-3036
-12524	-12696	4916	-11377	-523	-5322
-11956	-14096	4300	-12950	54	-7785
-11660	-14752	3992	-12730	865	-9429
-11216	-14448	3072	-13468	1418	-10733
-10976	-14800	2240	-13827	2220	-12038
-11020	-14708	1388	-14579	2845	-12604
-10564	-15004	440	-16093	3940	-12941
-10376	-14796	-760	-17456	5483	-13227
-10344	-15672	-1708	-17728	6379	-13319
-9504	-15960	-2756	-16917	6971	-13678
-9164	-16416	-3164	-15419	8374	-14206
-8336	-16224	-4104	-12969	8941	-14386
-7340	-15540	-4976	-11209	9784	-13994
-6900	-15224	-5700	-10211	10548	-13782
-6076	-15096	-6056	-9408	10826	-13420
-4916	-14940	-6392	-9075	11170	-12586
-4304	-14732	-6924	-8853	11646	-12438
-3588	-14764	-7020	-8559	11528	-11840
-2236	-14568	-8236	-7475	11544	-12032
-1220	-14640	-7600	-6419	11507	-11920
-288	-13748	-8956	-6019	11118	-11669
832	-13340	-9316	-6778	11343	-11251
1720	-13420	-9088	-6982	11889	-10799
2712	-13376	-8116	-6803	11893	-10351
3856	-12936	-8432	-6130	11724	-10156
5016	-13072	-8884	-4974	12032	-10399
6160	-12180	-8080	-4157	11729	-10425
6884	-11504	-8284	-3657	12057	-10398
7056	-11044	-8056	-3879	12075	-10248
7872	-10180	-7676	-4541	11370	-9821
9012	-9936	-7684	-4586	11364	-9615
8840	-9632	-7084	-4053	11354	-9473
9412	-9176	-6856	-4076	10320	-9190
10756	-8632	-6904	-3674	9934	-9008
11172	-8152	-6152	-3227	10100	-8695
11136	-7880	-6156	-3259	9403	-8141
12436	-7224	-5536	-3211	8614	-8047
13080	-6600	-4876	-3021	8822	-7962
13188	-5580	-3564	-2534	8022	-7389
13580	-4812	-3504	-3105	7434	-6342
14016	-4532	-3212	-2624	6785	-5747
14324	-3740	-2948	-2678	5349	-4976
14968	-3872	-2712	-2031	4991	-3750
14064	-3756	-1792	-666	4014	-2494
14948	-3160	-1608	-300	1999	-1357
15472	-3768	-2696	107	921	-513
15308	-3648	-2540	-241	420	318
15692	-4712	-3120	-1105	-593	513
15764	-5312	-3904	-867	-354	485
15468	-5628	-4288	-880	-774	416
16164	-5628	-4584	-720	-453	87
16132	-5504	-3836	-495	-88	-215
16164	-5164	-4116	-235	-2	-431
16428	-4816	-4044	81	229	-535
15576	-4968	-3032	199	475	-428
15772	-4432	-3748	1015	-664	-239
15672	-3956	-3476	844	-664	255
14596	-4716	-3200	670	-1097	790
15004	-4428	-3144	547	-1964	1239
14900	-4760	-3772	852	-2450	1620
14828	-4844	-2804	2134	-3400	1988
15232	-4644	-3132	3650	-4554	2349
14676	-4488	-2816	4397	-5132	2915
14040	-4944	-2820	4680	-6305	3775
14600	-4636	-3884	4925	-7032	4510
13936	-5112	-3112	4256	-7428	5572
13644	-5676	-3620	4845	-8463	6400
11668	-6384	-5712	5024	-8251	7636
12024	-6804	-4532	5086	-9894	8103
11800	-7104	-4456	5658	-10206	8855
9692	-7084	-8036	6289	-10188	10367
9420	-8480	-6928	4300	-10785	11659
9172	-10512	-4292	3949	-10602	11470
8500	-10440	-7592	6549	-11625	11374
7096	-9848	-6936	5617	-10089	13038
6604	-12188	-4712	4845	-11686	12940
6844	-12860	-4684	7628	-11458	12532
5004	-10716	-9496	11005	-10640	13840
2140	-12172	-6356	8668	-10644	15501
1716	-15008	-4080	9336	-11165	15215
600	-14016	-7608	12940	-10837	16408
-1204	-13412	-7556	10952	-9385	18258
-2260	-16620	-3308	10051	-9219	17945
-2764	-16440	-3700	13752	-8732	18930
-4180	-13448	-6016	13290	-6421	21164
-6504	-17668	-944	12050	-5759	19881
-7676	-19040	-476	16803	-6429	18708
-7788	-15832	-4124	17717	-6228	19890
-8584	-16380	304	14322	-4061	20111
-9856	-17524	2160	15125	-1954	19574
-11292	-15192	456	15618	-2152	19572
-11128	-15952	3188	14546	-2567	18560
-11400	-15104	4144	15033	-368	17414
-13536	-13548	3900	12921	-454	17409
-12584	-13940	5116	10715	-1557	16235
-12496	-12996	5836	8905	270	14013
-13892	-12420	5872	5492	-351	12429
-12348	-12708	5776	3618	-1645	10839
-11972	-12088	5936	1438	-88	9309
-13552	-11936	6340	502	-368	7563
-12488	-11868	6000	-368	-1578	5381
-12244	-11684	5760	-1328	-322	3255
-13156	-10816	5848	-707	-191	1808
-12296	-10468	5360	-1054	-527	519
-12060	-9724	5416	-945	-7	-774
-12980	-9344	5524	-348	506	-1611
-12768	-8444	5360	-416	-51	-2220
-12760	-8380	5460	-198	808	-2452
-13148	-8036	5216	208	625	-2501
-13216	-7724	5532	1094	311	-2358
-12488	-7176	5584	862	-122	-2670
-12460	-7548	5464	1345	1322	-2664
-13304	-7224	5828	1277	936	-2514
-12596	-7068	5700	1821	612	-2526
-12300	-6704	5896	1666	552	-2238
-13136	-6772	5968	1767	944	-1732
-12592	-6800	5976	400	-15	-871
-12132	-6280	5908	-173	-37	-446
-13076	-7156	6372	-662	657	21
-12668	-7112	5792	-1396	-580	406
-12616	-7360	6484	-1313	128	906
-12792	-7652	6020	-1471	-78	888
-11676	-8088	5684	-945	-317	1085
-13276	-8288	6380	-1005	18	1630
-12716	-8736	6252	-2095	-1140	889
-12064	-9668	6416	-3724	-1239	-148
-12328	-10044	6272	-6606	-301	-627
-12596	-11036	5452	-8323	-486	-1818
-12068	-11416	5232	-9374	-889	-3528
-11968	-12236	5092	-10032	-319	-4855
-12100	-12728	4716	-10138	388	-5981
-11872	-12672	3468	-10892	961	-8045
-12204	-12980	3376	-11816	1545	-9736
-12032	-13020	2724	-12924	2075	-10614
-11632	-13340	1752	-14996	2661	-11141
-11288	-13836	1188	-16130	3656	-11766
-11160	-14336	-100	-16235	4462	-12227
-10580	-14968	-984	-15961	4839	-12461
-9992	-15144	-1664	-15301	6268	-12942
-9968	-15604	-2512	-14702	7679	-13241
-9372	-15684	-3724	-13682	8419	-13293
-8720	-15688	-4952	-13051	9326	-13548
-7720	-16216	-5160	-11583	10295	-13751
-7092	-15424	-5640	-10919	11331	-13520
-6352	-15312	-6496	-10474	11544	-13322
-4988	-15180	-7028	-9906	11832	-12886
-4340	-14984	-7700	-9372	12498	-12612
-3672	-14852	-7452	-9183	12403	-12551
-2236	-14616	-7856	-8466	12317	-12257
-832	-14280	-8008	-7752	12281	-12041
380	-14372	-7352	-6194	12571	-11907
780	-13704	-9168	-5216	12464	-11797
1908	-13000	-8308	-5317	11802	-11670
3864	-13032	-8148	-5430	11828	-11269
3896	-12352	-8748	-5127	12631	-10979
4580	-11868	-7624	-5474	11659	-10576
5684	-12068	-9064	-4596	11294	-10481
6164	-11384	-8948	-4651	11609	-10702
7664	-10272	-7864	-4969	10868	-10511
8664	-10328	-9364	-5032	11104	-10257
9320	-9728	-7716	-3833	11350	-10151
9176	-9104	-8780	-3377	10972	-9957
10064	-8296	-7336	-3385	10685	-9564
10600	-7808	-6992	-3200	10918	-9033
10964	-7176	-5576	-3324	10095	-8415
11608	-6600	-5980	-3364	9560	-7855
11944	-6324	-5280	-3282	9212	-7358
12104	-6312	-5816	-3323	8570	-6970
13208	-5632	-5296	-3715	7565	-6648
14168	-5360	-4132	-3448	7710	-6499
14056	-4548	-2476	-3103	7072	-5769
14652	-3940	-2520	-2516	5172	-4948
15580	-3308	-2452	-1274	4374	-4014
15432	-2504	-572	-902	3146	-2711
15316	-2928	-2068	146	1310	-1523
15412	-2744	-2792	436	11	-303
15420	-4012	-3684	-228	-363	394
15308	-4492	-4604	-209	-742	575
15352	-4876	-5016	-746	-460	478
15384	-5408	-4672	-407	-497	260
16120	-5120	-4220	-134	-612	-118
16052	-5168	-4396	497	-317	-473
15712	-4832	-4400	531	-347	-526
16108	-4684	-4648	340	-521	-575
15964	-4812	-4340	313	50	-536
15308	-4728	-3688	723	-141	-536
15332	-4808	-3516	1575	-823	-583
15720	-4168	-3508	2163	-1321	-484
15108	-3960	-2776	2482	-1796	2
15212	-3644	-2448	2950	-3043	566
14848	-3636	-2648	3559	-3982	1275
14984	-3672	-3236	4111	-5112	1891
14876	-3944	-3048	4873	-5771	2515
14044	-4160	-3940	5334	-6716	3344
14264	-4264	-3784	5600	-7733	4144
13552	-4660	-3556	5975	-8049	5182
12532	-5336	-5140	6670	-9527	6492
12804	-5416	-4816	6215	-9613	7575
11932	-6752	-4532	5767	-9952	8312
11796	-6784	-6268	6022	-10928	9162
10696	-7428	-7892	5399	-10229	10371
10408	-8984	-6984	5485	-10755	10168
9340	-10032	-7520	6356	-10349	10444
7796	-10208	-9864	6907	-10086	11131
7360	-11208	-6084	6519	-10319	11309
7632	-11676	-6344	7440	-10540	11202
6952	-10864	-6520	9433	-10391	12133
5328	-12436	-6728	10506	-9767	13052
4032	-13144	-5196	11089	-9519	13202
3256	-13412	-4852	11471	-9717	14236
1596	-12848	-10588	13361	-7858	16106
-700	-14636	-6280	11096	-6169	16539
-1196	-17360	-1716	14426	-8378	15156
-792	-15232	-7160	17270	-7445	17088
-2736	-14888	-7256	15581	-3411	19408
-4484	-16764	-596	16290	-1862	19145
-6176	-16584	-1156	16104	-1558	19617
-5984	-15896	-1488	16976	-2221	20063
-6080	-16604	-988	17191	1132	20509
-9216	-15648	1440	17207	2759	19922
-10916	-14952	4236	15131	1040	18454
-9916	-14896	3160	13234	740	18158
-10000	-13444	3676	8912	1995	19102
-11628	-14396	5536	4673	1830	19459
-12172	-14096	5564	5295	759	18354
-12972	-12676	5196	5551	161	17083
-14288	-13380	6376	3480	-2066	15621
-13428	-13936	5964	2069	-3072	14135
-12224	-13328	6232	-115	-514	12489
-13524	-13112	5196	128	1274	9386
-13692	-13392	5244	100	-1538	6205
-12108	-12648	5988	256	-1731	4400
-11696	-11928	5592	462	-503	3622
-12052	-10648	5188	-303	-472	2548
-12672	-10412	5328	-1116	-1072	1100
-12952	-10124	5360	-1263	-1170	425
-12800	-8700	5040	-2254	-928	-334
-13148	-8904	4888	-2585	-69	-1364
-13676	-8848	5144	-915	70	-1857
-12912	-7736	5228	-912	-601	-2315
-12352	-8360	5040	-641	142	-2503
-13392	-7572	5348	478	575	-2456
-12576	-6768	4424	-1020	-777	-2103
-12664	-6884	4260	-2587	151	-1392
-13764	-6920	4788	-3443	-373	-670
-13196	-7264	3896	-6168	-633	-932
-12796	-8772	4856	-8866	-218	-2855
-12584	-11020	5304	-9248	946	-4656
-12592	-11828	4996	-9712	1513	-6213
-12480	-12972	4608	-9721	1130	-7605
-12256	-13780	4064	-9491	329	-8959
-11332	-13776	3444	-10811	309	-9838
-11160	-14100	1844	-13571	2339	-10844
-12084	-14268	748	-15946	3392	-11929
-12204	-14896	728	-18072	2750	-12966
-10892	-15564	-960	-18847	3341	-13770
-10196	-15880	-2144	-19529	5711	-14297
-10320	-16048	-3364	-19038	7158	-14730
-9280	-16368	-4348	-17604	8012	-14844
-8504	-16084	-4232	-15186	9067	-15148
-7872	-16060	-5968	-12570	10111	-15168
-6980	-15300	-5576	-10533	10762	-14686
-5900	-14608	-6452	-8612	11403	-14079
-5352	-13960	-7392	-7816	11367	-13538
-4180	-13948	-7360	-7988	10858	-12624
-2864	-13856	-8048	-7900	10836	-12439
-1820	-13860	-8516	-7162	11154	-11983
-1192	-13936	-9144	-7007	11308	-11548
16	-13888	-7928	-5796	11028	-11452
1004	-13524	-8924	-4589	11296	-10962
1724	-12736	-8304	-3838	11081	-10630
2744	-12448	-9484	-4634	10518	-10166
4080	-12124	-9428	-6220	11143	-9788
4892	-12488	-9628	-6649	12054	-9765
5124	-12176	-8896	-5842	12203	-10020
5964	-11388	-9284	-4691	11429	-10146
6780	-11136	-9876	-4646	11771	-10425
7280	-10704	-10560	-5178	12485	-10449
8444	-10476	-8452	-5012	13077	-10311
8872	-9376	-8260	-4409	13394	-9966
9548	-8876	-7520	-4198	13431	-9783
10364	-8444	-7560	-3633	13220	-9808
10644	-7844	-6888	-3517	13315	-9565
11496	-6620	-5716	-4092	12385	-9154
12396	-6280	-4304	-4655	12368	-8742
12648	-5036	-4024	-4776	11230	-8159
13896	-3756	-2956	-5182	10257	-7233
14156	-3452	-1580	-4987	9803	-6148
14340	-3696	-652	-3135	7751	-4986
14856	-2792	516	-1059	5297	-3765
15376	-2364	264	-167	3228	-2548
14996	-2852	4	545	1376	-1210
15144	-2924	-1416	210	-425	-43
14984	-4208	-3188	-265	-779	861
15028	-4356	-3244	-417	-1499	1150
15556	-5128	-4228	-607	-1696	1063
15444	-5000	-4456	25	-1654	770
16044	-4904	-4592	-14	-1865	251
16204	-5072	-4508	-35	-1029	109
15808	-4700	-4548	116	-913	84
16272	-4636	-4196	-95	-663	5
15684	-4848	-4180	286	-510	-63
15312	-4624	-3112	584	-808	51
15540	-4344	-3964	1358	-1956	200
15376	-3872	-3952	1235	-2096	538
15296	-4300	-3680	1307	-2656	622
15420	-4084	-4292	1229	-3495	846
15204	-4448	-4604	779	-3334	1375
15176	-4920	-3484	1151	-4054	1462
15628	-4508	-3564	2127	-4157	1531
14544	-4384	-3688	3383	-4693	2317
14832	-4492	-4188	3846	-5696	2856
14764	-4696	-3620	4742	-5578	3399
12920	-4544	-5536	4442	-6534	4557
14032	-4752	-5676	4124	-8137	5220
13580	-5144	-4020	4280	-7587	6072
11820	-5900	-5364	4876	-9239	7129
11768	-6396	-5516	4891	-10058	8329
11812	-7092	-4876	5768	-9827	8791
9856	-8440	-6588	6507	-10470	10000
9512	-8708	-6624	6663	-10846	10525
8856	-9864	-7888	7240	-10890	10906
7016	-10208	-9080	7751	-10742	11769
6920	-11184	-7604	6560	-10206	12387
6412	-12116	-6632	7042	-10000	12247
5104	-11968	-10516	9057	-10192	13086
3480	-12336	-7360	7512	-8741	14650
2992	-14640	-5572	5860	-8646	13812
2660	-14996	-6472	8554	-9623	13672
2908	-12256	-7216	9015	-9078	15259
732	-15128	-5360	7149	-7497	16002
-1652	-18000	-4568	9457	-6583	14958
-3208	-16112	-5728	10958	-7037	14298
-2672	-15244	-5504	9493	-7315	15209
-2188	-16008	-4920	9337	-6681	15957
-4016	-16364	-4348	8826	-4911	16259
-5792	-16616	-1980	8800	-4743	15712
-6288	-16740	-656	11241	-7040	15153
-5788	-16196	-2384	13238	-7638	16026
-6984	-15520	-76	13229	-4583	16911
-9184	-16264	1956	14858	-3078	16455
-10888	-14972	1144	16568	-3664	17046
-11100	-14320	2340	15573	-4478	17447
-11356	-14032	3216	16358	-2605	17241
-13028	-12904	3624	13693	-1458	16942
-13348	-12936	4548	10987	-2393	16147
-12652	-12076	4912	8168	-1803	14498
-13208	-11684	4504	4216	-1183	13026
-13352	-12308	5088	1881	-2319	11514
-11964	-12280	5032	-307	-2337	9808
-12420	-12384	5196	-1395	-413	8004
-13600	-12456	5372	-847	-1003	5852
-12424	-12020	5352	-791	-1238	3713
-12740	-11624	5184	7	-302	2073
-12592	-10636	5068	311	-688	920
-11928	-9892	4980	-484	-335	-71
-12620	-9424	5020	-755	347	-697
-12672	-8660	5280	-932	375	-816
-12412	-8412	5532	-1002	567	-1406
-12824	-7948	5616	374	1293	-2061
-13544	-7916	5676	50	537	-2166
-12456	-7752	5640	-786	-329	-2397
-13068	-8120	5732	-143	610	-1600
-13328	-7404	5764	-552	-509	-1034
-11952	-7616	5084	-1544	-132	-1021
-12916	-7852	5292	-720	740	-1153
-13380	-7508	5396	-82	-112	-1250
-12148	-7396	5648	-1060	-793	-1437
-11932	-7800	5760	-1444	958	-1014
-12772	-8044	6176	-2990	-188	-784
-11636	-9528	5492	-5925	-1521	-996
-12460	-10372	5736	-9371	-273	-1394
-13476	-11580	4960	-11944	-426	-2958
-12280	-12904	3512	-14066	456	-5600
-12636	-14032	2800	-14959	1283	-8262
-11820	-14648	2012	-14685	1126	-9872
-11180	-14504	712	-16944	2671	-11038
-11484	-15464	-76	-18526	3872	-12317
-11352	-15908	-1524	-19785	5736	-13447
-11796	-16552	-2368	-21213	7014	-14940
-10796	-17172	-3624	-20979	8289	-15402
-10016	-17464	-5048	-20105	10401	-15814
-9844	-17432	-5480	-18380	12048	-16141
-8784	-17080	-6804	-15733	13177	-16290
-8136	-15784	-7044	-14641	14565	-16145
-6744	-15780	-7244	-12405	14631	-15959
-5912	-14452	-7436	-10961	15124	-15360
-5708	-13904	-8032	-10131	15067	-14866
-4224	-13584	-8820	-9767	14564	-14201
-2980	-13348	-9424	-8987	15185	-13712
-2488	-13048	-9780	-8268	15267	-13002
-1136	-12776	-9436	-7345	14684	-12564
948	-12852	-9040	-6461	14498	-12430
1932	-12000	-10228	-5540	14887	-12365
3064	-11176	-10072	-5532	14487	-12361
4544	-11296	-9316	-5191	14766	-11961
5628	-11024	-9316	-4018	15168	-12498
6464	-9624	-8896	-3261	14801	-12403
7564	-9000	-9116	-3432	14114	-12016
9372	-8592	-8456	-2878	14360	-12567
9464	-7932	-6936	-3183	14773	-12171
10908	-6920	-5424	-2529	13370	-11642
11480	-5580	-5344	-2610	13389	-11014
11824	-5588	-4164	-2558	12280	-10409
12936	-4568	-4184	-2701	11137	-9918
13380	-3736	-3876	-2718	11335	-8959
12992	-2824	-2732	-2751	10398	-7674
13820	-2356	-2636	-1876	8723	-6273
14560	-1368	-1452	-1314	7089	-4992
14556	-1492	-456	-1175	5493	-3656
14960	-1360	-532	-674	3027	-2384
15048	-2072	-1004	-496	1369	-941
15308	-2196	-1972	-94	-674	-163
16400	-2632	-2688	-691	-1311	265
15948	-3564	-3180	-955	-832	575
16176	-3884	-4228	-924	-1484	449
16632	-3896	-4400	-938	-526	133
16244	-4176	-4288	-330	-502	-253
16408	-3840	-4636	-263	-146	-314
16612	-3592	-3892	-249	158	-411
16168	-3360	-3824	-127	39	-314
16428	-3200	-4072	-373	-135	-211
15812	-3368	-3204	-66	170	-82
15240	-3280	-3300	576	-1122	118
16236	-2896	-4024	283	-1452	314
15552	-3348	-2660	659	-1241	547
15484	-3312	-2536	1499	-2782	890
16320	-3184	-3048	2187	-3355	1063
15344	-3112	-2928	3058	-3601	1634
15372	-3216	-3068	3203	-5190	2190
15920	-2936	-3520	3275	-5373	2492
15124	-2688	-3276	3851	-5784	3280
14536	-2968	-3428	3490	-6765	4603
14540	-4092	-4340	3540	-6696	5419
12932	-4516	-5552	4887	-7065	6497
13176	-4264	-5728	4788	-8158	7436
12772	-4980	-4372	4915	-8389	8802
11792	-5780	-4840	5154	-9395	9689
11608	-6304	-6320	5213	-9620	10334
10496	-6964	-5384	4824	-9938	11147
9912	-8296	-5728	4138	-11095	11954
8500	-9136	-9632	5209	-10844	11970
7664	-9988	-6704	3931	-11400	12894
8004	-11712	-5764	2733	-11206	12615
6780	-12408	-7956	5580	-11215	12213
4920	-11404	-10232	7091	-10379	12783
4624	-12428	-7592	6642	-11648	12704
4364	-13288	-6656	6489	-11222	13096
2556	-12232	-11020	7867	-9997	14120
1236	-13564	-8796	5342	-10194	14386
912	-15656	-5804	6411	-10099	14047
-412	-14996	-11128	9720	-9872	14407
-1552	-14156	-8840	7909	-8610	15458
-2524	-16116	-6016	7187	-8369	15550
-3456	-15920	-5928	8628	-8511	16018
-4048	-14136	-8000	10115	-8433	16461
-5920	-15504	-4312	8483	-7231	17068
-7168	-16576	-3240	11340	-7740	16775
-7652	-14804	-4792	12556	-5545	18028
-9212	-15188	-2932	12167	-4876	18337
-10232	-15384	-1276	13862	-6380	18233
-10836	-13892	-1304	13523	-6105	18668
-11940	-13928	-12	11934	-4829	18642
-13736	-14448	944	10653	-4809	17909
-14464	-14420	1600	11952	-6413	16496
-13180	-13156	2028	10153	-6473	15592
-12528	-14896	2780	10347	-3427	13372
-13780	-13104	3272	12202	-1652	10942
-13920	-12052	3216	10475	-2244	8841
-12988	-12204	3600	9900	-1249	7211
-13192	-10088	3332	7157	-324	6364
-13212	-10564	3788	2450	-934	5653
-12904	-10180	4008	-301	-285	4616
-13512	-10644	4248	-2533	-452	3834
-12452	-10584	4400	-3990	-1308	2381
-12660	-11156	4412	-2690	748	860
-14440	-10284	4740	13	180	-398
-12584	-9428	4512	1439	-994	-1583
-12420	-7920	4204	2646	1039	-2426
-13864	-7320	4712	2305	1195	-2411
-13744	-6884	4776	2044	732	-1805
-13652	-6672	4616	1180	492	-1659
-13416	-6316	5240	1005	-233	-1333
-13060	-6800	4828	132	382	-460
-13148	-6312	4880	-554	-348	-689
-13284	-6716	4880	240	394	-590
-13936	-6352	4876	747	-254	-91
-13300	-6320	4640	325	-379	293
-13180	-6272	4604	961	315	84
-13548	-6208	4960	1193	657	344
-14068	-5848	4564	1212	120	606
-12708	-5684	4824	225	-526	723
-13776	-5732	4844	401	904	1696
-14348	-6116	4904	-274	-730	2273
-12708	-6236	4776	-900	-436	2313
-13884	-7200	4972	-1033	624	2526
-13572	-7488	4656	-972	-213	2429
-12728	-7744	4668	-1884	55	1864
-12944	-8644	4536	-2690	99	1517
-14060	-8924	5124	-3638	628	1050
-13164	-9432	5120	-6974	-1547	-951
-12032	-11224	5024	-9018	75	-2315
-14164	-10912	4920	-11730	98	-3601
-12836	-12256	3596	-15317	-1752	-5389
-11824	-13240	3384	-15482	692	-7030
-13648	-14152	2728	-15494	1757	-9205
-13144	-14128	2092	-15142	1554	-11925
-12552	-14044	852	-13360	4722	-13128
-14524	-13836	280	-12424	5035	-14208
-12856	-13136	452	-11498	4566	-15369
-12152	-13240	-1400	-11482	6694	-15511
-12920	-13604	-1236	-11371	7206	-15569
-12228	-13988	-2628	-12317	7497	-16105
-11576	-14192	-3472	-12651	8617	-16036
-10540	-14156	-4800	-13090	9691	-16023
-10316	-14880	-5600	-14020	11249	-15945
-9256	-15408	-6940	-13904	11814	-16018
-7516	-15684	-7660	-13448	13287	-16083
-6756	-16020	-7684	-12094	14330	-15921
-5696	-15512	-8644	-10583	14564	-15709
-4368	-15416	-9292	-9400	15271	-15635
-2824	-14908	-9016	-8301	15548	-15296
-1544	-14304	-9436	-7662	15816	-14854
-752	-14284	-10292	-7331	16315	-14819
704	-13620	-10072	-7390	16084	-14924
2396	-13500	-10636	-7755	16688	-14901
3460	-12992	-9920	-7175	17309	-15014
4600	-12012	-8556	-7159	17463	-14873
6344	-12104	-7696	-5089	17290	-15112
6820	-10308	-6976	-3174	17811	-14858
7196	-9460	-6420	-3221	16805	-14388
8684	-8364	-6728	-3138	16402	-14306
9056	-7040	-5812	-3482	16533	-13831
9068	-6176	-4340	-4570	15132	-12698
10948	-4564	-3616	-4882	13393	-12041
12184	-3464	-2956	-4282	13066	-10873
12108	-2508	-488	-3592	11235	-9543
13184	-1476	880	-2775	7796	-7381
14556	-676	1188	-2402	5230	-5226
14760	-1288	340	-1277	2941	-3242
14636	-1704	-552	-1150	365	-1449
15664	-3088	-2352	-943	-922	-460
15808	-3628	-4048	-964	-791	-182
15996	-3860	-4312	-950	-907	-234
16696	-4004	-4628	-459	-469	-221
16300	-3856	-3840	12	118	-170
16196	-3996	-3860	537	19	-81
16068	-3700	-4000	636	117	25
16348	-3896	-4164	354	123	-33
15664	-3448	-3932	119	-4	120
16136	-3924	-4216	-207	-367	60
15532	-3452	-3392	64	34	152
15568	-3616	-2600	653	-1156	348
15960	-3320	-3028	1118	-1409	607
14816	-3572	-3220	1619	-1780	982
15276	-3744	-3100	1915	-3451	1280
15484	-4392	-1700	2652	-4275	1173
14708	-3656	-2792	4519	-5926	1015
15364	-2916	-3528	4965	-7221	1910
15248	-3188	-2504	4669	-7182	3070
14068	-3516	-4156	4805	-8589	4587
14092	-3580	-5804	3605	-8825	5755
13624	-4696	-5580	3134	-8263	6481
12668	-5364	-6204	3177	-9028	7251
12884	-5748	-6860	3482	-8477	7500
11780	-6220	-6652	4582	-8572	7993
10580	-6360	-8160	4834	-8754	9205
10948	-7128	-8108	3965	-9538	9581
10808	-7684	-6492	3914	-8961	10282
9708	-7824	-7100	4193	-9700	11448
8780	-9056	-6880	3928	-10173	12454
8124	-10740	-6824	4966	-10095	12443
7192	-10700	-7292	7078	-10499	12814
5944	-10388	-7308	6761	-10500	13912
4524	-12780	-6192	6665	-10090	14168
3512	-12704	-7348	8621	-10842	14170
2864	-12384	-6456	7275	-10688	15070
892	-14304	-8288	7134	-9464	15835
-452	-15092	-8148	8919	-9309	15554
-1180	-15996	-6920	11232	-8825	15154
-1696	-15420	-7740	13841	-8991	15495
-2044	-14568	-7376	13936	-6797	16291
-4052	-14928	-4416	12265	-4781	17164
-5856	-15292	-4524	11121	-5693	18149
-5980	-15544	-2104	11092	-6635	18320
-7148	-15232	-1440	11103	-6511	18607
-9104	-14992	-2000	8358	-5324	19635
-10880	-17140	-384	6708	-5287	19137
-10640	-17180	472	10995	-6326	17279
-10672	-15896	220	12192	-6819	16943
-10524	-15332	1268	13982	-6709	17641
-11740	-14848	2272	15214	-3761	17873
-14048	-13432	2820	14587	-2909	17294
-14440	-13596	3136	14312	-3347	15895
-13924	-12680	3484	12152	-2823	13888
-13536	-12532	4076	10683	-2337	12068
-13024	-12228	4236	9762	-1116	9689
-13240	-11484	4388	8174	8	7261
-13668	-11292	4716	7227	-220	5572
-12484	-10360	4348	5793	367	4120
-13000	-9432	5052	3318	712	2544
-12772	-8956	4824	1503	542	1792
-13084	-8024	5280	-464	-41	1404
-12804	-8496	5676	-2304	500	993
-13588	-8104	5560	-2650	555	729
-13448	-7880	5604	-2973	-260	199
-12732	-8584	6220	-2631	-570	-115
-12716	-7800	6260	-1365	476	-505
-13588	-7780	5972	-740	413	-1100
-13868	-7888	6072	1242	292	-1133
-13516	-7208	5392	2404	-177	-1264
-13248	-6816	5760	2430	-238	-2043
-12492	-7112	5308	2645	730	-2012
-13924	-6152	5548	2953	1028	-1598
-13228	-6396	5460	-719	-1179	-1427
-11132	-5932	4156	-3933	-683	-1240
-15008	-6692	5752	-6110	341	-604
-13276	-7312	5292	-7268	-1864	-699
-11864	-8304	5012	-6693	-345	-1124
-13872	-9468	5544	-4876	336	-1141
-13088	-8756	5064	-3540	-1173	-2431
-12424	-10588	5228	-6561	-476	-4345
-13108	-10832	4560	-10506	812	-6565
-13176	-11560	3664	-15855	991	-8340
-12548	-12228	2128	-21532	1202	-9393
-12092	-13232	1652	-25515	1356	-10398
-11352	-13456	476	-28298	2601	-10703
-11200	-14996	-1624	-28202	5284	-11341
-12384	-15508	-1608	-25440	6883	-11579
-11640	-15076	-1384	-20326	6569	-12101
-10852	-14244	-2516	-15347	8210	-12062
-11420	-13404	-3916	-10942	9567	-11834
-10584	-12660	-4928	-7490	9295	-11976
-9784	-12828	-6060	-6269	10487	-11615
-9296	-12504	-7324	-6293	10048	-11165
-7916	-13196	-8176	-7764	10282	-10887
-6976	-13904	-8452	-9458	11086	-10750
-6264	-14328	-9296	-10502	11169	-10769
-4996	-15060	-10328	-10788	11401	-10740
-3796	-15460	-9076	-8883	12591	-11189
-3688	-15400	-10328	-6326	13526	-11717
-2920	-14476	-9988	-3667	13214	-11620
-1472	-13524	-10440	-3157	13394	-11285
-572	-13196	-10452	-3154	14006	-11335
140	-12576	-11084	-4185	14261	-11131
920	-11848	-11128	-6020	14382	-10479
1940	-11360	-10564	-8276	14643	-9476
3236	-12596	-10164	-7567	15675	-9786
3840	-12668	-10832	-4589	15628	-10866
5108	-11784	-9296	-2693	14875	-11717
6380	-10576	-9212	-1811	15269	-12062
6740	-9496	-10136	-2531	15802	-11911
7332	-9756	-8764	-3654	16218	-11883
8016	-9068	-8344	-3932	15661	-12118
9088	-8960	-8644	-3083	15381	-12546
9988	-7520	-5908	-2745	15932	-12549
10408	-6704	-5156	-1349	15845	-12606
12044	-4244	-3232	355	14497	-12565
12680	-2996	-968	399	14099	-10806
12316	-1072	2596	765	10478	-8221
14900	720	3072	1033	6173	-5406
14640	1036	1436	1944	3636	-2159
13896	-412	2532	863	-530	740
14960	-3504	-1452	803	-2949	2297
14800	-4980	-4476	20	-3430	2772
15352	-6396	-5504	-726	-3103	2256
15384	-7416	-5376	-360	-1899	1481
15376	-6236	-5320	552	-1755	794
16120	-5852	-4680	583	-1561	441
15404	-5240	-3944	671	-1512	590
16020	-5336	-4612	222	-2200	538
16008	-4988	-4320	131	-1534	534
15576	-5244	-4312	372	-1725	599
15520	-5208	-4436	856	-1679	650
14772	-4980	-3288	2293	-2091	805
14536	-4544	-2596	2980	-3396	1246
14084	-4332	-1912	4147	-4554	1883
12032	-4308	-936	5306	-6196	3353
11772	-4008	-1652	6431	-9599	5140
12208	-3048	-2896	6762	-11533	7112
10940	-4456	-3484	5881	-12670	9083
11272	-5904	-5480	6193	-13630	10301
9836	-6732	-7592	6093	-13276	12054
9744	-8512	-6976	4687	-13878	13177
9368	-10276	-8168	6017	-13119	13380
8440	-9340	-8904	6615	-12681	14137
7144	-11328	-6740	5053	-12286	15315
6680	-14724	-6112	8085	-11465	14118
4800	-13660	-11244	15127	-9762	12923
3044	-11924	-8140	12388	-9895	14070
3152	-15476	-7580	9359	-8784	14795
1352	-13984	-10160	9163	-6609	14959
104	-14720	-7212	4064	-7202	15375
528	-17092	-7304	4805	-8022	14954
-1072	-16532	-6972	6057	-7490	14445
-1576	-17140	-5028	7439	-6985	13480
-2204	-15656	-4864	8181	-6485	14082
-2728	-15620	-6248	7715	-5826	15078
-4540	-16896	-4224	9513	-4223	14768
-6552	-17484	-1352	11627	-4344	13868
-6468	-16488	-2272	11862	-5647	13793
-5528	-16220	-2016	15329	-4104	14484
-6924	-14680	-468	20988	-3446	15376
-8172	-13220	1244	20639	-3310	16194
-9052	-13640	1844	21804	-1749	16710
-11144	-11216	1988	20408	810	18531
-14196	-11936	4864	15141	921	19529
-13676	-12944	4772	13369	-1148	17919
-13072	-12272	5144	10966	1630	16073
-14364	-12204	5608	8676	1367	14791
-13280	-11412	6072	7630	301	13799
-13016	-11012	6472	6614	1479	12490
-13900	-10760	6876	6577	1260	11277
-13412	-11008	6876	5568	260	9692
-12872	-10152	7152	4530	1024	7806
-13824	-9920	6448	3715	590	6368
-13184	-9384	6744	1957	-336	4791
-12716	-8832	6616	-5	262	3301
-13596	-8684	6284	-1367	382	2354
-13520	-7848	6140	-2294	-470	1523
-12988	-8552	6392	-3007	305	645
-13452	-8048	6364	-1621	-269	-264
-12836	-7512	6128	-657	-155	-993
-13644	-7396	6136	-67	558	-1705
-13816	-6460	6032	1729	-352	-2483
-12752	-6088	5992	1665	312	-2543
-13508	-5680	5772	1448	754	-2387
-13488	-5668	5696	1165	240	-1794
-13168	-5156	5628	357	-601	-1313
-12296	-5960	5696	-799	433	-865
-14080	-5976	5716	-1851	573	-723
-13380	-6416	5832	-2463	229	-641
-13628	-6448	5848	-4134	383	-864
-12500	-7752	6060	-5584	-554	-1570
-13236	-7172	6128	-5135	1074	-2776
-14344	-7688	6336	-13739	-1534	-3977
-12568	-8852	6060	-18256	-623	-4491
-13192	-9696	3824	-23873	1091	-4378
-13192	-10204	3156	-27434	-439	-5400
-11640	-10240	2188	-31497	-140	-5691
-11424	-9256	364	-32768	4704	-4931
-13944	-11412	-1456	-32768	4904	-4938
-12252	-14028	-2084	-32768	2436	-6340
-11116	-16116	-1768	-22351	5407	-6694
-12188	-15016	-1764	-10291	6294	-6999
-11760	-13380	-2780	-90	6479	-8119
-12068	-11292	-4492	4360	7787	-8328
-12476	-9732	-5724	2414	7724	-8446
-11840	-10268	-6320	-2965	7750	-8871
-10856	-11736	-6944	-8292	8197	-9189
-9884	-14444	-7224	-10860	8466	-10011
-8936	-15848	-7988	-9350	9241	-10917
-8320	-16372	-9148	-7313	10624	-12156
-7892	-15656	-10176	-5766	12239	-12799
-7496	-15588	-10344	-5003	13122	-13132
-6476	-14756	-10428	-5578	13447	-13210
-5128	-15576	-10992	-5410	14361	-13849
-4720	-15104	-11140	-5151	15444	-14312
-4024	-15108	-11624	-5302	15858	-15085
-2864	-14748	-11816	-5221	15995	-15494
-1728	-14144	-11376	-4891	16276	-15800
-20	-14004	-10764	-4154	16776	-16124
956	-12976	-9108	-2938	17710	-16093
1520	-11812	-9328	-2030	17452	-15936
2860	-10988	-9068	-3229	16755	-15297
4384	-11144	-8752	-2764	17169	-15366
4508	-10204	-10236	-2444	17067	-15226
5328	-8748	-8736	-3411	16086	-14527
6584	-8528	-8584	-4434	16026	-13722
7140	-8416	-8380	-4568	16445	-13372
7772	-7212	-7228	-5480	15365	-12675
9500	-6596	-6520	-6056	15216	-12124
9992	-5644	-4664	-6008	15726	-11431
10792	-4636	-2628	-6523	13198	-10078
13612	-3284	-352	-5792	10915	-8820
14348	-1472	1228	-4507	10079	-7182
14896	-620	3240	-3599	6635	-4826
16020	-1036	3340	-1526	3332	-2648
15568	-1036	1684	1146	591	-953
14804	-1776	-476	1989	-1941	455
14688	-3112	-3036	1791	-3244	1484
14848	-4152	-4724	624	-3459	1850
15392	-4612	-5812	-180	-2917	1850
15892	-5160	-5144	-603	-2435	1412
16060	-5212	-4516	189	-1800	756
15980	-4592	-4372	975	-2104	549
16392	-3908	-3564	1521	-2224	683
15932	-4272	-3864	1539	-2383	952
15524	-4332	-3600	1173	-3166	1062
15452	-4860	-4212	1202	-3617	828
15652	-3988	-4436	2112	-4041	730
14668	-4240	-4240	2371	-4461	1044
14992	-3940	-4068	2612	-5082	1498
14832	-3804	-5068	2585	-5296	2498
14640	-3656	-4988	2461	-5548	3870
13536	-4664	-4112	2468	-5843	4822
13612	-4284	-4428	3731	-7240	5453
12520	-4232	-4904	4632	-7797	6622
10868	-4988	-5052	4843	-9196	8315
11432	-5392	-4376	4597	-10607	9308
9724	-6116	-6408	5526	-10386	10808
8932	-5216	-6056	4996	-12843	12766
8804	-8068	-5800	4554	-12904	14074
6916	-9044	-6984	6394	-13068	14866
5820	-9684	-6604	6090	-13437	16244
5544	-11812	-6008	8095	-14378	16505
2604	-12844	-10196	11239	-12694	17152
1308	-12528	-8928	8660	-12238	17442
892	-14284	-8008	3762	-10604	18167
-16	-16432	-12584	5194	-9249	17621
-2392	-13576	-8372	5384	-7917	18171
-2688	-16040	-5952	2799	-11749	17251
-2084	-17064	-8656	6006	-10801	16573
-4384	-13496	-6524	6712	-8974	16995
-5444	-16436	-4020	4814	-10360	16895
-5716	-17200	-4500	8390	-9361	17123
-7976	-15224	-5320	11519	-7031	17083
-9888	-17104	-4300	13478	-7832	15763
-9156	-15304	-2788	15967	-8145	15257
-9468	-13424	-4772	13380	-6416	16933
-10420	-13284	-2572	12358	-6212	17546
-12004	-13300	328	11014	-5951	17554
-13364	-14316	700	11249	-5861	16966
-13976	-13676	1092	13679	-5715	16197
-14524	-12208	1600	15092	-5480	15440
-14052	-12172	2276	15776	-5703	15092
-13456	-11528	3152	15110	-3847	14312
-14192	-11524	2984	14711	-1893	12957
-14616	-10172	3692	13531	-1755	10912
-14024	-10068	3488	10065	-735	9185
-14216	-10392	3680	7514	-109	7637
-13632	-10124	3832	4030	-82	6417
-14260	-9872	4672	-307	216	5249
-13088	-10208	4176	-4574	-903	3396
-13040	-10512	4076	-6864	616	1818
-13740	-10992	5076	-6723	296	-28
-12844	-10428	5364	-4150	-223	-1537
-13372	-9452	5156	-787	1253	-2773
-13948	-7864	5616	1763	94	-3892
-14148	-6392	5076	4260	935	-4000
-14616	-5120	5000	3070	-404	-3807
-12792	-4804	4756	3516	115	-2757
-13696	-4304	4544	2437	533	-1676
-13728	-5320	4352	2004	-234	-861
-13328	-5308	4496	1927	-584	100
-13216	-5980	4392	1978	130	288
-13448	-5720	4460	-968	-556	-202
-13968	-6808	5212	-1286	92	-173
-13736	-6148	4580	-5847	-1044	-445
-13488	-7404	5032	-9338	226	-336
-13692	-6828	5120	-11277	-1025	-936
-13040	-7892	4504	-13935	-391	-1415
-13564	-7420	3252	-16693	-38	-2044
-13488	-8348	2392	-19226	265	-2912
-13024	-8976	1528	-24731	1396	-4066
-13784	-12308	3480	-22113	1063	-4888
-12660	-11940	2180	-14868	630	-5016
-12692	-7680	124	-15642	3075	-4157
-13740	-10380	-1724	-16365	2013	-4459
-12416	-11536	-1108	-16602	1451	-5328
-12080	-13852	-2448	-14335	4921	-7126
-13768	-14220	-2776	-9887	6997	-9048
-13112	-14188	-3884	-6633	7640	-10845
-12424	-13684	-4712	-5569	9015	-11953
-11944	-12796	-5460	-6596	9679	-12589
-11776	-13188	-6008	-8438	10090	-12647
-10904	-13888	-7048	-10683	10695	-13027
-10156	-15212	-7452	-10404	11469	-13526
-9604	-16264	-7620	-8843	12559	-14093
-8764	-16200	-8088	-5278	13286	-14677
-8172	-14336	-9152	-3660	13841	-14891
-7224	-14308	-8932	-3874	14023	-14776
-5888	-13688	-9772	-5304	14480	-14700
-5196	-14304	-9656	-6033	14754	-14707
-4152	-14332	-9568	-5940	14352	-14814
-2836	-14168	-9912	-5224	14718	-14881
-1752	-13864	-9308	-4194	14745	-15014
-980	-12820	-10704	-3755	14801	-14653
372	-13120	-10172	-4143	14786	-14556
1656	-12140	-10140	-4398	14876	-14192
3140	-11912	-10304	-4435	14700	-14101
4092	-11444	-9328	-4304	14783	-13965
4656	-10876	-9628	-5007	14788	-13717
5788	-10704	-9000	-5820	14541	-13726
6908	-10384	-8908	-5559	15015	-13449
7836	-9660	-7532	-4944	15219	-13669
8320	-8772	-7520	-4400	15390	-13717
8812	-7328	-7216	-4662	15107	-13359
10116	-6344	-6228	-5851	14282	-13076
11856	-4408	-4756	-6081	13860	-12517
12880	-2008	-1168	-5836	12989	-10845
13716	-68	1548	-4475	10606	-8792
14228	388	3124	-3060	7187	-6082
15156	492	2884	-573	3101	-3518
14800	128	428	754	-186	-899
14948	-1312	-2468	1096	-2211	979
14924	-3228	-4816	447	-2692	1931
14416	-5152	-7212	703	-2275	1829
15072	-4712	-6108	34	-1820	1788
15912	-5304	-5176	-203	-1102	1416
15592	-4592	-5688	569	-1121	1031
15924	-4340	-3884	719	-1305	727
15848	-4020	-3456	1211	-2021	535
15540	-3428	-3676	1478	-2661	810
15288	-3028	-3180	1610	-3631	1503
15236	-2436	-1856	2038	-4869	2586
14512	-3168	-3136	3214	-6346	3514
13452	-3760	-3856	5295	-7821	4777
13336	-3600	-3580	6066	-9201	5982
13276	-4248	-3892	6045	-9731	7234
10960	-5184	-6464	7548	-10193	8727
10800	-5736	-6208	7881	-11770	9843
11436	-6660	-3728	8006	-11916	10318
9228	-7700	-5688	8091	-12378	11593
7900	-8660	-8440	10604	-12066	12853
7136	-9084	-7636	10171	-12297	13959
6912	-11664	-5620	9623	-11444	13782
4384	-12716	-12076	14821	-11134	14471
4016	-11624	-9500	14789	-10112	16180
4264	-12116	-1748	16032	-9131	17627
1948	-13424	-5976	21010	-9332	18117
-48	-9512	-5256	21038	-7463	22351
-3160	-11548	-468	13236	-6012	24884
-5860	-14800	-1868	13564	-7410	25678
-6932	-12788	-2484	12484	-7670	28495
-8344	-17760	12	10451	-4838	28967
-12196	-19716	-256	15493	-2085	26894
-14252	-17896	952	16725	-4867	24695
-11272	-16864	-60	16142	-5860	25063
-10944	-17220	2376	13414	-1508	24725
-13696	-16940	2836	12017	689	22873
-14428	-16612	3840	10508	-1561	20705
-13496	-16296	4364	10343	-1917	19325
-13604	-14392	5384	8726	-1637	18265
-13256	-13836	4996	6641	-1427	16370
-14340	-14120	5564	6473	-470	14106
-13792	-13332	5544	4007	-1711	10942
-12968	-12740	5224	2785	-822	7344
-14288	-11652	4896	1110	74	5198
-13280	-10764	4436	-1058	-1239	4051
-11936	-10292	4424	-2455	-604	2546
-13340	-9620	5076	-2809	268	1797
-13056	-9072	4752	-3655	-1104	1373
-12124	-9192	4508	-3350	-37	265
-14580	-8572	5504	-767	1591	-1030
-14120	-7596	5148	-83	-1127	-2066
-12964	-7608	5348	1052	279	-2052
-13832	-6440	4792	1304	10	-2098
-13376	-6364	4952	1973	-42	-1315
-13128	-6056	4860	680	-202	-1155
-13740	-6244	5128	1403	432	-1064
-13700	-6932	4956	1173	323	-268
-12956	-5756	5212	947	-1112	422
-13072	-5948	5696	1441	173	172
-13928	-5172	5456	1332	461	-879
-8612	-8316	2908	2000	3121	717
-17784	-4944	3888	3863	3301	-325
-14788	-4360	4064	-3176	-1258	971
-14036	-7132	4072	-8020	-2166	650
-14120	-7300	5208	-4026	-3945	563
-11380	-7132	5636	-2749	-683	-28
-13744	-7936	5812	-2547	1932	-385
-13924	-7340	5816	-479	-1348	553
-12216	-6644	5576	-2231	-551	-1235
-14864	-8708	6136	-908	-1166	-128
