0	0	0	0	0	0
-12008	-8648	4916	-262	630	-623
-12536	-9172	4268	-555	316	-972
-12156	-9504	4268	-1348	-486	-1118
-11692	-9148	4364	-1413	857	-658
-11664	-9244	4836	-1138	3011	-320
-12436	-9716	5736	-113	4196	-391
-1388	-20616	3700	9426	7273	-405
-20892	-7000	6148	3695	-3883	2121
-6596	-10508	4492	-4114	-2964	1999
-14056	-8884	5108	2347	856	-362
-12488	-9204	4128	-1144	-2754	1302
-11516	-9328	4052	-422	104	471
-13120	-9656	4312	-1085	-711	637
-11900	-9416	3800	-266	-215	334
-12360	-9484	4156	-250	-172	334
-11832	-9440	3968	195	180	356
-12660	-9288	4240	543	314	346
-12324	-9340	4304	742	223	358
-12008	-9012	4336	829	509	257
-11872	-8820	4216	439	777	296
-11936	-9208	4144	119	1153	432
-12544	-9060	4340	-237	1100	381
-11972	-9060	4268	-455	769	213
-12132	-8876	4452	-558	681	208
-12180	-8500	4364	-988	216	247
-12096	-8212	4568	-1372	-160	405
-12108	-8224	4548	-1539	-15	668
-12680	-8244	4252	-2051	-20	987
-12456	-8356	4336	-2557	-58	1335
-12952	-8576	4448	-2688	321	1453
-12864	-8720	4280	-2424	475	1673
-12768	-8880	4332	-2104	770	1820
-12900	-8904	4456	-1426	907	1699
-13192	-9104	4916	-447	644	1584
-13152	-8468	4532	-21	303	1329
-12664	-8740	4468	15	-119	1222
-12432	-8784	4232	-134	-353	1086
-12604	-8568	4140	-395	-624	933
-12768	-8852	4100	-786	-659	733
-12884	-8724	4024	-1101	-633	440
-12672	-8372	3588	-1003	-861	427
-12640	-7928	4012	-1073	-672	631
-12896	-7648	3932	-906	-508	747
-12772	-7984	3928	-855	-460	865
-12976	-7492	3896	-227	-97	1060
-13112	-7244	4008	-406	-41	1481
-13888	-7392	4044	-64	337	1776
-13912	-7408	4040	-78	57	2118
-14164	-7756	3900	-389	110	2240
-14256	-7732	4536	-275	-404	2155
-14024	-8008	4204	-184	-9	1680
-14524	-7504	4032	-637	-738	1311
-14164	-8012	3856	-970	-939	719
-13512	-7984	4352	-1440	-1235	3
-13788	-8004	4312	-1436	-880	-882
-13384	-7928	4564	-1220	-959	-1111
-12672	-7864	4548	-734	-19	-1163
-13472	-7160	5180	-633	557	-1603
-12804	-6992	5264	380	895	-1448
-11896	-6688	5260	1114	1068	-357
-12172	-7944	5168	1074	833	1412
-11704	-7984	5276	1006	55	2758
-10752	-8228	5360	-166	618	2709
-10640	-8304	5540	-250	1840	1971
-11280	-7900	4944	-610	2593	1377
-12616	-8388	5140	-444	2695	809
-13812	-7968	5068	761	2125	37
-13712	-7008	4708	1982	1098	-688
-13448	-6356	3704	2638	592	-1103
-14388	-5888	3340	2168	-209	-1024
-14856	-5152	3352	1553	-1014	-678
-15184	-4644	2988	948	-1808	115
-14932	-4028	3828	658	-2301	1764
-14872	-2648	3556	-972	-2196	3512
-14436	-984	4836	-2416	-2597	5785
-15016	668	5188	-2859	-2157	8924
-16136	3140	4684	-3397	-2664	12854
-18296	4380	6284	-4761	-4813	17183
-18568	4124	7764	-4206	-6182	21826
-20792	4260	7200	-1612	-7106	25873
-22224	4216	8332	-991	-8839	29243
-23092	2848	9364	542	-8361	31084
-23692	4484	8768	4263	-8804	32519
-23080	6024	8336	5477	-9194	32767
-21808	5016	9176	6113	-8386	32767
-21596	4176	9944	7456	-6348	32767
-20856	6516	6616	10012	-7263	32767
-16272	5852	9056	9361	-8542	32731
-14420	4132	8460	12304	-6151	29319
-10920	6420	7236	9121	-8760	24679
-7572	5500	6180	6222	-7186	20321
-5716	6884	5868	3091	-6986	16328
-2540	6956	5316	-2298	-5569	13060
-2356	5760	4572	-4989	-3090	9431
-2408	5760	6000	-2905	-3171	5899
496	8260	5772	-523	-2323	2255
-300	9344	4332	-279	109	-725
-1812	9372	5452	3993	-751	-2611
-288	12744	5848	5347	-762	-2615
-1384	14436	5456	2603	816	-2373
-2184	15116	6456	419	94	-1793
-772	15712	6648	-608	570	-1642
-1072	14328	6660	-2187	246	-1471
-928	13564	7236	-940	1181	-1991
-3356	15140	6596	-1318	771	-2810
-1736	13724	5796	-1924	-772	-2636
-1360	13836	6968	1301	1021	-2998
-4008	16056	6448	-1656	-125	-3579
-924	12428	5464	-768	104	-2660
-3664	12976	7048	128	2332	-4139
-3752	13724	6596	-1518	-973	-4322
-972	11876	6300	509	1581	-4249
-5416	12236	7752	-1145	1739	-5983
-2924	9996	4080	-5663	93	-7077
-5812	10460	7512	-4219	2388	-9970
-4864	8748	5164	-8681	2003	-11440
-5596	10084	6476	-9362	1998	-12975
-6036	9196	5620	-8654	3300	-13153
-8744	7944	6344	-8928	4955	-13857
-11928	8184	9864	-6457	4708	-14868
-9916	8396	7292	-7106	4328	-16162
-12728	6172	10384	-6619	7812	-18205
-11992	6620	8252	-5591	5022	-19450
-11584	4648	7448	-5115	7068	-20749
-17716	3800	9264	-4089	6465	-21702
-13160	5280	8136	-2568	4621	-20921
-16272	5068	7464	-3624	7657	-21769
-18536	4464	9104	-1938	4437	-19665
-15524	5408	8404	-943	4990	-18529
-17844	4024	8192	-2553	5368	-17793
-17920	2136	7640	-1475	5072	-16620
-17072	1496	8180	-388	5329	-15996
-16948	-848	7388	942	6494	-16076
-17140	-1544	7868	2852	5497	-15829
-16544	-1808	7448	3898	4679	-15238
-16072	-768	6480	4713	3131	-14534
-15152	-1508	6432	3004	2555	-13315
-15668	-2996	6152	1468	1980	-12099
-15056	-3636	6500	-348	1389	-10950
-14812	-3988	5892	-1643	1565	-10075
-14984	-4656	5764	-2669	1606	-9413
-14528	-5776	5096	-2938	2025	-8823
-14068	-6852	4404	-3002	1947	-8389
-13856	-6968	4788	-2273	1587	-8149
-13700	-6884	4036	-1769	1446	-7287
-14112	-6560	3660	-1517	570	-6230
-12564	-7008	3804	-1983	151	-5289
-12412	-7124	4208	-1358	779	-4229
-12632	-7396	4316	-1175	105	-2724
-11836	-7484	4224	-911	-369	-2099
-11932	-8004	4776	-327	-376	-1766
-11952	-8464	4456	-59	-534	-891
-11372	-8804	3972	-435	-274	-192
-11928	-8956	4172	-226	-59	25
-11816	-9292	3912	-216	-161	-71
-12336	-9532	3904	-518	59	44
-12400	-9652	4168	-598	-332	258
-12076	-8424	4020	-681	-340	344
-11512	-7496	4424	-774	-610	761
-11112	-6704	4496	-887	-236	1934
-12324	-5988	4404	-518	-69	3786
-11892	-4040	4448	159	-759	5770
-12476	-2580	4100	675	-425	8130
-14192	-2568	5092	1172	-1234	10900
-14316	-2048	6388	1691	-2078	13869
-15144	-1476	5592	1156	-1305	16199
-17116	-248	6008	1417	-2690	18686
-18228	140	5768	889	-3174	21065
-21020	1124	7304	438	-3342	23273
-22768	2120	6208	428	-4360	25523
-23280	2028	6672	952	-5361	27638
-24312	3084	8316	3633	-5617	28829
-23160	4800	8096	5085	-5249	29512
-21776	5716	9104	6764	-5284	30334
-21680	5864	7832	6692	-4478	30853
-20692	8504	8296	7768	-7111	31735
-16656	8524	7296	5949	-4219	32523
-18708	6160	9416	5523	-4282	31752
-12672	5600	7864	6255	-7329	30686
-11764	7000	8524	6025	-4366	26335
-11632	4348	5884	1779	-6298	23106
-5572	2948	7520	3273	-9065	18900
-2024	6216	5740	1913	-4137	13985
-3520	3224	5648	-1171	-3185	10373
-1792	4348	5892	2770	-3552	5929
-1936	7880	4540	262	-2695	1781
-1640	8792	5720	1580	-1978	-478
-2060	12508	5656	2197	-1942	-2184
-1212	15296	4360	-539	-2930	-2658
-852	14952	5876	1998	-190	-2380
-4280	18228	4124	-2314	-1919	-1855
1532	13912	3788	-76	-2268	-448
-4460	18008	5928	997	2202	-931
-1736	14292	4328	-1700	-3327	747
-924	15616	4508	942	2278	-458
-4452	14840	6480	-905	-968	428
336	14952	5056	211	1221	42
-2644	14412	5796	575	664	-957
-2044	14456	6348	-200	285	-196
-1388	14912	6356	948	739	-807
-2964	17088	5980	-1546	161	-778
-1516	12020	6464	-1729	66	-156
-2240	14740	7364	1465	1014	-542
-2520	16780	4836	-955	-951	-441
-1088	13692	6252	221	796	2
-4668	15148	6920	-794	461	280
-536	14800	4704	-834	-834	-439
-2288	14652	6328	953	1411	-716
-3532	12604	5900	-1699	-146	-725
-1540	11976	4888	-667	203	-2497
-3076	11212	6144	-766	1184	-4630
-3660	9172	5712	-3509	463	-6297
-3944	9964	5404	-2273	-5	-9593
-2032	9692	6344	-3269	1469	-10225
-5728	8140	5496	-5889	2532	-12122
-6736	8084	7296	-2495	455	-13072
-7596	9480	7676	-1808	1960	-15225
-9284	9496	6528	-3185	1178	-16823
-8620	9004	6660	-3370	1585	-18218
-11612	8820	7916	-4345	2219	-20514
-12184	9588	6748	-5734	770	-20844
-14568	9472	8500	-6017	2423	-22349
-15472	9932	8412	-5664	685	-21385
-13028	8628	7656	-8222	1924	-20684
-15984	7044	8476	-6576	2613	-20340
-15824	7420	9004	-4751	1338	-19259
-15116	6760	9084	-4104	2254	-18688
-17160	4416	8776	-3448	2751	-18167
-16132	3792	8536	-3706	1238	-16817
-16200	2596	8784	-3011	2413	-16621
-17112	2492	8740	-2466	1873	-16042
-16160	884	8280	-2470	1150	-15430
-15952	876	8084	-1877	815	-14529
-15292	792	8272	-2524	199	-12918
-14652	-152	7188	-2466	770	-12199
-14780	-556	8044	-2214	276	-11119
-15076	-2044	7544	-2183	1061	-9968
-15512	-3496	7740	-1869	234	-9089
-14580	-3652	7980	-1608	225	-8776
-14824	-5060	7924	-1997	491	-8319
-13920	-5652	6884	-2973	-145	-7980
-12720	-5884	6804	-3939	-11	-7813
-13160	-5760	6936	-4259	324	-7365
-12116	-6116	6540	-4282	-270	-6780
-12388	-7228	6388	-3347	141	-6444
-12508	-6568	6892	-2239	-1118	-5845
-10968	-6708	6396	-2434	-212	-5590
-12568	-7768	6592	-2351	895	-5076
-11900	-8084	6152	-2755	121	-4428
-11400	-8500	5348	-2358	279	-4281
-12068	-8704	6240	-2380	-2	-4240
-11452	-9648	6368	-2638	275	-4083
-11672	-10632	5792	-1877	929	-4123
-11896	-9496	5256	-1045	728	-4276
-11284	-9440	5808	-937	422	-4369
-11004	-10040	6216	-1082	587	-4128
-11048	-9420	6220	-898	132	-3654
-10608	-8180	5972	-1273	-35	-3043
-10388	-8076	6068	-745	-121	-2175
-10700	-7864	5900	-312	-121	-441
-10784	-6864	5748	41	-365	1117
-10860	-7420	5936	85	133	2548
-11400	-7096	6984	624	254	4504
-11440	-4656	5052	1116	527	6604
-12768	-4896	6816	799	-48	8942
-13512	-2572	7928	2938	-1201	11935
-13704	532	5976	1787	-1792	15286
-15180	-1360	6176	876	-793	18742
-16896	-3484	7700	804	-634	21168
-17248	-3476	7660	3628	-565	22779
-17232	-2776	6692	5315	651	23525
-19464	-1656	7324	6991	1010	24407
-20800	64	7248	7069	-103	25407
-19492	1560	7776	5460	-573	26743
-20760	2004	6932	3708	783	27299
-20004	1632	9172	2971	-276	27298
-18716	2104	8836	4296	-708	25932
-18184	3824	8920	5268	-1400	25222
-15456	7476	7844	6545	-2167	25383
-14988	8904	7092	5021	-928	26228
-14892	8968	6964	3562	-2180	26135
-15484	9468	6316	1590	-328	24929
-13140	8188	5612	950	-2230	23072
-9336	6692	5788	3273	-1410	19947
-8284	6748	6120	5091	-2633	16962
-6036	7564	5444	6460	-496	14744
-7372	10160	5652	5109	237	11877
-5916	10836	5804	1629	-2250	9163
-3016	10592	6168	1155	-1657	6151
-4768	13576	6312	-610	-606	3846
-3044	11420	5604	-2870	-2878	3128
-1156	11568	4524	-2716	-1844	2651
-3136	12944	2864	-5477	-1218	896
-3948	11868	5000	-4996	-441	-116
-2204	12748	5256	-2104	-398	699
-4660	12684	6084	594	-691	986
-1084	14804	5992	5754	172	1060
-4072	16144	5156	1480	38	957
-1440	13660	5688	1865	-411	1232
-4160	17448	6588	301	1641	1067
-3000	13180	6472	-2873	-2222	371
148	14060	6196	1660	1255	-42
-6228	14824	6856	-1269	-410	-323
844	12940	5312	1657	-1413	-1015
-5212	17168	5112	-1151	1038	-1615
-1452	14112	5148	-1708	-2033	-503
-4356	15520	6232	-2299	1370	-908
-4232	14048	4832	-3087	-2286	-1217
684	12844	5348	69	875	-1815
-6000	14492	6316	-1060	874	-2453
-1760	11528	5092	-491	-1932	-3609
-1896	13284	5904	-877	1647	-3344
-6668	11096	6696	-3943	-234	-4523
-2352	10796	5776	-2806	-800	-7090
-4924	10716	6564	-3646	1590	-9138
-5628	8056	7148	-1652	-1347	-9660
-4244	7828	8276	2454	1505	-11895
-9596	10604	6696	943	-1088	-14657
-6024	12424	6072	2712	-1053	-15019
-8188	10952	7120	-2481	1109	-15171
-11564	11828	7740	-4092	-922	-14825
-9812	11128	7692	-4098	-1542	-14441
-10596	10900	8936	-2624	-452	-14771
-12472	9768	8720	-2333	-900	-15202
-13128	8988	8692	-919	-859	-15785
-13220	10228	7660	-2659	-1080	-15310
-14244	7804	7924	-5942	-126	-16152
-14884	6776	7680	-6666	-1008	-16512
-14092	5204	7832	-6118	-1079	-16869
-15152	4720	8972	-4818	-587	-17270
-15440	4148	8536	-4289	-833	-17141
-14592	3868	8280	-4724	-604	-16926
-15504	2844	8724	-5270	-63	-16940
-15484	2260	8700	-4954	-275	-16294
-14664	1344	8184	-4628	298	-15627
-15352	1148	8472	-3858	291	-14763
-13956	780	8376	-3952	-18	-13690
-14400	240	8792	-3910	1070	-12468
-15372	-1148	9060	-4543	981	-11416
-14320	-2456	8972	-3788	723	-10890
-13820	-3664	8428	-3583	1306	-10591
-15292	-4632	8952	-2262	978	-10328
-14200	-4868	8472	-2762	315	-10030
-13636	-5872	7600	-3282	1029	-9965
-14416	-6276	7952	-3172	184	-9579
-12568	-6856	8272	-2874	-203	-9409
-12664	-7228	8112	-2453	7	-9510
-12212	-6624	7344	-2002	-970	-9000
-10920	-6616	7220	-2433	-618	-8272
-11660	-7280	7456	-3046	483	-7542
-11468	-7352	6768	-3259	-161	-6472
-11172	-8612	7052	-2768	423	-5770
-11508	-8364	6896	-2840	90	-5027
-9980	-9048	6820	-2098	4	-4404
-10372	-8880	7108	-1075	501	-3961
-10308	-8788	7072	-1035	-232	-3357
-9316	-9180	6760	-961	171	-2704
-9616	-9472	7196	-429	372	-2004
-10584	-9144	7176	-308	223	-1446
-10100	-8316	6804	-658	-111	-581
-9672	-8256	6960	-490	277	917
-9768	-7076	6188	402	602	2489
-10436	-5656	6432	1514	783	4235
-10816	-5216	6404	1401	926	6471
-12084	-7032	7096	1182	1443	8476
-13132	-7532	7380	1307	1206	9703
-12024	-5244	6824	1144	1244	10854
-13052	-4444	7308	1183	1423	12559
-13244	-3048	7812	1449	846	14759
-13740	-2180	8200	2638	1657	17141
-15484	-692	7072	3871	1878	19363
-17812	-68	7356	4500	1691	21424
-20200	-356	7524	3889	1411	23309
-20716	-1140	7432	2682	1184	24339
-20312	-544	7640	1837	1186	24276
-19784	-104	8076	2006	664	24264
-18588	712	8628	2752	627	24162
-17776	2088	7808	3610	676	23946
-17492	3912	8424	4670	84	23741
-16312	5936	8052	5219	-576	23840
-15612	7800	7112	2978	442	24877
-18220	6860	8692	2577	1388	24358
-16612	8104	7564	3795	-2414	22921
-12012	8272	8060	4216	-1507	22215
-12080	9080	6960	4033	373	21548
-12044	9016	7436	3797	-1966	20345
-8056	8200	7688	5722	-2476	18854
-8540	10276	7340	5586	-594	17747
-8088	10288	6324	4031	-3827	15950
-4420	11024	6084	2589	-2349	14013
-4748	12812	5172	-3741	-2401	12225
-3448	10912	3928	-7584	-2432	8235
-5848	11464	5704	-6896	-2166	4805
-1640	8120	4848	-5534	-4169	2949
-2484	10320	3380	1877	156	1295
-2980	12536	3440	-1360	-2469	243
-108	10788	3760	368	1151	571
-5424	13692	4844	-2207	-11	-87
1172	9360	6732	-1685	451	-1078
-5140	14368	7976	243	1942	-1853
-84	12260	6808	-4267	-1082	-1398
-2752	11972	9376	2263	2953	-2227
-3320	17368	6904	-1727	-2648	-3168
-1028	11936	5464	-4228	1505	-2153
-6772	16608	6700	-2659	435	-2116
-1412	13832	6676	-4507	-1288	-2686
-4028	13296	7448	1928	1967	-2260
-4888	16632	6392	717	-1772	-2654
-1184	13244	7008	4	879	-2687
-5452	15520	7020	-601	292	-2771
-3532	12544	6200	-2673	-858	-3428
-3012	13956	6928	-1063	1495	-3226
-6620	12964	6868	-3033	-421	-3120
-2584	11728	7104	-718	-243	-3948
-5284	13356	7620	-117	2013	-4160
-5224	12396	6752	-1615	-117	-3485
-4744	11688	6764	-134	266	-4941
-4724	12232	7624	335	1442	-6042
-7960	10160	6544	-3972	845	-8494
-5524	12224	5796	-2471	-462	-9536
-6216	8952	7452	-7156	3188	-9144
-8512	8344	8224	-6420	277	-9880
-7800	8132	8824	-3400	2287	-12083
-10316	7680	8996	-1735	2047	-13834
-7104	9036	8192	-875	-457	-13697
-10452	8232	9032	-725	4169	-14116
-13176	8832	8340	-1058	-426	-14598
-8968	9456	6412	-1759	-418	-14275
-13272	6956	8036	-3233	3216	-15220
-15624	5940	8232	-2511	-340	-15936
-12376	6232	7904	-1788	-776	-16060
-14356	5636	8344	-2480	1365	-16389
-15368	4388	8820	-2651	4	-16603
-14816	4904	9636	-2228	-184	-16833
-13720	4200	8140	-3146	631	-16299
-16376	3444	8776	-4107	873	-16365
-15152	2736	8688	-2405	-362	-15401
-14804	2772	8436	-3082	-35	-14722
-15308	1588	8884	-2359	329	-14060
-14888	1460	8448	-1418	350	-13341
-14336	1188	8024	-1055	527	-12056
-15528	1368	8008	-1666	432	-10423
-14692	528	7860	-2618	-28	-9011
-13612	-528	7864	-2808	1112	-8134
-14768	-1752	8408	-2341	1419	-6905
-13972	-2456	8244	-1502	303	-5929
-12680	-2988	8168	-1665	606	-5458
-13520	-3588	7864	-1261	1407	-5241
-13844	-4512	8492	-1845	626	-5144
-13192	-5588	8556	-1608	203	-5253
-13432	-5764	8584	-1347	181	-5332
-13008	-5448	8388	-1345	-78	-5242
-12728	-6148	8548	-1416	-6	-5539
-13288	-5920	8060	-908	-437	-5542
-12616	-5476	7960	-914	-1111	-4980
-12524	-5484	7568	-1017	-370	-4645
-12676	-5420	7960	-1006	-668	-4149
-12220	-5524	7440	-1346	-620	-3407
-12156	-5464	7304	-1600	-574	-2651
-12388	-5764	7432	-1978	-357	-1727
-12324	-6072	7960	-1810	-446	-880
-11384	-6036	7448	-523	-77	-222
-11596	-5848	7324	50	225	290
-12412	-6784	7644	-294	337	810
-13036	-7180	7588	-295	164	1276
-12244	-7316	7704	-808	46	1237
-11528	-7400	8104	-793	178	1133
-11992	-8108	8280	-623	206	1167
-11976	-8044	7532	-300	-175	764
-11660	-8056	7660	-485	-202	276
-11564	-8084	7656	-830	153	-182
-11768	-7664	7468	-958	420	-425
-12288	-7096	7348	-475	244	-485
-11980	-6692	7616	166	-128	-289
-12304	-5668	7444	823	439	323
-12204	-4148	7304	1086	970	1571
-12864	-2508	7492	1222	1244	3139
-12860	-1552	7392	1302	1239	5454
-13260	-448	7600	1315	1126	8194
-13724	196	7716	1384	1419	11296
-15352	332	7636	1389	1821	14221
-17632	-740	8420	3202	1474	16484
-16100	1172	7836	5919	823	18204
-16472	3120	7844	6659	2160	20478
-17464	4272	7784	5599	2970	23427
-20152	5880	7700	4741	3208	26181
-21724	5704	7752	4596	3063	28592
-21932	7896	8196	6004	2976	30118
-19192	8372	8036	7161	3823	31661
-22012	7620	9404	6918	4681	32135
-20696	8820	8044	7464	1330	32767
-16376	8840	7756	5495	2979	32456
-17240	7164	7792	3818	3091	30088
-13996	6812	7432	5151	-1120	26785
-9764	6948	6788	5069	-1339	22911
-7960	5940	5888	1850	-1105	18820
-5640	5416	5396	85	-1847	15088
-4704	6548	4664	-655	-1203	10496
-3452	6148	4480	-1601	-2815	5411
-3576	8292	4080	139	-1122	2239
-3208	9960	4928	-129	-1788	1172
-980	11520	4364	585	-1655	1116
-2480	12340	5092	-324	-1018	531
-1784	13112	5600	1212	-1326	-483
-4040	15432	4428	-2802	-1385	-1032
-1232	11676	5080	-475	-1860	-1430
-4476	16272	4568	-550	-869	-1546
-2772	13976	3676	-2330	-2441	-1168
-2932	15552	2840	107	-239	-1842
-5944	16900	3600	-3400	-1202	-1071
-596	12864	4280	-2808	-1533	-994
-4908	15436	5540	483	1754	-1483
-3372	13912	5644	-349	-2393	-1403
-904	14228	5224	4333	1094	-2627
-6428	18300	4812	170	-772	-1945
-1452	13568	4480	-1851	-260	-1204
-4600	16176	5960	-1861	847	-1212
-4408	14528	4828	-3308	-2297	-2311
-2464	14176	5368	1109	338	-1780
-4692	15376	6076	30	-624	-1491
-4916	13924	4460	-172	-2672	-2669
-2280	15092	3432	1595	-474	-2130
-6628	14380	4428	-3315	-340	-1592
-2392	12264	3868	-2212	-752	-2199
-5256	12500	4960	-2805	630	-3276
-5524	10508	5868	-4138	-1135	-4722
-4244	8724	6612	-2592	-258	-6868
-5216	8944	7012	-3723	-211	-9017
-5716	8164	6864	-4023	-1510	-10949
-5372	9456	7676	-3395	-1156	-12411
-9376	9208	6820	-3694	624	-13818
-9268	8088	7008	-4924	-1469	-14764
-9792	8968	8004	-4242	-1437	-17169
-12304	8408	8532	-3372	-1608	-19148
-11688	11260	7572	-3261	-4025	-18697
-13364	8768	8684	-5037	-1154	-19449
-15940	8588	8076	-4260	-3867	-19118
-12940	9760	7680	-5069	-2999	-19105
-15508	8492	8500	-6847	-1001	-18920
-14848	6868	8308	-4961	-2249	-17393
-13500	6932	8720	-4210	-1888	-17018
-13624	7016	8672	-3327	279	-16293
-15976	4992	8712	-4611	-249	-14534
-14432	3952	8260	-3730	-1024	-13155
-14108	4128	8608	-3599	940	-12553
-15560	2384	8464	-4675	1745	-12139
-14808	820	8380	-4336	1081	-11234
-14016	76	8832	-3300	727	-10931
-13500	-624	9536	-3060	765	-10723
-13508	-1748	9288	-3351	1786	-10723
-14972	-3256	9036	-2964	1465	-10689
-14692	-4272	9504	-2804	-416	-10406
-14168	-4160	9528	-2369	-64	-10879
-14296	-3296	9348	-3060	-98	-11059
-13700	-4064	8540	-3746	-207	-10624
-13320	-4168	8532	-3699	-692	-9889
-13340	-3932	8876	-3898	-515	-8718
-12556	-4472	7976	-3640	-438	-7842
-13304	-4908	7604	-3214	344	-7175
-14440	-5928	8152	-2678	-439	-5947
-12620	-6180	7848	-2334	-1093	-4834
-11000	-5952	7204	-2358	-164	-4508
-11112	-6568	7848	-2168	636	-3988
-10892	-7416	8348	-1928	-46	-3273
-9864	-7468	8280	-1506	-223	-2803
-10644	-7016	7536	-972	182	-2072
-10820	-7300	8220	-795	-275	-1475
-10616	-7556	7684	-512	76	-1287
-11172	-7696	8100	-425	25	-538
-11172	-8108	7176	-564	-170	56
-12184	-7584	7156	-178	-861	320
-11512	-7944	8064	191	-1450	766
-11456	-7780	7780	-261	-803	1431
-11520	-8684	8180	-442	-700	1644
-11524	-8280	7916	55	238	1574
-11864	-7676	7692	84	183	2158
-11204	-6868	8128	1004	17	3087
-10536	-4944	7888	2249	503	4199
-11440	-2400	7500	3201	1267	5767
-12456	-528	7328	3737	1191	8839
-12384	1372	7156	3377	1394	12390
-15012	548	7360	1475	2927	16346
-19248	-744	8128	850	1168	19891
-14788	1112	8408	1716	333	21347
-16368	988	9080	4251	3084	22264
-19028	860	9356	6824	2365	25229
-18948	3216	9824	9879	3180	26512
-19904	6592	8456	9613	3621	28004
-20872	7124	9448	6924	5517	29396
-24292	8884	9196	4166	3951	31061
-20876	8100	9360	1745	2921	31736
-20588	7316	9032	1160	2574	30410
-17584	8600	8224	2260	1660	29862
-16160	6024	8716	2374	1533	28724
-13792	6832	7328	5084	505	26270
-11308	7544	7216	5562	66	23381
-9468	6768	5676	4613	290	20529
-7540	7652	5652	4100	224	17993
-6096	7804	5492	2573	654	15471
-5540	7244	5956	1904	-635	11261
-2532	8124	6020	3617	-361	7120
-4636	9036	5240	2047	-888	4740
-724	9736	5252	2513	-1834	2961
-2156	13640	4784	1036	-566	2044
-2364	13376	4668	-3526	-1817	1970
-1168	15212	4300	-4393	-1076	1995
-3040	14144	3752	-6831	-1410	2435
-3152	13960	4816	-4618	413	2373
-3700	12768	4040	-3035	-1403	1792
1204	13140	4676	5212	-9	-7
-3736	17320	4476	2060	-757	504
-1284	13464	4108	1892	-368	556
-2988	17440	6088	598	370	886
252	13032	4956	-2829	-1610	317
-1908	14368	6024	2147	860	-289
-2576	14116	5180	-186	-1865	-498
-712	14128	4248	1389	-481	-1404
-2708	15724	4728	-479	-79	-708
-2864	14528	4696	-2952	-1581	-823
-156	14768	4924	953	11	-2525
-2720	16704	4464	-1069	-651	-1102
-2752	13644	4496	205	-642	-1186
-2388	17132	5516	3323	604	-2323
-2404	16076	4700	-1984	-1119	-992
-1896	14256	4404	761	-730	-532
-2656	17352	4596	-1181	281	-17
-2024	14068	4496	-2093	-365	497
-2280	14448	4812	1768	336	-476
-2552	15092	4776	-655	-1034	-882
-932	13612	4356	1106	225	-1054
-3392	14084	5284	245	113	-1306
-3448	13888	4476	-1914	-1764	-2659
-748	13216	4580	-1506	114	-3841
-3160	11348	6132	-3789	1107	-3367
-4448	11200	5056	-4549	-899	-5272
-588	11796	4920	-3049	-351	-6375
-4244	11416	6768	-4980	960	-7067
-7396	9100	6256	-3833	-869	-8699
-3116	12352	5192	-600	-1473	-9820
-6744	13276	6404	-3112	163	-10598
-8636	13200	4480	-8434	-1172	-10034
-3788	11244	6644	-7681	-966	-8350
-5088	10416	7868	-8256	3013	-10981
-13996	11540	8740	-5451	-947	-14005
-6728	10800	7916	-3760	-928	-13140
-12492	9156	10112	-4492	2723	-16821
-12596	10144	8784	-5636	-3156	-16835
-11248	8944	9728	-6191	-653	-18918
-13412	8516	10436	-6629	-1535	-18425
-12244	6820	9900	-8618	257	-18976
-15256	5092	10600	-6748	1	-19479
-13148	5924	9164	-4377	-948	-18888
-14692	5596	9968	-4289	978	-19585
-14696	6488	8744	-4757	763	-18403
-13332	4700	7484	-7782	2067	-17491
-15044	2524	8400	-8168	3440	-16608
-15268	2000	8208	-7629	4159	-15579
-14832	600	8376	-6639	4461	-15014
-15148	-1072	8388	-4254	4934	-14412
-15352	-1996	8964	-2189	3657	-13538
-14312	-2284	9352	-649	3549	-12911
-14972	-2196	8876	-471	3736	-12518
-14424	-2644	8664	-1136	2512	-11369
-12616	-2980	7948	-2143	2794	-10401
-14340	-3068	7724	-2557	3346	-9048
-13264	-3040	7320	-2904	1712	-7380
-12540	-4296	7964	-2083	2050	-6302
-13964	-4728	7984	-842	1816	-5082
-13620	-4944	7552	321	536	-3983
-12692	-4876	7344	782	818	-3479
-13792	-6020	7508	849	804	-2703
-12884	-6460	7240	291	194	-2168
-12548	-6896	6888	-411	903	-2121
-13116	-6328	6332	-1087	861	-1847
-12564	-6368	5780	-2294	776	-1467
-13220	-6636	5952	-2998	1150	-548
-13544	-7176	6208	-3251	827	85
-12280	-6932	5684	-2717	599	-203
-11912	-8048	6452	-1902	1076	-418
-11928	-7628	6676	-471	1260	-348
-11876	-8012	7136	1001	1617	-352
-12328	-7276	6416	2688	1251	-341
-11844	-7108	6684	2761	821	-227
-12684	-6620	6508	2087	1729	59
-13908	-5336	6068	428	748	812
-12212	-4868	5736	-480	402	1983
-13340	-4008	5484	-887	1150	3426
-13484	-3168	6212	385	828	5347
-14068	-2020	6160	2148	1396	6983
-14648	-736	5764	3318	1194	9265
-15520	540	5052	3825	1830	11893
-16660	1644	5988	3196	2053	15084
-17684	2160	6208	2830	2289	18328
-19148	3848	6084	2415	2281	21277
-20404	6500	6304	2344	2395	24698
-22524	6836	6744	2146	1777	28667
-21140	8908	5756	4666	1672	32229
-23028	9360	7944	5747	3449	32767
-22972	10720	6736	7810	3070	32767
-25504	11500	7592	5107	4803	32767
-27172	8088	8540	3728	1150	32767
-21212	7388	7668	4463	923	32767
-17684	6516	7160	4873	9	32767
-13212	3596	5940	7797	-1416	31115
-10028	3640	6540	9246	-2402	26631
-5636	3976	5652	5960	-2640	19671
-3612	7308	2544	-2091	-1578	13360
-2680	3700	4436	-6605	-2148	8470
-1444	6796	4556	-8104	-2535	5185
-668	5088	3920	-6244	-2591	2539
-1720	10336	3384	851	-1788	311
-492	10980	1192	-2706	-2874	-713
-992	12388	4108	1938	345	-2363
-2532	15880	2512	-5007	-2066	-2130
1364	11716	2872	-646	-246	-2948
-6528	18468	2956	-686	147	-4233
-632	14548	2888	-4441	-1413	-2248
-696	14020	4836	-487	2436	-2221
-4788	17632	4568	-1301	-487	-2535
800	12976	4764	364	819	-2449
-5952	16604	6876	2590	1151	-3555
-1136	16824	4632	-1555	-2143	-3000
-1604	14372	6480	82	1004	-2716
-5204	17604	5820	-1549	-509	-2271
-852	14484	3448	-2273	-1787	-1671
-3852	16348	4332	342	699	-1559
-5084	17976	3188	221	-1854	-1308
-1944	14828	4164	-479	52	-1004
-4872	15928	4272	-502	-552	-1385
-2644	15780	3288	-2832	-646	-1906
-2460	13848	4996	-1594	464	-1499
-6300	13744	4564	-1834	16	-2739
-1000	13720	4248	-596	92	-2133
-5528	12064	6124	-1385	-22	-2607
-3652	13568	4956	-1081	-1246	-4067
-4040	11680	5788	-1852	305	-4720
-4488	11320	5904	-2787	337	-5122
-6352	12004	4020	-4966	-209	-7193
-4140	10140	5708	-5896	724	-7519
-7584	8340	6900	-5171	634	-10173
-8012	8840	6448	-2107	-1268	-13733
-6108	10924	5864	-1561	-1572	-15348
-8716	10280	7352	-3354	683	-16145
-11976	9852	7304	-4490	-1749	-15430
-8376	12924	6540	-6474	-2691	-15361
-11380	10212	8144	-6562	1478	-16757
-15008	8668	9032	-4774	-1289	-15673
-11092	10024	7800	-2572	-1534	-15503
-14340	8924	7940	-3842	786	-17073
-15144	8824	7656	-3922	-1494	-16281
-12912	8172	7272	-5939	-654	-16042
-14700	6808	8016	-6725	62	-15777
-13680	6056	8120	-6832	-101	-14754
-14044	3764	8472	-6035	1672	-14823
-15700	3764	8556	-2896	1103	-14619
-14208	3488	8108	-1770	263	-13942
-13660	4164	8160	-1791	1452	-13178
-14476	3624	7112	-4251	2625	-12037
-14524	1932	7140	-5739	2512	-10813
-14148	840	7744	-5642	2324	-10071
-15404	-896	8348	-5527	2859	-9800
-15776	-2880	9032	-4383	2442	-9678
-14720	-3232	7692	-2302	1958	-9922
-14384	-3000	7592	-1246	1560	-9887
-14528	-3592	7552	-650	1007	-9497
-13768	-3612	7548	-1128	1108	-9278
-13968	-3988	7608	-1227	860	-9166
-13308	-3956	6804	-1787	439	-8558
-13428	-4028	7296	-2092	643	-7640
-13496	-3700	7252	-2323	1011	-6626
-12984	-3380	6432	-2001	1056	-5732
-13956	-4028	6416	-1058	869	-4261
-13700	-4196	7408	-693	-150	-2713
-12876	-4600	6716	-292	458	-2035
-13756	-4708	6504	-22	629	-1137
-14016	-5400	6924	-124	579	-67
-13244	-5344	6764	-140	343	692
-12368	-5540	6272	-120	789	1114
-13224	-5956	6872	76	301	1555
-12900	-6048	7016	708	-291	1789
-13292	-5024	6792	1348	-328	2214
-12896	-3912	6068	1007	-610	3452
-12880	-3424	6844	1231	-172	4851
-13408	-2628	6672	1265	812	6164
-13820	-1924	6488	1627	1088	7797
-14396	-880	6132	2380	1725	9666
-15448	444	6612	3114	1625	11644
-15312	1896	6172	3164	1449	13778
-16100	2360	5872	2345	2069	16438
-17556	2840	5476	2073	1608	18950
-17512	1980	7356	3132	1313	20605
-17708	2024	7532	5241	2633	21266
-18252	2804	6960	6920	3209	21451
-19096	3604	7876	8071	3356	21247
-18876	5096	7388	7651	2461	21046
-17708	6708	6588	5959	1798	21156
-16176	8452	4880	2640	1781	22063
-16172	8980	6060	659	1915	22323
-15744	9288	5112	-445	213	22979
-12680	9456	4480	1504	1703	23807
-15812	7744	6456	1631	4466	22005
-14680	9108	5960	6846	-1640	19576
-7288	10396	5524	9170	-319	17747
-9444	9624	5212	5266	3597	16895
-8520	10436	4664	3936	-1200	15526
-3252	11096	5876	659	731	13823
-7284	8016	5904	-3492	3770	11455
-7832	7536	6856	1285	-3480	7014
-2948	10464	5124	3343	-2995	2487
-4524	11340	4508	1072	-3250	1769
-3596	13076	2040	1555	-3899	752
-4460	16856	1324	-3669	-2250	757
-4240	13192	976	-7517	-1716	1230
-4916	13720	1824	-3584	-503	1042
-3420	14808	1596	-3604	-2128	631
-2972	12732	2400	961	-161	-187
-6404	15172	2264	2473	1476	-167
-2672	14024	1304	1044	-2200	-557
-1748	14772	3428	2985	3794	-619
-7816	15400	3740	-198	-189	-767
-456	15588	3072	-304	465	-911
-6136	15700	5076	-2054	3425	-1024
-3884	15912	4548	-3277	-2767	-255
-356	13612	5204	-636	2251	-658
-8100	16332	5424	-2465	-363	-1167
16	14428	4356	-1064	-1855	125
-6024	16020	5100	-2055	1505	-273
-3656	16244	3668	-1829	-2772	316
-3112	14956	4160	-2485	1341	1650
-6344	13296	3980	-2190	-347	1183
-2804	14016	2444	-698	-1498	-1358
-4000	12788	3868	-1074	1426	-1876
-4316	12740	4352	-247	-1077	-1155
-2928	12308	4020	119	1274	-2589
-6896	12100	5436	-826	257	-4299
-3252	10540	4784	-3096	-1667	-6190
-4248	11372	4960	-4158	384	-7590
-6276	11884	5992	-7491	-286	-8690
-5484	10560	5724	-7328	-144	-9337
-6672	11380	6808	-4996	-30	-10656
-7008	11272	7440	-1100	311	-10604
-9660	11264	7080	-303	-350	-11294
-10828	11724	6580	2193	-814	-13139
-10840	13148	5248	-1365	-1994	-14606
-11084	9500	6240	-6031	-91	-15489
-11600	11268	5828	-7427	-3473	-14808
-9660	8884	6044	-10500	-281	-14583
-13252	8848	7352	-7520	-1339	-14707
-11252	7176	7808	-5987	-1006	-14317
-15700	5832	9644	-2315	595	-15333
-13024	8048	6756	-151	-1753	-14794
-13852	6048	7988	-1253	868	-15753
-15624	6580	7888	-438	-1138	-15187
-12804	6476	6808	-2801	-1344	-13983
-14668	4660	7864	-4655	212	-13725
-15352	3836	8068	-5155	-317	-13359
-14968	2888	7964	-5168	317	-12798
-15684	1848	8776	-4533	-33	-12596
-14500	952	8376	-3035	224	-12536
-15184	508	8516	-1190	530	-12298
-15428	368	8044	-414	-776	-11735
-14620	-120	8996	-943	-935	-11229
-14616	-1108	8916	-2065	66	-11101
-14728	-1116	8284	-2921	-274	-10336
-14480	-1608	8500	-3688	-950	-9543
-13760	-2156	8520	-3716	-1244	-8541
-13520	-2024	7952	-3654	-1318	-7901
-12732	-3136	7532	-3608	-934	-7000
-13808	-3692	8044	-3087	22	-6274
-13760	-4164	7936	-2376	-447	-5430
-12924	-4924	7064	-1592	247	-5050
-13648	-5152	7452	-841	12	-4837
-13184	-5252	7612	-174	-624	-4235
-11648	-4868	7100	-326	-302	-3683
-11820	-4792	7396	-595	164	-3130
-12296	-5580	7544	-563	445	-2355
-12956	-6092	8184	-693	333	-1887
-12456	-6660	7888	-783	278	-1691
-12380	-6884	7672	-550	846	-1702
-12752	-6860	7964	-304	412	-1765
-12172	-7420	8740	-391	-42	-1889
-11656	-7192	7904	-208	-108	-1842
-11828	-6448	7640	-514	-403	-1668
-11432	-6760	7992	-619	-442	-1482
-11860	-6564	7812	-487	-222	-1407
-12140	-6752	8096	-560	-802	-1218
-11652	-6844	7372	-861	-331	-793
-11944	-7276	7768	-1078	-2	-461
-11856	-7432	7700	-905	262	-374
-11996	-7084	7344	-746	449	-363
-11700	-7188	7772	-339	76	127
-11464	-6276	7412	-75	385	475
-11116	-5312	7180	-341	490	996
-11092	-4168	6684	-423	1528	1879
-12756	-1648	6616	-222	1256	3864
-12228	-1084	6528	-1675	942	7001
-13504	-92	7112	583	1749	10123
-14184	1036	7128	420	2100	13592
-15872	1368	7376	2805	3450	16834
-17200	1772	7676	3438	3619	20132
-18892	1940	7636	4153	4157	22882
-19328	3740	7240	5563	3965	25282
-20972	4972	7640	5149	5333	27754
-24104	5028	8404	5649	4103	29460
-21964	6240	8324	7407	2604	30711
-20576	6876	7984	5698	4912	31468
-23300	6028	8440	4426	4448	31498
-20824	7496	7160	4909	109	31206
-16392	7040	7948	3355	1487	30446
-18616	7148	7496	2904	1252	27561
-13140	6656	6676	2233	-3125	25155
-8924	6272	6672	4482	-1564	22276
-9008	6608	7400	5590	-107	19674
-8864	7532	6576	7806	-2264	16381
-4884	9128	4648	8713	-4814	12807
-4028	9992	2576	4351	-1873	10039
-6144	9584	2292	-960	-3526	7415
-1092	9972	1604	-3414	-1848	5527
-3660	8568	2880	-7595	547	3955
-1924	7028	4188	-630	-1922	730
-2940	14352	3696	3132	-691	-1873
-3332	13212	3956	127	-2215	-1347
-1196	13756	3948	3666	168	-1273
-3684	18548	2552	1412	-644	-1082
-2496	14412	4080	-990	-765	244
-4516	15436	4100	2216	231	-355
-1516	16772	2696	886	-1487	-411
-4388	14232	3924	177	422	-418
-2300	15636	3108	898	-1245	-876
-3304	16784	2484	-2009	92	-1056
-2732	13252	3228	-795	-1077	-100
-3240	12992	4756	2184	263	-1874
-3968	15640	2848	4279	-1586	-2812
-2080	16004	1404	1930	-602	-1460
-4616	15196	3612	1286	938	-897
-2212	16796	2500	-1516	-903	-1123
-3160	14384	2360	-2365	420	-1160
-5116	15496	3496	306	-399	-795
-2436	15804	3776	-193	-144	-697
-3664	15120	2428	-143	-259	-1230
-5436	15872	3260	-317	-853	-1923
-2012	15084	3440	-1648	-828	-1500
-3532	14876	3088	-3349	236	-618
-5604	13932	3616	-5955	-313	-1361
-3752	12008	2768	-6362	-1918	-4346
-3024	12264	3948	-5482	245	-4969
-5592	8992	5032	-6097	-201	-5427
-4920	10676	3384	-2700	-640	-7567
-4876	12864	4136	-2872	459	-8462
-6736	11264	5696	-3180	639	-9125
-9480	10620	6388	-1337	-804	-10875
-6960	13040	4692	86	-3654	-12518
-6916	12288	5500	-2093	58	-12873
-10280	9660	7164	-2668	-1387	-12965
-10340	12064	6308	-3250	-2753	-13977
-8808	11520	6488	-5485	-2049	-13655
-11784	10728	7700	-4740	-1315	-14008
-11264	11204	7460	-3973	-2761	-13367
-13488	9680	7256	-4168	-782	-14295
-13120	11280	5280	-4727	-3114	-12833
-11232	9316	5776	-7307	-407	-12887
-16184	6656	7864	-6181	221	-14096
-14516	7720	6548	-4857	-2866	-13095
-11836	6888	6504	-5569	-501	-12579
-13584	5884	7364	-6067	741	-12105
-12768	4864	7656	-5265	136	-11913
-13364	4160	7696	-4036	1384	-11804
-14344	4672	7876	-3901	1243	-10675
-13608	3632	7968	-4643	1552	-10215
-15076	2744	8440	-4615	2200	-10412
-16232	1564	8728	-3681	472	-9641
-14400	1320	8432	-2478	60	-9153
-14508	712	8000	-1622	966	-9174
-14796	332	7676	-1691	964	-9047
-14684	-632	7748	-1792	1138	-8569
-14908	-1280	7596	-2343	727	-8236
-14580	-1856	7488	-3237	443	-8393
-14716	-2756	7752	-3503	547	-8834
-15468	-3008	7984	-3042	164	-8618
-15004	-3248	7992	-2345	-919	-8249
-13756	-2972	7508	-1737	-275	-8348
-14096	-3420	7704	-1427	-31	-8132
-14176	-3764	7656	-1055	7	-7408
-13532	-3584	7460	-1086	-536	-6552
-12308	-3520	7076	-1374	-199	-6055
-12836	-3788	7404	-1393	148	-5143
-13148	-4624	7712	-1564	-344	-3979
-12764	-4760	7456	-1210	-725	-3470
-12856	-5312	7560	-1226	-577	-3127
-12652	-5616	7876	-1295	-539	-2374
-12800	-5976	7012	-1214	-255	-1888
-12980	-6628	7024	-1004	-460	-1753
-13204	-7364	8000	-734	-696	-1829
-12584	-7676	7692	-399	-540	-1795
-12772	-7016	7176	-613	-437	-1859
-12004	-7452	6892	-1031	-632	-1954
-11244	-7520	7068	-1652	-271	-2232
-10968	-7872	7208	-2388	262	-2313
-11984	-7764	6956	-1650	596	-2312
-11816	-7044	6828	-1206	288	-2424
-11868	-6608	7204	-352	761	-2130
-12188	-5144	6956	240	1068	-954
-12328	-3376	6628	847	1454	869
-12404	-1352	6480	1381	1649	3290
-12324	92	6688	1368	1837	6661
-11868	2764	5596	1295	2622	10858
-14044	2512	5128	1	3974	14778
-16508	2220	5776	489	4221	18971
-18280	2816	5548	940	4972	22664
-20844	2572	5936	2146	5145	25506
-22200	2296	6468	4398	4730	27675
-23012	3864	6480	6714	4069	29611
-23428	5000	6340	8385	4871	31144
-24152	7000	6524	7699	6245	32086
-24320	8388	7020	6935	5807	32767
-22268	8812	7540	5576	4841	32767
-19424	8088	6516	4967	3757	32767
-19560	8044	7656	4425	3168	31819
-16444	10028	6080	3690	494	31600
-11016	4848	7696	7136	1379	30372
-13268	5016	6916	11934	2487	24998
-10200	6796	5348	11757	-3709	17614
-4444	8056	1956	7576	-912	12399
-6308	7980	3580	-1732	-1808	9057
-3020	9192	1940	-5167	-1778	5447
-4000	11752	2124	-11198	-1334	3416
-3404	7252	3132	-10041	-3103	2584
-3096	12068	2000	-4831	-2422	-156
-4860	15112	1684	-7108	-1166	-1158
-2676	12280	2212	-6039	-3700	425
-724	14408	2044	-3825	-1006	1506
-4088	13560	3268	-3662	1696	2082
-4808	11652	2824	-190	-2332	365
-1556	15336	1588	3332	-197	-2034
-5356	13920	2996	-3198	387	-1179
-980	10920	3364	762	-126	-1473
-5308	16824	3504	-825	1990	-3515
-1724	12112	4448	-3187	-2480	-2790
-5032	13480	5836	1921	2905	-2683
-4420	16588	4088	261	-2785	-4058
-2996	16104	5104	145	272	-3402
-6204	16108	6240	-640	-601	-2312
-3496	19124	4088	-1783	-2450	-2968
-3932	17548	5012	-4886	-1057	-1553
-5368	15900	6024	-4598	-345	1231
-3172	15256	3488	-3972	-2415	577
-5724	14260	4792	-2786	2031	-357
-5904	11960	4000	-554	-3016	-222
-192	13556	3408	1769	1143	-698
-8676	12704	4728	-495	2692	-1634
-4756	13160	3236	837	-3689	-3254
-896	13028	4928	-1974	2487	-3118
-8088	10160	7012	-2529	1452	-3509
-4008	12568	4720	29	-3230	-5769
-4944	11748	6676	-1820	1529	-6600
-7432	11360	6356	-1390	-1265	-5979
-4860	11868	4624	-1631	-572	-7455
-7452	9904	6640	-1854	573	-8707
-11096	9308	6244	-1568	21	-12610
-8328	10824	5652	-1385	-3809	-13967
-8820	7728	7000	-4799	1021	-17342
-13828	9364	7520	-2399	-3229	-17645
-8332	9968	6192	-5025	-4367	-16754
-10848	8080	7484	-6087	946	-17474
-13432	10748	6220	-4625	-2691	-16394
-13760	8000	7624	-4443	-172	-17276
-17912	9232	7144	-1491	-2897	-16423
-12992	9132	6772	-2595	-3348	-15094
-15808	7472	8116	-2750	197	-15613
-15696	8324	6276	-3447	-2468	-14069
-14052	6128	6852	-4203	-1715	-13264
-15016	5308	7736	-3187	-1019	-12545
-14276	4404	7648	-2962	-951	-11749
-13804	3632	7244	-2778	-91	-11577
-14336	3264	7468	-3651	544	-11318
-14800	2312	7812	-4216	609	-10519
-15396	184	8544	-5562	486	-9906
-14956	-1408	8712	-5212	149	-9995
-14672	-1360	8048	-4114	394	-10482
-14592	-2056	8016	-3461	-233	-10666
-13928	-2892	7792	-2899	-248	-10738
-13480	-1936	7740	-2785	-323	-10692
-13232	-2628	7472	-4138	839	-10438
-14304	-3380	7576	-3655	594	-9852
-13588	-3596	7444	-3193	77	-9388
-14152	-3952	7680	-2086	572	-8787
-14300	-3864	8020	-1242	-604	-7848
-12028	-4404	7576	-1227	-136	-7056
-13560	-5164	7672	-759	1066	-6412
-14692	-5100	8068	-1070	-340	-5666
-13072	-5792	7924	-1171	-912	-5229
-12512	-5660	7960	-1859	-370	-4709
-12556	-5140	6904	-2293	-452	-3436
-11872	-5432	6840	-2156	-304	-2555
-12080	-5860	7160	-1916	285	-2074
-12048	-6392	7456	-1187	64	-1312
-11520	-6404	7032	-657	2	-251
-11840	-6800	7124	-59	321	143
-12500	-7088	7376	25	-120	415
-11796	-7400	7436	113	-43	706
-12412	-7032	6980	-145	467	853
-12164	-6616	6796	-545	261	1280
-12072	-6040	6792	-747	585	1990
-12436	-5164	6512	-939	497	2881
-12652	-6044	6512	-1146	1309	4088
-14600	-6088	6576	122	1546	4669
-13700	-4096	6780	879	1479	5801
-13648	-1960	5968	929	2805	7442
-13980	-504	5864	976	2952	9704
-14548	-644	6556	1199	3075	12089
-15556	-420	6968	1905	2556	14217
-16532	-464	6952	3090	1652	16392
-16576	680	6216	3439	1046	18432
-17124	2100	6384	3614	2742	19429
-18472	2860	6628	2500	4440	20886
-19244	3608	6672	2758	4480	22812
-18392	4624	6188	3153	4700	24574
-20644	4752	6444	4263	4722	25510
-20644	5896	5952	5018	3626	26224
-18936	6172	5308	5271	3825	25873
-18628	8732	5852	5291	2773	25969
-14592	8784	4708	2292	3224	27153
-17672	6932	7184	1661	3560	25210
-13748	8296	6176	2827	452	23331
-12608	7484	6696	2707	2058	20897
-12244	8536	5476	2570	-1082	19398
-7552	9160	5464	2775	-1187	17582
-8352	9808	5252	442	1348	15451
-8484	8324	5984	46	-2410	12157
-6700	11240	5756	1498	-1187	7414
-5240	12392	5092	-2420	-4737	5516
-1452	9188	3884	-2668	-5169	4355
-5280	12804	3252	-1938	-872	3683
-3268	11560	1884	-5337	-5799	3444
-1036	10740	1356	-3691	-149	3007
-7436	13060	2056	-5176	-1097	1591
-1040	9928	3164	-999	-3332	1152
-4404	13552	2444	1187	2586	-489
-5688	12100	3984	1403	-3319	-1696
-296	13232	3880	5384	882	-976
-6040	15108	3828	2549	182	-2373
-1692	16256	4248	4578	-1422	-2505
-3296	16060	4556	1614	1102	-1382
-6612	16676	4192	767	-947	-786
-2124	16960	2848	-571	-2051	-1007
-5512	16512	3728	-4025	2525	-664
-4636	13140	3492	-3388	-3162	-662
-1708	15244	2760	959	1331	-2651
-8360	15088	4708	-1314	-225	-2287
-508	12880	3700	1562	-1853	-574
-5156	15760	3200	2689	2826	-1858
-7260	15512	2988	-1433	-2246	-1800
-280	12080	3832	-2290	905	-1302
-6344	11732	5472	-2184	2425	-2844
-5868	11808	4476	-2092	-2906	-4894
-3328	9620	5720	-3590	438	-6362
-7316	7376	6096	-4143	-57	-9221
-5072	10088	4356	-2458	-4710	-11028
-4868	10464	5704	-3338	-951	-11917
-12096	8532	6684	-2344	-426	-13386
-9424	12448	4176	-323	-5472	-13787
-5476	13244	4756	-3316	-1112	-14415
-13000	9888	7348	-3055	283	-14707
-11564	12956	5464	-1608	-5381	-14154
-12200	9980	7744	-4579	-508	-17002
-17860	9164	7376	-4236	-2857	-17240
-10256	10604	5472	-6370	-6298	-15329
-12204	6784	7968	-8234	460	-17744
-15704	7848	6828	-5543	-2986	-16317
-12156	6256	6824	-6451	-2915	-15603
-15444	5420	7932	-4913	-400	-16470
-15064	6592	6720	-6200	-1446	-15828
-14940	4796	7316	-7148	-395	-15314
-15584	4224	7476	-7904	-563	-14636
-14304	3108	7852	-7693	372	-14071
-15192	1924	7544	-6778	2276	-13570
-15744	1612	8224	-5184	1239	-12632
-14356	456	7920	-4008	1049	-12325
-15176	-352	8188	-1942	1538	-11318
-15320	-600	8124	-1577	1103	-10087
-14460	-1168	7864	-1115	1319	-9986
-14612	-1724	7856	-2081	1661	-9696
-15176	-3172	8032	-1885	764	-8721
-12920	-2652	7640	-2681	-386	-7888
-12584	-3400	7524	-3243	956	-7613
-14036	-4216	7620	-2637	1114	-6839
-14132	-4048	7292	-2010	-117	-6332
-13300	-4824	7496	-1145	-289	-5958
-13388	-4992	7268	-975	255	-5115
-13768	-4936	6772	-1022	-40	-4410
-12900	-5084	6716	-1018	-73	-4029
-12520	-6100	6700	-1168	563	-3636
-12904	-6344	7004	-815	437	-3115
-12300	-6356	6396	-1075	380	-2981
-12444	-6708	6588	-706	580	-3096
-12432	-6920	6860	-452	436	-2692
-12312	-6528	7088	-440	245	-2246
-12304	-6568	7052	-355	471	-1989
-12612	-6732	7132	-816	668	-1493
-12264	-6696	6608	-693	882	-875
-12532	-6088	6272	-237	907	-422
-12460	-5700	6420	-210	839	309
-12560	-5092	6064	-175	1209	1543
-12756	-4188	6464	105	1260	3053
-13628	-2176	5288	1088	1314	5262
-14052	964	6692	2767	236	7848
-13084	2192	5528	621	1142	11350
-15796	952	6952	1076	2373	15251
-16524	3328	5700	2801	2791	19601
-18420	3204	6640	4693	3027	21952
-19476	2088	7712	6037	3617	24615
-20344	5744	5484	6069	4523	28440
-22836	8472	5164	3854	3962	31643
-23580	4032	8284	2201	4742	32570
-25204	3428	9564	3915	5430	32019
-23216	5276	8268	6123	3857	31305
-19932	8496	9236	8292	1477	30879
-17520	9868	8232	6427	1951	31012
-18056	13356	6612	3037	1147	32767
-16388	8272	6044	-388	202	32767
-15200	6352	6408	3547	-1739	28948
-11112	7208	3920	6522	-1566	23132
-9148	4252	3424	5093	-2122	18422
-4520	3524	1400	3540	-4989	12146
-1512	7892	1256	1836	-183	6411
-4980	8648	2492	-7973	387	3390
-1320	6564	5248	-6480	-2620	888
-2628	13000	6392	-6037	974	-1211
-3768	13008	6900	-6716	-3571	-2070
-1096	11444	7248	8	-3116	-345
-3320	13016	4592	276	-2962	1183
-2260	13444	2304	2849	-1562	12
-5216	16328	1076	628	129	-891
-1704	12968	1576	-393	-3881	-246
-3504	15732	4852	1298	3988	55
-6352	15368	3680	-2036	-2810	-1065
1612	14604	3008	1663	-220	-1564
-6936	15408	6200	-387	2615	-1521
-2220	14020	4380	1586	-4165	-1624
-2696	15600	4416	1745	2134	-1760
-4856	14584	4448	85	-2496	-2326
-2652	15440	2724	-1229	892	-1859
-3632	12880	3536	-1991	-869	-1700
-4376	14244	4320	-347	1337	-1711
-4008	12908	3408	-1182	-1022	-2456
-4860	14500	4188	1426	616	-4025
-2440	13660	5216	-1094	-618	-3470
-4148	11856	4848	-1834	1007	-3749
-8052	12672	4876	-893	-1345	-7205
-3696	13132	5340	-1245	-2691	-7676
-3872	11812	5208	-3479	533	-7332
-8524	11568	5288	-1443	-1116	-7891
-6800	15056	4056	-2213	-3439	-8428
-5104	11864	4144	-7612	857	-8210
-9848	10584	4516	-8535	1758	-9969
-8812	11184	5092	-6746	-2418	-11047
-8268	8988	6208	-6149	704	-12737
-11796	9500	6008	-4029	-302	-13854
-10448	11496	5476	-4159	-1144	-13685
-11488	10280	6868	-6315	1296	-13840
-12524	9988	7336	-4935	-375	-13730
-12276	9520	7892	-4142	271	-14131
-14616	7732	8752	-3482	689	-14441
-13760	7948	7704	-2343	-522	-14506
-13148	7220	6952	-3762	135	-15004
-14816	5612	8012	-4356	-55	-15236
-13320	5412	7036	-4552	-392	-14365
-13320	5820	6808	-5561	315	-14057
-14652	4600	7792	-6206	855	-13593
-15568	2268	8452	-5238	902	-13303
-15344	2352	8060	-2932	768	-12954
-15032	2308	8308	-1371	785	-12580
-15164	1944	8004	-942	1188	-12279
-15712	1244	7636	-1121	1284	-11764
-15740	296	8040	-920	435	-11367
-14516	-344	7364	-435	26	-10781
-14508	-768	7464	-21	-107	-10219
-14284	-1580	7388	-957	91	-9729
-14392	-2464	7744	-1702	533	-9808
-14480	-3032	7588	-1595	537	-9854
-14152	-3304	7580	-1445	-223	-9058
-14156	-3476	7356	-1433	67	-8920
-14064	-4072	7744	-1583	-294	-8838
-13784	-4320	7816	-1288	-192	-8300
-13496	-4544	7288	-1468	-318	-7469
-13496	-4752	7448	-1643	-468	-6764
-13116	-5248	7516	-2715	-541	-6308
-13020	-5436	7172	-3060	-348	-5933
-12596	-5384	6732	-2936	-810	-5059
-11720	-6240	6992	-2693	-601	-4304
-11892	-7036	7636	-1567	180	-4156
-12304	-6824	6944	-411	406	-3588
-12324	-6236	6628	-636	132	-3040
-11600	-6700	6668	-1014	-189	-2267
-11340	-7020	6372	-1432	198	-1178
-12048	-6904	6348	-1418	173	-746
-11880	-6556	6448	-1010	-46	-392
-12040	-6440	6692	53	155	513
-12420	-5840	6676	487	579	1660
-12528	-3988	5928	1310	722	2853
-13008	-3792	6272	1037	760	4890
-12908	-4412	7192	-50	1367	6857
-13156	-2876	5600	-513	1994	8598
-15032	-1968	6884	-1164	1207	10942
-15340	-1188	6880	-1806	78	13475
-15608	-1316	6288	-1871	152	15713
-16484	-148	6060	-956	1036	17529
-17248	-772	6180	722	1525	19547
-17756	-212	7080	3807	1346	21118
-17792	600	6540	6431	2036	22353
-18740	2264	6748	7762	2141	23650
-19528	3740	6692	6988	2574	24489
-19912	5360	7040	4801	2861	25634
-19988	5468	7576	2404	2958	25919
-19148	4900	7484	1735	2593	25426
-17840	4824	7892	3300	1465	24563
-15728	6784	6480	5344	1110	24228
-14704	7332	6380	5221	655	23830
-14924	8240	6412	5144	161	22144
-11260	9020	5848	4507	-445	22075
-11768	8140	5924	2680	1049	20727
-11300	7556	5548	2159	-2983	16713
-7004	8620	3876	1319	-503	12324
-9052	9184	3888	-2311	-61	10015
-5508	8300	4300	-3046	-4205	8328
-4316	9128	3884	-3093	1105	4088
-7816	7724	6524	-4417	-813	1836
-2296	5636	7224	-1061	-2102	1615
-3056	7672	7756	4838	240	-1092
-5352	13364	5352	4570	-3261	-3230
-5524	13240	5668	1328	-1660	-2984
-10488	19768	1980	-1031	-2525	-2556
-1468	17716	728	-5727	-5202	-845
-6352	17000	5012	-3722	4593	815
-9056	15320	4076	-1501	-5080	1737
696	14456	2616	5025	1704	2163
-12620	16296	3508	2097	3146	276
-2052	13432	2592	3662	-4636	1686
-3932	14644	4996	1794	5596	1256
-7320	12688	5056	-1174	-1391	1822
-4208	12968	5100	-3	728	478
-4928	12320	5864	-1042	417	-108
-5172	12160	5424	-308	-365	-1133
-3848	12072	5744	1206	-1054	-1170
-6072	12896	4296	-536	478	-1796
-5740	12528	4056	-1342	-2565	-3622
-3808	11140	4960	-966	554	-3646
-7968	9132	5364	-959	153	-5874
-5456	11880	2816	1830	-3807	-8300
-5312	11508	4596	1245	1004	-9185
-9860	8752	5756	-613	-1093	-9947
-8644	12248	3380	-383	-3765	-11759
-7516	14404	4380	-4703	-1562	-11526
-7312	10372	5360	-10640	1414	-10613
-11432	10308	6328	-9385	934	-11074
-8940	10468	7540	-7224	-1692	-11719
-11028	10012	7620	-6478	1966	-13336
-13584	10084	6072	-7205	-1654	-13402
-12424	9372	6816	-9394	-1501	-13708
-14872	8104	8732	-11920	-1595	-14416
-11668	7120	6908	-11244	-1415	-13661
-13328	5700	8228	-9871	981	-14582
-15232	4252	9452	-5178	-359	-14640
-14100	4760	8108	-2378	-180	-14502
-15140	4492	7596	-1158	1075	-14969
-15240	4276	7956	-673	361	-14604
-14276	4224	7452	-1080	658	-13811
-14364	4328	7744	-1893	847	-12545
-13724	3248	7736	-2783	882	-11312
-14504	1960	7848	-2594	1634	-10762
-15140	1248	7748	-1907	1377	-10224
-14432	-76	7640	-1073	1475	-9690
-14460	-820	7872	372	1864	-9350
-14480	-960	7692	1320	1437	-9282
-14796	-1444	7680	1290	916	-9048
-14080	-1820	7524	-64	700	-8548
-13656	-1788	7140	-1858	1378	-8100
-13764	-2600	6408	-3123	1959	-7783
-15052	-4080	8112	-3104	1206	-7782
-14448	-4912	8080	-2024	507	-7820
-14700	-4512	7852	-742	253	-7974
-14068	-4020	7344	-694	-102	-7726
-13800	-4292	7100	-1081	311	-7196
-14096	-4236	7528	-1350	-95	-6382
-12872	-4996	7492	-1363	22	-5880
-13380	-5184	7140	-1176	334	-5406
-13208	-5536	6616	-946	-237	-4431
-12364	-5192	6620	-873	-890	-3768
-12048	-5804	7392	-1215	-620	-3331
-12720	-6400	6392	-917	-65	-2902
-12796	-6692	6832	-1150	-329	-2482
-12596	-7472	7024	-812	-474	-2430
-12156	-7920	6868	-678	-237	-2340
-12336	-8068	6748	-685	125	-2214
-11976	-7968	6536	-379	286	-2506
-11884	-7896	6940	-770	-25	-2861
-11536	-8068	7280	-651	68	-2771
-11972	-7524	6328	-1210	203	-2513
-11972	-6616	5848	-1348	113	-2173
-12572	-6412	6056	-1708	487	-1178
-12148	-6468	6452	-1689	588	246
-11944	-6104	6760	-1246	1646	1131
-12224	-6012	6688	294	1515	2203
-12168	-6132	7212	1481	1496	3463
-12300	-4660	7384	2545	1093	4546
-11912	-2768	6404	1867	1041	6114
-12520	-2072	6480	1522	1102	8763
-13620	-1324	6516	1369	1630	11529
-15464	844	6300	1429	2206	14275
-17176	2272	5824	1799	2586	17534
-19748	2228	6080	2546	1937	21153
-20708	2752	6736	5424	1264	24211
-21332	3416	6232	6143	3055	26112
-21824	2480	6872	6842	3938	27434
-20660	3376	7568	7466	4050	28292
-19884	4524	7484	7564	4175	28950
-20404	4884	7600	6005	3462	29722
-19592	4956	8016	3837	2841	29737
-18196	5176	7860	2045	3353	27782
-17524	6672	7432	1742	1045	26544
-14340	7092	6572	1180	-482	25706
-13504	7572	5924	440	426	23723
-12336	8248	4100	300	-392	21582
-9232	7844	4824	2807	-1240	19208
-6380	7848	4880	4859	-593	16975
-8168	7580	4324	5351	1601	14597
-7456	8356	3392	6779	-1441	10245
-5452	10248	2360	5551	-3659	6668
-2872	10852	1628	2197	-1970	4226
-3780	11484	1608	-2511	1768	2280
-4780	11204	2776	-5553	-2110	741
-1192	11740	4476	-3517	685	638
-4908	13640	4460	-4311	1287	802
-3160	14092	4436	-1624	-2178	414
-2860	15168	5292	-501	2202	1005
-4220	12104	3996	436	-1874	1208
-2888	14452	4384	9204	1349	-500
-6844	17828	2488	2688	-2549	-422
204	14804	2100	654	-557	522
-6192	16948	3808	-3747	1389	788
-2600	13600	2784	-5605	-2601	201
-3888	12504	5804	-1004	1472	-1095
-4768	14056	3384	-1026	-2436	-1538
-1400	12404	2108	1925	-868	-2140
-5088	15136	4716	2545	936	-2776
-5964	15852	2396	-251	-2094	-2122
-2220	14264	2640	-1156	15	-1965
-5520	13864	3232	-2990	295	-2645
-4240	14568	972	-3310	-1301	-3470
-4616	16300	1508	-7614	1397	-2286
-5820	10720	2840	-10399	2374	-3723
-4728	11468	4184	-4101	1005	-5983
-5260	10740	6144	-537	3476	-7381
-8488	11076	6416	882	71	-8412
-3724	13380	5568	1549	-793	-9990
-7648	14188	6836	-3025	2427	-10006
-8948	12168	7400	-6469	-1379	-8749
-6752	10864	6904	-6743	183	-9692
-9968	9652	6596	-4625	473	-12003
-9004	10640	5696	-723	-3909	-10521
-6856	11140	5328	-458	265	-10590
-13356	11044	5284	-1354	1642	-11721
-12528	11664	5384	-1407	-3063	-10761
-8752	11500	5684	-2603	-577	-10230
-13680	9660	6596	-4529	996	-11639
-14868	8532	7028	-3404	-2245	-12100
-12340	7856	6976	-3631	-1284	-12371
-13876	6372	6828	-4274	-804	-13581
-12336	7052	6716	-3316	-2683	-13429
-12108	5904	6884	-4160	-608	-13643
-15624	4596	7644	-4027	-347	-14261
-13312	5336	6004	-4026	-1614	-13414
-13124	4728	6356	-5513	186	-13345
-15524	3740	6932	-5295	514	-13288
-14496	2848	6544	-4854	264	-12583
-14040	3212	6308	-2448	763	-12030
-15336	3848	6944	-2927	931	-10702
-14968	2356	7352	-2586	1274	-9718
-16048	1384	8040	-2753	1815	-9972
-16708	-8	7992	-1628	1182	-9327
-15700	-188	8208	-1092	312	-8608
-14636	-584	7564	-1306	592	-8724
-15416	-1112	7580	-2030	257	-8529
-14540	-1728	7636	-2657	-381	-7629
-13748	-2264	7732	-3187	85	-7299
-14432	-3456	7448	-2826	884	-7599
-15476	-5200	7692	-1692	402	-8076
-14780	-5804	7036	-506	-555	-8517
-14096	-5348	6692	-262	-598	-8786
-13716	-5184	6200	-1599	-585	-8745
-13288	-5064	6312	-2482	-492	-8696
-13752	-5216	6764	-3076	-37	-8450
-13132	-5340	6996	-3034	-188	-7379
-12140	-5364	6676	-2173	285	-6566
-12660	-5636	6596	-1188	708	-5902
-12964	-5844	6716	556	138	-5042
-12144	-6120	6892	1096	-52	-4392
-11544	-6024	6460	1135	229	-3727
-11628	-5560	6412	-108	267	-2734
-11652	-6204	6384	-1612	280	-1936
-11808	-8128	6784	-2334	486	-1285
-11824	-8732	6576	-1792	880	-1171
-12496	-8016	5940	-386	1285	-1434
-12828	-7652	6960	1206	583	-1030
-12440	-6628	6472	1719	964	-151
-12976	-4356	5824	1819	904	1301
-13356	-3172	5960	925	1011	3508
-13040	-1488	5748	105	1345	6373
-13688	-396	6328	15	1614	9511
-13956	16	6036	90	1319	13090
-14008	744	6164	1347	992	15975
-15084	1260	6332	1672	2072	19264
-17796	432	6492	2029	2641	22454
-19284	468	7632	3932	2060	24571
-19396	352	8092	6191	2261	25504
-21640	-492	8308	7017	2670	25717
-21832	1100	7912	7250	1492	25934
-20012	2844	6616	4922	1624	24998
-19964	2904	6944	2138	1330	24071
-18516	3268	6848	1607	504	23247
-16340	4752	6712	2332	-394	21998
-15544	5212	6932	2876	418	20660
-16400	8200	6604	3589	-1645	19375
-13592	10980	4528	2354	-2077	20178
-12236	11108	3176	-1778	144	21397
-11936	8712	4424	-1804	728	19464
-10756	9728	4668	1872	1357	17130
-11816	8804	5928	1815	166	16264
-6712	9828	5700	1458	-3427	14617
-5168	11056	4936	-4570	1195	11534
-9232	7304	7528	-7147	-467	10299
-4536	8564	7048	-2801	-2538	8590
-4120	10044	6424	-2018	-1397	5365
-4908	10136	7344	656	-1102	3428
-5636	13980	6380	-1170	-1530	2697
-3624	12844	6008	-6962	-2739	2666
-3508	13640	6928	-9464	-1381	2474
-4172	12584	7048	-10952	-2027	1782
-1620	10720	6560	-6093	-1623	1924
-4864	11892	8016	-1134	-769	2041
-4032	12700	6072	1869	-2060	1729
-2224	13172	7784	4218	-341	167
-4048	14012	6624	1571	115	853
-3356	11976	7440	597	-2785	312
-972	13928	7684	2682	2666	-105
-6908	12304	8304	-2936	-2354	-377
2296	11160	6200	1920	-539	-1084
-6724	15056	7444	-210	2885	-2093
-3524	13344	6132	-1037	-3710	-1639
-480	12780	7308	1405	2201	-1306
-6356	15448	6624	-796	-31	-1566
-1412	14500	5892	-2399	160	-2627
-4172	13536	7156	-2874	2788	-2962
-5244	13692	7244	-3284	-866	-1435
-4128	14408	8104	-765	606	-1723
-3308	14144	8088	-281	7	-2085
-4432	14164	7928	-257	220	-1377
-4528	13628	7676	799	-789	-1962
-4372	13972	7464	-373	900	-2481
-3772	12952	5972	-970	-1195	-2010
-4896	12596	6912	-2147	2016	-1990
-6292	10184	7516	-3225	752	-3648
-4520	9676	6132	-2789	21	-6571
-3504	8104	7812	-3317	1000	-7497
-6748	7824	7208	-4186	3271	-9067
-7852	8632	7148	-3808	1287	-10899
-4624	10340	7192	-3443	-377	-11450
-6980	11192	7880	-5641	4236	-10537
-12832	9020	9776	-7464	2587	-11586
-9088	9620	9124	-6552	-579	-12682
-9348	7292	10944	-5463	4100	-14183
-13036	6012	11452	-709	1701	-15363
-11444	7100	10248	1584	367	-16217
-12144	8488	8484	-116	1955	-16697
-14544	7112	9580	-3076	862	-16573
-12228	7900	8752	-4496	-297	-15696
-12084	5928	9384	-6642	2257	-15430
-14820	4524	9620	-5693	1531	-15015
-12652	4828	8648	-4474	507	-13962
-13236	4476	8564	-4928	2442	-13790
-15356	2592	8536	-4260	2587	-13294
-14552	2128	8824	-2406	1567	-12011
-13504	2244	8364	-1518	2875	-11489
-14708	1856	7856	-1086	3540	-11107
-15128	1248	7856	-1033	3459	-10094
-15908	48	8440	-920	3278	-9459
-15364	-676	8440	-689	2733	-9416
-14496	-1908	8324	-29	3069	-9412
-14852	-2628	8420	97	2904	-9031
-13708	-2804	8088	758	2186	-9259
-13200	-2800	7532	1127	2022	-9351
-14048	-3168	7896	195	2218	-8663
-14376	-3552	7432	-997	1972	-8075
-13804	-3836	7364	-1439	2060	-8447
-14140	-4360	6996	-1641	2312	-8256
-14508	-4952	7252	-933	1970	-7285
-13872	-4728	7492	-273	960	-7033
-13688	-5036	7308	235	1091	-7084
-14012	-5236	7476	223	620	-6082
-13512	-5620	7532	-263	309	-5103
-12808	-5492	7212	-925	403	-5030
-13468	-6328	7200	-1360	357	-4568
-12996	-7236	7376	-1543	-500	-3748
-12272	-7644	7296	-1605	-419	-3993
-12040	-7752	6944	-1071	-179	-4086
-12216	-8152	6664	-837	-66	-3554
-11768	-8160	6604	-471	-294	-3661
-11772	-8292	6280	-146	120	-4059
-11952	-8356	6416	-157	4	-3545
-11608	-8068	5884	-394	-33	-3151
-11252	-7236	5080	-1014	227	-2924
-10908	-6788	5220	-1371	633	-2085
-11516	-7064	5476	-1389	1004	-1023
-11120	-6316	6200	-898	1193	-163
-12116	-5988	7152	254	2114	1345
-12984	-3960	7176	1078	1478	3585
-13180	-3472	7452	1877	500	5891
-13184	-2340	7608	2609	666	8618
-13828	-1480	7192	1487	1191	11885
-14364	-1056	6368	987	1508	15085
-14772	-1328	6476	1567	1930	17821
-16592	-1020	6924	3173	2581	19507
-18364	-500	6268	4958	2143	21440
-19760	556	6652	6189	1115	23137
-19844	1824	6612	5552	1266	24628
-20992	1932	6836	3793	2584	25720
-21328	2272	7296	3513	2415	26257
-20824	2844	7640	4373	2180	26040
-19680	4240	7540	5719	1204	25127
-18968	5064	7780	5064	375	24577
-17092	5924	6736	3252	-78	24067
-15376	6100	6004	1018	377	23079
-13856	6516	6116	1436	-73	22874
-13244	5804	6724	1203	-147	22103
-12088	8628	5568	4441	-1464	21138
-8636	10876	5548	4336	798	22981
-13324	8716	8876	2594	2732	21888
-9980	10080	6916	6722	-5312	14980
-4824	10924	4408	3878	-2751	9102
-6996	7312	4576	-2051	-1459	6862
-4768	7952	3824	-2642	-2995	5169
-6328	9360	3304	-7092	-129	2842
-5184	7124	5336	-5865	-3617	1751
-1324	9444	4420	-1250	-2688	-273
-5200	13000	3808	-1228	56	-1865
-5736	12008	4636	28	-1450	-2109
-5768	14404	3724	-87	-669	-1814
-2768	14352	3692	311	-1884	-1558
-5516	14940	5500	-1356	2586	-1806
-6408	13600	4984	-2322	-1766	-1114
-2412	13340	6108	781	2086	-978
-8260	14212	6192	372	641	-1546
-2752	12704	6276	1962	-2248	-947
-6456	13788	6116	3580	3317	-2274
-7916	14480	4692	1645	-3768	-2546
-1752	13140	4532	2159	277	-2677
-8776	14360	5376	1163	1178	-2935
-5016	14560	3844	558	-3734	-2589
-4392	14324	4812	-522	1459	-2578
-9004	14996	4520	-2131	316	-2032
-5032	13604	5120	-1698	-2584	-1537
-3552	12932	5500	802	1316	-1734
-9164	13752	4824	259	31	-2080
-6092	12824	4240	1393	-2012	-2192
-6168	12732	4580	1674	705	-2919
-7476	14448	3808	1060	-1913	-2918
-5420	12372	4320	-370	364	-2728
-9044	10556	4844	-216	524	-4606
-5716	12556	4880	-121	-953	-5451
-7556	10588	5100	-1976	-141	-6803
-8740	10696	5544	-3623	-755	-8132
-9512	11468	5756	-6035	-2198	-9455
-5836	9268	5976	-7237	-792	-9174
-11764	7128	7952	-5376	387	-11774
-9884	8316	7136	732	-4179	-11965
-8656	9776	6452	1843	-724	-13128
-14504	8688	7200	2418	-1005	-14025
-12880	11096	5688	278	-4050	-13271
-11000	9612	5420	-4186	-1759	-13559
-14860	7968	6288	-7583	-1414	-14455
-15160	7468	6652	-9511	-3567	-14389
-13116	5744	6292	-8256	-2135	-14679
-14072	5456	6732	-6957	-1746	-15348
-15068	3848	7824	-5265	-1836	-15976
-14480	4060	7264	-4578	-1645	-15564
-13508	4188	7020	-5174	-566	-14520
-14220	3920	7740	-5421	-5	-13828
-14612	2280	7916	-4429	571	-13404
-15472	1164	8488	-2086	752	-13128
-15900	1104	8080	-2032	484	-12553
-14980	560	8004	-2641	500	-12214
-15096	-124	8072	-4254	904	-11479
-15028	-1348	7896	-4681	526	-10605
-14576	-1468	7708	-5019	100	-10120
-14296	-2652	7996	-4507	461	-9727
-14252	-3116	8136	-3478	793	-9043
-13820	-3804	7668	-2381	795	-8496
-13900	-3804	8132	-1395	163	-8207
-13772	-4336	8184	-1284	-48	-7851
-13608	-5036	8324	-1468	-285	-7255
-13160	-5764	8232	-2085	-19	-6851
-13112	-6068	7520	-1738	-285	-6828
-12788	-6176	8004	-1427	-726	-6606
-12032	-6560	7712	-1042	-655	-6049
-11584	-6364	7064	-138	-606	-5606
-11324	-6520	6172	-40	-57	-5140
-11780	-7556	6704	529	115	-4597
-11204	-7780	7144	1334	42	-4512
-11244	-8000	7020	1415	337	-4603
-11976	-8104	7384	869	209	-4168
-12052	-7620	7332	-612	265	-3714
-11960	-7432	7264	-1787	416	-3283
-11664	-7324	6900	-2537	527	-2589
-11680	-7212	7180	-1932	17	-1684
-10984	-6584	7368	-954	314	-629
-11492	-5356	7016	355	1094	948
-12160	-5000	6836	2527	947	2611
-11792	-4596	7048	3604	1071	4482
-12436	-3728	7388	4126	2323	6747
-13380	-1440	6200	3431	2988	9585
-14476	-964	6560	2900	3121	12526
-15784	-608	7272	1500	3197	15232
-16616	-1024	6792	857	3306	18326
-17420	-140	6364	660	3179	20743
-18064	-464	7096	993	3537	22666
-19296	1160	7272	2085	4448	24528
-20428	1228	6892	2928	4388	25680
-19776	872	7388	5014	4009	26427
-19840	1588	8008	5558	4886	26763
-20504	3204	7292	5167	4543	26228
-19468	3456	7224	3581	3954	25671
-18784	4484	7760	2835	2228	24713
-15448	6640	7080	2209	1656	23813
-15440	8480	5656	-361	2363	23508
-16680	7972	5000	-2543	-3	23504
-15068	9980	4272	-3612	-1364	21751
-12944	9368	4048	-6815	-1948	20687
-9116	7968	5992	-3749	-675	19189
-9784	7600	7460	1518	104	16679
-8616	6348	7724	6820	-2835	13879
-5924	9952	6060	9525	115	11424
-7336	11116	5132	3043	-1773	9641
-3976	9052	5844	-1134	-2554	6935
-5380	10152	6184	-4921	266	4764
-4612	7468	4168	-6954	-4060	2842
-2636	8080	6144	148	-901	1046
-7596	10136	5832	686	-1424	519
-52	9688	3664	4903	-5307	136
-5296	14032	3036	4672	3403	-482
-6856	15260	2708	847	-4636	-1611
-256	14356	2620	181	1103	-1387
-9020	16868	3896	-213	1686	-2147
-3280	15916	4880	-204	-4171	-1516
-1916	16148	6032	3156	3573	383
-9968	18080	5048	272	-688	978
-556	16000	5108	886	-3481	911
-5388	15576	6452	-852	5555	2215
-9100	15388	4124	-2995	-6467	1072
2768	13704	2796	-1786	-452	905
-9960	14596	5688	-2377	3358	811
-1980	12840	4132	-1303	-6449	-216
-1560	12932	4800	728	4261	-289
-7756	13044	4812	36	-614	240
-2856	13000	3892	1829	-791	-808
-4452	13656	5356	2047	538	-1996
-2716	14132	3440	-678	-276	-1458
-6420	12136	6032	-1206	627	-1626
-4792	11564	5304	-1346	-1653	-4191
-2040	12284	4656	-3015	-222	-5235
-6808	8864	6944	-4219	85	-7282
-7060	10520	6480	-1175	-4294	-10063
-2680	11220	5568	-4456	-1152	-11843
-8060	9636	5412	-6114	1611	-12001
-9924	13140	6756	-5521	-4137	-11080
-5064	12476	6468	-7019	-968	-10768
-11144	11504	6964	-7639	3513	-11603
-12012	11284	6916	-5221	-2095	-12571
-10848	8524	8256	-4438	237	-14288
-12700	9148	7164	-1604	-1901	-15444
-9632	9816	6864	-1965	-1142	-15681
-13380	8820	7392	-3141	-385	-15203
-12896	8088	7412	-4696	-1750	-14606
-13108	7764	7304	-6157	158	-15381
-14176	7016	7476	-7481	1006	-15239
-14432	5524	8212	-6686	159	-14445
-14332	5344	8504	-4488	155	-14254
-14088	5180	8136	-3599	1306	-14258
-14568	4056	8104	-2739	2291	-14404
-16240	2964	8088	-1969	1731	-13479
-15220	3192	7984	-1040	600	-12547
-13848	2892	7972	-1729	2006	-12162
-15648	1672	7756	-2311	3339	-11829
-16376	-440	8516	-1899	1736	-10723
-14488	-356	8408	-1028	641	-10322
-13680	-624	7928	-950	1827	-10337
-14460	-884	8124	-2031	1995	-9421
-14352	-1904	7112	-2050	1683	-8812
-14520	-1840	7348	-532	771	-8671
-14136	-1604	7428	-878	446	-8062
-13880	-1936	7276	-1650	672	-6859
-13684	-2428	6712	-2024	1191	-5786
-14504	-3464	6924	-2005	1232	-5210
-14096	-4848	7812	-785	339	-5065
-13332	-4860	7380	195	571	-4856
-13908	-4720	6768	523	200	-4603
-13420	-4484	6968	236	-749	-4346
-13116	-4908	7124	-189	-178	-4151
-13440	-5472	7320	-1012	364	-3747
-13452	-5956	6944	-880	122	-3823
-13232	-6024	7468	-298	-386	-3941
-12644	-5820	7040	243	-424	-3313
-12472	-5008	6624	379	-202	-2475
-12672	-4172	5988	498	-281	-2033
-12884	-3472	6296	346	-336	-1049
-13092	-3404	6720	-395	189	656
-13612	-1668	6296	-703	964	2517
-13680	-188	5932	-1269	1299	4946
-13688	432	7112	-52	1089	7891
-13644	944	6828	288	1218	11388
-14508	1924	6272	1635	1530	14781
-15296	2456	6824	2541	2337	17634
-17240	1640	6732	3812	2787	20128
-17720	2188	6452	5579	3301	22350
-19088	3340	5604	5850	4422	24304
-20572	4364	6700	6099	4203	25908
-20900	4460	7284	5992	4310	26777
-20840	4996	7124	5378	4450	26979
-20468	4840	7720	5231	3954	26108
-19296	4952	7532	5244	3364	24907
-17460	6400	6332	5354	2397	23473
-15784	7292	5616	3710	1191	21753
-13908	7304	5704	1885	1126	20320
-11816	8248	5756	837	782	19458
-10556	8612	4856	-830	449	18068
-10256	6384	5852	-2200	-237	16555
-8216	6404	6040	-184	-633	13762
-7484	9736	5700	232	-1863	11522
-6040	7952	5556	-1271	-3185	10182
-5392	8500	5164	2356	-1324	6940
-8180	11180	2408	1571	-1937	4094
-3552	9980	2896	3095	-3948	2017
-6244	13920	676	235	1231	1002
-6756	13376	1360	-3665	-4995	-1006
-2352	14772	2748	-4248	1808	-661
-10576	16072	3480	-7477	-137	-625
-608	14568	4732	-2234	-2327	-728
-7636	16380	6312	-2109	4715	465
-6420	14044	6700	-1484	-4545	1450
-1152	15248	5748	3302	3202	1647
-10696	15988	5884	-101	-2111	1344
72	14000	2988	436	-525	2901
-8060	13128	5868	529	3028	2810
-5464	13616	3716	963	-3721	1440
-1280	12328	4820	3563	3297	1792
-8548	13876	4656	451	376	1424
-2112	13852	2008	513	-1478	-358
-4796	14848	3900	-3023	2901	-267
-6472	12176	4928	-4196	-345	-513
-3312	14196	4612	-1551	781	-1080
-5332	13984	5484	-2917	286	-96
-4356	12184	5136	-364	-175	-521
-6024	12880	6116	-68	1124	-749
-5344	11596	5016	-445	-1805	-2396
-3788	11820	4372	-886	78	-4369
-6680	7388	5780	-1202	248	-6919
-6160	8264	5172	-1996	-1624	-9354
-4596	9556	4908	-1954	-1584	-10363
-5820	10340	5888	-2428	1768	-10008
-9600	10548	5468	-3386	-255	-10771
-8912	11756	5772	-2534	-1451	-12195
-11316	10944	6696	-2281	-136	-13065
-11072	11216	6368	-781	-2278	-12799
-9844	10356	6128	-1454	-1343	-14120
-12512	12048	6248	-1018	-2301	-14612
-11076	10968	6592	-2660	-1823	-13317
-12176	10052	6968	-1575	-1655	-12731
-12020	9792	6320	-2091	-526	-12740
-15484	8148	7272	-1980	-1256	-13151
-15116	7860	7216	-2041	-2702	-13141
-14664	7032	7052	-2725	-1770	-13545
-15472	6212	7520	-2967	-2550	-14335
-14992	5308	7596	-2716	-3160	-14469
-14612	5112	7772	-3183	-2557	-14202
-13968	5012	7040	-4328	-2060	-14103
-14088	4032	7464	-5894	-1480	-13920
-14784	2936	8080	-5861	-1487	-13231
-14460	2520	7876	-5624	-1490	-12493
-14244	2400	7528	-6043	-481	-11923
-14552	1112	7736	-5193	-159	-11315
-14900	204	8200	-3900	-460	-10489
-14292	-780	8044	-2653	-311	-9878
-14284	460	7876	-3191	-173	-9888
-13540	-1320	8100	-5288	282	-9048
-14144	-3064	8752	-5832	554	-8200
-14488	-3752	8484	-4595	-362	-8305
-13308	-4648	8692	-2463	-985	-8384
-12716	-4420	8240	-1250	-333	-7844
-13516	-4292	7448	-1037	-277	-7433
-13060	-4296	8004	-1130	-633	-7080
-12952	-4300	7896	-1216	-9	-6608
-13152	-4884	8408	-1332	-334	-5770
-12708	-5276	8332	-1070	-576	-5014
-12424	-5252	8256	-933	-464	-4613
-12312	-5240	7672	-1057	-179	-3917
-12236	-5780	7768	-1287	-575	-3086
-12032	-6016	7776	-1421	-575	-2414
-11672	-6184	7688	-2181	-35	-1943
-12128	-6696	7336	-2249	524	-1421
-11872	-7020	7232	-1892	592	-816
-12292	-7240	7536	-884	892	-749
-12056	-7212	7880	-30	810	-539
-12188	-6316	7280	798	1060	-29
-12196	-5676	7336	919	263	842
-11256	-5156	7408	71	490	1748
-11660	-4816	7456	-621	1298	2864
-11896	-3752	7188	-395	1735	4244
-12848	-3228	6984	214	1697	5948
-12904	-3360	6872	1060	1959	7482
-13912	-3044	7040	3220	2279	8804
-14096	-904	6504	2576	2559	10760
-14708	-900	6620	3554	2828	12808
-14696	2520	6364	3602	3024	15249
-16164	3700	5652	998	5026	18492
-19268	3464	6644	334	4531	21521
-19464	1664	7316	1157	4521	23312
-21428	628	8716	4551	4372	23703
-19676	1712	7956	6542	4225	24045
-19380	3892	6572	5614	4662	23758
-18900	5300	6996	2831	3006	23337
-17788	5656	7668	425	2090	24067
-16820	7660	6376	-314	1410	25175
-17636	9380	7820	-90	1887	25467
-19220	9952	7944	-855	1267	24521
-15420	9048	7360	73	-2192	22322
-12256	9876	6900	1892	-1202	19944
-12732	9048	6964	-156	-1823	18981
-9496	8224	5336	-192	-4211	17858
-6760	8544	4912	-148	-1266	15650
-9000	6528	4340	-3118	-2680	13918
-4376	6040	4788	1970	-4382	10836
-6356	10424	3152	-678	785	7477
-6116	7772	4752	-2056	-3885	5360
-2208	10572	4884	1541	-1906	3016
-5108	12424	3740	-3407	-107	1784
-3716	10300	4136	-2161	-1265	1861
-4840	12612	4268	-2442	1475	1351
-4844	11380	3140	-2938	-369	676
-1788	13584	3200	1719	1452	-1085
-4804	14180	4376	352	3775	-695
-4792	13088	7956	2918	285	206
-2072	15320	7024	2660	3758	159
-5556	14048	8096	-737	466	875
-2352	11708	9488	2569	672	-306
-6196	16676	6972	2237	1385	-1579
-3244	13560	6128	542	-3739	-526
-3908	14104	6596	2290	-158	-1987
-5604	16456	4360	-635	-1789	-1850
-3672	13636	3388	-2124	-1538	-1569
-4480	15856	3592	-371	-1350	-2359
-4936	15504	3776	-3961	-214	-799
-5332	12576	3392	-2975	267	-747
-5756	13036	4796	-2179	450	-2700
-4440	11276	5184	-2694	-1984	-3350
-2932	10820	5740	-1882	2414	-3836
-8208	10988	6352	-2168	1228	-6305
-4572	9992	6376	-1974	-1492	-7174
-4988	10016	7204	-2106	956	-7732
-5808	10424	7196	-2496	848	-7960
-8600	10196	6848	-3247	988	-9213
-8484	11448	6068	-1266	-1687	-10259
-6400	12028	5828	-2587	-1056	-10050
-8948	10540	5892	-2064	1470	-10758
-12684	10892	7184	-1018	1224	-12471
-11696	10236	6628	-1105	-1795	-12291
-8004	11352	6328	-1447	-1254	-12494
-11292	10232	6856	-2748	1762	-13223
-14932	9348	7140	-3187	-1224	-13557
-12196	8788	6904	-2700	-2513	-13119
-12296	8052	8408	-2927	3	-13672
-13272	7624	7112	-2488	-550	-13450
-13336	7044	7540	-2970	-963	-13557
-14160	6220	8152	-2181	-503	-13353
-13884	5544	7736	-2680	-111	-13333
-13888	4808	7176	-2141	-74	-14027
-14600	4556	7976	-2021	-899	-13959
-14312	4336	7808	-3052	-861	-12983
-14052	4148	7284	-4673	-5	-12194
-14560	2888	7840	-4855	404	-12181
-15548	920	8932	-3281	88	-12453
-16384	244	9056	-914	-580	-12034
-15548	960	7800	654	-1364	-11458
-14204	1628	7256	-1375	-480	-10761
-15296	-760	7784	-3720	374	-10113
-15484	-2244	8516	-3622	-369	-9804
-14240	-3264	7960	-2749	-645	-10228
-15076	-4588	8404	-2111	-668	-11197
-14024	-4968	8812	-1152	-1670	-11172
-12208	-3968	8080	-1112	-886	-11113
-12456	-3348	7396	-1353	-175	-11131
-13676	-3416	8144	-1379	-763	-10140
-12828	-3440	7448	-2347	-580	-8411
-12976	-3468	7128	-2905	-94	-7313
-12672	-4084	7132	-2571	-134	-6222
-12448	-4972	7684	-1728	179	-5255
-12456	-5388	7784	-490	137	-4250
-12004	-5452	7796	-87	229	-3100
-11912	-6028	7760	-420	816	-2433
-12244	-6604	7756	-491	969	-2120
-12552	-6976	8124	-785	445	-1534
-11476	-7420	8008	-740	176	-1016
-11884	-7464	7928	-1219	393	-818
-11792	-7660	7672	-1037	149	-868
-11712	-8268	7912	-655	60	-952
-11552	-8732	7876	76	233	-1111
-11980	-8036	7344	260	462	-1170
-11620	-8028	7572	71	159	-1234
-11248	-8228	7796	-163	411	-1324
-11924	-7720	7364	-136	230	-880
-11336	-6920	7272	-393	-172	-468
-11600	-5732	7088	-468	541	-70
-11900	-5108	6716	-839	729	1375
-11772	-3608	6380	-454	938	3456
-11908	-1960	6148	-17	1742	5843
-13680	-1216	6620	313	1888	8372
-13644	-592	6480	1024	2034	11661
-15204	864	6612	1109	2591	14829
-15580	520	6980	1508	2418	18125
-16264	-80	6860	2303	3098	20985
-18024	-220	7420	3618	3296	22843
-18704	348	6960	4884	4187	24015
-19992	1312	6916	4817	4522	24939
-20284	1372	7184	5049	4779	25545
-20572	3280	6984	4758	3984	25915
-19284	5252	6612	4368	4118	26456
-20612	5592	7100	3168	3998	26567
-19212	4808	7532	3580	3504	25742
-18008	5500	8212	5572	2970	23648
-14700	8296	6652	6951	1322	22866
-13876	9824	5968	4740	1556	22724
-14652	10588	6116	2520	999	22554
-11784	9192	5180	2212	1759	21606
-11656	9068	5140	4877	569	19365
-8828	7888	5320	8271	-923	16625
-7364	9216	4068	8838	740	13606
-7548	9832	2668	3940	-1292	10407
-3772	10148	2816	-473	-1060	7541
-6016	10240	3748	-7122	-8	5854
-3720	9140	3404	-7515	-3440	3706
-2984	10388	4376	-5167	-1027	1170
-6200	12496	4204	-3322	-1641	836
-2196	12372	3284	-38	-4064	712
-4180	16512	1660	2056	-195	2
-6096	16168	2092	-2097	-1601	1135
-3664	14112	2260	-1860	642	1606
-3348	15816	1860	-3006	-371	539
-3640	11056	3924	-3455	775	804
-7120	12412	6264	1866	2521	-565
-5556	12980	4184	418	-3061	-2366
1196	12084	4396	2166	-609	-2152
-6572	11880	6464	-1196	2744	-2016
-5964	11368	4724	-2330	-4138	-4449
-324	11732	3828	-2549	44	-5582
-7272	8532	6328	-4445	1377	-7077
-5864	10268	4816	-1141	-2777	-8610
-5940	11560	5368	-734	208	-9687
-9404	10612	5112	-209	-1260	-12130
-7068	12864	3676	-1557	-2327	-13435
-10260	10120	5864	-6566	276	-15179
-10484	10836	6068	-5361	-4054	-15912
-9888	9724	6588	-7080	-472	-17559
-13260	9348	6936	-5493	-2609	-17259
-10620	10492	7076	-5164	-2212	-16278
-12416	10020	7520	-5659	-391	-16192
-14440	9992	7644	-5067	-1406	-15836
-15280	8096	7728	-4343	-1382	-15355
-15320	7472	7944	-2597	-1671	-15341
-14260	7020	7140	-1990	-1030	-15710
-14796	7180	6728	-3583	-687	-15460
-15524	6244	7100	-6451	-1405	-14239
-14224	5532	7736	-8409	-1805	-12843
-12760	4128	7520	-9908	-29	-11987
-13272	2360	7948	-9206	2020	-11459
-15340	920	8168	-6063	2428	-11201
-15668	-196	8968	-1415	466	-11196
-14720	-104	8156	1370	687	-11138
-16176	636	7952	2772	290	-10959
-15312	1164	7744	957	-313	-9816
-14628	1644	7052	-1288	-152	-8324
-13952	1660	6848	-3372	-446	-6727
-13884	932	7384	-4854	-252	-4927
-14136	-328	7652	-4475	216	-3381
-14316	312	7392	-2981	-14	-2228
-13260	-3172	7460	-7150	-697	-2392
-13296	-4272	7764	848	-460	-735
-12580	-3728	6932	-5701	133	555
-12996	-4116	7292	417	1443	-39
-13568	-2660	7648	-1325	274	-778
-13128	-4352	7416	573	1286	-540
-13088	-5196	10024	2984	978	-1560
-13552	-4672	8380	1978	1272	-1456
-13828	-3304	7844	3326	952	-706
-13396	-1664	7272	-623	61	-114
-13988	-3728	7368	-1040	251	24
-14384	-3736	6780	-1851	1018	-270
-17308	-3660	7660	1156	-3895	-802
-13140	-3564	7304	-949	-2320	1308
-14660	-3216	7704	109	-3186	755
-13948	-3856	7828	1507	-4182	2847
-12828	-3936	7240	4216	-3861	2427
