0	0	0	0	0	0
-13608	-3560	12612	-245	-1169	-1107
-11356	-5424	8280	-884	-1103	-952
-11988	-4948	8588	-954	585	-257
-12840	-4496	8976	-1992	1976	272
-13648	-5072	9476	-2020	4138	1984
-15440	-9304	10360	5281	-3602	-1993
-10480	1104	6584	-1869	-3492	-1792
-12960	-7616	9928	-1113	1399	-321
-13128	-3924	8384	649	-1361	238
-11828	-5152	7960	216	237	-18
-13288	-4704	8132	475	-152	55
-12288	-4920	8272	488	-277	213
-12688	-5060	8208	228	241	253
-12616	-5020	8016	429	-11	217
-12480	-4788	8324	-111	236	246
-12688	-4940	8576	-199	207	327
-12596	-4964	8404	-441	73	209
-12560	-5024	8688	-642	109	163
-12616	-4912	8576	-630	159	70
-12576	-5060	8520	-783	7	79
-12660	-5124	8788	-400	46	168
-12560	-4872	8956	-373	227	186
-12864	-5072	8792	-240	307	13
-12996	-4804	8764	118	116	-220
-12988	-4824	8880	11	-86	-341
-12944	-4640	9068	142	-211	-386
-13320	-4828	9484	-227	-101	-616
-14156	-5352	9960	-158	-152	-1012
-14348	-5068	10496	-284	-439	-1755
-15100	-5228	10624	-1186	-1022	-3067
-14936	-6740	11244	-131	-1921	-4342
-14840	-5488	11520	434	-1969	-5597
-15552	-5796	11556	-3148	-1915	-6716
-16200	-8128	11944	-1285	-2689	-8197
-15216	-7168	12708	288	-3124	-8731
-14916	-7468	12920	-1264	-3366	-8697
-14008	-7788	13284	-1809	-4271	-8598
-13300	-8188	12448	-2568	-4726	-8538
-12424	-8896	12288	-1242	-5688	-8027
-11132	-9352	11940	-1035	-6298	-7269
-9980	-9216	11396	-1119	-7225	-6448
-9616	-11740	11384	-1540	-6557	-6205
-9436	-9984	11240	1335	-6753	-6126
-8644	-11324	10356	497	-7317	-5772
-7180	-10052	10068	2350	-7625	-5713
-6228	-10632	9664	1375	-6944	-5193
-6548	-9592	9012	1685	-6352	-4728
-6380	-10496	8868	1628	-6841	-4988
-4760	-9524	9420	2503	-6325	-4643
-4784	-8208	9312	-134	-4825	-4126
-4700	-10348	9484	732	-4983	-4260
-4108	-10308	9740	2361	-4930	-4061
-3224	-9304	10912	2975	-4939	-3819
-2056	-8616	11132	952	-4314	-3636
-3400	-11832	8456	2892	-4098	-4043
-2204	-9136	9592	4176	-3843	-4386
-1424	-6196	11896	-437	-2803	-3879
-2272	-8952	10972	-3754	-1743	-3091
-2428	-11156	9016	847	-1941	-3590
-1392	-7532	12032	3618	-2185	-4194
-1124	-7048	12196	754	-1526	-3963
-1772	-9496	11220	1373	-1544	-3896
-1036	-7204	11772	2617	-1462	-3662
-616	-6064	13480	-395	-1155	-2885
432	-6996	12752	-2010	-1055	-2518
-224	-8924	10920	993	-423	-3116
140	-6460	12800	2682	-536	-3383
-440	-5540	13628	-1188	187	-2027
-1244	-9848	12700	-978	496	-1320
-1872	-9620	12548	1401	129	-1249
-880	-8316	15116	-363	762	-726
-1256	-9484	15064	-2412	1028	17
-1356	-11512	13972	-421	646	13
-1120	-10276	14648	1879	-90	-523
-736	-7944	14740	279	-285	-422
-1484	-9156	13732	-455	-468	-125
-968	-9060	13420	506	-848	-228
-804	-9232	13696	255	-587	-60
-1328	-8964	13760	-42	-371	9
-712	-9472	13972	-440	-388	61
-788	-8732	13956	-754	-198	179
-1192	-8604	13752	-401	-189	180
-872	-8624	13840	-147	-411	373
-88	-8564	14060	-836	-344	769
-708	-9448	13716	-1162	-197	856
-740	-9352	13084	-1212	-373	713
336	-9256	13244	-1197	-303	273
48	-9692	13260	-607	276	-464
-444	-8180	13620	-605	-71	-807
-248	-7540	13604	-1725	52	-534
-236	-8940	12656	-1745	740	-465
-1388	-9052	13512	-1182	705	-202
-1060	-8932	13888	-992	-378	-148
292	-8596	12684	-1311	6	-248
-612	-8252	12660	-1361	-201	-264
320	-7428	12968	-2517	-1018	-60
2268	-8216	11524	-4270	261	160
168	-10288	11480	-3125	662	-819
-20	-8680	11112	-3740	586	-1056
944	-9368	9968	-5741	1110	-641
-2012	-11148	11044	-4633	1387	-702
-384	-8648	11620	-4931	608	-221
-456	-9228	11596	-6943	2202	1141
-1812	-11136	10784	-5492	2344	1857
12	-11044	9504	-3566	1178	2320
-1140	-10580	11060	-4185	2075	2868
-2328	-11292	11280	-5513	2124	3372
-1476	-12452	10124	-4795	1751	3983
-2708	-14216	11080	-1065	1451	3711
-2672	-11108	11084	-691	1129	3580
-1176	-10236	9956	-3838	2065	4475
-3704	-16844	10016	390	2530	3966
-3548	-10432	10764	1799	1172	4375
-1820	-9504	11492	-3118	2314	5111
-3892	-13192	10548	-3763	3883	5617
-5540	-13220	9736	-274	2529	5983
-4996	-11924	10768	167	2738	5473
-4332	-10572	11832	172	2985	6043
-4280	-12292	10004	-1948	3607	7581
-7124	-13548	9992	1606	4884	7155
-7900	-10480	11308	5041	3198	6494
-5688	-8180	11460	2194	5112	7712
-6832	-12032	11580	-3043	6941	8678
-10744	-13096	11048	2907	6234	7572
-8704	-8352	11744	1938	4905	7772
-8012	-8376	11320	-149	6453	8425
-9232	-11808	10972	329	7353	8189
-10164	-9552	11520	4333	6472	7617
-11656	-8396	12496	2908	5381	7624
-12784	-10916	10544	2896	3653	7756
-11872	-8468	11156	4350	2680	7527
-11688	-8500	11784	247	3230	7278
-11620	-7244	10956	1462	3904	6697
-11868	-6472	10344	-1351	4848	5917
-12840	-8264	11172	-124	5574	4720
-13908	-7416	11816	2255	4464	3504
-13404	-6932	10132	3563	3302	2477
-13828	-6988	11140	5337	3793	1606
-12644	-5200	11312	6706	2795	1183
-11556	-4972	10128	4269	2813	437
-12304	-5896	9056	3585	2625	-126
-13364	-5120	9500	4039	1844	-339
-13796	-4268	10708	2386	990	176
-13268	-3728	9936	456	388	152
-12892	-4156	9504	-517	-25	-276
-12936	-4800	9596	-215	-238	-567
-13032	-4520	9284	-18	-1213	-347
-11732	-4340	9592	-198	-1315	-256
-12508	-4516	9664	-142	-532	-281
-13384	-4760	8772	-505	-1499	-191
-11968	-4916	9004	621	-1702	-444
-12556	-3964	9504	633	-805	-195
-13188	-4076	8664	-987	-1326	143
-12408	-4840	8984	-1186	-1036	-191
-13708	-4796	10024	-394	-256	-895
-14776	-4964	10040	-664	-790	-1830
-14124	-4836	10276	-453	-1577	-3137
-14020	-4800	10920	-1624	-1537	-3994
-13860	-5932	10820	-1433	-2237	-4431
-14268	-6120	11516	238	-2226	-4386
-14288	-5648	11508	-2415	-3071	-4176
-14792	-7076	11336	-4546	-3144	-4697
-14132	-8760	12188	-3230	-4235	-4971
-11748	-7300	11092	-3735	-4539	-5507
-10728	-8236	10884	-4429	-3890	-6374
-9796	-8160	11308	-1848	-4097	-7202
-8836	-7532	10800	-2123	-4178	-7313
-9336	-8584	10584	-934	-3675	-6845
-9948	-8372	11216	-846	-4925	-5819
-9176	-8180	11276	-1284	-5444	-5359
-9984	-8480	11504	-2398	-4980	-4672
-10376	-9924	11124	-1934	-5548	-4131
-9284	-9968	11376	-132	-5300	-4277
-7644	-9032	12020	-172	-4225	-4174
-7100	-10000	11020	-848	-2541	-4149
-7356	-10108	10448	1362	-2309	-3963
-6364	-9572	10624	2476	-3077	-3763
-4516	-8992	11140	1529	-3048	-3070
-4672	-9416	11288	-431	-2214	-2848
-5844	-10628	11332	-125	-2656	-3173
-5080	-9948	11668	-97	-4093	-3445
-4224	-10364	12124	-337	-3912	-3680
-4628	-10576	12132	130	-4259	-3678
-4708	-11964	12268	1737	-4467	-4254
-4524	-10508	12816	2180	-4673	-4386
-3352	-10616	12516	1987	-4828	-4441
-3196	-10572	11852	2178	-4018	-4554
-2540	-11400	11792	3058	-3762	-5060
-1640	-9260	11612	3256	-3434	-5013
-676	-8472	10604	1977	-2525	-4830
-1732	-8756	10616	2999	-1251	-4608
-2180	-8084	10880	3849	-629	-3797
-3024	-7612	12088	3910	-411	-3219
-2548	-7256	13008	2779	-309	-2973
-2680	-9608	12924	2193	-368	-2730
-3200	-8588	13492	2454	-950	-2718
-2496	-7116	14228	1244	-1474	-2524
-796	-7736	14308	-872	-1912	-2233
-1516	-9084	12624	59	-1299	-2570
-720	-7820	12976	1671	-2170	-2937
716	-7040	12508	1550	-1798	-3272
136	-6804	12160	1155	-1215	-2876
-268	-6712	12980	744	-1423	-2377
124	-6796	12980	-641	-713	-1732
-1028	-8632	13208	-463	42	-1513
-392	-8072	14480	-77	-317	-826
-500	-8060	14952	-538	357	-102
-940	-9184	14168	125	803	-13
-1000	-9004	14828	654	388	-141
-652	-8976	14564	112	333	-221
-784	-8664	14868	-668	261	-221
-1132	-8416	14848	-1236	708	-362
-508	-8112	14860	-1940	550	-149
-580	-9120	14588	-1041	472	-245
-948	-8868	14588	504	-45	-217
-1320	-8480	14496	382	-598	28
-1108	-8844	14736	233	-666	236
-696	-8204	14812	-660	-564	615
-804	-8836	13900	-908	-470	525
-856	-8908	14632	-643	-398	226
-340	-8176	14748	-971	-84	359
-400	-8720	13896	-954	-214	347
-944	-8488	14416	511	-385	16
-600	-7944	14776	227	-576	291
-340	-8304	14560	-607	-823	415
-500	-9168	14076	-617	-594	354
-568	-9252	14432	-268	-466	245
16	-9392	14220	-160	-362	71
-328	-8720	14860	-473	535	-232
-584	-7964	14932	-1722	482	-255
-244	-8680	14280	-1597	98	-204
-264	-9000	14480	-127	-320	-410
-324	-7944	14592	322	-652	-503
200	-8048	14132	-335	-763	-339
-276	-8520	13572	-226	-650	-217
356	-7860	13300	27	-392	-337
600	-7624	13156	-521	-192	-234
768	-7012	12656	-1290	-56	6
340	-6736	11948	-1568	278	-68
236	-6980	12924	-1769	-198	161
2256	-6520	11856	-3669	-1168	1431
704	-7204	11412	-4208	736	1595
-652	-8164	12520	-2629	-523	1373
1508	-8092	12196	-2447	-1211	1932
-1492	-10172	12604	-2292	-218	1632
-620	-8724	12852	-1474	-966	1454
2916	-8868	11008	-2954	-1380	2454
-280	-10052	10752	-2504	1737	1850
-1064	-8652	12556	-358	227	1294
1900	-7464	12096	-3670	16	2697
-824	-11160	11476	-4180	3437	2880
-2564	-13488	10580	3854	2143	1141
1116	-5724	11864	3570	739	1930
-212	-8768	13372	-320	4922	2751
-3140	-8244	13564	323	4557	3719
-1576	-9488	11556	-1949	3206	5327
-3408	-12156	12312	2025	5827	5079
-4356	-7004	14984	3130	4767	4960
-3108	-7500	14012	-6636	5916	7015
-5280	-15492	12992	-2437	7920	7454
-7928	-8812	13860	3160	5779	6355
-5664	-6380	13504	-2092	5266	7115
-5736	-11092	12640	-3013	7300	8099
-7928	-11068	13508	1209	8653	7778
-8372	-6424	13288	-152	6050	7545
-7576	-8068	11288	-5138	6677	8209
-9424	-13620	13272	-1285	8059	7513
-10384	-8040	13884	1960	7670	7941
-11076	-6596	13024	-3182	6927	8102
-10932	-8892	11864	-3698	5762	8287
-10500	-9184	11856	-795	6308	8241
-11300	-5376	12488	-2032	7073	8452
-12156	-7624	11244	-5220	6816	7850
-12248	-8404	10884	-2476	6088	7279
-12068	-7028	11848	-2258	6444	6637
-12812	-8268	12376	-1485	6836	5766
-12920	-6616	11084	1008	6196	5050
-13188	-7176	10732	1178	5611	4200
-13164	-6976	11572	2260	4717	3654
-13468	-5584	11332	1959	3644	2162
-13868	-4804	10480	1428	2728	767
-14032	-4272	9804	-216	1725	388
-12704	-6168	9572	-162	1227	645
-12656	-4352	9512	1914	1468	419
-12780	-4092	9440	266	483	89
-12376	-5984	9720	1074	318	37
-12932	-4756	8984	2328	222	103
-13204	-4688	8648	1591	-430	-177
-12660	-5108	9072	1588	-612	-69
-12876	-4528	8528	916	-128	109
-13392	-4876	8152	781	-563	-131
-12976	-4124	8056	533	-1015	-44
-12584	-5264	8872	-45	-903	326
-12812	-4308	8188	1558	-784	-79
-12676	-4140	8368	1140	-1026	-475
-12380	-4076	10044	1347	-329	-184
-12620	-3680	8616	337	-345	101
-13152	-4400	8604	179	-999	91
-12444	-4620	9096	518	-1139	461
-12264	-4488	9844	1133	-287	364
-13836	-3584	8664	-69	-591	177
-14116	-5072	9068	538	-985	-95
-14832	-3976	9656	997	-283	-769
-16032	-3668	10036	-1240	-929	-1600
-15160	-4272	9980	-2672	-2015	-3118
-14068	-5448	10812	-2395	-1618	-4774
-15548	-4464	11576	-2249	-1506	-5883
-14804	-4968	11300	-4746	-3522	-6281
-13344	-6968	11348	-3826	-3375	-6165
-14720	-7008	12716	-1791	-3038	-5281
-13208	-6256	11016	-2589	-6144	-4586
-9816	-6924	10396	-1778	-6175	-5507
-8900	-7196	11216	957	-4335	-5386
-8748	-6264	10912	-324	-2897	-4792
-9116	-8276	11060	-811	-2366	-4399
-9916	-8532	10968	705	-2586	-4693
-10564	-7672	10876	468	-4071	-4879
-10088	-7996	11364	-516	-5108	-5003
-9600	-7884	11572	-2292	-5409	-5274
-10432	-8620	11060	-3467	-5413	-5463
-10392	-9064	10876	-4353	-6478	-5370
-8588	-10476	11928	-2358	-5759	-6046
-7908	-9356	12240	-2625	-4091	-6041
-7412	-10108	11220	-2438	-3257	-5510
-7140	-10704	11408	1336	-3051	-5598
-6648	-9376	11264	3239	-3343	-5137
-5860	-9056	11992	2236	-3738	-4386
-6412	-10072	11476	1666	-4034	-3908
-5892	-8856	11228	1593	-5370	-2867
-4388	-9368	11736	183	-5028	-2022
-5184	-8848	12244	12	-4296	-1453
-4992	-9244	11824	-55	-4818	-1317
-3320	-9284	11360	-123	-4130	-928
-3196	-10888	12420	2698	-3079	-1499
-3672	-9212	11996	3693	-4642	-1973
-2396	-11416	11972	3628	-6070	-2869
-3228	-8464	12100	5999	-6366	-3865
-2540	-8224	11512	4620	-7751	-3575
-884	-7560	11192	4007	-6474	-3141
-840	-7264	10992	2119	-4213	-2613
-2464	-9092	12008	2757	-1796	-3199
-1728	-7360	15596	2421	-1606	-3096
-956	-6572	15648	-3127	-345	-1895
-1708	-9536	13180	-4639	-1185	-1391
-460	-9420	10984	-1316	-1177	-1905
-780	-8252	12588	1244	-755	-2380
-568	-7148	13448	1355	-672	-2115
-692	-6364	13240	33	-674	-1221
368	-7216	12284	-294	-270	-821
-408	-8068	12960	498	577	-1059
-1212	-6284	14312	606	-468	-988
-424	-5988	14668	-2011	-667	-460
-1424	-9608	13296	-2453	-408	-469
-1708	-9436	13856	653	-1416	-834
452	-7712	15756	10	-762	-493
-1572	-8148	14776	-2610	-346	-83
-1176	-9248	13904	-313	-972	111
-140	-8592	14308	1161	-506	67
-1188	-8384	14456	1172	-455	-163
-524	-8472	14316	1116	-886	-112
328	-7920	14316	147	-353	-17
-660	-8388	13336	-1136	48	53
-1344	-9164	14188	-144	-264	-275
-1304	-7508	15088	-460	-708	-263
-1212	-8004	14876	-1749	-768	51
-628	-8128	14920	-2558	-838	467
452	-8580	14632	-2259	-613	866
80	-9660	14308	-680	42	708
-464	-8936	15312	1006	-38	429
-372	-8888	15392	524	-110	446
-464	-8856	14444	333	-569	295
-248	-8468	14216	187	-779	83
-456	-7904	14176	-230	-1043	-59
76	-8160	13736	-1187	-731	-32
412	-7888	13356	-1440	-566	167
-468	-7872	13380	-1501	-204	513
44	-7512	13820	-1890	-13	887
-580	-8072	13264	-2318	412	1219
-1348	-9060	13680	-1627	-126	1121
-884	-8356	14036	-1639	-637	1069
-296	-7812	13540	-3022	-858	1388
512	-8624	13052	-3000	-683	1206
632	-9172	13232	-2196	-478	888
1404	-8932	11824	-2291	-883	441
528	-10292	12800	-849	129	-658
668	-7384	13932	-2084	495	-151
1432	-7916	11584	-5209	738	729
-1048	-11200	11832	-2796	1152	-9
-884	-8176	13488	-1557	691	252
648	-7384	13008	-5011	-19	1556
-484	-9796	10940	-5997	836	1590
-644	-10856	11604	-2192	-23	1272
1836	-8648	12088	-2842	-120	2280
176	-9560	11184	-5101	1979	2538
-740	-11772	11140	-648	1484	2259
424	-9024	11240	-2076	1587	2950
-1180	-11640	11712	-3307	2368	3010
-1416	-14920	12248	-997	1900	2925
-1896	-10736	11952	-1450	2356	2735
-2704	-11796	13152	-2882	1501	1907
-1044	-11592	11148	-4442	2457	2293
-3004	-12540	11076	-3062	3783	2414
-3884	-11168	12560	291	2756	1742
-1548	-9204	11904	-2408	3283	3175
-2484	-10816	9592	-2341	4702	4297
-5448	-13728	10768	2806	4193	3518
-3512	-7448	12000	1826	3914	4965
-3464	-8824	11984	-2573	5163	7166
-6480	-13112	10928	-1493	6751	6758
-7108	-9336	11632	2862	4992	6272
-4924	-9188	12116	43	4439	6988
-7032	-11632	11960	1726	7298	7793
-10740	-9932	12008	2673	6404	8651
-9132	-10660	11348	-1908	3577	8961
-7232	-11980	12432	-78	6263	7518
-10432	-10384	13032	-38	8363	5924
-11428	-10104	11404	-175	6414	5390
-9316	-12724	11896	2063	5767	4696
-9892	-10528	13004	6325	7268	3423
-11264	-8068	11744	5223	5368	2970
-10004	-8088	11248	3942	3622	2975
-9120	-7260	12220	3977	4299	3214
-11468	-6300	12036	1053	5545	3471
-12652	-6588	10880	-1088	3202	3813
-11612	-7976	11020	-1543	2062	3744
-10796	-7540	11392	1115	2449	3565
-10644	-6256	11452	2518	3027	3686
-11596	-5024	9828	2021	3345	3679
-12804	-7292	10548	1747	2692	3192
-12424	-5872	10652	4764	1962	2775
-12360	-5072	10244	1623	2384	2363
-13304	-6420	9908	453	2309	1627
-12856	-6240	10420	1713	1238	1123
-12076	-5172	10564	1229	1383	952
-12768	-5140	9768	678	1246	750
-12788	-5216	9848	437	-368	304
-11816	-4924	9988	128	-406	93
-11804	-5092	9584	-961	-12	202
-11792	-5524	9428	-1027	117	258
-11912	-5356	8976	-1065	368	233
-12512	-5732	9348	-592	-42	147
-11748	-5504	9408	-106	-420	-20
-12196	-5348	9448	-259	435	-206
-12752	-5360	9120	-94	-353	-247
-11664	-4988	9380	-377	-233	-361
-12084	-4968	9612	-502	48	-188
-11892	-4612	9168	-1308	1	0
-11760	-5484	9664	-1219	86	26
-12268	-4932	9716	-264	247	55
-12708	-4956	9348	-1520	-794	116
-11768	-5660	10000	-544	-840	49
-12648	-4808	10252	-1120	471	46
-13368	-5612	9548	-1705	-424	-44
-11992	-5804	10808	-676	-472	72
-13752	-4892	10924	-211	1022	653
-15628	-4632	8612	-2836	-1975	346
-11588	-7056	10700	-794	-2985	-1742
-13636	-4360	12256	125	829	-2772
-16664	-5188	10452	-3162	-1673	-2817
-13320	-7196	10768	-1599	-4656	-3663
-9748	-5620	12052	966	-3662	-4193
-10032	-4716	11204	-428	-2352	-3548
-11568	-6296	11052	-617	-2398	-2308
-11612	-6228	10852	702	-4163	-1728
-10912	-5936	10608	288	-4444	-1432
-10612	-6084	11020	-1357	-4048	-1221
-11732	-7196	11240	-1203	-3147	-1458
-11828	-7180	11020	-1978	-4095	-1455
-9960	-8172	11180	-1486	-3989	-1974
-11264	-7960	11480	-1419	-2998	-2715
-10980	-8332	11840	-1055	-4526	-2887
-9580	-8052	12212	-480	-4304	-3275
-10560	-7236	11820	-2570	-3834	-3627
-10200	-8672	12240	-2434	-5228	-3844
-8092	-8216	12296	-560	-4894	-4125
-8388	-7804	12268	-2136	-3890	-4512
-8256	-8528	11712	-2005	-5048	-4407
-6300	-10152	11496	128	-5202	-4242
-6332	-8332	12828	943	-3934	-4300
-6880	-7600	12788	-1133	-4541	-4273
-5612	-9052	12324	-1153	-4836	-4170
-5384	-8512	12532	-968	-3999	-3733
-5884	-8756	13192	-1248	-4159	-3185
-5548	-9264	12908	-1939	-5308	-2854
-4252	-10588	12256	188	-5116	-2706
-4644	-9348	12892	2068	-4049	-3024
-4100	-8068	13064	1435	-4769	-2563
-3468	-9388	12984	662	-3734	-2142
-4264	-9200	12140	1536	-3427	-2215
-3476	-9416	12760	1882	-4036	-2048
-3172	-7612	12532	1502	-3764	-1922
-2856	-8952	12096	367	-3675	-1749
-2476	-9440	11928	1365	-3416	-1649
-2240	-9056	11612	1758	-2912	-1663
-2740	-9608	12404	3498	-2351	-2175
-2388	-7960	12544	2543	-2723	-2095
-1192	-8672	12300	721	-1683	-2519
-2584	-9160	12680	893	-1459	-3036
-1716	-8208	12472	-383	-1806	-3204
-1420	-8476	12872	-1716	-1703	-3583
-592	-8272	12192	-3539	-956	-3795
-1632	-10088	11656	-2613	-48	-4906
-228	-8520	12044	-1187	-164	-5502
-264	-7672	12732	-1644	920	-6023
-144	-9512	13128	669	924	-6464
-728	-6528	13404	497	969	-5420
-2048	-8184	14224	-1360	741	-4588
-2356	-8188	14688	609	94	-3835
-1068	-7916	15460	464	-297	-2359
-688	-7296	14812	-142	412	-1223
-1448	-9912	14812	632	103	-844
-532	-8712	14484	1842	-311	-563
-576	-8584	14324	1306	-520	-351
220	-7612	14824	477	-599	-266
456	-7304	14300	-1256	-162	62
-392	-9924	13812	-1057	-18	-62
-752	-9516	14376	1751	-893	-562
556	-8468	14888	1738	-959	-630
-360	-7940	14236	752	-609	-367
-112	-8764	14064	1123	-681	-42
104	-8296	14412	880	-219	332
224	-8652	14212	590	153	395
-500	-8636	14640	1180	409	83
240	-7456	14516	-131	185	163
632	-8572	14128	-632	506	69
-700	-8632	14436	98	345	-286
-132	-8120	14832	-233	-469	-263
-1076	-8316	14836	-560	-433	-393
-120	-8252	14836	-361	-407	-318
-280	-8816	14876	-199	-278	-12
-144	-8448	14528	380	77	-57
-12	-7836	14896	187	-38	-132
244	-8252	14016	-252	681	-282
-688	-7688	14344	-482	-8	-417
92	-7464	14880	-858	-388	-103
172	-7308	13892	-1106	-776	140
328	-7160	12592	-597	-609	-26
176	-6656	13592	423	-1146	-78
772	-5812	13424	-1447	-1167	430
1184	-6688	12028	-3072	-404	781
776	-7744	12476	-1794	-71	922
1040	-6880	12708	-2186	-391	1409
1984	-8148	12080	-2634	392	1234
976	-8508	12196	-809	482	760
920	-7548	12700	-385	302	709
608	-6724	13132	-2788	656	1202
-164	-9080	12920	-2576	767	1589
-1368	-9944	13116	-1604	1099	1586
-1160	-7364	14832	-2491	69	1840
604	-9484	12676	-4971	217	3249
-1476	-11280	11032	-2211	1255	2594
-624	-8412	13368	-216	-231	2312
1120	-8348	12652	-3340	2044	3527
-1396	-10776	10904	-3650	3648	3594
-2680	-11996	13440	1105	1738	3029
504	-7484	13140	-2347	2772	4147
-1396	-11652	12064	-2938	5650	3701
-3832	-11656	13000	1283	3983	2763
-1424	-6896	13144	-138	3536	3904
-1272	-8548	12924	-4826	5415	5275
-4732	-12844	13380	-1197	5657	4384
-4368	-9356	12244	1598	5015	4471
-3956	-10052	12944	1499	5477	5459
-6452	-10428	14052	3479	6555	4731
-6752	-7376	12644	1025	5314	5228
-5652	-11472	12696	-778	6501	6053
-6908	-9744	13908	2636	8915	5776
-9196	-8520	15096	2113	8052	4819
-8344	-7412	12704	-2163	6408	4610
-8128	-11500	12836	732	7080	4631
-9252	-8180	14100	4351	7344	4493
-8916	-5696	13940	2020	5775	5008
-8440	-6332	11168	-1840	5114	4805
-8388	-9732	11788	1354	5170	4032
-8960	-6268	14104	3247	6582	4324
-10588	-5584	12816	-323	6638	5134
-11168	-8036	11512	920	5663	4677
-10984	-7196	12904	3830	4883	4716
-11076	-5080	13328	2231	4926	4834
-11788	-5620	11928	906	4253	5047
-12256	-4752	10764	1439	3387	4595
-12436	-4872	12480	548	2294	4328
-11840	-4832	12928	-664	2461	4287
-12372	-5516	12268	-2097	2912	3841
-12856	-5124	11084	-844	2256	3334
-12696	-5240	11692	452	1452	2569
-12592	-4468	11580	508	1247	1723
-12792	-4656	11384	152	1028	722
-12848	-4704	11108	527	75	-155
-12220	-4340	11436	410	-470	-526
-11520	-4180	11148	386	-93	-326
-11748	-4428	10620	305	-418	-501
-11616	-3940	10304	815	-902	-526
-11348	-4348	10948	845	-735	-337
-11632	-4140	10536	578	-421	-304
-12184	-4168	10296	325	-743	-202
-12376	-3860	10748	224	-421	-186
-12332	-4128	10836	-358	-514	-633
-13280	-4708	11204	-164	212	-1306
-15172	-5844	13820	922	718	-1889
-13392	-3480	11840	1558	243	-2449
-14120	-5284	9112	-1738	11	-4773
-15628	-6028	12660	5620	-1479	-6182
-13672	-3140	13920	3422	-3441	-6176
-12796	-3628	11972	-2368	-2973	-6223
-13144	-6700	11996	-3035	-4008	-5858
-10936	-5548	13220	-331	-4910	-5630
-9976	-4444	13328	-3461	-4550	-5521
-10500	-7120	12692	-4201	-3927	-5232
-11552	-7924	12832	-2607	-3748	-5333
-11404	-7116	12872	-939	-4383	-6011
-9760	-6440	12564	-526	-5037	-5862
-9128	-6088	13664	-1248	-3856	-5052
-9372	-6740	12620	-2719	-3510	-4478
-8644	-8500	12260	-1125	-3880	-4253
-8572	-8048	12360	97	-3558	-4091
-8856	-9416	12828	-50	-4289	-4104
-6992	-8472	12660	-155	-4663	-4283
-6236	-7644	11840	-2455	-3866	-4288
-6756	-11300	11012	-2905	-3648	-4326
-6764	-8700	11224	94	-4668	-4703
-4884	-8412	11412	-3339	-4597	-4204
-5100	-9348	11364	-4898	-3653	-4258
-5700	-10212	11408	-4157	-3557	-4073
-5532	-9640	13172	-1231	-3041	-4236
-5036	-7968	14344	-3716	-2977	-3483
-5264	-11332	12772	-4267	-2218	-2946
-5212	-11756	12564	652	-2463	-2816
-3480	-9748	12900	2041	-3022	-2157
-3360	-9516	12288	417	-2513	-1663
-3344	-10376	12064	853	-3131	-1398
-3004	-9224	10828	1150	-2906	-1623
-2344	-9088	10624	1476	-3726	-1870
-1336	-8672	10728	1236	-4191	-2306
-1164	-8136	9604	536	-4136	-2775
-2072	-8060	11300	948	-4067	-3596
-2148	-7268	11024	-2316	-4264	-2973
-2272	-10852	9920	-145	-3408	-3447
-1012	-7924	11440	1621	-3016	-3555
-32	-5288	12440	-2239	-690	-2323
-1012	-12044	11392	-2718	780	-1766
-1956	-10232	10676	1574	-12	-2005
-1468	-8004	13680	2045	37	-2123
-612	-6128	14272	-1612	135	-1606
-752	-8916	12264	-2764	804	-1207
-1608	-9980	11212	-67	-1019	-1917
300	-8052	12056	1981	-762	-2655
-668	-5944	13728	520	-329	-2228
60	-7188	13936	-2475	104	-746
-1032	-10960	12872	-2159	957	-73
-2164	-10456	13696	779	-473	-128
-1016	-8924	14728	837	-63	276
-316	-10764	13388	-896	569	447
-1840	-11908	12600	982	-748	-238
-772	-9668	13260	1732	-470	-967
-380	-7912	13924	-1068	-75	-776
-988	-9736	12804	-2161	284	-580
-1160	-10300	12520	-1006	419	-711
-1300	-9148	14244	-312	-98	-761
-536	-9368	13780	-1246	575	-175
-1184	-10204	13524	-683	25	93
-1024	-9568	13976	-90	-596	65
-420	-9628	13444	-492	-18	487
-784	-9476	12100	-268	-194	767
-936	-10232	13172	814	336	571
-152	-9064	13316	292	-206	506
-1328	-11396	13828	232	304	-252
-372	-8796	13644	-408	-978	-755
56	-9244	12636	-1606	-1192	-1261
0	-8632	11412	-1769	-865	-1668
512	-8020	12440	-1649	-994	-1656
688	-8412	11716	-1395	-24	-1393
108	-7772	12140	-498	233	-1203
-564	-5940	13056	-319	-309	-943
1680	-3772	10656	-4508	-911	1007
-1132	-9800	10080	-4681	215	1410
200	-9124	10376	-2558	-1278	2113
-240	-9756	9680	-2204	-191	1856
148	-9640	10144	-2342	-890	1624
-336	-8400	10440	-4526	-975	2130
-436	-10812	10128	-7706	-735	2555
-824	-13616	10592	-4756	-1055	2210
136	-12356	12052	-3774	-1117	2755
-448	-13524	10812	-3080	346	1920
-1244	-15864	10784	3258	-883	1550
40	-11404	11900	5484	-703	2148
-1668	-11056	13512	2269	796	1943
-988	-9908	11936	1176	902	2511
160	-10300	11468	-1183	1281	5056
-4148	-13660	12384	241	2693	4499
-1800	-10096	12580	5580	466	4689
-568	-8372	12100	2197	3529	6372
-5188	-11944	12944	1964	5077	6512
-4180	-10568	12648	5392	3620	6707
-2488	-6304	13348	1837	5105	7769
-4388	-10396	13544	-772	7831	7629
-6632	-12892	13044	-266	7764	7464
-6084	-10992	12632	3835	6757	7245
-6332	-10232	14012	4600	7990	6743
-7352	-8800	13912	5813	8738	6278
-9120	-9244	13924	1458	8788	5692
-9268	-9620	13992	3150	6968	5904
-9264	-7652	14068	2424	7551	6724
-9728	-6704	13732	-182	7349	6598
-9248	-8492	13004	-297	6591	5589
-9448	-8276	13536	2981	7512	4965
-10752	-6088	12956	1491	7341	4315
-10808	-7836	11852	1800	6429	4529
-10756	-8152	11896	5309	6670	4297
-10908	-5436	13716	6547	7307	3600
-12260	-4620	13248	3831	7002	3200
-12432	-4524	11140	2167	5918	2677
-12896	-4680	12672	937	4758	2311
-13292	-3524	12416	292	3281	2792
-12704	-3056	11672	-3611	1724	3024
-11976	-4288	11864	-4898	1750	2599
-12456	-4672	11792	-3102	2323	2128
-13436	-3780	10860	-3174	1295	1694
-12628	-5272	11344	-1788	-451	1101
-11296	-4752	11360	133	-21	653
-12084	-4656	11108	525	451	546
-12224	-4556	10040	548	-256	475
-11976	-4420	10020	432	-562	591
-11580	-4248	10384	-704	-304	598
-12260	-4548	10096	-1403	-275	446
-12252	-4600	9836	-1574	-881	224
-12248	-5140	10456	-1392	-449	-141
-12892	-4572	10680	-1389	-474	-199
-13584	-4260	10080	-2333	-943	-576
-13332	-5036	10444	-2202	-1508	-981
-12500	-5020	11776	-691	-249	-1370
-14216	-3508	11312	-1976	374	-1920
-14604	-4988	10396	-3655	-2724	-2272
-11324	-5680	12048	703	-2676	-3449
-13484	-3980	12940	-42	-799	-4076
-14460	-5760	12344	-1041	-3098	-4140
-13820	-6728	12996	-221	-3666	-4285
-15472	-6776	14516	642	-3706	-3463
-14632	-5516	12636	-862	-6529	-3105
-11736	-6300	11892	-2795	-7715	-3461
-9992	-6756	12400	-1284	-6289	-3599
-8476	-5172	12012	-3170	-5089	-3808
-7896	-8188	11464	-1935	-3452	-4503
-8300	-7532	11772	1359	-2655	-5647
-8548	-6744	12420	2963	-3388	-5904
-8064	-5988	11660	1392	-4434	-5513
-7452	-7884	12272	-64	-5260	-4604
-7448	-6348	12060	-728	-5098	-3717
-7576	-7672	11492	-5117	-6899	-2574
-6136	-9332	12592	-3868	-6351	-1786
-9780	-8968	12428	-5476	-4753	-2542
-8788	-10068	13060	-3544	-7859	-3543
-5560	-10380	12660	-2433	-5546	-4375
-6792	-9220	12448	-887	-3025	-4762
-6616	-10272	12596	-992	-3742	-4438
-3988	-10464	12348	843	-2947	-4401
-4784	-9184	12828	808	-1102	-4872
-5608	-9692	13232	-139	-2151	-4184
-3552	-10156	12200	952	-2307	-3862
-4580	-9532	13092	2179	-1312	-4502
-4624	-8940	13520	1527	-2693	-4499
-2468	-9664	13196	-273	-2989	-3987
-3872	-10560	12968	1307	-2736	-4463
-3720	-9512	13232	2274	-5007	-4736
-2760	-9960	13540	830	-5534	-4946
-3236	-9984	11676	723	-5911	-5120
-2368	-9520	10340	3830	-6372	-5467
-1280	-7532	12152	3466	-5962	-5070
512	-6100	12324	1051	-4947	-3804
392	-6024	11396	-1823	-3296	-2897
-368	-9136	10492	-847	-1982	-3029
-376	-7000	11216	1747	-2208	-3117
436	-7580	13428	132	-1373	-2980
-1012	-6540	12400	-1377	-547	-2515
-836	-8140	12200	-1930	-2113	-1947
2172	-8336	12392	-1668	-1537	-2340
1224	-5908	12344	-3371	-230	-1870
1012	-9232	13100	-1208	-423	-2086
828	-8280	13416	-267	-66	-1971
824	-8216	13356	1279	-64	-1902
1280	-8080	13724	1434	-314	-1560
496	-7376	13736	-439	409	-995
984	-10072	14188	-659	897	-860
72	-9180	15196	-549	684	-794
692	-10424	14868	-2076	475	-359
-268	-10428	14920	-384	109	-762
496	-9020	14244	235	-625	-699
1032	-8688	15168	-407	-294	-248
4	-9392	14540	-775	-77	2
968	-9164	13856	-218	-468	-36
1516	-9408	14364	389	-6	-468
880	-8040	14112	307	98	-520
1568	-7424	13912	-530	127	-191
892	-9784	14144	-350	303	-18
-376	-9864	14448	738	-142	-248
1688	-8856	14888	941	-715	-284
1032	-8292	14124	140	60	-239
412	-8596	13732	-474	-526	-532
1308	-7944	14316	47	-748	-870
1356	-7992	13668	-1076	28	-488
272	-8552	14292	131	-653	-928
1524	-6928	13588	-112	-761	-380
1136	-8876	14252	111	346	593
736	-7532	15424	627	-83	700
1464	-8880	14572	-82	11	686
680	-8064	13876	621	-1497	-58
1588	-6540	14656	-150	-1332	58
1508	-7172	13408	-1980	-1293	616
924	-8296	12816	-1772	-1668	460
2020	-7284	12536	-1560	-1880	489
2388	-7696	11792	-1941	-1242	503
1012	-7856	11716	-1451	-680	-90
1116	-7148	13048	-1455	-1041	154
2420	-7520	13876	-3209	-1034	721
596	-9556	13188	-2206	-643	205
1156	-7708	12164	-1505	-1935	347
2300	-9756	12376	-549	-1900	386
428	-9420	13836	66	-2263	332
3404	-7268	14672	-2294	-3083	1083
3956	-8440	12784	-7156	-967	2374
896	-12032	11844	-4650	-1225	1914
2796	-9016	12148	-2896	-1946	1383
3732	-9552	11252	-5765	302	2553
744	-12972	12032	-3243	531	1851
1800	-10868	11868	-304	-485	1169
3108	-9536	13136	-1775	-481	2244
1144	-10844	13148	-3119	990	2692
920	-10768	11728	-2287	-182	2621
2484	-9516	12100	-2819	323	3091
1484	-9404	12024	-5717	1456	4589
-492	-13336	10876	-5195	1496	4911
-372	-12324	12288	-216	1156	4458
1136	-11380	13184	786	2122	5689
280	-10524	11904	-826	3732	6550
-980	-13288	10984	1647	4342	5860
-1332	-11972	11332	4609	5259	5345
-1412	-9904	11428	3955	5167	5842
-1128	-10680	10712	808	5374	6786
-2244	-11888	11820	2740	6652	6393
-4100	-9232	12600	3577	6562	6463
-3448	-8560	11140	-4351	5743	7551
-4172	-14460	11820	-91	6100	6563
-4400	-10756	12484	5269	6634	6347
-5040	-7720	12872	-48	7502	7181
-6748	-11312	13188	-1975	7654	7299
-7104	-11064	12452	-663	7100	7025
-6876	-10504	12820	-994	6782	6701
-7652	-11504	13264	563	7004	5977
-8236	-9628	12920	1626	6631	5133
-8640	-10096	13092	929	6606	4647
-8612	-9888	12540	2729	6575	4574
-9020	-8596	12496	3301	7595	4528
-10928	-8040	13580	2094	7393	3678
-10560	-7316	12240	2252	6130	3447
-10412	-7948	12500	1395	6276	3734
-11284	-6956	13140	2223	6077	3961
-10892	-6112	12040	1555	4903	4091
-10672	-6028	12284	1153	5504	4171
-12128	-6596	11684	-233	4412	3980
-12720	-6640	12908	766	3640	4016
-13656	-5312	11740	-1511	2803	3729
-12744	-5808	10624	-2092	1539	2939
-11932	-6336	11272	-1509	1892	2069
-12612	-5832	11140	-1192	1318	1601
-11748	-6784	10636	-781	715	1085
-11648	-6484	10596	456	726	932
-11712	-6092	10644	1053	461	822
-12256	-5652	10284	452	-310	450
-11496	-5912	10388	122	-670	402
-11564	-5716	10544	-607	59	737
-12424	-5608	9312	-1693	-687	598
-11876	-6212	9168	-1544	-1425	-30
-11248	-5868	9876	-553	-711	-98
-12312	-6068	9440	-2104	-442	-177
-11780	-6824	8884	-648	-1385	-589
-10928	-5572	9452	662	-607	-623
-11672	-5112	9456	-669	-465	-506
-11624	-5916	8892	-611	-1092	-528
-10808	-5732	9816	79	-633	-244
-11016	-5592	9724	-582	244	400
-11644	-5916	9272	-548	255	271
-11692	-5900	9360	392	-40	-127
-11956	-5264	10404	651	-79	-82
-11624	-6156	10380	-216	-21	-156
-11924	-5920	10616	973	220	-349
-12132	-5540	10120	112	-181	-808
-11308	-6256	11028	1072	-436	-1367
-12516	-5856	11868	673	234	-1993
-13980	-6512	11988	-365	-1187	-2586
-13588	-6180	11576	-839	-2857	-3843
-11032	-6992	12468	-364	-3509	-5082
-10488	-6040	12084	-65	-2355	-5221
-10088	-7436	11416	48	-3128	-4967
-9572	-7792	12576	3168	-1430	-4677
-12120	-5640	12232	2851	-1429	-4553
-11836	-6828	12144	1171	-3869	-3886
-8900	-6336	11952	285	-3576	-3298
-10560	-6548	12308	-2413	-2284	-3014
-10584	-8424	11080	-2862	-4915	-2534
-7920	-8684	11568	-449	-4088	-2860
-10020	-7948	12052	83	-2373	-3115
-11136	-8968	11492	-701	-3385	-3269
-9872	-7976	11500	663	-3624	-3330
-8872	-7728	12204	-1378	-2894	-3171
-9160	-9216	12004	-2421	-2154	-3225
-9104	-9016	11724	-679	-2549	-3597
-8560	-8940	12560	-801	-2927	-3857
-7592	-8620	12340	-980	-2792	-4176
-7348	-8964	12064	-440	-2550	-4051
-7688	-8276	12860	-386	-2299	-4179
-7940	-8552	13244	-1665	-2826	-3905
-7332	-9504	12988	-2726	-2960	-3486
-6988	-9364	12520	-2435	-2470	-3337
-6168	-8896	12368	-2731	-2640	-2711
-4848	-10408	12172	-2695	-1420	-2385
-4840	-9860	11400	-831	576	-2993
-5932	-10872	11920	-1941	-21	-3141
-3844	-10780	12156	348	-1029	-3256
-4228	-10944	12248	485	-604	-3228
-4684	-10432	11600	748	-1485	-3438
-5300	-9332	12788	115	-1912	-3896
-5084	-9968	12256	-196	-2506	-3779
-4788	-10164	11548	798	-2415	-3429
-4632	-9028	12656	1811	-2898	-2781
-3712	-9468	12508	585	-1911	-2639
-3064	-10672	10108	3242	-2441	-2014
-2184	-10004	10616	5460	-1658	-1449
-2524	-8808	11684	3876	-316	-1041
-3168	-10300	11036	1373	296	-1075
-3540	-11088	10612	3493	366	-1748
-3028	-8344	12648	2408	-1567	-1919
-2472	-9120	12560	-325	-977	-2738
-3088	-9396	11588	194	-2217	-3760
-1556	-7684	12032	467	-2910	-4317
-552	-7736	12624	-1151	-2035	-4419
-3040	-7984	13584	-1957	-617	-4732
-4536	-8692	11620	-3892	-3918	-4153
-8	-11964	11096	568	-3183	-5147
-2792	-5420	13104	886	-1078	-5472
-712	-8556	14704	-3191	-1799	-3718
-860	-9996	12892	-2711	-26	-2742
-1184	-10232	12936	562	-765	-1983
-704	-7904	15076	1139	-799	-1390
92	-8220	13692	-396	-426	-735
-768	-9816	12444	317	-957	-695
-1052	-9600	12904	2581	-1754	-1725
352	-7512	13588	1327	-2243	-1619
328	-8960	12300	256	-1135	-1393
-264	-9164	12632	915	-1067	-1381
-108	-8676	13820	189	-517	-922
388	-9352	13708	-737	149	-147
-536	-11132	14224	654	375	-193
-212	-9756	14088	361	293	-307
-660	-10528	14952	1176	-30	-670
-392	-8072	14372	967	-520	-427
-432	-8092	14120	-276	-689	291
-444	-8840	13352	681	-866	625
-120	-10048	13572	2803	-815	666
1048	-9308	13924	2110	-313	474
-340	-9472	13696	1199	345	-62
-44	-8412	14108	-1053	669	-71
-432	-9836	14668	-2028	497	-422
-92	-9500	14428	-1902	384	-813
-88	-9508	14036	-1166	39	-1054
-464	-8060	14596	229	-560	-1106
-616	-9204	14700	-226	-480	-322
-492	-8824	13664	-272	-755	332
220	-8232	13896	-478	-981	580
-336	-9152	13584	-1102	-271	586
-568	-9860	13720	-1011	-603	221
92	-8816	14584	-1258	-1207	-13
480	-9644	13892	-1080	-1458	-434
564	-8352	13496	-336	-1652	-748
1052	-7616	13284	-866	-1534	-513
1676	-8144	11344	-985	-694	-465
1040	-9356	11212	403	-602	-1271
2584	-9796	10732	2373	-823	-2476
1856	-4740	11140	2421	1196	-2497
-804	-4036	14592	-1443	430	-1374
1160	-5864	12488	-5641	-482	1158
-1184	-9188	11832	-3936	-265	1944
344	-7608	14104	-1514	-2236	2534
3520	-8660	12764	-3333	-2079	3312
184	-10480	11404	-1681	257	2482
124	-9836	13588	1884	-2183	1925
4048	-9684	13720	-2215	-1411	2592
100	-12744	13676	-1290	744	1604
152	-11568	12396	1429	-733	947
3348	-7908	11952	-158	-615	1618
616	-9756	12972	-1942	2605	1010
-68	-10028	12428	-3125	1094	1433
652	-8812	12528	-4027	1705	2328
60	-9776	13192	-4613	2178	3271
-968	-10984	12416	-2513	2211	3184
-1296	-10536	11596	-1194	2277	3195
-652	-9876	12408	-1870	2358	4050
-564	-11592	11412	-2772	3477	4686
-3248	-13700	12440	1887	3873	4242
-2276	-10180	13032	3483	4321	4173
-828	-8436	11524	-968	5659	4911
-3664	-12680	11292	-26	6895	4652
-4476	-11056	12908	5861	6334	3850
-2488	-5696	13092	628	7148	5574
-4280	-10704	12476	-4420	8749	6352
-6196	-10768	12104	746	7648	6582
-5424	-6912	13004	111	6636	6708
-3688	-8912	13304	-248	6658	7796
-3756	-11644	12896	5052	9435	7373
-8688	-8644	12888	7057	11597	7389
-10856	-8464	14440	2416	7346	8004
-8736	-11768	15012	4150	6695	7827
-9712	-7888	16212	5084	10266	6784
-14632	-4768	13472	-24	9321	6102
-12972	-7112	13236	-2131	4375	4687
-9436	-7692	13296	1192	5477	4523
-10900	-5248	12816	1090	7423	4329
-12024	-6452	12320	-338	5549	3868
-11872	-6176	11448	3159	4627	3891
-12636	-4132	12240	1038	4117	3833
-12588	-5388	12596	-867	2839	3705
-11684	-5004	11240	-387	2413	3491
-11400	-4768	10924	-1481	2786	3526
-10924	-5240	11740	-426	2917	3925
-11768	-4424	11332	174	3565	3808
-13976	-4388	10280	-144	2054	3811
-13308	-4256	10272	-493	213	3341
-13328	-4456	10852	-955	564	2815
-13748	-4660	10360	-1675	-18	2453
-12336	-4284	9896	-2064	-561	1749
-11772	-4712	10052	-1570	345	1290
-12104	-4604	9668	-1346	-87	1178
-11804	-4896	9524	-1140	-277	1002
-12524	-4860	9700	-93	-190	859
-12864	-4212	9428	-890	-836	896
-12108	-4736	9720	-1596	-876	798
-12100	-4132	8872	-1127	-310	613
-11900	-4460	9436	-1381	-207	354
-12324	-4624	9860	-1296	407	401
-13060	-4400	9256	-1468	-113	199
-12020	-4908	9380	-559	-711	-213
-11344	-4736	9684	732	155	-482
-12616	-4064	10088	651	716	-362
-12488	-4380	8988	-608	-678	-476
-11448	-4664	10148	570	45	-659
-12440	-3732	10468	18	387	-564
-12436	-4004	9724	-1745	-575	-609
-11516	-5036	10720	-957	108	-773
-13000	-4092	10824	-278	1185	-872
-14808	-4480	10268	-1042	-81	-1041
-12092	-6380	12324	1905	-1370	-1458
-11264	-3208	11968	3935	838	-2080
-15344	-3392	11296	376	-179	-2663
-14552	-5244	11308	1782	-3993	-3335
-12412	-3676	12504	2531	-2795	-3882
-15760	-3056	11476	-1149	-1407	-3587
-16308	-5568	10700	-2131	-4083	-2776
-14076	-4216	12368	-166	-2708	-2976
-14308	-2868	11072	-3182	-3530	-3048
-11064	-6656	10600	-4225	-5222	-4077
-8968	-6444	11896	1687	-4280	-4694
-8908	-4836	11520	516	-2871	-4106
-8948	-6508	10364	95	-2744	-3546
-8628	-6456	10296	2150	-3125	-3361
-7844	-6548	10736	2414	-3790	-3470
-7016	-5572	10884	1024	-3195	-3670
-7984	-6248	11180	-1030	-2634	-3552
-9128	-7504	11768	-2358	-3346	-3340
-9524	-6580	11820	-2640	-3969	-3403
-9884	-6584	11708	-4085	-4980	-2959
-7916	-8544	13000	-2431	-4714	-2159
-9044	-8124	13104	-1531	-2901	-2603
-10292	-7872	13384	-1443	-3569	-3353
-9036	-8372	13820	-409	-2532	-3915
-8192	-7432	13580	-547	-1179	-4389
-8004	-7964	13292	-587	-1126	-4389
-7972	-8880	14000	-321	-1388	-4099
-6944	-8208	12968	969	-1941	-4378
-7060	-8044	12832	-1753	-2374	-4104
-6640	-10336	12712	-1007	-2944	-3882
-7440	-9856	13352	-1501	-3642	-4292
-7176	-9228	13072	-4425	-5686	-3849
-6440	-8304	12756	-4900	-6446	-3834
-6700	-7376	12144	-7396	-6455	-4183
-4240	-9668	13092	-5284	-7308	-3860
-4384	-9756	13012	-5351	-5250	-3347
-5556	-11328	12756	-3202	-5301	-2753
-4248	-11144	13144	-575	-4695	-3106
-2008	-8436	13472	-1499	-4062	-2306
-2100	-11452	11900	-3373	-2215	-1505
-2756	-11712	10508	362	-2570	-1281
-1312	-12488	11112	1373	-2105	-1715
-268	-9344	11364	1087	-1902	-1775
-2352	-11364	11944	472	-2221	-2377
-1576	-10148	12356	1178	-3979	-3203
-2132	-6580	9756	-1182	-3569	-3428
-3336	-10096	9952	204	-3795	-4498
-612	-5000	9340	-686	-5556	-3985
1132	-9392	10292	-1673	-1994	-3847
-1368	-7200	9960	-967	-1400	-3578
68	-9336	10260	-751	-1507	-3117
-836	-8608	12416	894	-75	-3476
440	-7316	12768	-2165	-744	-1985
628	-9528	13168	-2051	11	-1793
-796	-8908	11248	-1441	55	-2082
-672	-11052	12164	316	-865	-2482
116	-9992	14620	261	-1082	-1973
852	-10852	13052	-1893	224	-1058
-820	-12836	12440	-849	-327	-1072
468	-11428	14260	415	-106	-980
1280	-11668	13468	-1318	951	-510
80	-11908	13504	-56	415	-1068
672	-10060	13096	-21	-97	-1542
812	-10840	12752	845	-197	-1983
-364	-8848	12908	100	-926	-1870
1264	-9352	13204	-1681	-466	-1047
388	-10996	12992	-1530	84	-581
-56	-11456	12528	110	-292	-675
684	-11112	13096	1520	-372	-712
420	-9928	13744	757	-231	-508
264	-9184	13088	-1046	-637	-14
672	-11056	12728	-1135	-576	-29
900	-10052	12536	-840	-454	-241
712	-10440	12444	-853	-727	-239
1560	-9960	13132	-855	-215	139
1180	-10432	12532	-1325	371	379
328	-11292	12228	-209	-147	110
904	-9040	12500	82	-399	-1
1296	-7952	12508	-2236	-95	742
-884	-9772	12788	-4249	209	1574
-920	-11696	12628	-3765	-847	2182
360	-11700	12584	-1842	-1365	2298
1268	-11104	13032	-18	-957	2332
1720	-9548	11892	-660	-869	2621
2308	-9964	10036	-1438	89	2576
904	-10696	10720	-54	458	1847
2112	-9044	10300	-1169	-445	1574
968	-10716	9668	-1983	1447	865
352	-10408	9632	1019	112	48
1956	-7188	9112	863	-437	37
456	-8936	10324	-977	1086	594
-364	-9600	10708	-1671	518	1709
808	-10052	10544	-3485	424	3131
236	-11424	11588	-3843	1770	3486
-140	-9540	11408	-5805	1341	4383
-644	-13288	10192	-6610	1404	4407
-1104	-15056	10316	-2783	852	3411
204	-12148	10936	-2223	1224	3940
-1228	-12500	11320	-3938	2338	4231
-2464	-14124	10408	-1569	1795	2855
-1992	-14108	10880	857	1104	3420
-1316	-11576	11816	839	2042	4190
-3112	-13316	11096	-726	2543	3746
-3864	-14756	11392	3516	2521	3432
-3068	-9484	11916	2817	3489	4401
-3060	-9352	11344	-3105	3233	4910
-3316	-14200	10048	-434	4267	3626
-4508	-14524	10800	2858	3965	3727
-4072	-10928	11328	3940	3361	4981
-4920	-12492	11792	3038	3887	5351
-6920	-14116	11364	7118	5396	4802
-7132	-9000	12552	6558	4984	4873
-5872	-9628	13728	874	5482	5258
-6896	-10940	12684	1168	7482	4888
-7836	-8816	11716	2227	7673	4872
-8328	-10836	11740	-1876	6764	4877
-7880	-11040	12556	2592	6781	4867
-8556	-9416	12224	3125	7451	4770
-9936	-8828	11624	1964	6620	4508
-9620	-9636	11236	2109	4403	4551
-7212	-7924	11568	4509	4527	4953
-7764	-7028	12480	1063	7357	5642
-10948	-8012	10720	316	8053	5255
-11976	-8696	10996	2420	5828	5004
-11060	-6452	12040	2163	4951	4915
-11216	-7524	11924	409	5740	5151
-11772	-7104	11028	1988	5300	4994
-12472	-7212	11532	2314	5179	4846
-13940	-6028	12036	1857	3766	4673
-13504	-5792	11368	800	1640	3735
-12912	-5628	11264	996	1142	2596
-12884	-5880	11696	-516	857	1962
-12440	-6168	10996	-103	950	1286
-12644	-4932	9556	-93	1082	710
-12584	-6188	9728	355	-109	97
-11916	-4968	9664	1445	-371	-157
-12064	-5256	9536	734	-233	-38
-11816	-5644	8800	640	-221	260
-11544	-5332	8836	-99	359	244
-12420	-5364	8976	-115	565	306
-12588	-5488	8924	-835	-21	407
-12300	-5616	9152	-665	-238	237
-12236	-6020	9564	-722	14	-11
-12236	-5188	9268	-773	-53	-117
-11740	-5436	9000	-1192	8	-294
-11392	-5688	9608	-249	426	-491
-11772	-5112	9788	358	678	-267
-12608	-5140	9616	-913	-235	-36
-11632	-5492	9804	-511	-764	-123
-11652	-5060	10136	-633	236	-37
-12944	-5028	9548	-1743	-385	-1
-12032	-5412	9384	-1546	-1184	-270
-11632	-5724	10328	-896	-306	-402
-12648	-5608	9724	-1112	-68	-472
-12416	-5876	9568	-603	-1137	-850
-11824	-6132	10232	200	-233	-1149
-13716	-5768	10432	119	94	-1483
-13404	-6116	10600	21	-1492	-1922
-10912	-5592	10460	197	-720	-2672
-12620	-6316	10992	479	1659	-3638
-14280	-6140	10920	1687	66	-4262
-11996	-7056	11232	2933	-1627	-4533
-11736	-5732	12328	4032	-394	-4378
-12744	-5692	11500	2219	-1616	-3972
-12132	-5884	10840	2369	-3098	-3668
-11780	-5864	11648	1237	-3530	-3272
-11004	-5512	11504	-83	-3907	-2878
-10788	-6644	11112	-2588	-3408	-2638
-10448	-7824	11172	-1533	-2754	-2814
-10588	-7416	10928	-1295	-2573	-3458
-10848	-7588	10340	-2412	-2738	-3987
-10372	-9276	10764	-2653	-2086	-4327
-10096	-8448	10760	-821	-1096	-4936
-11520	-8684	11844	-2315	-544	-4975
-11280	-9084	11852	-1360	-1871	-5210
-9372	-8204	12220	-2346	-2170	-5232
-9296	-9080	12152	-2046	-1785	-5296
-9504	-9632	12268	-2264	-2319	-5123
-9044	-9484	11688	-2367	-2674	-5181
-8540	-9412	11876	-2204	-3195	-4893
-8072	-9912	11452	-2157	-3332	-4483
-7056	-10276	11392	-1958	-3552	-4384
-6572	-9340	11556	-2146	-3672	-4124
-6468	-11104	10748	-1835	-3883	-3935
-6516	-10952	11016	-396	-3803	-4045
-6508	-8864	11036	-840	-3937	-3891
-5812	-11212	10640	-1344	-4412	-3577
-5048	-10052	10100	967	-3714	-3350
-5100	-9112	10460	718	-3260	-2669
-4292	-10404	9348	-487	-2529	-2002
-5624	-10664	9356	2482	-2129	-2019
-4156	-8028	10564	1708	-2731	-1499
-3632	-9876	12040	-367	-1195	-1191
-5392	-11148	11192	-838	-1495	-781
-5572	-10940	11540	1917	-3056	-852
-3932	-10596	11872	1952	-3365	-830
-4140	-10108	12496	849	-3828	-1038
-2720	-10924	10324	832	-4782	-1606
-2548	-10352	9452	2931	-4755	-2238
-1540	-8100	10484	2774	-4431	-2679
-1612	-8644	12024	437	-5119	-2863
480	-9656	7484	1750	-4435	-4497
-3512	-10360	10036	5758	-3843	-6840
-1024	-5948	11796	1874	-5795	-6230
-1376	-8088	12324	-2349	-2686	-5348
-2028	-8756	12352	-4229	-2042	-3462
-1044	-10192	14788	-4078	-270	-2114
-840	-9072	14944	-4729	715	-565
-1292	-13616	15308	-1379	1334	-98
-1244	-11484	14552	3508	484	-628
-484	-9308	14448	2889	-717	-92
-1240	-9748	14260	3322	-849	-457
-60	-8368	11640	962	-2390	-171
380	-9336	11776	703	-1446	-703
-752	-7860	12748	397	-1842	-1168
-360	-10612	13464	-607	-1038	-1159
-296	-9604	12628	-580	-1121	-960
-284	-10836	12820	1229	-426	-1284
-572	-8456	14272	476	-842	-700
60	-9796	14240	-365	-139	-321
264	-9720	12440	286	-369	-249
-284	-9808	13960	1957	-146	-495
752	-8832	15028	957	694	220
-460	-9316	14060	27	1230	663
-856	-10592	13224	1259	1176	67
-404	-8156	14332	1482	-71	-322
88	-9104	14396	-305	326	-318
-796	-9576	13108	-75	-146	-585
-628	-8656	13508	225	-883	-1036
-24	-8312	13228	-428	-1121	-926
128	-8076	13008	-861	-845	-878
-696	-8572	13032	-910	-753	-724
204	-7924	13516	-950	-883	-250
148	-7664	13620	-1250	-831	273
584	-9024	12468	-192	-361	433
836	-7488	12336	-42	-650	557
1540	-7532	12344	-1209	-204	640
804	-6944	12720	-1940	588	548
1612	-7336	11496	-2511	-249	844
144	-8316	11404	-1551	225	616
-412	-9284	12424	41	-754	298
704	-7316	11732	-1457	-1504	791
284	-8320	11600	-2742	-1225	1156
520	-7580	10724	-3613	-1900	1990
2096	-7856	9784	-5664	-1786	2846
516	-8928	10976	-5253	-422	2908
536	-9660	10212	-5939	-367	3290
776	-13876	10424	-3617	-316	2879
-812	-14816	11588	1361	119	2054
1228	-9852	10540	2203	-29	2429
96	-10300	10724	-1366	2946	2732
-1344	-10796	12616	-989	2185	3326
-936	-9884	11552	-3542	2790	4464
-2024	-12928	11444	-4124	2872	4857
-2408	-12696	12100	1231	3126	3705
-1464	-9804	11600	607	4166	4006
-1604	-10828	11716	-667	4991	4446
-3460	-13728	12596	961	6265	4551
-3324	-9144	12936	2694	6947	4732
-2552	-8052	11744	-2702	7680	7389
-4464	-13364	12556	-498	9706	7588
-7320	-10792	13924	5768	9445	6285
-7712	-7892	13096	2042	7549	7232
-7168	-13700	13856	514	8384	8877
-10124	-9452	15168	5486	10227	8445
-11748	-6768	14340	587	7947	7710
-9320	-9148	12768	-3542	7035	7683
-9080	-10908	14036	-32	9944	7069
-11764	-7880	13496	2088	10411	6444
-13184	-7280	12320	813	8157	6052
-12176	-10384	12004	1572	6508	5303
-10412	-7596	12736	7247	7019	4751
-12020	-5668	12448	4732	7726	4656
-13396	-6756	11856	3914	6151	4189
-13496	-5872	11564	5005	4334	3857
-13040	-4108	12532	3073	3134	3777
-12584	-4240	12640	-1179	2601	3599
-12304	-5104	10852	-1687	2673	3166
-12324	-5732	11100	-1300	2118	2666
-12540	-4776	10896	257	1526	2462
-12720	-5536	10548	-220	64	1790
-12120	-5932	9768	1843	81	886
-12948	-4488	9384	1536	59	320
-12572	-5276	9224	178	-1265	-86
-11228	-5260	8928	847	-818	49
-11148	-4224	8508	166	266	357
-11948	-4944	8832	-836	669	602
-12460	-5216	8860	-658	-37	704
-11476	-4988	9288	-621	172	493
-12200	-5436	9500	-889	795	363
-12336	-5020	8972	-191	121	-100
-12464	-5300	10116	-66	52	-652
-12272	-4392	9856	244	-111	-662
-12324	-4600	9880	-870	-78	-737
-12092	-4532	9868	-344	-257	-589
-12800	-3644	9216	-1117	-522	-516
-12036	-4584	9968	-1301	-1298	-267
-11972	-4288	10208	-1565	286	-69
-13652	-4744	9640	-1659	-496	-307
-13460	-4780	10420	-838	-1413	-620
-13956	-4380	10600	-1517	-707	-816
-15688	-4880	10248	-3657	-1486	-1706
-14288	-5876	10064	-3876	-3470	-3484
-11172	-5824	11232	-1979	-934	-5358
-13584	-6196	12804	-453	2311	-5175
-14948	-5124	10120	680	-1835	-4587
-11172	-6788	11592	988	-5047	-4477
-10152	-6052	13748	3452	-2355	-3141
-12864	-4272	11064	-1260	-2872	-1695
-11720	-7628	10888	-3277	-6485	-1948
-9012	-6816	11252	-1581	-5448	-2249
-10580	-7576	11416	-2715	-2846	-2720
-11536	-9260	11372	-459	-3700	-3721
-9960	-8280	10572	1905	-4278	-4394
-9444	-8872	11680	3584	-2992	-4453
-9760	-7372	11688	3482	-2736	-4603
-9552	-7244	11648	998	-3230	-4248
-9780	-7332	12496	-138	-2741	-4303
-10428	-6660	12192	-3546	-3927	-4559
-7884	-7632	11808	-5877	-5331	-4585
-7512	-11360	12816	-3738	-2814	-5261
-9356	-8616	13460	-32	-2474	-5639
-8344	-8776	12660	-2787	-4565	-5285
-6308	-10772	12440	134	-3894	-5243
-6540	-7900	12704	1946	-3154	-5018
-6036	-7228	12724	101	-4449	-4573
-5432	-9412	11624	-1456	-4181	-4862
-6436	-10116	11484	1698	-5184	-4991
-4892	-8800	12384	2325	-7016	-3969
-4528	-7844	12488	908	-6264	-3342
-5056	-8384	11932	-301	-5125	-2348
-4500	-8124	12048	-287	-3946	-1411
-3852	-7340	11668	-735	-1968	-535
-3524	-8680	12244	-733	-901	498
-3272	-8928	11952	87	524	1296
-4316	-9212	12500	-536	561	1711
-4388	-11076	11860	967	-422	1480
-4864	-9648	12920	1062	-1760	1608
-4420	-9368	13744	-2322	-3168	1715
-2968	-10816	13576	-2709	-4574	1088
-1476	-9440	11828	-1320	-4994	-397
-592	-12236	9720	3311	-5586	-3007
-1968	-8344	10156	8718	-6485	-4099
-1436	-8656	10540	6785	-5861	-4393
-2520	-7780	12044	7152	-4652	-4836
-968	-4244	14240	1680	-3060	-3492
-1200	-6128	14200	-3115	-579	-2142
-3448	-9604	14712	-1320	468	-2527
-2064	-7696	16276	1542	-1880	-2144
-668	-8388	16684	1274	-1821	-1750
-1276	-10088	14192	4851	-2359	-2889
-932	-6564	12976	6208	-3655	-3962
-224	-3888	14432	2687	-3943	-3982
1196	-4960	12396	-2245	-3248	-3184
280	-7340	12324	-1109	-1075	-3314
-540	-5904	13744	-2231	-675	-2222
-136	-6352	15528	-3159	-92	-1318
-12	-6564	14792	-3639	811	-327
24	-7832	14240	-3521	351	428
-548	-8144	14964	-1079	540	108
-1328	-8012	15084	190	-463	-191
388	-8304	15920	414	-1174	-283
144	-7480	15892	-1963	-857	123
364	-10148	13328	-1563	-734	-355
-436	-8708	15608	1115	-1656	-1263
1376	-6904	15192	-1149	-648	-1267
140	-9404	14148	-1648	221	-1212
-520	-9128	14108	1067	-650	-1487
840	-6840	14648	705	-243	-1252
-84	-6984	14648	-399	-398	-460
220	-8352	13320	-378	-178	-19
768	-8460	13620	877	-376	-271
60	-7372	15384	388	-24	-503
540	-7240	14312	-1257	-991	-384
544	-7856	13476	-972	-1042	-678
1456	-7444	14248	-888	-888	-645
1040	-7208	14156	-1062	-650	-583
3060	-7612	11636	-1773	-621	-681
1016	-9416	10376	136	784	-2207
1496	-7296	13244	1655	-152	-3023
2160	-3180	13760	-1375	1188	-1828
792	-4804	13500	-6455	1422	524
-1164	-5948	14064	-6732	797	1929
952	-6604	11704	-7113	-260	3434
-1056	-10600	11204	-4236	46	2680
428	-10236	12508	1125	-2621	2128
4340	-6756	10936	-1520	-2356	2904
-92	-10696	11020	-2356	671	1575
656	-9168	13360	1621	-3209	1475
5056	-6824	12340	-4165	-1073	2592
320	-12392	12440	-4772	2284	2251
-204	-11112	13344	-41	-275	2481
2460	-7124	12708	-2548	1089	3613
-176	-11956	12744	-2152	3943	2977
-1428	-11352	14144	2438	2640	2998
-404	-6728	13968	-362	3647	3065
-524	-11632	13920	-2540	4398	3569
-3036	-12268	13908	883	3783	2660
-628	-8036	13008	-203	3438	3016
-232	-8368	12920	-2478	5039	3913
-3148	-11848	13432	-1214	6080	4000
-3256	-7608	13020	352	4305	4295
-552	-8016	13344	-2177	3021	5912
-552	-9700	12240	-2199	5873	6187
-5396	-12704	13472	3403	5910	6212
-4672	-6452	12296	2462	3473	7658
-4784	-11188	14516	-2862	6968	8494
-7616	-10220	14076	3456	8807	8718
-8120	-5928	12892	828	8531	8414
-8240	-11256	13680	-2248	10014	7519
-10572	-10876	13564	2466	10361	6217
-10184	-8272	13352	2894	8115	5806
-8776	-9228	13532	1364	8850	5260
-9416	-9264	13376	3163	10657	4498
-11276	-7996	12676	5459	9676	4123
-10528	-5904	12268	3828	7715	4072
-9680	-6320	12200	2662	7953	4363
-11228	-6304	12328	3269	9111	4915
-12864	-3764	11572	2725	8240	5379
-14268	-3692	11072	-1121	6192	5114
-14388	-4928	10468	-2128	4280	4423
-13880	-5200	11728	-1835	4173	3734
-12716	-4932	12300	-2310	4448	2587
-12904	-5836	11024	-779	5126	1964
-13596	-5344	11216	1938	3037	1112
-12196	-4848	12016	3220	1660	771
-12452	-4636	11144	2402	1638	514
-13304	-4468	10476	2454	402	205
-12172	-3764	10512	269	-953	501
-11340	-4580	10632	-1705	-135	1044
-12460	-5352	10244	-2763	-24	1199
-12568	-4388	8912	-2635	-1101	804
-11964	-5972	10124	-2275	-1472	158
-12332	-4820	9612	-339	-602	28
-13000	-5232	8800	-1163	-1868	-388
-11456	-5288	9468	1065	-1959	-810
-11912	-3764	9408	744	-481	-564
-12360	-4336	9152	-994	-1105	-387
-12232	-4424	8936	-380	-933	-242
-12108	-4272	9584	-645	-997	-13
-11780	-4324	9560	-1306	-532	151
-12512	-4532	9404	-1648	-590	30
-12196	-4684	10104	-1225	-921	-165
-12296	-4280	9904	-1475	-533	-335
-13220	-4424	9940	-1966	-1055	-602
-12188	-4296	10596	-1708	-1244	-1005
-11536	-3680	10764	-2469	167	-1273
-12692	-4816	10240	-3746	-73	-923
-11372	-6012	10528	-1050	-1782	-511
-10764	-5260	11316	383	-335	-435
-13052	-5572	10608	497	-1002	-492
-11964	-5964	10316	1270	-2449	-1138
-13216	-5792	11632	1270	-1041	-1631
-16236	-5492	11672	-756	-1943	-1831
-15832	-5716	11320	-3141	-4746	-2412
-13368	-6364	11996	-3291	-4763	-4124
-13108	-6384	12872	-1518	-4048	-5306
-12268	-5420	12120	-2864	-5284	-5562
-10780	-7856	11732	-1228	-5302	-5270
-9956	-6976	12060	2320	-4430	-4739
-9940	-6372	11960	1631	-3861	-4225
-10496	-6428	11284	23	-3396	-3684
-10312	-7268	11764	-1211	-3830	-3604
-9148	-7424	11916	-1809	-3641	-3661
-9068	-7596	12476	-2950	-3080	-3757
-8888	-8348	12776	-3630	-3263	-3984
-8264	-9744	13260	-1967	-3754	-4515
-8136	-8928	12840	-1296	-3943	-5224
-7860	-8748	12940	-1017	-5265	-5415
-6776	-9392	12928	-1604	-5417	-5883
-6908	-8360	13208	-2230	-5304	-5643
-6552	-7864	12620	-6099	-6437	-4985
-4552	-10204	11728	-7102	-6827	-4741
-3640	-9072	11372	-5766	-4982	-5033
-4876	-9724	11412	-6877	-3614	-4842
-5260	-12284	10740	-4044	-3145	-5138
-5372	-13388	11364	2038	-2699	-5798
-3844	-9920	11440	2249	-2263	-5013
-3676	-10172	12056	1671	-575	-3971
-3572	-8808	11404	171	155	-2601
-3996	-9288	13000	501	203	-1946
-3536	-8452	13344	-330	-550	-1103
-3220	-9964	12232	-461	-848	-1109
-3048	-9936	11524	928	-2446	-667
-3072	-8424	11448	916	-3924	-131
-2344	-9252	9456	-3141	-4889	468
-1776	-10996	8784	-1990	-4886	-323
-2748	-10800	10212	-1388	-4755	-1980
-1404	-9900	12460	-142	-6442	-3223
-532	-8500	11272	-1884	-5969	-2897
-976	-10288	11428	239	-5030	-2487
-888	-6624	10612	403	-3811	-1205
412	-10380	11584	-567	-1248	289
-1720	-10480	10540	-85	432	1502
-1740	-12184	10960	893	1648	1498
-2640	-11328	12204	1075	2048	1013
-2604	-11448	12568	-1272	2224	1304
-1476	-11300	11616	-1459	1033	745
-1652	-12112	12592	-765	642	-627
-788	-10620	13876	-1955	78	-1246
-220	-13148	13176	-453	-1054	-3160
-904	-9164	12384	423	-2155	-4975
-1088	-9348	12828	455	-2462	-5339
8	-8996	12452	-1182	-2448	-4052
-396	-10476	12432	-267	-1222	-2864
-1084	-10060	11604	446	-941	-2036
764	-8676	12948	700	25	-749
-228	-9484	14504	497	802	784
-540	-9384	12976	-857	-153	1870
192	-11204	13116	817	-196	1411
-672	-12108	12664	1450	-855	559
-820	-10700	12140	621	-1830	-6
-168	-10916	12448	235	-1078	-579
-360	-9764	11752	-2337	-395	-732
40	-10200	11568	-1722	-49	-1027
396	-10092	13540	-891	121	-773
-472	-10188	13164	-804	163	-516
-572	-10028	13484	-199	-343	-333
488	-10844	13312	-689	-431	53
-340	-11100	12620	-240	-656	-355
-540	-11128	12472	373	-1066	-1070
1480	-9864	12568	-1330	-361	-808
472	-9540	11376	-1414	-96	-1186
468	-9840	11336	-342	-341	-1876
4176	-6504	9812	-623	-1315	-2427
1280	-6204	9560	-524	226	-3454
-3500	-4672	12500	-2376	-2897	-2416
-292	-6456	11756	-5600	-4224	-147
-352	-11332	11900	-6178	-4820	2234
716	-13384	11772	-4665	-4270	2982
1084	-13216	12492	-3125	-3335	2463
3944	-13256	11296	-2642	-2211	2479
3360	-13944	9824	-2871	-68	1696
988	-13280	11164	-171	-207	33
4396	-11024	9560	-3831	-342	623
32	-16256	9008	-1499	1176	30
864	-12448	10536	3346	-252	-1379
3708	-9096	10304	-3773	1347	-271
-1596	-14744	10908	-3702	2148	280
-1144	-13972	10872	1771	-241	22
2520	-8624	11476	-2683	204	1123
-40	-10964	11792	-4846	1340	1855
-876	-13092	9516	-3781	-1120	2749
540	-11700	9856	-2286	-1857	2585
212	-9820	12352	-3184	-1949	3689
1008	-12596	9036	-8251	-1896	6250
-528	-19772	6908	-398	-748	5307
-832	-12108	10204	6696	-793	4309
1656	-9504	11276	-972	1632	5863
-1284	-14724	8976	-3189	4495	5971
-2092	-15636	9116	3989	4399	5251
-1208	-10800	10044	6107	5242	5647
-384	-9716	10492	2909	6883	7096
-4616	-14112	11376	5363	8385	6616
-4868	-10252	10156	9115	7584	7109
-3680	-9336	10140	3380	8207	8871
-5192	-13320	13376	3860	9966	9359
-7032	-11616	13664	9832	9959	9146
-7516	-7100	12732	5819	9801	9266
-8060	-9452	13248	1147	10117	9425
-8444	-12072	12432	5018	11812	8456
-8268	-8228	12788	9143	12242	6948
-10612	2608	10688	8328	15372	9606
-12992	-11852	13376	-6198	12165	8775
-14484	-8744	13252	11601	10254	10168
-16484	-1664	14336	1653	8951	8604
-16796	-6704	12872	-1956	4886	7605
-13496	-5172	11596	-1471	3371	6531
-12384	-4560	12612	-2911	2988	5431
-11936	-6264	12000	-3580	2556	4540
-12288	-8804	11624	1348	2709	3818
-13792	-5988	10688	4288	1006	3128
-12876	-6196	10792	3865	-1158	2294
-11956	-6104	10400	5614	-926	1240
-12140	-4104	9444	3788	106	1070
-12372	-4752	8812	840	-169	854
-11800	-4520	9268	14	-231	815
-11940	-4440	9748	-1354	340	973
-12404	-4876	9092	-2173	-206	597
-11784	-5356	9056	-743	-572	38
-11916	-4572	9248	665	16	-51
-12428	-4456	9772	471	17	-232
-12172	-4044	9240	1078	97	-525
-12336	-3492	9524	994	643	-414
-12916	-3296	9228	393	292	-430
-12060	-3760	9688	494	-142	-670
-12448	-2924	10024	-273	622	-334
-12864	-3844	9836	-778	-35	-84
-12504	-3292	9456	-306	-134	-120
-13232	-3032	10120	-893	-242	-275
-14204	-3660	10100	-2411	-841	-521
-13160	-4588	10600	-1675	-1539	-864
-12844	-3836	11192	-1481	-19	-1272
-15540	-4156	10284	-1421	-642	-2033
-13112	-5572	9564	1280	-3829	-3278
-9708	-5004	11536	4571	-468	-4264
-13432	-4216	11740	4545	1527	-3648
-15028	-4740	10856	4326	-2872	-2860
-10600	-4008	11264	4299	-4056	-2946
-11696	-2464	12412	2283	-417	-2274
-13732	-3240	11244	-1563	-2940	-1607
-11728	-3804	11032	-2940	-5010	-1690
-12184	-4576	13140	-3350	-3736	-1757
-12540	-4724	12292	-4351	-4605	-2091
-11400	-6920	12536	-3071	-4478	-3163
-11764	-6344	13200	352	-3595	-4133
-12184	-6976	12980	1500	-4664	-5184
-10784	-6356	12936	4893	-5896	-5377
-9836	-4428	12812	2895	-5671	-5407
-8984	-4572	12572	-53	-6036	-4899
-7912	-5960	12484	-770	-5659	-4717
-8152	-5632	12096	-795	-5010	-4347
-8556	-5356	12652	-2252	-5402	-4087
-6400	-6140	12552	-4383	-4978	-3941
-7492	-9580	12544	1953	-2534	-4647
-9140	-6628	13880	4055	-3406	-4697
-7972	-6788	14428	2128	-4630	-4283
-7060	-7252	12772	1572	-3979	-4646
-7220	-7432	14156	2250	-3609	-4623
-6652	-5408	15276	935	-4601	-3680
-5956	-7048	14748	-2515	-4690	-3129
-6264	-8660	14248	363	-5508	-3382
-6024	-6988	14688	2822	-6099	-2888
-5312	-5792	14856	614	-6733	-2704
-4212	-7976	14460	-47	-6670	-2274
-3516	-7568	14284	-69	-5373	-2021
-3372	-6964	14056	-3280	-4148	-2358
-3248	-8916	14228	-1560	-3673	-3225
-2692	-7088	15300	-591	-2904	-3828
-3440	-7688	15612	475	-2515	-4172
-2748	-5972	14164	463	-5101	-3623
-852	-7332	12956	2175	-4304	-4337
-1268	-4956	12632	1582	-4568	-3453
-1748	-6448	12660	-1571	-4629	-3170
-1232	-6220	12916	-945	-5531	-2545
-396	-5780	13240	-3715	-4255	-2003
-372	-7380	12184	-3922	-2646	-1938
1588	-7436	11040	-1745	-3056	-1525
3840	-7184	10412	-128	589	-2799
-1316	-6944	12428	951	2096	-3485
-812	-6784	14604	-719	157	-2602
-720	-6960	16132	-1293	976	-2090
-520	-6460	14816	-4676	206	-998
-868	-8772	15672	-2790	138	-1318
-236	-7280	16144	-2820	-102	-1168
-88	-8012	16848	-2605	833	-734
-824	-9548	15516	-2981	993	-260
-524	-9704	13828	227	890	-664
-936	-8760	15080	2611	-26	-1077
256	-6116	13952	569	313	-748
-500	-6716	12844	-1124	86	-724
-896	-7812	13552	-287	-716	-876
148	-7088	13972	-640	-1372	-467
288	-7824	14064	-1725	-402	-463
-252	-7840	13752	-1143	-745	-323
904	-7444	13412	-1108	-734	-402
-40	-6832	14480	-1111	-186	-204
452	-7096	14480	-1179	98	419
112	-7428	13644	-2140	238	1025
364	-9272	12976	-785	920	591
-664	-9332	13916	479	909	244
76	-8288	15872	382	169	26
132	-8460	15548	-1507	825	-78
-940	-8788	14392	-1530	-563	-225
-236	-8716	14964	-845	-815	-185
272	-8140	15240	-1454	-940	148
-40	-9376	13960	-1330	-935	60
-104	-9532	13640	1132	-1232	-581
1064	-7176	13744	1023	-895	-656
152	-7460	13528	-54	-438	-635
388	-7092	14168	-1615	-204	-81
1436	-7976	11808	-2824	117	197
-232	-7704	12524	-1040	572	-155
1052	-5580	13972	-2080	-43	921
2136	-6316	10696	-4647	1387	1947
-2304	-9668	12312	-1539	828	1237
-464	-7712	13392	-653	-873	1424
1024	-8472	12556	-901	-106	1604
-356	-8992	13288	-237	-54	1460
1336	-7396	12568	-2032	-481	2052
612	-9792	12240	-3027	-35	1426
-676	-10572	14148	-1093	-971	713
1620	-8556	13040	-3599	-754	1492
236	-11232	11960	-3760	1497	735
-808	-10852	13424	-86	153	-155
1584	-8028	12752	-1991	-22	774
24	-10448	12536	-2946	2501	640
-1228	-9504	13172	-1893	1765	554
456	-9268	12236	-3145	1744	1323
-1320	-10732	12604	-2118	2364	1330
-1380	-10968	13424	60	1060	745
-100	-8692	12448	-478	867	1420
-288	-9736	12124	-1608	2576	2237
-2672	-9876	13080	-211	2194	2254
-1080	-8608	12880	-413	2215	3003
-1532	-9528	12160	-1353	3209	4229
-2700	-10688	12400	1499	3284	4202
-1960	-7832	12620	3255	3320	4642
-1964	-9436	12216	1785	4153	6445
-4908	-12528	13460	3653	5410	6756
-5728	-8228	12672	5894	4872	7087
-4808	-7664	12612	1866	5141	8503
-5232	-9384	14536	763	7553	8184
-5856	-7976	13048	547	9777	7993
-6920	-9180	12748	262	11194	7876
-8436	-9508	15524	3076	12133	6826
-9056	-6812	14836	3361	11368	6378
-9976	-6828	13260	1808	10728	6555
-11108	-8136	14868	1814	9242	6858
-12180	-5500	14096	1520	8296	7193
-12684	-5568	13748	-2594	5748	7131
-10880	-6812	14156	-3703	5172	6792
-10676	-6936	13688	-2083	6518	6172
-11720	-6024	13540	877	5698	5742
-11928	-5652	13328	659	5095	5032
-12552	-6684	13464	2849	4549	4357
-12440	-4216	11660	3900	3290	3770
-12164	-3836	12472	790	2721	3798
-12316	-3844	11696	-976	3049	3333
-13232	-5504	11424	-1077	2621	2420
-13236	-4112	10824	-788	722	1870
-12028	-4968	11808	-1287	-54	1417
-11832	-5088	10620	61	403	845
-12312	-4760	10496	1077	-289	388
-12000	-4044	10264	481	-906	92
-11484	-4016	9788	612	-262	-138
-12384	-3736	9900	-270	-225	-313
-11764	-4356	10140	-879	-853	-446
-11624	-4384	9952	-662	-110	-302
-12936	-4232	10176	-759	-376	-36
-12460	-3952	9908	-1128	-1516	-44
-11200	-4148	9460	-877	-315	-605
-11908	-3348	10636	60	16	-659
-11308	-3592	10184	-556	59	-551
-12052	-3580	10084	-129	36	-552
-11428	-3684	10912	-235	-491	-251
-11400	-3832	10668	-191	400	175
-12540	-3744	10656	-407	-522	389
-11644	-4256	11156	-713	-272	361
-13688	-4148	11292	-495	369	74
-15308	-3280	11308	-1948	-1390	-409
-15628	-4056	12172	-3867	-2265	-474
-14292	-4008	11960	-3768	-2937	-1553
-13840	-3856	11204	-5006	-3182	-3204
-12728	-5372	12324	-4452	-4697	-4018
-10868	-5428	13084	-2312	-3727	-4188
-11668	-6332	12500	-1591	-1914	-4528
-12560	-6364	12384	569	-2980	-4920
-11328	-6300	13128	1750	-3977	-4742
-11252	-5296	13348	1614	-2688	-3711
-12532	-5772	13044	-647	-2978	-3205
-12028	-5472	12764	-2061	-5930	-2661
-8696	-6596	12848	-3747	-6511	-2379
-8036	-7132	12448	-3678	-4102	-3538
-8884	-8488	12544	-2253	-4429	-4989
-7252	-8492	12632	778	-5319	-5540
-7780	-8232	13144	1090	-3576	-6467
-9072	-7872	13472	-1324	-4956	-6033
-6864	-6772	12708	-4372	-5973	-5056
-6992	-7248	10692	-7528	-4384	-5342
-7376	-10928	11512	-6879	-5954	-4971
-4848	-9736	11752	-4109	-5414	-4984
-6852	-10240	11320	-3462	-2424	-6510
-7644	-11104	11980	-403	-2731	-6097
-6084	-9624	12240	1227	-1683	-5818
-6308	-8168	11716	-633	159	-5666
-4972	-10232	11640	-1322	-429	-4213
-3772	-10208	12340	744	1157	-4271
-3504	-7440	11748	-103	711	-4162
-3628	-10772	12096	-2137	-202	-3455
-5268	-12544	12412	2074	-1240	-3637
-5580	-8204	13680	3237	-3917	-3237
-2384	-6204	13144	-1268	-5403	-1652
-2120	-9596	11348	-2388	-3840	-1480
-3420	-8548	11584	1602	-4614	-1126
-3660	-8196	12288	1841	-5248	-1070
-1968	-6732	10856	53	-4534	-557
-2380	-9960	9616	-2031	-3615	108
-2636	-11012	9484	-69	-3729	167
-2596	-8000	11376	-591	-3531	199
-876	-8416	11156	-2731	-2979	625
-1240	-11136	11556	-3533	-787	-94
-1500	-10764	12824	-1373	-1629	-138
-680	-12084	13068	786	-1963	-1187
-1292	-9692	12476	1935	-2002	-2666
-1292	-9528	12496	1319	-2749	-3180
-276	-8888	11900	-9	-2143	-3123
-100	-9040	11704	-519	-972	-3106
-152	-7904	11020	-1272	193	-2664
-644	-10320	12272	-634	832	-2674
-252	-7408	12356	199	1426	-2604
-796	-8948	14328	-888	1324	-1997
-2012	-11032	13876	-1297	148	-1895
-1444	-11340	14120	1134	-714	-2548
-308	-10508	14316	1270	-827	-2672
-1400	-9400	13552	-127	-421	-2333
-160	-9372	13332	-794	53	-1240
-892	-10936	14368	-569	527	-605
-640	-9252	13584	-475	557	-68
-668	-10428	13792	374	692	86
-168	-10484	13624	1640	474	-78
-1080	-10688	14112	1574	525	-113
-920	-10140	13708	1432	-328	-285
-1228	-10244	13364	1248	-589	-687
-528	-9268	12296	257	-337	-688
-752	-10108	13840	-37	-183	-344
-544	-9656	13820	-166	332	114
544	-9976	13264	-180	675	43
-524	-9248	13304	701	682	-225
-156	-8572	13040	695	51	-331
-904	-8648	13832	121	-247	-299
-936	-9232	13900	-310	-705	-144
-120	-9308	13392	-298	-904	-75
-760	-8904	13640	-211	-354	-164
-164	-8600	13496	-508	-561	210
404	-8892	12800	-952	-179	360
-264	-9160	13032	-400	-214	150
-268	-8664	13368	61	-539	-179
452	-7952	12380	-912	-826	-262
-208	-8988	12572	-1168	-540	-396
828	-8652	12440	-1532	-874	-351
1108	-8620	11824	-770	189	-723
-388	-7804	12384	779	70	-596
484	-6864	11380	1264	-642	-326
1284	-6928	11412	684	-559	-137
-184	-6728	11356	-1360	-28	524
76	-8336	11396	-2590	-466	1384
692	-9200	11416	-3850	717	2057
-656	-9708	11824	-2933	960	2250
556	-9932	10840	-3133	459	2194
104	-9820	11940	-1732	937	1781
1012	-9052	11352	-3395	1551	2042
-348	-9956	10268	-4283	2480	1719
-948	-12076	11636	-1853	644	2133
688	-9784	11592	-2079	804	2765
-876	-12116	11784	-2121	1986	2770
-1420	-12344	12344	-297	1950	2763
-1284	-10480	11480	108	1655	3203
-724	-10780	11796	-64	2216	3918
-2304	-11668	13432	1617	3180	4633
-2584	-9696	12520	537	3598	5503
-3208	-10968	12348	44	4219	5743
-3904	-12860	12676	5448	5286	4762
-3520	-8052	14052	5595	6503	5920
-5276	-10132	14604	-254	6801	6932
-7068	-12176	14176	3837	7767	6634
-7648	-7800	14576	4951	7893	6247
-7028	-7140	14732	678	8023	7222
-8216	-10372	14548	-123	10114	7087
-10020	-8568	13288	4226	9102	6276
-8276	-6308	14196	4042	6750	7021
-7084	-7760	15800	2977	8213	6558
-11108	-7588	14728	6762	9060	5745
-12420	-4808	14804	4981	6263	6095
-10936	-5680	15116	867	5383	6690
-11136	-5876	13464	559	6793	5858
-11592	-5188	12796	-980	5987	5118
-10952	-5824	13692	-1742	5002	5185
-12660	-6584	12532	-976	4485	4624
-12024	-4916	12252	924	1710	4376
-10756	-4980	11556	776	1870	4720
-12064	-4260	11712	1512	2615	4547
-12988	-3820	11528	-1246	2707	3977
-12148	-5388	11328	-1823	2802	2329
-13392	-5928	11204	-456	2578	1197
-12460	-4684	11544	267	35	28
-10848	-5280	11148	1669	1567	-513
-12516	-4044	9592	1012	670	-1070
-10792	-3888	10948	1560	-276	-637
-11284	-3312	10504	-1715	1770	333
-13464	-4648	10240	-3906	428	275
-11192	-4712	10472	-1592	-554	-515
-10764	-4876	10688	-543	1281	-841
-12028	-5084	10412	947	520	-1159
-11484	-4492	10696	2610	100	-1272
-12340	-3276	10340	2123	118	-921
-11376	-3192	10752	-40	-229	-586
-11768	-3480	9720	-1070	624	-188
-12324	-3604	10756	-2304	-571	152
-11496	-4128	10536	-2278	-353	508
-11912	-4528	10368	-1224	-360	156
-11884	-4256	10368	-348	-418	-61
-12244	-4456	10420	-592	-604	-444
-12480	-4116	10512	-616	197	-280
-14832	-4108	10436	-1314	252	-665
-14996	-4392	11696	-1628	-1521	-1018
-11460	-4328	11988	-2309	-1016	-1456
-12796	-4948	11428	-1705	661	-2516
-14500	-4344	12024	286	-1771	-2800
-11628	-4352	12360	-662	-2688	-2410
-11652	-5548	11840	-853	-657	-2881
-14344	-4860	12080	-127	-1573	-3173
-14368	-4320	12732	-2314	-3554	-2952
-13708	-5832	13052	-3801	-3589	-3264
-13912	-6760	12568	-2500	-3215	-4089
-12256	-6304	12332	-400	-4732	-5190
-9120	-6856	12448	603	-5098	-5598
-6760	-7432	11788	2142	-3866	-5668
-7220	-6508	11776	2800	-1822	-5614
-9876	-5612	12268	1513	-2385	-4646
-9932	-5780	12312	-2447	-4080	-3492
-9400	-7696	12776	-3373	-5086	-2579
-8816	-7944	12188	-3115	-5294	-2951
-9396	-9112	13376	-2068	-5110	-3577
-8992	-8940	13388	-116	-5100	-4279
-7204	-7660	11496	669	-5399	-5005
-5664	-9220	12160	-834	-4518	-5552
-6132	-10928	13260	1172	-3121	-5856
-6368	-8180	12812	1185	-3964	-5673
-6052	-8568	12696	-629	-6023	-5651
-4360	-8256	13160	827	-6503	-5223
-4812	-8136	13348	351	-5830	-5013
-5376	-8416	12780	693	-6397	-4746
-4660	-7272	13048	242	-5656	-4045
-5780	-9436	13488	295	-3073	-4136
-5752	-7296	14348	2909	-3699	-2882
-3272	-6868	14360	214	-2261	-1620
-3312	-8796	12932	-290	83	-995
-2868	-8980	11956	3586	-243	75
-1452	-6868	12320	2758	-127	669
-1572	-8892	12356	826	838	1134
-4032	-7476	11916	2204	510	840
-3964	-6676	13828	-29	-1859	980
-2928	-7012	13184	-2056	-2389	567
-3248	-8536	10416	-1116	-2678	209
-1780	-6728	10528	912	-4167	268
-348	-7324	10984	-535	-2611	-800
-2376	-8072	11928	-1138	-956	-1789
-2384	-6528	12460	-3939	-2587	-1365
-1708	-8412	12616	-4542	-1359	-2026
-2660	-9180	13684	-2756	-1022	-2874
-2868	-8080	14600	-2288	-2788	-2833
-1060	-9872	14256	-3854	-2509	-3011
-2668	-8704	15120	-1459	-533	-3495
-1528	-6680	14716	-3423	-2308	-2161
-640	-10408	14612	-3558	-233	-2594
-1912	-9692	14324	-2221	-336	-2735
-1380	-9512	14176	-679	-518	-2888
-1184	-8352	14404	-925	-1026	-2568
-680	-8872	13524	-456	-17	-2161
-2524	-8872	13320	2369	-761	-1871
-408	-7968	13564	649	-1406	-611
-664	-8832	14388	1152	361	-341
-2328	-7188	13056	175	-1043	537
-552	-9976	13676	295	-757	762
-1696	-7680	13652	60	-451	596
-348	-8012	12616	-1329	-740	525
100	-9452	12848	-1659	-412	442
-636	-9588	13260	-737	356	70
-564	-9560	14856	-128	-487	-29
-44	-9424	15008	-732	733	-214
-1632	-10332	14948	-636	360	-307
-1248	-9588	15132	696	-722	-468
-604	-8932	14712	314	-1106	-434
-1004	-8148	13712	-32	-1219	-480
-728	-9176	13156	-257	-1083	-217
-432	-8380	13536	-97	-890	-99
-440	-9100	13004	-530	-655	-121
-488	-8816	12876	-112	-435	-306
-416	-8016	12916	-540	-643	-187
4	-7932	13556	-2283	-476	-30
60	-9196	12908	-2457	-482	-232
-652	-9060	13152	-1092	-879	-569
524	-7524	12576	-1033	-1482	-498
256	-9620	11696	638	-236	-1006
-532	-8632	12156	5502	-1066	-1818
1384	-5268	12224	3220	-1741	-1326
-308	-7800	13732	864	-800	-650
-340	-7064	13628	-711	-1533	83
352	-7216	13224	-1535	-1977	198
976	-7032	12472	-2067	-2376	564
1572	-8624	11796	-2330	-1682	839
208	-8428	12324	-1158	-1563	878
1972	-7912	12328	-2412	-1610	2209
2252	-8820	11504	-3194	-55	2313
-76	-9836	12468	-2691	835	1437
780	-8756	12100	-3269	402	2590
552	-10512	12000	-3334	318	2704
-80	-10132	13084	-1800	778	1596
972	-8084	12432	-2689	1690	2330
488	-9768	11796	-4189	1606	3794
-332	-11484	13232	-1829	2304	3648
508	-9176	14656	756	2826	4476
-468	-7400	12192	-4287	4190	6059
-2540	-14004	11340	-2670	5150	6178
-4988	-13612	14312	4851	4369	6329
-2464	-6564	14460	-423	2797	6981
-3072	-13604	12228	-7685	5708	6596
-5108	-14208	12928	4000	6366	5731
-4736	-8996	15240	3830	5780	5732
-4000	-10072	13692	-837	6673	6098
-5936	-12428	13496	3152	8549	5323
-7476	-8092	14736	7612	7282	5193
-6380	-6416	14296	687	6044	5442
-6956	-9768	14060	1314	7141	5505
-7720	-7608	14216	6404	6617	5661
-7424	-6540	14860	3947	6144	5931
-7928	-8492	14300	3228	6560	6160
-8916	-7600	13552	4957	6851	5670
-9116	-6240	13776	3432	5712	4981
-8168	-6436	13588	2087	5862	4619
-8876	-6720	13444	2399	8104	5008
-11728	-5092	12652	4667	7227	5101
-11368	-4760	13204	2289	4299	5009
-9784	-5960	12604	1723	4915	4918
-11496	-5100	11352	3214	7200	5436
-13624	-4592	11284	2086	4782	5558
-11364	-4452	13352	1380	3665	5207
-14744	-4000	11460	-1162	5403	5048
-14684	-3448	11332	-2357	707	2854
-10688	-3744	13004	-1644	1388	916
-12144	-4172	12236	-1247	3056	-368
-11952	-3784	12040	1816	420	-828
-10416	-3048	12768	2272	592	-440
-11304	-2572	11824	2012	690	122
-11156	-2476	10992	901	72	541
-10556	-2436	11840	-752	821	1195
-12416	-2724	10976	-2876	889	1409
-12212	-3980	11124	-2998	-839	816
-11224	-4112	11312	-1542	-352	431
-12112	-4408	10864	-897	-78	-1
-11952	-4208	10056	118	-896	-421
-11012	-4164	10600	1179	-173	-377
-12064	-3260	10284	169	296	-326
-11692	-3644	10244	-396	-620	-582
-12000	-3408	10520	-853	544	-407
-13132	-3172	10340	-1776	51	-410
-12068	-4104	11460	-1536	-892	-1026
-12348	-3468	11152	-1236	270	-1443
-15060	-3616	10872	-1225	-130	-1696
-16300	-3648	11968	-1089	-1848	-2669
-13488	-3260	12756	-870	-3180	-3720
-12960	-3048	11428	-1749	-1812	-4380
-12432	-4160	13092	-2093	-4434	-4470
-8984	-4888	13728	675	-2660	-4209
-12244	-4216	12904	405	-576	-4249
-13640	-5192	13104	255	-4660	-4172
-8832	-5432	13964	613	-5225	-3997
-9480	-5508	13324	422	-1080	-3989
-11620	-5248	12580	343	-2180	-3652
-10764	-6168	13408	504	-3410	-3657
-9916	-5036	13000	564	-2963	-4045
-9916	-5172	12908	-1125	-3694	-4478
-8968	-6944	13676	-472	-4563	-4040
-8732	-5944	13808	451	-3556	-4156
-9444	-5956	13228	-2110	-4342	-4415
-8288	-7136	13136	-2623	-5573	-4150
-6664	-7792	13864	-2367	-4967	-3956
-7988	-8604	14056	-2719	-3467	-5281
-9000	-7860	13392	-2432	-5152	-5221
-6752	-8760	13008	-3766	-6204	-4672
-6232	-9340	13836	-2993	-3749	-5027
-8004	-9224	13480	-2413	-2750	-5450
-7732	-9620	14032	-1030	-3393	-4718
-6812	-8144	14668	-536	-2472	-5005
-6100	-7636	13496	-334	-2653	-5324
-4020	-7448	12752	-73	-3172	-4010
-3264	-8800	12136	1333	-1957	-3301
-4548	-7700	12112	2613	-1594	-2917
-4236	-7576	12196	2394	-2942	-2375
-2868	-9420	10504	5021	-4076	-2371
-1464	-7580	11072	7318	-3566	-3144
-2636	-5680	12948	6439	-4161	-3523
-2160	-4176	11408	2210	-4992	-2822
-2660	-6528	11884	-794	-5352	-2188
-2784	-7756	13024	1013	-4844	-2560
-2540	-5816	13284	-801	-4132	-2489
-1796	-8840	13936	-1849	-2722	-2275
-1544	-8424	13272	1682	-1325	-3324
-2084	-7136	11884	5424	-597	-3269
-1876	-4316	15396	4373	-982	-2832
-1580	-6988	14116	1466	-1381	-2571
-2360	-9884	13768	2580	-2436	-2904
-1868	-4532	15044	3338	-4003	-2571
-580	-5596	17020	-1310	-4200	-2033
-708	-7580	13792	-3614	-2649	-1679
-340	-5920	13464	-260	-2132	-1469
1460	-3096	14460	-1614	149	-780
-1164	-4928	14516	-5676	1759	322
-1512	-9348	13456	-3912	193	654
404	-8756	15800	278	-11	-674
-892	-6488	16032	813	-1841	-1404
1040	-7844	14052	2181	-3062	-2495
844	-5316	14880	1799	-2650	-2946
848	-4532	15824	-1747	-2521	-2050
1504	-4576	14072	-3991	-959	-1081
-848	-9420	14756	-1767	-415	-710
-296	-6120	15916	949	-1362	-345
812	-8540	15804	523	-311	-79
-484	-7140	15616	1956	-753	96
840	-7852	15220	1508	-1307	407
320	-6940	15968	801	-829	11
232	-6700	14908	-453	-1805	-339
1012	-7228	13924	-393	-1992	-515
1612	-6744	14680	-739	-1452	-646
1092	-6872	14972	-1461	-905	-494
976	-6920	14060	-1561	-679	-259
760	-7960	14552	-551	128	-394
1084	-6644	14824	-248	-128	-376
1524	-6044	14552	-1340	-107	-416
1552	-5076	13476	-2587	-601	-272
1604	-4680	13968	-2841	-888	126
2064	-5376	13252	-3771	-739	635
980	-6196	13692	-1695	-986	649
2612	-6316	12012	-3167	-1481	976
1700	-8116	12652	-1081	-1223	480
532	-7264	14004	-854	-2063	-181
3200	-6216	13356	-3018	-2858	931
1916	-7792	12128	-4392	-585	988
1612	-8216	12508	-3368	-1958	1289
3276	-8604	12592	-2919	-1323	1416
2928	-7160	12416	-4128	756	1565
1896	-8092	11700	-5373	1482	1917
1340	-11896	11144	-2178	1653	2118
1960	-6920	13236	953	2146	2288
2644	-7828	13628	-2456	2402	3106
1064	-10284	13336	-1335	4648	3346
-336	-9568	12956	-913	5182	3262
-424	-10804	13948	1813	4687	3141
-984	-8632	14808	3526	5545	2807
-860	-7348	14548	-1426	5940	3941
-1544	-10492	13152	-3041	6390	4583
-3160	-9904	13364	1152	7169	4149
-2928	-7804	15660	1286	5903	4320
-2508	-7568	13808	-3780	7009	5257
-3432	-11212	11856	-1713	7409	5578
-5408	-11748	14116	4392	7398	4789
-4204	-6480	13956	3855	6479	5616
-5752	-9940	13864	-426	7538	6155
-6792	-10700	15188	3649	7521	5948
-7428	-7364	14132	3377	8056	6183
-8008	-7636	14420	-117	7820	6165
-7592	-8352	15732	1439	7797	6542
-7564	-6932	15444	369	9395	5676
-8788	-7028	14596	-471	9186	4349
-8216	-6944	15332	1196	8847	4222
-9428	-7912	15936	1879	9601	3997
-10548	-5212	13672	2397	7915	4452
-9360	-6000	12760	1447	6457	4739
-9868	-4948	14876	2766	7917	5287
-13004	-3932	13488	-682	8371	6053
-15332	-5168	13104	-3448	5703	6268
-13828	-3672	12568	-2652	3067	5316
-13036	-3432	13440	-3302	3705	3822
-13236	-3944	11672	-2437	3680	2328
-12636	-6160	11936	2119	2794	1140
-12172	-3832	12816	4837	1586	687
-11692	-3816	11756	5219	795	1090
-12144	-3656	9928	3796	-872	1110
-10620	-2596	10480	3402	-980	1253
-11204	-2608	10332	-955	489	1854
-11768	-3768	10060	-2938	166	2110
-11032	-4472	9604	-3226	285	2134
-11948	-4840	10688	-1298	815	1932
-12520	-5576	11040	3	-841	1260
-10900	-4660	10928	1305	-124	786
-12452	-4312	9784	1507	711	314
-11692	-4036	10220	1501	-959	-400
-10988	-3808	11120	1495	547	-54
-13108	-3180	10040	-743	-480	79
-11080	-3532	10480	-744	-1897	10
-10292	-3348	10656	-1123	395	439
-12108	-3800	10436	-1753	-200	480
-10816	-3832	11152	-957	-807	291
-11828	-3728	11084	49	-56	215
-12088	-3580	11228	356	-935	-102
-12020	-3448	11632	509	-367	-395
-12608	-3000	10516	292	-1278	-874
-11024	-3160	10972	-136	-1761	-1119
-12008	-2808	11812	-56	612	-747
-16212	-2588	11992	-1715	-376	-726
-16536	-3100	12256	-3340	-3060	-963
-12452	-3236	13476	-3531	-1280	-1802
-16464	-3288	13840	-5480	-514	-2275
-11480	-4880	14832	-6004	-5919	-2352
-8740	-5568	13908	-2770	-1772	-3645
-13932	-4784	12936	332	-3779	-6113
-9216	-4800	12732	2308	-7701	-6639
-9880	-4348	12864	3082	-1181	-5545
-16224	-3916	11708	988	-3189	-5463
-12792	-2536	9556	-1986	-8230	-4540
-7672	-3516	9604	-6748	-5317	-2530
-6212	-5520	10488	-9324	-576	-1837
-7676	-7996	10196	-10031	2195	-2606
-8852	-10552	12148	-4093	1203	-3615
-8572	-8608	11312	-67	-704	-4786
-8656	-9528	12744	1813	-2790	-4629
-7220	-8132	12792	2463	-2840	-4545
-8708	-7412	12408	-1773	-2174	-5306
-9304	-8056	13416	-3851	-3868	-4691
-8076	-8964	14088	-5259	-4228	-4548
-7712	-9852	13072	-7082	-3495	-5154
-8168	-11396	12324	-5735	-4123	-5452
-7020	-11732	13252	221	-4273	-5224
-7120	-7584	13512	788	-2954	-5816
-6844	-8484	13048	-1929	-4632	-4994
-4864	-8636	12516	561	-3332	-4437
-6396	-6208	12752	-230	-2671	-3973
-5064	-6624	12104	-2288	-5513	-1539
-3796	-9804	13568	-761	-4638	-250
-5528	-9548	12448	-254	-2643	157
-6856	-10288	12024	-223	-4122	-183
-4216	-10600	10624	878	-6125	716
-2668	-9984	10920	1528	-3954	652
-3380	-9232	10344	-699	-3453	372
-2724	-9988	9116	-1307	-3588	558
-684	-9920	9368	-646	-2827	609
-2188	-9336	9468	-1526	-911	83
-4116	-10392	9572	-1135	-2535	-716
-2424	-10056	11592	2155	-3455	-1927
-2420	-7620	11416	-1560	-1256	-2343
-2720	-10732	12104	-2183	-1904	-2428
-2884	-10328	12992	682	-509	-3308
-3540	-8028	13868	147	-1180	-2801
-96	-8228	13056	-1853	-3460	-2127
-76	-11032	12568	-370	-158	-3724
-3956	-8952	12928	1566	-1260	-4114
-776	-7804	12924	1043	-4960	-3373
-140	-8180	12516	-100	-1283	-3492
-3876	-8216	12880	-1026	-1828	-2578
-548	-8968	12884	-1072	-3695	-1048
424	-9308	13004	-1302	-2	-1185
-2412	-10172	13140	-802	-85	-1176
-432	-10536	13496	849	-1218	-429
352	-8236	13980	1086	346	-174
-1608	-8404	14492	995	158	651
-1856	-10900	14732	1876	-293	904
-1200	-9600	13356	1579	-976	928
-512	-8924	13768	726	-1159	981
-904	-11548	12488	-416	235	437
-1836	-10036	13828	2000	-479	3
-972	-9704	14284	-366	-596	-122
-648	-9508	13648	-175	-188	-251
-1852	-10116	14348	-17	172	-345
-1620	-9164	14140	328	-1328	-149
-36	-9236	13924	704	-1524	-541
-748	-8948	13544	60	-953	-784
216	-9200	12948	120	-1628	-920
-540	-8256	13308	-54	-953	-1159
88	-8300	13048	-825	-1126	-882
336	-8012	12312	-1421	-307	-816
-44	-7992	12128	-1084	-423	-567
504	-8172	12188	-1124	-155	-456
920	-8096	11332	-1164	169	-534
24	-7964	11096	-134	1298	-1033
-172	-7160	11392	-513	524	-270
1152	-6448	10792	-1191	891	454
-1788	-9416	12644	-569	1757	280
704	-6600	12380	-716	-756	1141
1184	-7976	11724	-2352	1997	1171
-1868	-8388	12812	-1950	831	1505
1272	-9324	11196	-3163	-598	2474
-508	-11480	10760	-2019	2101	1633
-1908	-9764	13180	422	219	1246
1720	-8328	10428	-4485	521	2456
-1804	-13436	10896	-2259	3419	1306
-2932	-11324	13680	2438	972	466
448	-7316	10988	-3031	1471	1463
-1392	-10904	10348	-4759	3932	2109
-2908	-11216	12348	-1244	2952	2517
-1804	-9204	12144	-2958	2786	2931
-1932	-11228	11464	-4693	4116	3914
-2816	-12728	12076	1099	4827	3835
-4004	-11360	13160	2906	5623	3435
-3136	-10036	13164	1657	4853	3842
-3468	-11736	13032	3220	6512	4642
-6060	-10000	13896	7345	7131	4665
-6788	-8064	15092	5116	5483	4807
-5016	-7948	12824	2223	6279	6167
-7472	-10632	14404	3824	9078	6398
-9420	-8012	15532	5056	8795	6081
-9352	-5812	14356	772	7939	6144
-9984	-8900	14120	-1581	7729	6462
-10220	-9504	15516	658	6930	6274
-10152	-7492	13296	711	6133	5931
-9612	-8152	12420	-1132	5103	5550
-8348	-7252	12932	2152	4678	5828
-8708	-5496	11972	16	6040	6591
-10512	-7488	12640	-2302	5435	6970
-10128	-6316	13644	-1061	5608	7007
-12852	-5572	14332	-2790	6885	7079
-14340	-6044	13352	-4610	3970	6690
-12736	-6632	12916	-2859	2466	5374
-13400	-5796	13376	-1940	2897	3909
-12996	-6204	12288	-1042	1205	2076
-12288	-6012	10940	1525	1067	656
-11424	-5832	11300	3026	280	-149
-10972	-5040	11084	3149	926	-164
-11796	-4636	9552	2001	674	266
-10972	-4888	9728	548	27	400
-11340	-4644	10248	-277	1007	812
-12416	-4752	10152	-2582	319	1229
-11264	-5400	9512	-2993	-900	1132
-10688	-5840	10428	-2023	455	964
-12116	-5476	10188	-1270	1221	840
-11756	-5800	10156	-439	-590	91
-10648	-5532	10432	1331	249	-365
-11836	-4904	10168	1337	543	-279
-11488	-5020	10032	1181	-1	-224
-11576	-4516	10356	1068	431	-73
-12008	-4144	10224	-402	14	-32
-11472	-4712	10104	-652	-283	3
-12024	-4592	10488	-927	6	112
-12096	-4400	10356	-1029	-811	-51
-11356	-4396	11144	-508	-303	-39
-13516	-3656	10920	-785	304	-120
-14356	-4132	10688	-1589	-1604	-1132
-10980	-3864	12460	-417	-724	-1760
-13920	-3888	11504	-1150	2314	-1963
-15428	-4768	11204	6	-2145	-2684
-9808	-5200	13128	1593	-1487	-3362
-13160	-4856	11920	2077	2451	-3383
-16352	-5512	12020	2090	-3264	-2820
-9708	-5524	12896	2901	-5073	-2022
-10980	-5828	12108	1366	-222	-2384
-14972	-6224	11868	807	-3888	-2917
-10184	-5868	11636	-995	-6862	-2645
-8188	-6756	11436	-2113	-2798	-2312
-11284	-7840	11684	-3242	-2082	-2475
-10716	-8380	12580	-1586	-3454	-2993
-10316	-7440	12484	-992	-2796	-3970
-11036	-7732	13168	-130	-3363	-4713
-10384	-7448	13232	773	-4234	-5007
-9204	-6868	12844	436	-4561	-5002
-8616	-7256	13916	356	-4252	-4878
-9180	-6704	13300	-343	-3783	-5526
-9688	-6608	13512	-1449	-5092	-5557
-8632	-7412	13436	-3062	-6778	-5423
-7624	-9044	14404	-2900	-6875	-5321
-7984	-8988	13792	-2233	-7175	-4935
-6976	-8296	13396	-2609	-7704	-4236
-5640	-7872	12888	-2524	-6737	-4087
-5060	-8740	12860	-2214	-5746	-3760
-4492	-10076	12660	-1109	-4715	-3776
-4616	-10268	12092	920	-4310	-3914
-4568	-8912	12272	1492	-3904	-3632
-4580	-8900	12044	820	-4286	-2935
-3704	-9024	11916	91	-4598	-2145
-2924	-8824	12356	699	-4022	-1981
-2904	-9984	11984	2286	-4189	-2873
-2292	-10860	12880	7150	-4970	-3769
-1340	-7276	13236	8219	-4297	-4127
-2768	-6576	11160	3932	-5077	-3158
-1760	-7608	10980	5914	-6923	-2240
-536	-4864	14044	4226	-4279	-1857
-2724	-5232	13128	-1661	-3118	-1508
-872	-8460	13264	-2404	-4935	-514
948	-7752	13584	889	-2691	-871
-2212	-7968	14424	167	-2319	-1831
-284	-6844	14608	-130	-4276	-1497
304	-6400	12404	-2306	-3010	-1660
-1940	-10164	14840	-1895	-3937	-1913
176	-8140	14596	1633	-6086	-3032
2700	-5812	14300	376	-4118	-4139
1016	-3632	13524	-2711	-2965	-2843
2756	-5748	13884	-4062	-3639	-1257
2420	-5024	14772	-4081	-1527	-1245
768	-6912	13124	-3576	-2089	-1724
1820	-8064	12780	720	-2538	-2357
2188	-6360	12848	1300	-2450	-1842
1112	-6452	13176	1944	-1240	-1122
1460	-6484	14572	-229	-1042	-166
3052	-7408	14736	-1919	157	527
1680	-8624	15072	-1609	358	821
1420	-9316	14952	376	-571	322
2980	-8052	15780	843	-485	-56
1948	-7444	15460	-580	26	-147
2400	-7036	14288	-1463	-165	-25
2184	-8400	14784	-1494	133	208
2068	-7848	15288	-1062	329	221
2256	-7712	14884	-1013	806	626
1132	-8320	14952	-526	1239	906
1652	-7828	15768	-286	982	1352
1724	-7512	15116	-1387	1220	1641
1696	-8964	14472	-1266	1198	1611
900	-9316	15224	-30	1177	1020
1944	-7676	14968	-829	814	981
1500	-8556	13928	-1241	867	816
1604	-7628	14212	-525	602	524
1624	-8404	14668	-860	1288	440
1428	-7992	14604	-1096	1479	465
784	-8060	14140	-617	1661	361
952	-7508	14400	-723	1133	545
1188	-7380	14304	-1117	1979	876
960	-8000	15032	-1386	1318	1216
436	-8924	14800	-992	1425	824
616	-9776	15716	422	852	281
760	-7356	15204	-10	-352	-75
996	-8364	14704	-683	-107	-360
472	-8036	14364	-1199	-663	-489
1620	-7580	13580	-1781	-478	-477
1448	-7736	12864	-1689	-771	-759
1956	-7788	12444	-1375	-147	-984
1148	-6644	11972	-1660	83	-644
2100	-6300	11428	-2869	1054	-196
-424	-8680	12068	-2512	1579	153
808	-7828	12140	1025	56	600
2148	-6000	11492	926	1200	852
-592	-7576	13412	1906	927	1694
1708	-4900	11136	-1068	-289	3220
1712	-8912	10332	-2978	2218	2722
-632	-9460	13088	-1021	2081	2271
1628	-7664	11276	-5869	1471	3148
-936	-13564	11496	-4348	3898	1209
-1316	-9396	12912	1576	1778	1261
1560	-7772	11796	-2724	1786	2482
-2132	-10964	12732	-1076	3471	2099
-984	-6808	13732	541	1914	3358
-544	-7440	12572	-6020	3505	5006
-3540	-10556	12688	-7407	4374	5124
-2188	-9332	12880	-5773	3371	5670
-1388	-11324	12680	-8650	5209	6121
-2428	-13096	11824	-3841	6014	5335
-3028	-12980	12944	1384	6410	5074
-3968	-11332	12724	2964	7838	4488
-4760	-11004	12024	4652	6836	4186
-5200	-9740	13652	3380	7962	4253
-6172	-9496	13896	235	8689	4600
-6352	-11368	13428	-567	8250	4844
-8668	-10776	14240	2896	9257	4816
-9840	-8976	15340	1062	6829	4623
-7672	-10052	13964	1227	5382	4627
-8952	-9424	14052	3384	7459	4657
-10752	-7276	14616	2968	5393	4437
-7704	-8028	14028	909	3551	4621
-7200	-8624	13216	1449	6633	4522
-10340	-7108	12872	2904	6495	4383
-10740	-6376	12984	3249	4832	4320
-8952	-6404	13120	2391	5278	4519
-10356	-6800	12848	3239	8179	4509
-13692	-5488	11152	3414	6444	4336
-12788	-6136	12452	2338	3084	3808
-10424	-5144	13820	2622	4354	3076
-13464	-5316	11720	781	5304	2919
-13304	-5040	10712	918	1553	2583
-11488	-4580	13800	1460	2041	2066
-13600	-4016	11988	-426	1981	1831
-12912	-4064	11324	-1643	-435	1468
-11688	-4124	11688	-2338	-544	1692
-11828	-4408	11008	-3314	-812	1679
-10192	-6028	11268	-2313	-597	1364
-11532	-5960	11020	341	730	1243
-12160	-5496	10304	403	-1327	833
-10196	-5864	10748	1416	-985	148
-12188	-5336	10356	873	38	53
-11920	-4984	9408	-435	-1783	40
-9772	-5392	9912	-1046	-1189	242
-11076	-4816	10132	-1251	721	590
-12400	-4972	9780	-2196	-1128	350
-10324	-5568	10472	-484	-774	105
-11540	-4672	10752	-554	1367	33
-13276	-4940	10372	-929	-357	-378
-11072	-5000	11100	-165	-421	-700
-12408	-3912	11624	-1214	1453	-664
-14524	-4088	11188	-3591	164	-504
-15400	-4672	11412	-4476	-1996	-791
-12116	-4576	12092	-4774	-3311	-1422
-9596	-5892	12884	-4665	-29	-2174
-12400	-6764	12220	-510	1319	-2689
-14020	-5792	13004	1622	-1357	-3147
-12640	-5468	13012	1518	-2735	-3500
-11588	-5340	12420	412	-2093	-3881
-12052	-6012	11984	-598	-1330	-3681
-11684	-6544	11912	-262	-1835	-3040
-10232	-7084	12248	-1912	-1644	-2892
-9668	-8432	12160	-105	-1463	-3151
-8804	-7984	11836	726	-1645	-4479
-9232	-7940	12640	1750	-2208	-4932
-9360	-7488	12112	929	-3624	-5144
-9272	-7764	12444	434	-4819	-4707
-9436	-6760	12824	-1458	-5258	-4513
-10056	-7940	13496	-3147	-6206	-4919
-9436	-7872	12924	-2528	-6998	-5119
-9048	-9256	13028	-2429	-7073	-5758
-8296	-9544	13856	-1082	-6357	-5832
-8012	-9976	13304	-527	-5398	-6339
-7592	-9820	13388	789	-5159	-6466
-7464	-9764	12964	1809	-4475	-6170
-7192	-9328	13796	823	-4181	-5495
-6428	-8608	12520	39	-4237	-4658
-5440	-8784	12540	-1057	-4194	-4129
-4864	-8976	12024	-1233	-3673	-3393
-3692	-9508	12292	628	-4812	-2581
-2524	-8788	12784	526	-4344	-1891
-3088	-8960	11976	671	-3493	-1711
-4172	-10284	11884	4299	-4733	-1758
-2372	-7088	12192	4255	-6146	-900
-1808	-7480	12264	1211	-5330	-215
-2784	-8064	10912	228	-4860	-582
-1420	-8416	11032	610	-5881	-745
-828	-7764	11608	1273	-4357	-769
-2164	-6864	12860	-1252	-3662	-85
-1128	-7516	10332	-2866	-5322	280
-1364	-8260	9300	-1513	-4989	-416
-792	-8848	11672	-1020	-4804	-504
672	-7720	12792	-2417	-2263	-809
-104	-9628	14716	-3636	-401	-574
-588	-9480	13748	-2969	54	-396
-1064	-11324	14776	-98	-608	-1009
-1184	-9780	15372	3241	-2096	-2232
572	-6960	14072	1203	-3364	-2631
1556	-8012	12860	-688	-2848	-2910
-1232	-9608	12844	1524	-2488	-3862
1540	-4852	12200	1408	-3528	-3081
1508	-7520	13296	-1043	-571	-3059
-72	-6832	12220	-1352	-420	-2384
1912	-7816	12696	-600	-193	-1769
-96	-7272	15084	-1001	483	-1356
1052	-8012	14392	-2813	106	-160
8	-10068	14620	-433	226	-295
548	-9616	14932	1915	-997	-601
1104	-7924	14788	1453	-1173	-536
712	-8500	14568	80	-1194	-477
1212	-8652	14220	-765	-212	-366
932	-9368	14016	-1227	-258	-292
1028	-9384	13792	-769	-398	-754
1008	-9132	14480	-93	188	-1155
556	-9100	14244	-876	-348	-676
864	-8344	13860	-733	-279	-969
1660	-7820	13464	-1157	-217	-675
976	-7700	13500	-1638	-582	-265
1668	-7484	12492	-1993	-48	-184
1764	-6544	12136	-1637	551	275
1932	-6504	12044	-2603	1164	1084
1108	-7952	11932	-3385	1474	1736
1052	-8596	11652	-1688	1762	1569
380	-7084	12684	-2738	1107	2220
3016	-8488	10968	-5330	1045	2381
-228	-10732	12044	-4509	2973	1469
1344	-8752	11532	-4885	942	1659
1588	-10920	10128	-5336	2191	998
-1072	-11064	11980	-1121	1566	331
1992	-7484	10392	-2741	697	1173
544	-11088	9412	-4762	2896	1071
-888	-12152	11164	-471	2259	628
860	-10072	10472	-752	2062	1252
-492	-10996	11100	-2579	3575	1517
-1904	-11196	11644	-1707	3261	1482
-328	-10440	10748	-2729	2275	2316
-1536	-10112	11288	-5091	3906	3529
-2856	-12100	12024	-4756	2936	4001
-1872	-10944	11120	-2164	2290	4496
-2560	-11716	13040	-3417	3298	5605
-2988	-11948	13312	-2490	3964	6543
-3244	-11788	10964	-4348	4176	6693
-3792	-14572	11100	-1300	4863	6870
-5888	-12980	15276	2956	5175	5787
-5292	-8680	12636	-2952	3806	6523
-4324	-14996	11256	-3993	3098	6991
-5188	-14316	13876	6009	4599	5654
-5644	-8172	13200	5497	4075	6163
-5632	-11256	11628	116	5374	6864
-7572	-15176	12860	5362	7161	5431
-8580	-8532	13200	11253	5132	5153
-7048	-8028	12468	1612	4832	6105
-7424	-11932	13748	2600	7410	5659
-10440	-8832	11364	6043	7527	4993
-11132	-8128	12752	2409	4663	5213
-9156	-8884	12860	1993	4729	5019
-10040	-7692	11452	4222	6142	4456
-10800	-6468	11148	3663	5357	4246
-10804	-7780	13524	4566	5742	4218
-12760	-5736	11516	5049	5645	4003
-12128	-5028	11104	3217	3430	4077
-11380	-6224	12576	2363	4415	3412
-12428	-5260	12584	3044	5184	2696
-13852	-5188	11124	1686	3320	2486
-11460	-5292	11672	1098	1657	2261
-10948	-5600	12308	1477	2994	1472
-12384	-4876	11160	2331	2310	952
-11500	-4908	11052	1747	338	1093
-10876	-4808	11576	1705	1100	1220
-11908	-4236	11224	717	511	1394
-11732	-4436	10688	-1194	-191	1342
-11432	-5112	11208	-1963	-201	1364
-11384	-5072	10536	-2313	217	1243
-11668	-5572	10520	-1882	-563	947
-11148	-5544	10780	-985	-605	656
-11568	-5216	10996	-75	-660	373
-11768	-5148	10120	-444	-1050	-70
-11008	-4976	10392	-18	-898	-200
-11988	-4416	10016	-834	-599	-72
-10732	-4936	10600	-990	-1487	340
-10156	-4880	10564	-347	678	642
-12704	-4780	10052	-145	216	326
-11088	-4984	10728	1092	-1672	-229
-10712	-3984	10960	1040	389	-373
-11948	-4944	10440	545	-555	-298
-10104	-4148	10464	1106	-98	-104
-12408	-3880	10560	316	-149	190
-11424	-4036	10468	-532	-1401	325
-10428	-4564	11180	-399	308	609
-12824	-4032	10720	-1802	268	495
-12512	-4864	11120	-1566	-1837	6
-11508	-5104	12272	-1175	117	-320
-14256	-5292	12220	-1797	509	-844
-13556	-6220	12088	-742	-2719	-1989
-11076	-6412	14260	1643	-619	-3230
-15184	-5900	12944	2173	136	-4099
-14460	-5268	12604	4038	-3980	-5490
-9484	-3836	12696	3884	-2914	-6728
-11852	-3520	12416	2327	-599	-5849
-10852	-3720	-4774	-9300	-4352	13004
-290	-2717	-4632	-12576	-3560	11964
-1162	-3433	-4293	-10240	-4600	12824
-1599	-6474	-3104	-9700	-7008	13488
-1160	-3406	-3313	-13036	-7112	13120
307	-4539	-4079	-10520	-6652	13116
121	-6648	-4217	-8108	-7148	12672
871	-4256	-4653	-9544	-7112	12300
1409	-4165	-4733	-6108	-7120	12868
1451	-4946	-3665	-6044	-7068	12732
708	-1720	-4155	-8044	-7188	12336
-608	-3019	-3866	-5908	-7568	12992
-88	-4126	-3441	-5980	-7876	13964
-1154	-2765	-3669	-7180	-7872	13424
-1613	-4110	-4009	-6116	-7844	13044
-379	-4977	-3773	-5672	-7664	13748
-834	-4591	-4214	-5484	-7960	13324
-192	-5070	-4358	-3860	-7976	13348
-233	-4126	-4437	-4720	-8356	13852
1594	-3036	-4920	-5288	-7756	14264
1245	-3027	-5095	-4980	-7400	13800
1212	-2864	-4875	-4140	-6092	15324
2261	-2795	-4058	-4016	-4964	15408
898	-3049	-2476	-3736	-6084	16016
1070	-4016	-1226	-3692	-5432	15152
2550	-3679	-61	-4800	-5188	15536
1554	-3904	1279	-4468	-7644	15624
2535	-4638	2068	-2864	-7040	14352
3812	-4699	2938	-1780	-8068	14200
3677	-4539	2773	-1520	-10152	14888
5938	-4508	1470	-1016	-8164	13516
6853	-5550	543	-340	-6396	12420
1720	-3800	10180	2097	-6365	-494
40	-6272	9052	1232	-4027	-2174
-1160	-3088	11412	2254	-4712	-2817
1412	-4372	12976	-1746	-2940	-3248
-772	-3488	11968	-2278	-1428	-3599
-848	-3852	13444	-1299	-2616	-3530
1196	-2528	15716	-3344	-1328	-3040
-192	-4732	15944	-5227	-728	-2264
-1448	-6508	15432	-2875	-926	-1901
316	-4588	17260	-224	-1683	-1343
856	-4084	17044	-1404	-670	-477
52	-6660	15644	-795	-819	13
972	-5480	15604	245	-448	203
216	-6676	16416	-178	-5	328
32	-6040	15032	-1920	-135	490
248	-6476	15460	-1181	-127	128
68	-6096	16240	-461	-232	-96
764	-6176	15868	-753	-408	-153
552	-6172	15652	-887	-109	-288
-264	-6196	15600	-847	21	-440
628	-5364	16520	-857	-1025	53
544	-6012	16040	-1239	-707	-75
712	-6128	15776	-200	-1186	-43
452	-5856	15008	-486	-1061	164
1452	-5200	14396	-200	-863	409
896	-5588	14436	-792	-9	410
1196	-5624	14444	-909	-289	679
1312	-5404	14100	-1377	453	624
848	-5296	14036	-1250	811	520
400	-5612	14128	-1442	254	680
2052	-4876	12256	-1840	5	977
1464	-5580	13420	-1388	1388	626
48	-5316	14180	-2117	626	1169
1808	-6168	12412	-3334	99	1203
2432	-6884	11896	-2842	1529	366
-172	-6720	12968	-2506	1615	257
1660	-6436	11136	-3261	238	522
1020	-7144	12488	-2612	1871	-166
-76	-6628	12932	-2813	2358	289
208	-7556	12472	-4330	1383	775
-208	-9468	13792	-3157	2898	652
-596	-6360	13988	-4648	3082	1309
80	-9496	12580	-7246	2511	2316
-2056	-11140	14980	-3473	4417	1831
-1892	-7616	15240	-3900	3439	2213
-688	-8468	12008	-6798	3498	3054
-1392	-9628	13104	-2800	5483	3987
-3196	-7980	15444	-1655	5713	4744
-3596	-8812	12920	-4620	4809	5524
-2500	-8520	11184	178	4961	6769
-3304	-6484	14736	2689	5906	8873
-5080	-5436	11624	-4862	7250	11414
-6988	-13728	12792	-4852	6748	11192
-7072	-9968	15496	4590	7010	10580
-7372	-7728	14928	1482	8869	10662
-8712	-10776	14780	1211	9475	9424
-9892	-9156	14484	7442	10147	7771
-11116	-6172	15304	7233	9531	6419
-9736	-6684	15324	1686	9249	6445
-10196	-7620	13072	3085	11642	5935
-12248	-5660	13152	5398	9992	5368
-11248	-4448	16044	3928	8491	5379
-12268	-5864	14816	2193	8884	5060
-14968	-5068	13420	3898	7269	4598
-13988	-2536	14140	2078	3997	3703
-12704	-4760	14876	-1832	3343	2097
-14024	-3540	13840	-1113	2463	765
-13168	-3924	12724	-2452	-816	114
-10316	-4064	12824	-2190	-902	-96
-10600	-4264	12188	-257	291	-61
-11972	-3524	10764	-369	-1099	142
-9924	-4164	11508	154	-1649	91
-10772	-3640	11184	197	423	334
-12816	-4212	10116	-1236	-977	362
-10612	-4952	10292	-1087	-1972	186
-10132	-4368	11060	-301	524	13
-13056	-4964	10200	-1009	-182	-197
-11192	-4400	9800	405	-1916	-817
-10408	-4256	10808	670	241	-645
-12624	-4312	9804	-1088	512	-273
-10824	-4184	10092	-76	-1124	-552
-10904	-3736	10684	-756	1446	-326
-13344	-4056	11108	-973	-178	-572
-11680	-4180	11456	-919	-741	-739
-12748	-4288	12360	-1173	752	-1023
-14216	-4160	12456	-994	-160	-1880
-14016	-4288	12984	-747	-1163	-2873
-13140	-4384	14112	724	-1007	-3199
-13192	-4308	13188	-349	-1519	-3704
-11556	-5428	13300	108	-2316	-3845
-10548	-4408	12456	341	-1043	-3455
-12400	-4728	12088	-1623	-2619	-3189
-11164	-5024	11868	-2306	-4544	-2965
-9968	-4772	11872	-4185	-3633	-2811
-10896	-5668	11280	-4414	-2378	-2599
-11128	-6128	11396	-2779	-3578	-3293
-9868	-6040	12328	-1076	-3738	-2970
-9000	-6828	12300	-1300	-2652	-3275
-9332	-7852	12040	686	-1991	-3470
-9316	-6428	13132	1679	-2286	-3459
-9236	-5996	12816	-548	-2382	-3434
-9020	-7820	13056	-1080	-3510	-3911
-7972	-9256	13780	-756	-3410	-3785
-8884	-8336	13940	-404	-3245	-4115
-9232	-8248	13768	-63	-4901	-3993
-7476	-7732	13268	-1109	-5418	-4030
-7232	-9248	14068	-1434	-4400	-4323
-8060	-8604	14268	-838	-4276	-4475
-8404	-9644	13160	-1106	-4928	-5286
-6772	-10196	12232	3880	-4597	-6810
-6144	-8184	17040	6221	-4182	-7440
-4828	-6332	12220	648	-3809	-5804
-5188	-10452	15092	7932	-6824	-4796
-2212	-2940	15300	5408	-5619	-2910
-5600	-7820	14172	2749	-5425	-1941
-4160	-7036	13512	4903	-5876	-1062
-2956	-6676	12972	4083	-4266	-735
-2624	-7928	13928	5938	-4357	-339
-2252	-7416	12192	4176	-4088	-368
-1676	-7900	12388	4351	-4949	-797
-2272	-5104	15600	3023	-4456	-994
-3608	-3960	15508	-3313	-7735	421
-960	-9984	11916	270	-9866	-233
-812	-4212	12340	3847	-8352	-832
-444	-3928	12332	-1228	-7209	-465
-336	-5452	9276	-3328	-4390	-1036
-180	-5820	11208	-1083	-3711	-1230
1312	-4036	13252	-3256	-2013	-1475
904	-6496	12048	-4238	-650	-2071
-28	-5452	13632	-874	-1743	-2691
908	-3844	15264	-1780	-2149	-2814
1016	-3708	15228	-3281	-2316	-2300
556	-5332	14152	-3853	-1519	-2029
1520	-6604	15168	-1647	-1320	-1593
104	-5892	15704	-339	-517	-1342
1860	-5128	15544	-907	-631	-445
348	-6864	15560	-1160	-86	270
1072	-6540	14872	222	-271	656
1736	-6000	15812	-579	-692	1080
564	-7168	15004	-2442	73	1103
748	-8964	14224	77	-1079	-21
2424	-5896	14764	-96	-1210	-678
1580	-7096	14380	-1500	-37	-963
720	-6832	14084	-1089	-346	-1311
1544	-5188	14240	-2003	48	-976
1848	-6088	14276	-3166	571	-523
2388	-6548	12432	-2605	593	-499
2812	-5908	10856	650	1139	-1086
2412	-3548	11868	363	1332	-571
2288	-2820	11592	-4572	2723	1000
1300	-4620	9752	-8162	4053	3116
-1772	-9208	10808	-6848	4748	4237
-1280	-8632	14644	-3334	1939	4791
2588	-7628	10588	-6140	4292	4242
-2520	-11644	11024	-2179	4541	2413
992	-7524	9884	-1086	2839	2644
1744	-8676	10916	-1387	4430	2885
-2252	-9960	12872	-1775	5112	2882
-1620	-7984	10168	-3146	4073	2698
-696	-10780	10296	-3268	4902	2603
-2840	-11300	14000	1506	5542	2534
-2460	-7700	13252	-2582	5153	3141
-2500	-12368	12216	-5761	5411	3759
-3756	-11964	13576	2885	7237	4263
-4740	-5956	14136	2746	7806	5683
-4880	-7676	14052	-1489	7043	6881
-7208	-11952	15796	840	8010	5972
-7340	-6888	15068	2322	7053	5274
-6396	-7140	14580	-1621	7942	8241
-7676	-9736	16332	-2244	10617	9382
-12904	-11104	16212	3930	10985	7549
-11664	-6824	14916	5091	6714	6729
-7472	-5500	15116	3055	7553	7800
-9628	-6656	13892	3138	11718	6966
-13832	-6340	13536	7307	11383	6755
-14856	-5128	16692	4296	9401	6066
-15416	-5552	15480	896	8138	4801
-15672	-4380	13412	2446	5936	3460
-14408	-3208	14356	-636	2375	1461
-11808	-4328	14292	-691	1215	261
-11536	-4844	12968	-523	1333	-238
-11012	-4684	11748	404	56	277
-9112	-4968	11516	1642	111	872
-10660	-3956	11340	2849	1037	1306
-11740	-3624	10496	488	-625	1889
-10768	-4848	10712	-566	-211	1981
-11884	-4300	10736	-1052	241	1909
-12740	-4560	9868	-3108	-788	1547
-11352	-5164	10296	-3116	-1625	864
-10684	-5612	10536	-1669	-221	380
-11772	-5408	10260	-1104	-272	114
-11040	-5216	9812	433	-1046	-147
-10584	-4560	10540	304	-38	-294
-11980	-4456	10752	-459	44	-172
-11988	-4316	10740	-1715	-1329	-98
-10024	-5008	10820	-2086	-707	-430
-10732	-5036	11392	-1668	981	-841
-11720	-4736	10356	-803	-283	-1067
-9408	-3388	10336	86	444	1720
-11468	-3972	11440	3710	719	-304
-11592	-3664	10752	1432	-7	-415
-11552	-3252	10516	-233	-1125	-942
-9672	-3416	11412	-821	828	-1294
-11288	-4148	11412	-720	990	409
-10868	-4456	10716	-1972	-607	-778
-11104	-5188	11132	2955	-1190	-615
-10596	-4260	11728	2381	-2013	-1088
-11068	-4396	10480	205	1386	-320
-11720	-4476	10404	-1072	1171	-280
-11424	-4508	10696	-1624	278	-638
-10820	-3620	10372	-2889	842	-958
-11976	-4436	11384	-3064	-171	-305
-11452	-4792	11168	-1476	-328	-23
-10784	-4796	11032	-58	-458	-394
