0	0	0	0	0	0
-15896	-3308	8200	-1668	383	-615
-16020	-3492	2876	-1537	68	-424
-14460	-3636	2464	-894	-1027	-1176
-14788	-3348	3020	-2054	734	-1248
-16052	-3404	3408	-2497	2432	43
-11376	-13128	9176	7733	3418	1273
-13900	-3620	1592	2438	-2629	1436
-11524	-364	3444	11466	4550	-3724
-21736	2060	2784	-2047	-969	404
-12244	-4456	2152	-1010	-2106	695
-16160	-2124	2508	996	2206	729
-15668	-2856	2548	-15	-1131	596
-14596	-2856	2436	451	492	372
-15736	-2964	3100	173	-511	321
-14780	-3404	3068	11	-62	271
-15376	-3216	3000	-70	-128	204
-14724	-2972	2716	-577	-318	-5
-15180	-3276	3112	-370	-292	-141
-14844	-2736	2880	-230	-417	-207
-15084	-2748	2776	-513	-254	-379
-15728	-2544	3212	-160	139	-407
-17160	-1976	3708	174	252	-16
-16356	-1124	3096	-39	-884	365
-15540	-1664	2712	-590	-797	518
-16024	-1644	4012	-291	-683	195
-16224	-2744	4532	-1497	230	-598
-17572	-2136	3608	-2476	612	-2170
-17664	-3828	3712	-2805	73	-3699
-18752	-4140	3904	-1505	104	-5234
-19420	-3416	4136	-2947	-895	-5956
-18792	-4908	4092	-3418	-231	-6315
-20752	-5172	3868	-2145	572	-7148
-19752	-3508	3212	-4411	-2161	-7926
-18264	-6608	3728	-6059	-2229	-8660
-19048	-6580	3436	-6620	-2624	-9217
-19324	-7956	2540	-9788	-4548	-9381
-16212	-8536	3600	-9934	-5860	-9632
-15280	-7852	2836	-10578	-5764	-9449
-15228	-9788	2196	-9679	-6700	-8762
-13896	-8700	1560	-8831	-7576	-8287
-12324	-7568	2164	-6893	-8598	-7393
-10368	-8152	1120	-5829	-7975	-6360
-9388	-9560	276	-4174	-7513	-4969
-8408	-9724	728	-3315	-7912	-3667
-6200	-8600	52	-2721	-8049	-2743
-3652	-6344	1880	-1976	-6411	-1892
-1108	-4444	1604	-3793	-3559	-835
-1408	-6128	1028	-5629	-12	-654
-3484	-8276	3144	-4244	1332	-897
-5788	-8112	3216	-3273	2352	-1161
-9044	-9588	4700	-2249	3452	-1546
-10916	-9900	4912	69	2643	-1815
-13204	-11652	3864	754	1802	-1446
-14452	-11200	4584	1542	22	-733
-13336	-10176	5456	784	-87	-242
-13336	-10460	4444	-799	-153	670
-12464	-11132	3096	-1988	-1019	1308
-11920	-10748	4880	-1829	-1512	1430
-10488	-11032	3884	-2565	-1185	1517
-10252	-11220	2800	-1797	-503	1208
-10928	-11340	3744	-358	-1078	856
-9640	-10908	3964	30	-833	633
-10308	-10820	4340	426	54	93
-11528	-11588	3432	497	-495	-145
-11124	-10408	4588	277	-785	-126
-11032	-10712	4744	-469	-599	-273
-11360	-9804	3308	-537	-667	125
-10976	-9960	4852	-1015	-605	587
-11304	-10376	3968	-827	-515	883
-12276	-10584	3924	-521	-705	1063
-11268	-10888	3572	-1519	-1029	1372
-10384	-11048	3756	-962	142	1053
-10116	-10328	3396	-1089	-28	605
-9340	-9896	2896	-601	69	26
-9120	-9244	3924	109	-688	20
-6220	-8512	3220	-844	-671	-74
-8268	-9488	3552	-728	2374	-38
-9312	-9428	3112	168	1547	722
-6980	-9988	3644	126	2815	224
-10880	-11764	3540	1493	3234	529
-10652	-10252	1912	2075	2102	607
-8644	-10808	3524	1723	4212	-633
-13476	-9828	1620	2684	3008	661
-8436	-9292	3116	1238	670	1530
-8008	-10604	2776	1000	6082	422
-15392	-9284	1472	1935	3532	1791
-7124	-8912	4176	1205	428	2570
-10824	-10896	3452	1756	7760	1839
-16092	-7952	-28	1310	3013	3303
-8800	-8680	1608	110	588	3297
-11776	-9204	2972	2873	7698	3600
-19020	-8536	988	584	3346	5817
-11460	-9772	2136	725	768	5906
-11592	-8872	3080	3070	7071	4917
-17684	-7292	1468	2844	4148	5333
-13328	-8748	2232	1924	1149	6215
-14820	-9720	3276	3945	6105	5831
-20192	-8056	1924	3163	4577	5559
-16764	-7920	2504	3602	1649	4977
-14476	-6476	2964	5213	3252	4421
-16124	-5540	3128	5272	4134	4582
-17344	-5904	2696	4666	2464	5197
-15940	-5748	2696	5042	1136	5390
-15144	-4656	3120	5266	1790	4857
-16024	-4668	3248	3596	2145	4416
-16636	-5088	2384	3607	603	3946
-16360	-5464	2724	3306	-379	3751
-16332	-4848	3688	3896	539	3512
-15980	-4228	2380	3694	525	2801
-16364	-4220	2092	3651	61	2112
-16076	-4648	2456	3223	-854	1821
-15908	-3680	2476	2245	-358	1206
-16632	-3288	2380	236	-124	546
-15788	-3896	2068	-629	-38	168
-15480	-3248	2188	-1242	242	-442
-15768	-3240	2400	-2210	-430	-650
-14996	-3860	2436	-2184	-719	-330
-14512	-4256	2264	-1360	419	40
-15448	-3720	1884	-1740	65	-28
-14712	-4440	2396	-548	-323	-263
-14552	-3976	2156	259	670	-487
-15476	-3980	1864	-261	148	-510
-14380	-4304	2156	132	275	-328
-14988	-3492	2260	-135	644	-485
-15000	-3984	2404	-677	-57	-353
-14812	-4012	2364	-616	426	-55
-15200	-4072	2556	-762	460	-79
-15016	-3752	2140	-876	503	-503
-15308	-3960	2840	-1024	839	-662
-15668	-3356	2412	-241	483	-726
-16024	-3868	3060	-692	305	-660
-16724	-3556	3104	-964	554	-395
-16792	-3460	2632	-1061	428	-248
-18132	-4052	2268	-1228	1902	-696
-22076	-4428	3476	-451	227	-599
-21572	-4476	4676	329	128	-517
-21144	-4388	3300	284	-119	-1980
-16176	-5504	3316	-228	-1431	-4562
-16448	-6636	3764	1231	1847	-7350
-20244	-3980	3408	-318	-1031	-9615
-19132	-7032	916	-2956	-4295	-9413
-17564	-6576	2124	-5036	-4598	-9896
-17788	-5956	972	-9676	-4718	-10488
-17220	-6772	1588	-11467	-7584	-10080
-12428	-8056	428	-12709	-7834	-9530
-13552	-9008	700	-11479	-6388	-8873
-12968	-9612	636	-10881	-7791	-6826
-11740	-11732	1220	-7986	-6799	-5800
-11528	-9588	1692	-4647	-6706	-5633
-11808	-10984	2064	-3636	-7199	-4364
-10300	-8204	1876	-3023	-8789	-3327
-5256	-7440	1764	-2895	-11134	-1577
2084	-3876	704	-2327	-7642	-531
640	-5156	772	-3539	-2558	-249
160	-8272	2708	-413	-1690	-349
-3756	-8460	3588	2404	1583	-2289
-7088	-8688	4984	4593	2644	-2437
-10268	-11196	1924	3746	2567	-2038
-14036	-9312	1620	4468	1726	-1709
-14908	-7728	4548	1190	119	-699
-13028	-10904	3012	-1986	193	114
-13660	-10260	2504	-2633	376	881
-13920	-11260	4636	-2645	-25	1431
-12156	-11632	4732	-1368	90	611
-11880	-10956	4272	-360	6	858
-11428	-11036	4980	-367	-522	1162
-9912	-10924	5216	-394	-103	932
-11088	-11336	4484	-723	-232	1310
-10768	-10552	4132	-228	-99	621
-10896	-10896	4236	236	-831	201
-11456	-11316	4540	-200	-364	177
-11456	-10836	3528	642	-900	-9
-11576	-10096	4688	352	-171	243
-10464	-11416	4452	-201	228	248
-11972	-10576	3856	431	434	-1134
-11604	-9980	2984	379	-1116	-492
-10624	-10340	3736	-473	-1418	51
-10500	-9360	3720	-832	252	125
-11544	-9260	3696	-951	700	443
-9432	-9852	4164	-475	44	802
-7908	-8096	4860	107	396	937
-7568	-6620	5036	-275	316	1246
-8176	-5972	4244	-2002	1323	1306
-8528	-9516	2656	-4182	2473	2021
-9180	-12480	1324	-2950	2627	2525
-10520	-12824	1980	-595	2020	1708
-11716	-10804	2244	1419	3336	-199
-12116	-10468	1636	2674	2690	-184
-9640	-10992	2028	2232	3681	-84
-13908	-10092	2756	2319	5056	385
-11696	-8252	936	441	1421	721
-7940	-9780	1916	398	5955	260
-15304	-10240	3216	3957	6418	1065
-12160	-7964	3088	2312	-1201	2168
-6616	-10284	3088	2435	2091	2030
-15076	-8788	1824	5648	6107	2888
-14596	-8328	2580	1142	-638	4190
-6756	-9720	2524	190	2904	3740
-14148	-9284	1840	2509	8508	4129
-15940	-7852	2512	2052	930	6077
-10064	-10024	2292	1950	2529	6747
-16020	-9860	2728	3797	6482	6046
-17688	-8884	2144	3534	1809	5842
-13668	-8392	2584	5519	2401	5520
-15416	-6668	2684	6169	4712	5753
-16788	-6440	2720	7249	2953	6323
-14464	-4892	2840	7708	1086	6391
-13952	-5600	3152	6892	3459	6385
-17516	-6100	4336	6773	4416	5827
-20032	-4672	4252	5176	1451	4582
-17320	-4888	4092	2651	-681	3531
-15052	-4264	3840	3343	403	1479
-17344	-3104	3600	1466	1528	455
-18024	-3752	2816	-1640	-1583	189
-15728	-4384	2840	-1131	-1588	337
-15476	-3560	2480	-2080	-195	745
-15616	-4608	2144	-2806	-281	1012
-15756	-4988	2672	-1440	-206	647
-15056	-4480	2600	-899	-479	-263
-15240	-4024	2712	1080	-211	-852
-15324	-4012	2492	1295	-548	-899
-15448	-4096	2700	292	-58	-501
-15036	-4252	2376	-302	110	-72
-15452	-3800	3000	-511	671	343
-15256	-3660	2324	-806	-7	455
-15112	-3844	2412	-674	-528	824
-14852	-3760	2948	-999	-315	965
-15272	-4132	2644	-502	118	578
-15192	-3336	2608	-253	91	477
-14784	-3468	2440	-150	-60	635
-14780	-3144	2136	-1121	-272	1324
-14372	-4300	2348	-1034	376	1746
-16092	-3748	2524	-181	576	1799
-15564	-3652	2676	-658	-422	2050
-15408	-4324	3296	-744	-214	2246
-15640	-4404	3464	-402	231	2073
-17632	-3964	4236	-1130	535	1031
-16940	-3968	4108	-1553	-523	-345
-17448	-4564	4412	-1458	832	-1185
-20860	-4260	5080	-1759	1500	-2603
-22120	-3328	4312	-3368	-1484	-4514
-15172	-4048	3728	-3909	-2148	-5797
-19336	-4648	4492	-4293	1724	-6862
-19588	-4880	3580	-7539	-4014	-6671
-13112	-5884	2840	-6939	-3238	-7534
-15384	-5576	1708	-7820	-45	-8449
-18824	-8608	2888	-7394	-3249	-7986
-14832	-7996	1984	-6320	-4312	-9233
-17308	-7532	2304	-7058	-4530	-10925
-15688	-7600	1980	-6432	-5981	-9939
-13840	-8660	1064	-6892	-4289	-8552
-14480	-9060	2072	-5440	-4585	-7771
-13448	-9172	1372	-5479	-4587	-6925
-14680	-9968	1264	-3000	-4955	-5561
-13664	-9100	2212	-3138	-7003	-4705
-11712	-8512	792	-3902	-7468	-3409
-10196	-8960	2152	-4152	-9373	-1104
-5092	-6776	1152	-4304	-9758	835
-1208	-7284	2116	-4344	-7348	2131
-456	-6556	2328	-2850	-4010	2657
-188	-6776	4384	-48	-2983	2563
-1780	-7860	3352	1622	528	2061
-7316	-10516	4580	3202	2642	1259
-9948	-10024	3232	4242	2917	297
-12616	-11528	3004	3311	2245	-475
-12728	-9628	2668	2449	213	-1844
-13816	-9364	3012	242	-395	-1838
-14052	-9828	3864	-2630	-1184	-1062
-11804	-11048	4576	-3269	131	-901
-13160	-10424	4440	-2428	1472	-582
-13120	-10192	4892	-840	914	-67
-11076	-10288	5096	-68	1469	-201
-11872	-9428	5384	525	2070	126
-11684	-9872	4856	-416	452	557
-10596	-8676	4304	-681	454	532
-12872	-10044	4400	-1076	70	1008
-11848	-11340	4760	-1800	-1032	944
-11060	-11296	4976	-973	-173	446
-12140	-10660	4400	-814	347	387
-10904	-10296	4556	-31	277	167
-10228	-10240	4464	336	1154	-2
-11684	-9868	4224	650	1218	287
-11648	-9752	3940	312	618	-180
-11276	-9584	3712	-120	651	-304
-11976	-9640	3612	-1130	-87	-48
-11308	-9556	3424	-1286	-274	-348
-11088	-9660	3352	-1576	2	-462
-11808	-9864	4032	-926	492	296
-10448	-9776	4828	-804	348	436
-8860	-8904	3992	-252	1151	354
-9232	-8148	4020	59	902	605
-8252	-8468	3476	-95	562	1016
-6820	-8612	3316	-716	765	603
-7660	-9364	3248	-301	2631	299
-9956	-9624	1028	-835	2766	802
-8056	-10496	2752	-47	3825	587
-13524	-10632	2048	3437	5275	1467
-11988	-8252	2560	3420	1403	1725
-10092	-10800	3536	5861	6171	1201
-16352	-9216	2700	6868	5191	1930
-10412	-8268	2476	6084	403	1871
-9296	-8652	3100	9152	4903	1095
-17340	-7644	2964	4828	3532	2735
-11400	-9040	2664	-627	-2056	3891
-8004	-9524	2772	245	5496	2936
-18372	-9852	2756	-816	7123	3731
-16144	-9224	3704	693	-967	5407
-9308	-9460	3204	2101	2517	4685
-13092	-8308	1756	4708	6225	4452
-17880	-7828	3168	6580	3989	6753
-15320	-7112	3512	7514	2185	8089
-14288	-5748	2944	7770	3518	7150
-16284	-4932	2460	6043	3401	6091
-15376	-4032	1884	3923	1326	5196
-13696	-4624	3136	2131	3531	4595
-17824	-4504	4332	1923	5062	5221
-18224	-3496	2148	741	942	5343
-15892	-5408	4928	1587	1535	4528
-18536	-3748	4884	4000	2810	2970
-16704	-2856	2472	3415	-715	1525
-14692	-5144	4384	4828	1695	232
-18108	-3024	3576	5314	2638	-111
-16800	-3128	1516	1610	-457	705
-15800	-4640	3792	1996	191	837
-15920	-2860	2620	635	640	479
-16120	-3536	2864	-669	334	-432
-15964	-3304	2932	-812	196	-1064
-16100	-3356	2988	-441	-410	-1298
-15728	-3296	2464	-779	-633	-1110
-15192	-3832	2980	-870	-603	-444
-15168	-3232	2884	-462	-20	71
-15092	-2788	2352	-484	-668	92
-15476	-3704	2936	-411	-260	200
-14952	-2896	2184	-449	-829	285
-14888	-3144	2440	-448	-519	289
-15176	-3088	2300	-1100	-686	723
-14672	-3560	2568	-1445	-372	939
-15328	-3320	2296	-1131	-11	957
-15576	-3740	2976	-1148	-163	1086
-15684	-3500	2828	-767	104	819
-15800	-3904	2780	-205	478	293
-16856	-3252	2876	-429	619	-444
-18216	-4484	3840	-1987	744	-1575
-16340	-4456	2540	-2397	-249	-3746
-17516	-4736	3384	-3018	2046	-4993
-20880	-5524	4124	-3503	1211	-5003
-18568	-5892	4588	-1737	-188	-5313
-16708	-5788	3636	260	864	-5856
-18120	-5700	3212	-251	-102	-6617
-18060	-6176	3348	242	-2694	-7019
-16004	-4508	3668	-812	-3128	-7538
-16528	-5804	2100	-4456	-2401	-8471
-17228	-6344	2512	-7948	-4605	-8489
-14492	-6440	2888	-8524	-5082	-8004
-13580	-6820	2132	-9420	-3260	-7605
-14112	-7836	1756	-8916	-3219	-7140
-13804	-8792	1628	-7634	-4351	-6275
-12652	-9004	1776	-5825	-3742	-5369
-13300	-7352	608	-3906	-3535	-4504
-12612	-8064	808	-4454	-4628	-3668
-12820	-9716	852	-4831	-4605	-2139
-13780	-10548	2940	-5910	-7007	-568
-14084	-10796	1524	-5574	-11472	527
-11252	-6828	1304	-4952	-16431	1646
-5692	-8656	3496	-7684	-13556	1510
-4448	-9072	3676	-7425	-6108	2106
-6968	-10756	4180	-4873	-3980	3322
-3952	-9980	4324	-1291	-3325	2337
-3876	-10652	3856	2063	301	504
-6840	-10120	3228	4175	1736	-652
-7144	-10452	2968	4612	1009	-1483
-7572	-7616	2780	3412	3396	-2445
-10428	-7704	2256	1285	3380	-2457
-12236	-8332	2336	-87	2120	-2534
-13564	-8824	1616	-1332	287	-2446
-13164	-9348	2124	-1314	-1065	-2098
-12832	-9956	4844	-1494	1342	-1726
-14312	-10920	4960	-1302	2026	-675
-11940	-10208	5424	-365	1291	-237
-12108	-9888	5632	641	1747	73
-11312	-10200	5740	431	685	1097
-11820	-10936	5784	490	1019	445
-11492	-10384	4804	-278	570	156
-10844	-10424	4012	-499	596	326
-12440	-10272	4032	-47	585	162
-12820	-8956	4048	-118	-278	64
-10392	-10736	3584	-285	-212	725
-11368	-10260	3344	91	1919	648
-11564	-9628	4172	376	1471	470
-10708	-9888	3904	359	1994	221
-12200	-10112	3816	586	1265	50
-13252	-9464	4544	464	-854	-55
-12084	-9484	4688	-1027	-1906	-35
-11676	-10088	4332	-1170	-1162	417
-11924	-9892	4364	-1559	-1153	621
-10528	-10212	3828	-1100	-414	381
-11124	-10820	3712	297	444	364
-10524	-9464	3772	774	327	168
-8992	-8500	3336	611	615	-286
-8416	-7816	2660	-276	801	-133
-7164	-7560	2760	-1418	98	-223
-5588	-7872	3612	-1807	1823	-859
-8908	-9080	3736	-654	4034	-547
-10148	-9532	3492	411	3346	77
-10164	-9908	3056	2263	4050	-349
-11616	-9412	3288	4613	3560	-105
-8068	-9292	2972	3848	3179	421
-13516	-12212	4340	5728	7362	420
-16348	-8140	2708	5517	1584	1659
-7380	-9120	3020	1433	-526	1878
-13044	-10492	3904	4493	8408	915
-19608	-7060	3424	1667	1294	2869
-8880	-9724	3004	-1575	-2188	3149
-12104	-10548	3016	2392	7941	1452
-20428	-7956	3220	1813	916	3774
-9080	-8148	2724	583	-3302	4861
-7908	-9228	2392	2043	6940	3585
-17680	-7760	2520	2178	6946	4778
-13680	-8252	1840	117	175	6060
-14744	-9852	3280	2832	4856	4799
-19172	-6612	2264	1652	887	4556
-13052	-7396	1948	965	-2220	4474
-10576	-6868	1540	1455	3391	3763
-18996	-6228	2768	1730	3895	4557
-17036	-6304	2908	-165	-2502	5421
-12272	-6440	2476	664	-243	4862
-15436	-5716	2732	268	2361	4945
-16140	-5728	2784	-735	14	5012
-14724	-5916	2872	-99	568	4405
-15640	-6220	3900	1471	1324	4246
-15336	-5032	2636	2617	71	3901
-15292	-4880	2036	3058	-216	4150
-15664	-4444	3500	4271	56	4438
-16080	-4136	3788	4897	1221	4514
-16284	-3304	2880	4957	454	3482
-16364	-3684	3712	3210	164	2417
-16536	-3424	3800	2344	88	1235
-16396	-3336	3196	1423	720	495
-16288	-2736	3492	214	199	-357
-16276	-4060	3612	222	347	-598
-15820	-3888	3464	-316	273	-561
-16080	-3880	3312	294	424	-773
-15872	-3872	3388	-462	-222	-1270
-15848	-3524	2932	-242	-123	-1496
-15340	-3280	3120	-116	-349	-1460
-15544	-3316	3140	-772	161	-1258
-15152	-2656	2668	-959	-388	-584
-15504	-2844	3136	-880	-634	164
-14948	-2372	2328	-929	-715	501
-15052	-2808	2240	-1146	-296	772
-15244	-2896	2792	-747	329	900
-15896	-2940	2792	-641	493	578
-15788	-2236	2296	-1182	229	-11
-16752	-2780	3028	-1481	1169	-234
-17688	-2920	3624	-2094	1149	-629
-18332	-3380	3508	-2291	1433	-1404
-18992	-3892	3828	-4299	967	-2132
-19856	-4696	4216	-3666	837	-2792
-21876	-5664	5532	-1908	1545	-2205
-22952	-6464	4556	1257	-616	-1884
-15752	-5564	2684	-1266	-3536	-3500
-14232	-5676	5532	2453	-570	-6354
-17940	-4072	3016	3365	904	-7619
-18212	-5040	140	-2453	-1727	-7382
-15368	-4944	3112	-3299	-3321	-8033
-15584	-5244	1624	-5570	-1832	-8112
-16920	-7760	416	-8643	-3793	-7918
-14464	-8124	3292	-9412	-6423	-7348
-11460	-5584	532	-8240	-6468	-6763
-11396	-7432	1308	-8877	-5018	-5718
-12528	-8580	976	-7340	-4592	-4182
-13844	-8996	3152	-6583	-5823	-2767
-13964	-8960	2464	-5491	-6078	-2634
-13416	-7836	1748	-5593	-7789	-1909
-9524	-9504	3212	-6250	-9797	-365
-6020	-8396	868	-6290	-8416	225
-4400	-7092	392	-5172	-6643	741
-2524	-6012	928	-4374	-3953	710
480	-8108	1440	-5027	-626	43
-2488	-10552	3540	-1395	4950	-1880
-9820	-9048	5952	2603	4863	-3619
-11944	-9632	4700	3965	3145	-4156
-13248	-10364	5388	4344	2587	-3512
-14772	-8424	4900	2721	2146	-3028
-14736	-8140	4988	819	52	-2030
-12464	-7508	2676	-1237	-319	-413
-14008	-8892	3976	-1096	-1038	647
-11332	-8856	3464	-1630	-598	161
-12320	-9552	2100	5	-272	1010
-12340	-10948	3892	-127	-1152	1148
-10948	-10020	4248	350	956	197
-12456	-9460	3492	37	887	479
-11892	-9236	3816	235	-261	876
-11088	-9156	5136	-621	-84	730
-11300	-9620	3836	-513	-190	672
-12648	-11168	4680	-625	-805	620
-13032	-9836	4024	-279	-1423	-12
-10928	-10164	4772	-530	-1440	-404
-12252	-10936	4064	235	-864	-206
-12092	-10320	4376	1533	-1196	-54
-10872	-10396	4732	1657	647	-385
-12288	-9504	3908	1227	1420	-243
-12616	-8636	3444	816	-258	4
-10528	-8084	3492	-168	-947	43
-11476	-8732	4076	-1114	-428	-53
-10192	-9208	3532	-1005	-428	399
-9996	-9612	3756	-455	838	830
-8180	-8356	3948	937	1594	262
-8192	-8236	3436	1799	1945	-450
-10608	-7248	4568	2231	1335	-393
-7828	-7968	4736	539	936	-69
-10264	-9684	3084	452	1806	238
-12008	-8776	4180	6	173	1108
-7568	-10404	3348	-741	2113	598
-13268	-10260	2696	3444	3234	528
-12048	-9256	4500	2560	114	929
-8948	-9536	4624	3936	4598	590
-14280	-7716	4852	6206	4961	268
-13168	-6312	3328	3543	-384	281
-11192	-10276	3672	1099	1768	1016
-15496	-8972	4448	7	2572	1401
-11608	-8744	2328	-4661	-841	1844
-10976	-11280	2296	-1476	4451	1893
-17496	-7232	3952	840	2207	3094
-11296	-8636	2824	-2033	-1103	3166
-7752	-9964	1776	1000	3707	1522
-15560	-8120	2988	3381	6095	1814
-14576	-8192	3552	2132	858	3956
-10496	-8248	2008	3045	3104	4619
-15888	-6928	3316	4237	4793	5227
-15704	-6112	2732	1643	1480	6652
-13072	-7104	3696	989	2807	7440
-15028	-7188	4924	900	5036	7846
-18936	-6444	3704	205	2575	8002
-19056	-6716	3880	240	-723	7804
-16560	-5512	3832	2319	-639	6885
-16488	-5212	2532	3517	1275	5026
-18628	-4736	3564	5078	627	3789
-16168	-4060	4484	5571	-270	2048
-16432	-4040	3956	5295	1702	574
-17176	-3268	2708	3298	480	-70
-15188	-3196	3816	3104	63	-990
-14964	-4652	5160	1513	2570	-1135
-17444	-3616	3840	1679	841	-1070
-14488	-4564	4120	-22	-740	-855
-15164	-3156	4660	-13	57	-485
-15120	-4308	3892	-1175	-234	59
-14528	-4024	3600	-1751	-749	-68
-14980	-3896	3880	-1739	-620	-174
-15344	-3940	3500	-1618	-579	124
-14976	-3656	3428	-1079	-1183	100
-14508	-3976	2728	-585	-910	144
-15824	-3748	2796	-347	-270	235
-15164	-3364	2548	-1073	-1328	113
-14092	-3816	2808	-434	-363	262
-15772	-3320	2592	-817	612	206
-15616	-2884	1832	-2332	-339	208
-15504	-3596	3100	-3682	724	402
-16436	-3404	3600	-4017	1706	47
-17340	-3848	2908	-3760	508	-520
-16852	-4404	4696	-2636	397	-854
-16992	-4144	4600	-1546	1128	-837
-16692	-4780	3804	-201	501	-781
-17256	-5712	4468	155	2224	-751
-20268	-4160	5164	1231	1091	-1673
-15864	-5056	4012	692	-1239	-2484
-15484	-5532	3756	3324	2079	-4489
-19980	-4876	3648	1061	816	-4967
-17160	-4200	3652	-540	-2945	-4807
-13596	-5800	3004	-176	-558	-4623
-18852	-5636	2408	-2422	1143	-3691
-19372	-6336	3144	-2128	-4466	-2044
-13736	-5976	1912	-3700	-4296	-3006
-15384	-5288	796	-4575	-3486	-4176
-12848	-5456	2452	-7479	-5530	-4258
-10588	-6812	3108	-7923	-2957	-4920
-13140	-6204	2784	-6692	-2467	-5028
-11956	-7360	3548	-6090	-3367	-4267
-12728	-9292	3596	-3027	-850	-3189
-16420	-8716	3468	-1688	-717	-2112
-17196	-7676	2504	-2483	-3345	-1672
-13912	-7304	2488	-4218	-4806	-161
-13004	-8860	3380	-7180	-3127	959
-17044	-9364	3904	-7837	-3579	887
-13516	-8848	3972	-8564	-7082	1206
-8372	-6964	2468	-7303	-6747	2222
-5716	-8108	2484	-6372	-5720	2593
-1396	-5384	4316	-3364	-7057	3050
2484	-5360	2044	-1798	-3712	2493
-1788	-7120	4112	3074	1398	718
-6656	-5184	3904	3847	1562	-932
-12016	-11576	4644	4661	2702	-922
-17648	-9328	3548	5821	-234	-1704
-14544	-7816	4604	1974	-3627	-2189
-13352	-6884	3996	-15	252	-1906
-16364	-6824	3952	-1881	-763	-935
-14524	-8740	5384	-934	-226	-442
-14580	-8356	5020	-168	-7	-745
-13952	-7628	4864	1496	-616	-361
-13200	-7888	5380	511	-361	-241
-11800	-8540	5092	-421	332	-332
-11704	-7424	4624	-332	214	-198
-11920	-7736	4764	-670	9	-713
-13084	-8556	4972	-565	673	-946
-12868	-8668	4776	-166	-116	-582
-12768	-7940	5404	219	394	-1050
-12864	-7676	5356	86	688	-854
-13080	-7128	4824	-739	111	-688
-12204	-6840	4076	-1661	-74	-373
-12796	-8568	5140	-2267	-271	261
-11296	-8568	4608	-2000	-342	-110
-10692	-8960	4776	-1122	557	-1071
-10052	-7764	4508	-780	38	-1365
-8304	-7956	4088	-349	517	-1814
-8068	-7696	3704	-422	2674	-2124
-8600	-9044	4016	291	3280	-2108
-8828	-9020	3884	1989	3872	-2366
-9624	-8764	4560	2561	5991	-3336
-10072	-7996	2996	3000	6058	-3939
-8904	-8792	3804	3691	7388	-2523
-11768	-8672	3852	4928	7968	-1221
-12704	-8280	2736	4347	4224	-1257
-13464	-8936	3040	3949	5173	-673
-17212	-7764	3040	2868	3193	1572
-11024	-8364	2116	-444	809	2093
-13316	-10144	3392	1063	4727	1058
-16496	-9124	4136	2198	2731	2675
-10872	-9148	2720	1700	1606	3481
-11228	-8732	2020	2709	2446	2157
-16744	-8020	4576	4341	303	2556
-13260	-7556	3984	723	-1110	3716
-11356	-7492	1916	281	1656	4743
-17580	-7920	4012	218	2448	5453
-16996	-7820	4248	90	-1671	5879
-13292	-7332	4232	129	-924	5801
-14224	-5900	2672	112	1327	6430
-16560	-5368	2892	-449	783	7278
-15084	-5516	3064	-1129	144	8003
-15224	-5240	2688	85	1651	8365
-18588	-4312	3044	1152	422	8371
-16448	-4436	2996	3846	-1761	7727
-15684	-3500	2876	5203	239	6784
-16600	-3804	3144	5695	1704	5876
-17284	-3112	4420	6218	1514	4701
-15904	-3440	4152	5238	469	2815
-16480	-1716	3944	3488	1678	1788
-16612	-2260	4548	1554	1044	1798
-15116	-3476	3976	848	1211	1408
-16204	-2444	3740	79	397	767
-15096	-3532	4032	184	592	741
-15868	-3604	4052	1059	1882	276
-15996	-3052	4728	825	1171	-845
-14720	-3116	4332	1708	773	-1678
-15216	-2728	4444	2344	971	-2163
-15776	-2452	4448	1869	577	-1771
-15320	-1828	4016	1705	164	-1161
-15656	-1736	3724	1033	-429	-357
-15180	-1372	3068	-779	-986	141
-15356	-1996	2940	-1991	-473	725
-16752	-2368	2952	-2518	-208	1707
-16616	-2084	2652	-3305	-259	1894
-16104	-944	2908	-2405	-436	859
-16960	-1916	3812	-1265	681	98
-17212	-1064	3484	-2304	-275	-512
-17092	-2096	4044	-3589	125	-775
-17360	-2664	4588	-4740	490	-1266
-17192	-3328	4920	-3254	636	-2752
-18112	-3320	4096	-3186	511	-4178
-18188	-4904	3660	-3527	-1067	-4179
-18264	-4412	4412	-2763	59	-4666
-19140	-3752	3972	-1237	220	-5857
-17936	-4712	3580	-1866	-757	-6325
-16912	-5944	3808	-936	-1945	-6208
-15644	-4912	4312	-905	-1373	-7140
-17296	-3600	1572	-1713	-798	-7763
-16180	-3908	1584	-4577	-3925	-7898
-13308	-5100	1980	-8177	-3394	-7704
-14004	-6120	3036	-9409	-3002	-7169
-12980	-6324	2868	-9418	-4075	-6269
-12608	-8708	2684	-7857	-2192	-6351
-13984	-8764	2732	-6294	-3356	-5941
-12864	-8624	3292	-4294	-4220	-5046
-12952	-7496	2196	-2870	-3687	-4642
-13396	-7992	2244	-3124	-4222	-3245
-12456	-7832	3256	-4333	-4322	-2336
-13704	-8196	2872	-4063	-4826	-1525
-14104	-7668	3384	-4146	-7608	-256
-9648	-6532	3116	-5034	-8992	892
-7824	-6988	3428	-4879	-7256	2046
-6948	-8340	2676	-3763	-6741	3947
-4988	-9080	2480	-3636	-3030	4013
-5808	-10388	3844	-2200	147	2889
-4332	-10644	2736	64	-459	771
-5852	-9492	2424	1404	51	-1663
-7928	-7868	4132	1909	858	-3056
-10876	-9672	3456	1422	2368	-3386
-13740	-7864	2636	-139	1996	-2635
-13628	-8012	5036	-97	2308	-1850
-13236	-7908	5892	-353	2936	-1451
-13936	-8524	4596	-217	1766	-559
-13924	-8368	5912	1988	-207	-151
-13516	-7936	4632	744	-544	-529
-12792	-8924	4560	118	-459	615
-13092	-10196	4320	-1299	-110	1022
-12916	-10244	3676	-1084	148	403
-12776	-10040	4056	-623	45	-20
-11448	-9632	4024	299	48	-50
-12292	-8880	4496	-98	917	-444
-11500	-8888	4156	-501	876	-547
-12544	-8636	4008	-669	5	-182
-12824	-8836	4744	-954	-265	25
-12488	-9440	4732	-866	345	-254
-12104	-9624	4552	-652	-226	248
-12152	-8964	4412	-235	296	291
-12788	-8692	3684	-73	605	101
-11780	-8496	3784	-574	834	709
-11340	-7652	2580	-1236	1113	1251
-11740	-8752	3780	-1958	1663	1108
-11796	-10056	4216	-1634	1809	993
-11728	-10152	3584	-924	996	284
-11176	-9376	4352	264	360	-848
-11028	-9568	4384	796	-82	-1050
-10456	-8940	4088	780	-78	-523
-10328	-8468	4592	1290	1406	-1018
-9256	-7936	3516	1948	1726	-1100
-10528	-8264	4556	3521	3074	-548
-11288	-8312	4116	4216	2843	18
-10800	-9108	3820	4752	2834	42
-10572	-8752	3420	3777	2983	-183
-11332	-8624	3484	3205	2637	55
-10464	-7560	3012	1858	379	37
-10740	-9084	2756	1034	1408	98
-14944	-7816	2560	833	599	990
-9980	-8836	2864	-1563	-1144	1297
-13188	-10724	3688	1899	2844	891
-17656	-7012	4132	1942	-574	2560
-9240	-8320	3116	1050	119	2686
-9808	-9188	2928	3513	5468	2237
-16340	-6180	3496	3623	2258	3712
-9932	-7944	3428	1232	-458	4907
-12220	-8936	3928	3531	5049	4661
-16488	-5500	2792	1825	1171	5444
-11488	-7732	3092	-542	-2366	6377
-11172	-8432	4100	2133	3837	7112
-20732	-5640	3788	4429	3839	7953
-17108	-4912	2980	376	-2815	8343
-12476	-6136	4220	1716	-134	6733
-15208	-4948	4452	1008	2949	5602
-16272	-4424	3812	-990	1248	4871
-17188	-5592	5284	-1110	1481	4344
-17968	-5112	5632	1170	755	4159
-17184	-4272	4568	1262	-58	3551
-16304	-4464	5088	1691	-507	2749
-15568	-4180	5264	3711	1048	1626
-17124	-3372	5320	4590	1978	394
-17396	-2432	4048	4311	-128	-696
-14348	-3384	4624	3586	-502	-999
-15320	-2724	4616	4478	1738	-1098
-17196	-2848	3288	2021	1144	-587
-16764	-2384	4016	502	-1136	-209
-15200	-3400	4404	-769	-691	-302
-15628	-2344	3620	-2779	-716	-822
-15648	-3804	4456	-3041	-152	-929
-15204	-3592	4168	-2467	-477	-1252
-14296	-3372	3920	-1343	-390	-1630
-14788	-3396	4160	-327	-241	-1274
-14352	-3780	4108	687	-352	-769
-14340	-3308	3892	-216	-489	-254
-14932	-3272	4072	-61	-527	115
-14896	-3596	4216	-959	-686	409
-14884	-3260	4104	-1304	-468	35
-15252	-4076	4392	-1273	-287	-188
-15540	-3756	4728	-698	78	-365
-15948	-4004	4520	-672	-120	-454
-15152	-3320	4308	-432	-283	-797
-15792	-3776	4352	-512	21	-964
-16364	-3456	4324	-2417	-35	-687
-16320	-3600	4040	-5891	-222	-1077
-15748	-5464	3944	-6700	737	-1943
-16904	-5156	3760	-5827	-62	-2452
-15720	-5324	4456	-5286	-122	-2838
-16372	-5972	4320	-2363	1019	-3205
-15632	-5092	3992	748	740	-3387
-15644	-5436	4144	2380	1344	-3877
-16052	-4932	4180	3132	663	-4605
-15760	-6260	4348	1872	404	-5256
-15176	-4964	3608	852	227	-6170
-16320	-5952	4304	-1949	-86	-6434
-16308	-6660	3912	-3071	-936	-6254
-13952	-6248	4180	-4297	-2299	-5859
-13024	-6788	3468	-4864	-1584	-6244
-14444	-7444	3280	-4681	-1395	-6016
-14052	-8132	3596	-4443	-1534	-5072
-12748	-8240	2500	-4200	-1057	-5001
-13344	-9392	2868	-3695	-657	-4894
-13588	-8228	2968	-1313	-1148	-3969
-13716	-8028	3144	-2509	-1041	-4073
-15724	-7788	2348	-2264	-2535	-3346
-13372	-6876	2304	-5332	-5832	-2132
-11456	-7816	1736	-7715	-5441	-738
-12448	-9588	3000	-8986	-4108	1072
-12048	-11040	3844	-9927	-3786	1899
-10908	-11260	5080	-6699	-2590	1939
-11292	-12052	4936	-3476	-1621	1879
-10764	-11484	4716	-412	-3282	1380
-8392	-10360	3876	1754	-5003	693
-5820	-9140	2828	1929	-4627	-24
-6392	-9284	2356	-1085	-2636	-533
-6468	-9108	1388	-2857	-720	-984
-8420	-8880	-628	-4040	2210	-463
-10752	-9888	2236	-3069	4079	625
-10308	-8996	2260	-1676	4179	-904
-9768	-8812	2372	529	3918	-2890
-12392	-9720	1792	1355	1878	-3516
-11932	-8644	2896	682	-500	-3885
-11764	-8700	3576	-1074	699	-3335
-12636	-8372	3840	-1844	1798	-1591
-13100	-9624	4356	-1738	889	-186
-11900	-9776	4452	-508	966	1
-12692	-9936	3544	779	554	374
-12384	-9716	4132	1569	-646	868
-11052	-11216	3992	1205	-729	573
-12024	-10236	3072	1199	-402	398
-11068	-9872	3156	-621	-1396	196
-10388	-10440	2796	-214	-244	13
-13188	-10424	2708	-711	-598	184
-11948	-10864	2804	-63	-105	-96
-11580	-10488	2700	-84	102	-368
-12196	-10356	3072	398	-52	-187
-11448	-9452	3664	-183	-216	-434
-12160	-9596	3328	-271	-306	-751
-12928	-9704	2968	-1029	-1464	-57
-12188	-9964	3640	-1238	-1765	431
-11564	-10460	3860	-891	61	373
-12052	-10832	3612	-404	-132	772
-10940	-10156	3508	148	-167	275
-10188	-10560	3572	625	-144	-177
-11292	-10040	3436	-157	276	-404
-10456	-9984	3176	-280	104	-547
-10328	-9328	3112	-305	429	-490
-9768	-9632	2944	-406	473	-586
-9564	-9000	2864	-109	1215	-1283
-10056	-9000	2524	156	282	-1326
-8736	-8708	1688	160	-254	-953
-9112	-9652	2892	216	1613	-1422
-10300	-8680	2604	1444	1493	-1450
-6468	-9008	1636	1475	621	-760
-9696	-10256	3240	3355	4748	-905
-12736	-7968	2272	3528	1930	-239
-7332	-10040	3612	1425	2461	913
-11568	-11116	3776	5045	5936	1859
-12424	-7472	2340	1999	2131	2947
-7280	-11212	3808	527	2811	2371
-13820	-11044	4088	6076	4820	2755
-13616	-7104	2256	3403	116	4489
-9768	-11252	3004	955	1836	4416
-16048	-10680	4192	4977	4689	4608
-16724	-7592	2424	2174	255	5461
-10080	-9276	4208	2456	325	5025
-11192	-9464	3296	3540	5739	4680
-18020	-7720	3216	5635	3875	6647
-14700	-6724	3972	3502	-538	8005
-11980	-6724	3340	4493	1776	7581
-15704	-5884	3756	4665	3647	8067
-16988	-5444	4308	2544	1801	9052
-16124	-5904	4592	2810	879	9490
-16264	-5364	4884	2347	1182	8535
-17428	-6592	5640	1423	1666	7246
-19448	-5736	5416	4077	1286	5913
-18004	-4552	3184	4193	469	4083
-17212	-4524	3604	3849	-535	2215
-16616	-3296	3924	4235	-997	928
-16768	-2660	3584	2896	-839	144
-16304	-3236	3368	-457	-867	-208
-14816	-4008	3716	-1612	-106	-904
-15084	-3372	3808	-2385	1047	-973
-16128	-3884	3356	-1924	219	-981
-15040	-4440	3616	-1251	-830	-1109
-14964	-3748	3852	308	-871	-1236
-14448	-4060	3364	-198	-466	-1212
-14656	-3452	3256	110	298	-1376
-15024	-3968	3544	-234	614	-1238
-15512	-3008	3444	-594	-92	-1396
-14856	-3632	3668	-1726	-777	-1206
-14464	-3608	4264	-1075	-260	-846
-14680	-3560	3976	-1404	614	-538
-15448	-3720	3396	-875	249	-531
-15276	-3888	3712	-716	-253	-737
-16160	-3776	3132	954	-341	-783
-16736	-3352	3076	128	-1610	-747
-15612	-3240	2772	-1416	-1926	-971
-14452	-4148	4620	-1714	-154	-1059
-15712	-4244	4264	-755	2429	-949
-16872	-3384	3472	-1701	2222	-1019
-16232	-4116	4496	-1308	623	-1408
-15752	-5464	5608	618	1908	-1892
-16732	-5232	4036	570	2681	-2799
-17860	-5044	5012	-62	1380	-4097
-16484	-6760	5544	673	1214	-5177
-16928	-6208	3796	-205	2098	-6776
-18328	-6780	3664	-2562	474	-7143
-16860	-7404	3888	-3514	-8	-6931
-16212	-6892	2764	-5455	335	-8049
-16416	-6900	2364	-5858	-1457	-8007
-13556	-7628	2876	-7542	-2274	-7131
-15752	-8248	3880	-7889	-2387	-7118
-18144	-6520	2392	-6648	-6171	-6644
-13348	-6544	3028	-9191	-7948	-5794
-10264	-8168	2372	-8264	-4987	-4407
-10028	-8592	2408	-8596	-3002	-2730
-10696	-9968	2396	-5004	-2004	-1739
-12168	-9316	2356	-1761	-1620	-1672
-14400	-10528	2396	-529	-2893	-1424
-15360	-9952	2480	38	-5334	-475
-15348	-9516	3428	-2130	-7019	411
-13748	-10164	2060	-4718	-7847	2015
-9852	-8188	2540	-6756	-9703	3318
-5488	-8040	1272	-6981	-9242	4258
-3388	-7976	2572	-5491	-7300	4392
-644	-8608	3768	-2515	-3345	3181
-116	-9736	5764	1386	2821	1272
-3276	-11756	4520	6981	6242	-337
-9228	-11032	2504	9633	5801	-2562
-11972	-8444	2764	9396	1726	-4210
-14504	-8768	768	3580	263	-4758
-16864	-6540	1672	-893	-2938	-3152
-13432	-7320	2348	-5230	-2853	-2028
-14016	-8520	4176	-5329	713	-718
-14232	-9264	5224	-1781	-405	10
-12872	-8816	4192	140	-1264	-34
-12288	-8660	5376	819	-651	426
-12672	-10724	4412	-1337	-837	1321
-10840	-11480	4756	-3705	-681	1524
-9044	-10968	5744	-3063	1522	256
-11448	-11168	4824	-2243	456	-810
-8884	-10680	5100	-34	71	-903
-12292	-10040	5180	1207	1910	-1930
-12464	-9080	4752	1118	1064	-1816
-13264	-8568	3856	111	775	-1200
-12324	-9116	3704	-972	-581	-60
-10712	-9160	3860	-1948	546	-8
-11248	-9368	3952	-1859	976	-392
-9664	-10008	3216	-1219	-29	-151
-9460	-8440	3132	-614	46	-523
-10572	-9096	3800	-776	1272	-1131
-10684	-9808	3944	-399	1559	-75
-9912	-9616	2744	51	1163	586
-10192	-9836	4468	985	2233	20
-8000	-9032	3612	499	1845	-301
-8804	-11104	3120	1222	3606	-69
-12008	-9508	4080	1672	3153	-227
-8552	-10832	3624	-196	3119	-754
-11676	-10336	3556	4166	5460	96
-13044	-9280	4388	2763	1652	823
-9096	-10812	3600	2039	3125	-381
-12836	-9592	3272	2616	2372	532
-9688	-8540	-504	77	-1560	1728
-13252	-11640	4860	1039	2005	832
-16104	-8092	1580	195	-1211	1499
-9240	-8888	2548	-1851	-2946	2951
-11360	-9600	2780	1001	3045	3328
-16364	-7360	3044	271	494	4032
-10756	-9904	2748	1298	797	4601
-11376	-8368	2592	3812	5521	4825
-14240	-7368	3804	4378	3397	5926
-12696	-6900	3792	3797	2048	6466
-13520	-6668	3496	2516	3283	5990
-15188	-8492	4412	865	3725	6462
-14472	-8372	4276	2108	3676	5374
-15168	-6112	2144	1929	3581	4774
-15264	-7336	3092	4677	2077	4713
-14252	-5528	2900	8349	1962	4647
-17340	-5540	4396	8934	3218	6379
-17848	-4800	3880	11077	798	7439
-16412	-4660	4380	9572	909	7130
-17396	-3732	3308	5750	1105	6192
-19684	-3372	4788	3460	699	4845
-17836	-2700	3864	-349	-885	3124
-15856	-3372	3344	-2638	-446	1368
-15572	-3980	3936	-4375	801	888
-17204	-4892	4340	-3174	440	1173
-15580	-3952	2980	-3001	-1731	1215
-14952	-5268	3832	-2047	-1306	1299
-14900	-3856	3512	34	-1084	673
-15024	-4052	2980	-1198	-135	32
-15396	-3928	3552	-1471	-115	-521
-14776	-4392	4400	-741	268	-758
-14760	-3228	3212	-1127	106	-1101
-15148	-3488	3332	-1779	-381	-1108
-14296	-3496	3664	-1103	-341	-899
-14780	-3276	3496	-338	274	-566
-14124	-3432	3104	-681	-287	-362
-14284	-3716	3188	170	205	-30
-14556	-3280	3460	467	-29	-10
-15156	-3152	3124	144	-56	5
-14944	-3148	3480	-530	-22	232
-14980	-3664	3308	74	886	385
-14948	-2920	3012	-267	274	419
-14956	-3492	3396	237	246	460
-14996	-3848	3600	52	680	517
-15472	-3596	3488	522	674	557
-15100	-3372	3132	288	690	526
-15756	-3536	3588	41	564	194
-17048	-3740	4112	207	1093	85
-20000	-3256	4404	-115	1291	134
-17620	-2536	2900	-2023	-1449	-547
-14316	-3996	3684	-2702	331	-2088
-17212	-3384	3756	-2688	1382	-3095
-17220	-4876	4288	-3322	27	-3339
-14672	-4760	4380	-1774	-895	-3396
-14628	-4276	3792	-1242	627	-3367
-17516	-5144	4300	-273	-13	-3267
-15212	-4932	4220	257	-1301	-3645
-15192	-5552	3264	-305	1303	-5043
-18292	-6084	2992	-841	846	-6122
-17916	-5096	2604	-2621	-1203	-6935
-16612	-6312	2732	-4251	-1231	-7852
-16804	-6832	1796	-6256	-87	-8351
-18324	-7952	2212	-7778	-1836	-7918
-15072	-5348	2948	-6368	-4089	-7736
-14968	-8304	1568	-7790	-1408	-7843
-16340	-9024	1736	-6975	-2907	-7062
-14828	-10332	3972	-6909	-4475	-5186
-14420	-6888	3064	-4743	-3744	-4871
-16056	-8600	2972	-6330	-5598	-4233
-15196	-9676	5028	-6369	-7974	-2325
-13956	-9004	5404	-6725	-10473	106
-9200	-6396	2532	-8615	-12096	934
-3912	-7584	388	-8435	-12514	2603
-428	-7712	64	-5166	-7710	3710
-1248	-9164	1488	-2693	-1677	3970
-1688	-9196	1884	1101	4082	2080
-5652	-8740	1852	4273	6206	126
-6964	-8280	3328	6570	4328	-771
-9368	-8820	3512	6719	2481	-2698
-12644	-7680	2192	3388	574	-4575
-14496	-9108	1180	582	-2530	-3499
-12896	-8896	3648	-3946	-2925	-1900
-12808	-9976	5276	-4423	938	-2129
-14688	-11040	4420	-2883	1902	-1167
-13620	-10752	4980	446	719	-767
-14316	-8372	4568	2260	309	-2186
-11544	-7508	3740	1515	-1298	-1288
-13084	-9576	3216	154	-759	122
-12736	-8616	3480	-3352	-2292	1314
-9936	-11988	5048	-3359	-17	1472
-10820	-11576	4596	-2535	1047	819
-11336	-11720	4864	450	-75	390
-10692	-10752	5376	1364	149	-458
-11184	-10244	4808	2608	141	-1163
-12196	-9184	3956	1391	-499	-610
-11800	-9268	4356	-131	-973	128
-11664	-9572	3868	-1096	151	-38
-12356	-10088	3052	-1855	-157	256
-11216	-10872	3440	-438	116	429
-11436	-10216	4164	-34	1256	-427
-11848	-9216	3520	169	1640	-963
-12468	-9776	3420	-335	574	84
-12456	-8940	4356	-1535	315	207
-11252	-9652	3688	-1770	-3	613
-10464	-10496	3880	-2475	403	1082
-10108	-10924	4936	-768	863	644
-9240	-10104	4032	376	1247	-374
-9316	-8700	3480	1183	1063	-830
-8832	-8032	2812	682	422	-758
-7968	-9688	3576	-941	1553	-806
-11772	-9108	4420	587	2676	-264
-11912	-9092	3824	-525	1247	518
-11820	-10500	3880	1955	2785	461
-12876	-8116	4320	3163	1776	1061
-10768	-9672	3856	2244	1712	1767
-11876	-9804	3276	4475	2663	1728
-11320	-8068	2408	2598	828	1940
-10676	-10200	2492	1363	1700	2044
-10920	-9156	2488	1401	1745	1615
-10524	-10308	2584	11	3030	1051
-12832	-9660	1448	1341	3127	1266
-10892	-8452	1796	1196	759	1600
-9492	-10628	3520	1066	4560	670
-15076	-8684	2616	6112	4752	831
-11572	-7672	3564	4261	1136	1958
-11780	-8216	3588	7572	3663	1628
-15684	-6176	3044	7975	1683	2438
-10504	-6416	4004	5541	-457	3840
-8672	-8508	3012	6104	5490	4066
-16736	-6464	2840	7380	6500	4896
-16408	-6300	3628	4593	-444	6887
-11780	-8656	4656	4605	1381	7693
-15892	-7132	4600	7250	4709	8172
-18660	-5264	3272	4042	2163	9234
-16732	-5652	3732	2862	838	9465
-16460	-4116	4544	-180	2519	9213
-18592	-5136	5228	-1365	3104	8182
-18696	-3728	3400	-2765	401	6374
-17176	-3956	3548	-5645	-467	3911
-17580	-4912	4428	-5886	-252	1826
-16728	-4128	4000	-4806	-231	719
-15940	-5060	3720	-3666	370	273
-16272	-4600	4216	-806	350	-433
-15412	-3704	3492	598	-556	-1083
-15380	-4464	3812	2677	20	-1430
-15188	-3172	3668	3391	578	-1541
-15364	-3340	3176	2553	803	-1247
-14712	-2608	3136	2017	157	-1001
-14692	-3260	3732	1427	131	-545
-15104	-2524	3432	1369	-356	171
-15000	-2996	3396	-327	-683	896
-15164	-3204	3572	-807	-1055	1033
-15236	-4028	3608	-1698	-471	834
-15592	-3864	3640	-1840	-650	480
-14688	-3416	3476	-1613	-582	58
-14868	-3692	3732	-571	-229	-244
-15084	-3232	3872	554	-173	-172
-15044	-3336	3240	612	-172	52
-15180	-3316	3296	176	-398	279
-14952	-2860	3744	-317	-466	375
-15380	-3212	3756	-535	-46	447
-15364	-2992	3416	-692	-450	166
-15088	-3608	3860	-771	-207	-51
-16060	-3592	3864	-442	46	177
-15700	-3588	3612	-813	175	-136
-16604	-3288	3212	-1321	747	-968
-16684	-4256	4180	-1438	687	-1646
-16620	-4564	4060	-1471	1539	-2990
-17948	-4256	3736	-2072	866	-4346
-17180	-5232	4856	-749	175	-4509
-16388	-4144	3864	-1299	1011	-4283
-16888	-4944	2940	-2156	440	-4846
-15032	-3504	3708	-2120	-700	-5429
-14780	-5320	3884	-2380	716	-5781
-16820	-5932	3164	-4300	438	-6174
-16108	-7228	2996	-5425	-1833	-5616
-13884	-5296	3852	-4333	-1911	-5665
-15200	-6964	2720	-5963	-402	-6062
-15504	-7208	3220	-6172	-1937	-6073
-14876	-9000	3236	-5310	-2101	-5845
-14728	-7168	3372	-3238	-1724	-6185
-15460	-7016	2660	-4040	-1346	-6556
-14988	-9180	2404	-3714	-1730	-5835
-14192	-9564	3192	-4106	-1367	-4651
-14892	-8788	2880	-3722	-1608	-3955
-15772	-10624	4156	-3062	-1633	-2581
-16084	-9304	4544	-2740	-3708	-1704
-10796	-8212	4800	-3573	-6048	-1350
-8192	-7904	2408	-3349	-5831	-601
-8340	-8672	2592	-2566	-6888	978
-8736	-8216	2176	-3575	-7513	1245
-9028	-9868	2408	-3244	-6870	596
-8612	-9812	2684	-1545	-5344	752
-7732	-8920	2904	-1110	-3253	178
-5508	-7332	2804	-202	-2371	-646
-3736	-7820	2124	237	-214	-390
-5524	-6944	2464	1418	2303	-1163
-8612	-8416	2204	1162	2945	-1761
-11700	-9460	3396	1426	2008	-1946
-13792	-10080	3248	-60	127	-2417
-14448	-9328	4104	12	194	-2069
-13572	-9488	4224	-1876	-533	-1155
-12460	-9556	5184	-1188	521	-1319
-13488	-7056	5516	-925	51	-1143
-12096	-8664	3272	-568	-2173	472
-12476	-9120	4880	1439	-2314	844
-11216	-10936	5472	1541	-84	1235
-12008	-11480	3412	1374	1154	1597
-9700	-11144	3180	1036	821	1549
-11100	-9916	3916	902	3213	140
-12596	-10692	4084	-1857	1143	-486
-11400	-10812	3748	-1727	1180	-596
-12452	-9432	4460	-2968	214	-826
-10744	-9780	4916	-2661	1425	-1025
-12964	-9548	4344	-1438	1865	-883
-11876	-8728	3756	-619	-423	-577
-10212	-10224	4048	3466	-282	-397
-10324	-8300	4788	3548	208	-373
-10324	-10376	4004	4029	723	-6
-11120	-9344	4180	3752	1620	593
-10320	-8076	3352	1761	852	272
-10352	-7788	3636	-208	1511	274
-10392	-7124	3312	-2607	1134	1308
-8684	-7812	1664	-4275	-171	1796
-7716	-9376	3696	-3380	2120	1653
-12336	-10332	3020	653	3567	1563
-12228	-9788	4380	1643	2397	1717
-12504	-11548	4364	3447	2561	1771
-10200	-9268	3916	5120	2088	1243
-12108	-9508	4324	3794	4170	910
-13568	-8756	3948	3013	2183	1774
-10708	-10436	4188	-447	2947	2207
-14800	-9408	4372	1555	3684	1814
-11824	-6508	2116	-700	-371	1980
-10344	-11156	3908	202	2606	2018
-15368	-8960	2964	3041	2160	2043
-11184	-7588	2052	-462	-1112	2202
-10492	-10220	2772	503	3127	2189
-16240	-6796	1572	4031	1040	3657
-11696	-5984	3384	861	-2322	5156
-10976	-8288	4052	2344	3356	5544
-16256	-5788	3768	1832	2540	7137
-16048	-6000	3180	-634	-713	9854
-17900	-6700	3184	681	1709	11060
-19208	-5572	5568	1763	1274	9526
-17516	-6320	5084	3056	2674	6209
-17544	-5484	4644	3734	2178	3717
-17428	-5856	5164	6106	2136	1951
-17288	-3184	4296	5766	943	1099
-15756	-3496	3384	2278	315	1341
-15104	-4532	3876	1981	923	1985
-16452	-3572	3684	1352	779	2501
-15624	-3936	3728	-815	-953	2296
-14804	-4588	4388	-29	-672	1433
-15276	-4320	4132	488	-347	550
-15480	-3692	3600	-186	-630	-294
-14728	-4160	3832	-376	-1001	-245
-13756	-3984	3472	208	-406	-13
-14940	-3488	3168	-464	16	202
-15252	-3648	3248	-715	-817	481
-14196	-3692	3668	-788	-754	594
-14524	-3608	3112	-736	-334	519
-15300	-3144	3196	-1192	-574	302
-15356	-3784	3888	-1301	-775	339
-14072	-3388	3704	-908	-662	-165
-14644	-3712	3316	-788	78	-363
-15080	-3660	3320	125	-207	-78
-14684	-3412	3108	269	-302	-15
-14844	-3892	2992	-719	-511	164
-14972	-4088	4040	54	-624	290
-15056	-3436	4192	-1310	192	-160
-15420	-4136	4332	-1667	880	-1320
-15880	-4136	4988	-159	1523	-1892
-14836	-3460	4136	-19	1077	-2430
-16124	-3900	4680	-48	726	-2345
-15304	-3876	4980	1206	76	-1777
-15148	-3580	3952	196	1216	-1484
-17188	-4312	3200	-827	784	-2188
-17576	-4792	4608	-968	-5	-3263
-18260	-6124	3516	-1922	911	-5082
-18764	-4220	2640	-3015	-1640	-6374
-14884	-5980	4792	-3732	-1546	-6015
-15200	-5312	4264	-2301	1651	-6539
-16892	-5808	4008	-3342	223	-6640
-14208	-7208	5276	-172	-824	-6317
-14572	-6012	3660	274	366	-6858
-16440	-6916	3384	-525	-1066	-7185
-16484	-7148	3740	-1937	-1645	-6796
-16060	-7816	3572	-5594	-2376	-6853
-15300	-8880	3864	-7401	-2421	-7691
-17368	-9808	3408	-7001	-2938	-7374
-15192	-9292	3816	-8339	-5178	-7072
-11884	-10040	3968	-8072	-3905	-6885
-11820	-9468	3508	-5619	-3136	-5630
-10960	-9988	3808	-5740	-3548	-4815
-10096	-9836	3000	-5097	-4208	-4638
-9248	-10136	2672	-4523	-5718	-3386
-9884	-10792	2816	-4192	-6067	-1906
-11824	-9448	4196	-2544	-6616	-974
-9536	-7992	4220	-3153	-7467	121
-5820	-7876	2232	-3446	-5601	2016
-5824	-7844	3264	-2582	-3412	3497
-4464	-8492	2028	-2812	-2092	3425
-2020	-11020	932	-1100	-1525	2362
-1900	-9996	-1736	643	-315	-629
-5724	-9824	396	2339	1467	-3472
-9060	-10868	2116	92	2190	-4344
-12240	-11788	1448	497	2431	-4082
-14920	-11176	5972	-158	2092	-3380
-12932	-10360	5788	-1484	2256	-2204
-14040	-11844	5896	-1353	1064	-931
-12748	-11884	6196	-377	103	-665
-12224	-11284	4676	-159	-1164	-260
-10856	-12208	4784	512	-614	451
-10924	-12100	4032	349	-961	571
-9844	-11432	3352	111	-914	-128
-9076	-10676	3544	171	-447	-47
-9940	-11956	2992	139	-10	-46
-10884	-11616	3868	60	-4	-665
-9864	-11208	3076	-436	542	-900
-10656	-10576	3000	-303	-256	-660
-10312	-11672	3872	-562	136	-234
-11448	-11488	3768	-275	470	-290
-10744	-10904	3656	107	1519	21
-9464	-11652	3904	-714	1598	148
-9756	-11324	4312	-1133	1557	-428
-10116	-12052	5012	-748	1080	-443
-11556	-12420	4676	-578	487	-697
-10560	-11092	4444	502	-574	-915
-10576	-10088	4400	872	-205	-598
-9472	-9932	3728	581	-117	557
-8980	-9164	3376	722	559	868
-8240	-8344	3656	622	1259	1007
-9624	-9652	1512	147	2383	1756
-9320	-9936	2092	-419	323	2116
-6928	-11156	3924	-136	1448	1499
-8980	-10044	2552	569	2719	1489
-8040	-9712	2440	-2026	1026	2030
-9268	-11808	2684	-249	3466	2158
-11912	-9144	2972	1500	1815	2518
-7696	-10500	4132	-509	2568	2344
-13020	-12484	2156	3548	5201	2740
-12208	-9036	3192	3904	506	3235
-7628	-10036	3564	1804	2650	2671
-14224	-11188	1872	5118	4108	3138
-12716	-6820	1916	2426	-1307	4223
-6344	-9192	3448	-647	1069	4817
-12232	-10720	2516	2913	5698	5207
-16016	-6580	1280	2342	244	7110
-9940	-9680	4356	-1347	-642	7793
-11968	-10460	4784	2436	3877	6832
-16968	-7568	1668	4479	1693	7528
-15948	-9484	5188	6940	-815	6689
-15516	-7168	6364	7335	1199	6457
-16676	-9156	5740	5422	2477	7338
-14768	-6792	5528	6010	3390	6969
-15688	-4652	4084	4182	6001	6855
-19304	-4552	3852	4222	3229	6192
-15764	-4104	3844	3471	-1375	5823
-13912	-4308	4832	2227	51	5679
-17480	-3164	3968	1756	1253	5479
-17560	-4200	3736	-181	-1015	4776
-14868	-3816	3952	964	-1065	3300
-14948	-3344	4776	811	-151	2566
-17356	-3844	3808	1638	202	2498
-16692	-3212	3628	893	-1429	2575
-14540	-4024	3556	-254	-254	1998
-15940	-3888	3420	-846	1161	1273
-16876	-3388	3776	-1213	9	766
-15112	-3992	3908	-1576	-502	244
-14688	-3440	3204	-2105	-95	-576
-16168	-4108	3764	-2401	349	-982
-15728	-3708	4568	-1535	-172	-1149
-14400	-3736	4260	-1278	434	-1311
-15344	-3540	4060	-292	640	-1549
-15364	-2740	4180	148	-621	-1483
-13792	-2564	3792	-807	-409	-1380
-14960	-3040	4288	-613	294	-1100
-14964	-2280	3424	-808	52	-534
-14976	-2968	4064	-1763	-489	162
-14356	-3408	4264	-829	-492	591
-15248	-3268	3712	-795	-390	578
-14792	-3848	3700	-954	-715	209
-14612	-3676	3996	-903	30	25
-14952	-3808	3588	-506	258	-109
-15552	-3524	3476	-621	64	-381
-15548	-4268	3672	-998	220	-774
-15840	-3880	3996	-484	747	-1343
-16448	-3988	4000	-1528	1091	-2157
-16216	-3956	3768	-1775	1073	-3156
-16764	-4432	4024	-1757	1267	-3904
-17464	-4636	3552	-3082	1080	-4939
-18264	-5064	3728	-4151	-544	-5274
-16308	-6208	5032	-1366	-1234	-5670
-17328	-3780	4516	-2047	82	-5505
-18924	-6864	3928	-794	-132	-5043
-14264	-5104	3360	-2480	-996	-5951
-15124	-6824	4544	-2668	1314	-6977
-16172	-5652	3656	-1421	135	-6911
-15104	-6976	2844	-2695	-168	-7546
-16028	-7104	3288	-3012	-263	-7664
-15288	-7848	3372	-4533	-492	-6989
-13724	-8620	3660	-5233	-952	-7129
-14248	-9204	2968	-4088	-472	-7454
-14712	-9772	3360	-4407	-1784	-6639
-12612	-10104	2956	-4394	-2957	-6075
-11672	-8660	2484	-2992	-2872	-6025
-12348	-8760	2440	-3976	-2299	-5092
-13332	-10040	2112	-5943	-2918	-3695
-12800	-10260	2792	-6733	-5168	-2358
-11836	-8472	3136	-6226	-6614	-1493
-10192	-8236	2404	-6950	-8760	394
-7416	-9092	3496	-6231	-9152	1266
-8676	-9216	4612	-4659	-8687	2270
-6960	-9348	4556	-3375	-8478	3982
-5584	-9200	2932	-1383	-5798	4462
-4368	-9668	2696	1429	-2953	4549
-5968	-9464	1300	1520	-223	3872
-7044	-9252	2612	2355	544	1767
-8640	-8840	1320	529	1137	-290
-11408	-11364	2100	815	-22	-1430
-11620	-10948	3068	-759	216	-3232
-14024	-9692	4276	-516	807	-3108
-12068	-9240	4308	-1747	-610	-2233
-11424	-9472	5028	-271	1474	-1260
-12724	-10344	5996	-277	904	-1000
-11928	-10204	4124	-287	-379	-1324
-10596	-10724	4200	-329	-1167	-349
-11580	-10624	5708	42	528	-752
-11552	-10344	3476	-1138	-61	-1309
-10420	-10512	3080	288	-162	-371
-10884	-9956	4108	-103	268	-425
-11072	-8968	3836	-161	1546	-1104
-10948	-11168	3524	-505	665	-13
-11356	-10956	3616	-197	678	83
-10544	-9752	4440	-1327	1055	-1058
-11316	-9604	3128	-1597	2647	-1253
-13704	-10804	2008	-1499	455	282
-9396	-10728	5248	-1067	1055	1240
-9872	-11512	5208	-1031	4201	86
-10836	-10420	3056	-47	2000	-338
-9076	-9456	3460	550	365	-551
-9676	-8920	4876	691	1238	-802
-9860	-8908	3872	-157	1332	-120
-9268	-10216	3504	862	1894	1047
-11060	-9696	3688	1917	2928	1132
-9740	-8996	3420	1342	2481	176
-8548	-11292	2112	1506	2614	24
-10768	-11860	1940	2048	1701	419
-8740	-9224	2812	1262	1258	-521
-9640	-9064	844	1063	2566	-545
-7668	-8964	964	99	2114	176
-11092	-11808	4004	4148	6260	1182
-13064	-10192	3344	4635	3750	2092
-6168	-10308	3136	5760	2949	2022
-11712	-11984	2404	12057	8804	1969
-17976	-5800	2848	9605	2256	3634
-8800	-11792	4396	3845	1929	4316
-12812	-9552	860	8446	6967	4368
-15472	-6148	1892	1765	563	6490
-9496	-9824	4512	904	1866	7741
-17212	-7616	2404	834	5612	9573
-17384	-6440	2252	-3553	-2591	10502
-12608	-8768	3348	856	-1006	9615
-17428	-5916	4876	2222	2993	9986
-20564	-6592	2212	3144	402	9228
-17256	-6032	4344	3857	-1261	7616
-15456	-5316	5336	4462	664	5528
-16752	-4812	4080	4387	1783	3616
-17352	-4864	5064	4099	921	2677
-15616	-4000	4588	4473	34	2263
-15316	-4348	3796	2615	-478	2740
-16292	-3816	4016	1181	-780	3127
-17020	-4604	4916	174	-669	3231
-16100	-3332	4260	-1436	-636	2091
-15856	-3944	4592	-1787	-1009	663
-15188	-4080	5068	-473	-771	319
-15148	-3284	5192	-316	-302	233
-15444	-2496	4104	-368	-1532	-47
-14380	-2892	4320	408	-1571	78
-14356	-2256	4036	34	-561	95
-15696	-3000	3736	-534	-572	236
-15512	-2552	3460	-336	-916	606
-14788	-2496	3260	-1296	-748	501
-15236	-3132	4016	-1173	-5	420
-14964	-2892	3952	-1075	-64	412
-14420	-3252	3352	-1671	-220	78
-14216	-3224	3900	-1046	-258	613
-14340	-3868	4424	-285	1253	1502
-15392	-2864	3376	-798	327	1126
-13996	-3988	4480	-715	-219	391
-14616	-3556	4704	-393	1288	-142
-15228	-3748	4244	-1022	854	-600
-15040	-3616	4288	-1057	688	-902
-15400	-3240	4484	-1166	1002	-1717
-16048	-3800	4320	-1686	972	-2343
-15548	-3660	3980	-1866	1359	-2956
-16712	-3320	3864	-2364	544	-3296
-18592	-4096	6112	-2814	-160	-3178
-19224	-3524	6260	-3801	-2017	-2716
-13744	-5588	5192	-3681	-439	-2822
-16740	-4952	5480	-2807	1741	-4131
-17556	-5540	5220	-2016	-1762	-5413
-15200	-5792	4244	-1122	-1323	-6440
-15028	-5108	3408	-1061	960	-7214
-17544	-5512	2408	-3453	438	-8878
-17964	-7328	3732	-3430	-1208	-9425
-16496	-6612	3792	-4782	-830	-9084
-15876	-8112	2584	-6976	-745	-8281
-13688	-8484	2864	-6398	-681	-7724
-13108	-7716	3032	-5110	-153	-6936
-13172	-8208	1816	-4797	-399	-5599
-13660	-9196	2128	-3855	-647	-5164
-13976	-9008	2344	-2665	-624	-5114
-13896	-8568	2316	-4316	-2190	-4588
-12964	-9432	1768	-6707	-2385	-3605
-14004	-9560	3200	-8176	-3332	-2428
-12032	-10056	2628	-9585	-4523	-1822
-9972	-9384	4240	-7843	-5402	-1245
-9264	-10076	3976	-6315	-5011	309
-9292	-10528	4760	-3430	-5827	1734
-8228	-12760	5432	-2189	-4216	1609
-8060	-14016	2476	-182	-3228	782
-7764	-13180	888	974	-3624	674
-3552	-10080	-356	488	-1537	-628
-3496	-6856	-1932	-825	3238	-3441
-1336	-9144	-1012	-3735	3296	-4311
-3656	-9680	-724	-1522	4564	-6981
-9188	-7128	4824	-621	3053	-8589
-12416	-10916	1388	-2028	2904	-8449
-16144	-11020	2656	-189	1412	-5764
-15028	-9852	3876	-754	1374	-2491
-14128	-10560	3468	-1147	1399	-244
-12084	-10172	2164	-1015	154	804
-13040	-10648	1796	-684	-1236	1352
-10780	-11564	2608	-1798	-2629	1445
-9552	-12576	1888	-2253	-1624	883
-9752	-13700	2312	-1656	-1203	281
-9744	-15268	2800	-203	-1375	-378
-8900	-13888	2940	1822	-1348	-1398
-9640	-12892	2144	2320	-540	-2037
-11164	-10900	1984	620	-839	-2444
-10340	-10664	2052	-1078	-1590	-1425
-9516	-11440	2100	-1310	-704	-253
-10224	-11048	1924	-1638	166	-390
-9280	-11780	2032	-518	245	-450
-9268	-12400	2092	97	-167	178
-9528	-11492	2444	-405	-682	-382
-8096	-12080	2272	-1275	81	-671
-8304	-12184	2396	-1364	875	-441
-8028	-11220	2212	-603	1467	-1129
-6436	-10172	1748	871	1125	-1914
-6192	-10272	1496	1961	-312	-2194
-6584	-10448	1464	1880	-518	-2214
-7484	-11528	636	-378	380	-1485
-8844	-12764	1112	-853	2575	133
-9196	-11184	1684	-1119	3530	1166
-8868	-11296	1820	-4	4778	1585
-8784	-10764	-228	2382	3373	2043
-5988	-11524	3092	2312	3785	2138
-12180	-14792	2060	3974	6602	2830
-11924	-10340	1240	5096	2106	3842
-6104	-9872	2000	431	3996	4315
-9712	-12800	-1432	1549	7506	4837
-12468	-10924	-412	3195	2914	6582
-9332	-12032	4356	-329	2717	6476
-10780	-11772	2260	1444	4690	5977
-13340	-11004	-3880	1968	3528	7458
-16308	-12472	1020	3870	1216	8124
-13752	-9216	4468	2611	826	6748
-13636	-11356	3520	1859	4161	6108
-14628	-8948	1720	5336	4902	6505
-15252	-6072	996	4804	2233	6607
-14724	-7824	4052	4088	264	7405
-14844	-7276	4352	6640	517	7762
-15928	-5708	1584	4095	700	7885
-17912	-5908	2700	2579	-373	8434
-18332	-6428	5680	4459	-1675	7923
-17156	-5328	3828	4161	-2424	6939
-16916	-7780	3912	3091	-988	6035
-17560	-6052	4080	4465	-2321	4123
-15196	-5688	3816	2321	-3254	2898
-13952	-5752	3396	1254	-1332	2224
-15296	-4212	2416	-1180	210	1873
-16584	-4852	2168	-2568	-553	2205
-15636	-5288	2888	-2837	-1975	2867
-14404	-5204	2276	-3564	-1127	2781
-16296	-6444	3412	-2200	-14	2798
-15068	-5736	2708	-29	-1205	1815
-12836	-5128	2128	153	-923	484
-14460	-5584	3792	1736	719	132
-15168	-4684	3332	788	467	-35
-14032	-5364	2640	-247	419	-183
-14136	-4836	3276	-605	1152	-326
-15564	-5156	3384	-1555	1140	-527
-15056	-5060	3240	-844	414	-1092
-14668	-5108	3344	-889	919	-1164
-14920	-4708	3248	-459	940	-1621
-15344	-4796	3392	-148	1050	-1765
-15260	-4376	3448	-709	1132	-2227
-16824	-4904	3348	-1570	1444	-3057
-16932	-5352	3984	-1506	387	-3742
-16116	-4804	3688	-2121	637	-4025
-17100	-5724	1996	-5156	861	-3817
-16872	-6300	4388	-6981	-576	-4160
-16616	-6396	3796	-6124	874	-5200
-15460	-5792	2348	-4326	150	-5594
-15352	-7252	2756	-4876	1391	-5455
-16544	-8604	4516	-1020	-309	-5363
-13536	-6068	2988	2691	-889	-6134
-14288	-7576	2532	1075	1577	-7019
-16368	-8416	2836	1984	628	-7055
-15424	-8188	2924	265	-74	-6824
-14684	-7916	2252	-1902	-29	-6740
-15256	-9172	1684	-2689	-844	-6946
-13536	-9336	1080	-3177	-1693	-6971
-13228	-10936	1760	-2548	-1789	-6106
-12636	-10140	1532	-2122	-2217	-5274
-11712	-10992	1952	-2458	-1086	-5194
-11416	-9192	932	-2691	-470	-5331
-11492	-10112	1000	-5167	-1266	-4982
-11092	-11084	1244	-6000	-1519	-4119
-11644	-11508	1324	-6248	-1415	-3416
-12112	-11236	940	-5906	-2047	-3260
-12092	-11548	2328	-5387	-3351	-2859
-16004	-12440	3204	-5153	-6436	-1769
-16080	-11560	3472	-5986	-11926	932
-8244	-8596	4436	-6617	-13225	1373
-4288	-10472	2556	-5665	-11159	2561
-4028	-11416	1812	-3310	-10270	3328
-2832	-13184	2056	1163	-6832	1844
-2560	-9980	-216	3808	-2314	-496
-2692	-7908	-1136	5280	-683	-1750
-5196	-7404	-552	5290	979	-2298
-10104	-6920	692	2043	2181	-2116
-10304	-9184	-136	-1362	1068	-978
-12220	-11144	788	-4090	1465	-716
-12508	-12956	4068	-3767	392	-391
-12292	-13040	4884	-3210	1914	-1762
-11588	-15296	4340	-1234	639	-1702
-10484	-13052	4908	236	-535	-1986
-10372	-11292	4820	-430	-96	-2375
-9988	-12696	3888	-670	191	-1670
-9728	-11788	2484	387	55	-1625
-9116	-10356	3184	440	-154	-1281
-8576	-11156	2044	158	453	-981
-10776	-11864	2776	498	1756	-501
-10904	-13064	2912	425	1572	-334
-10900	-11960	1848	-545	826	-1003
-10368	-12204	2372	-1311	650	-661
-10288	-12356	3468	-2071	741	-68
-9368	-12372	3468	-1244	1343	-276
-9400	-11836	2592	151	1041	-66
-9880	-11984	4020	744	789	-35
-9384	-11428	2776	273	334	-496
-7996	-11396	2232	-156	72	25
-7864	-11628	2888	13	1181	649
-7256	-8820	2428	563	2060	1131
-6612	-8056	2960	310	2136	2397
-10240	-9792	3044	2129	3864	3369
-11772	-9776	2596	1105	2294	3858
-8808	-11612	1532	379	2135	4277
-10916	-12144	912	1962	2661	4009
-11268	-9140	1792	484	1057	3612
-8960	-12280	1568	-21	2918	3133
-12184	-12336	-284	1353	3925	2904
-10776	-9792	2316	779	1092	3299
-8988	-12336	1984	1188	3882	2666
-12360	-10244	608	2900	3349	2974
-10968	-10552	2884	1591	1251	3664
-9196	-10360	1244	3338	3357	3077
-12584	-9500	1228	5040	1843	2906
-9584	-9232	2392	3697	-270	3226
-9108	-11324	2232	2827	3703	2363
-13932	-8996	1248	4968	2235	3195
-11876	-7832	968	1768	-1224	5196
-9236	-8904	2548	3229	1470	5720
-12356	-8456	3884	2357	4233	6194
-15448	-11144	2760	1554	2607	7103
-14556	-10348	4312	2907	1157	6784
-13112	-7764	4136	5386	2494	6030
-15988	-5892	2132	6388	1916	5027
-16824	-5948	3772	5710	-26	5002
-18660	-5668	3964	4679	1471	6388
-17568	-4828	3360	3111	793	7609
-19076	-4516	3872	1066	887	7486
-20984	-4796	4384	532	-1763	7252
-16720	-4712	4300	-493	-2404	7219
-15572	-5420	4096	-347	207	6182
-18012	-4372	3888	-879	-445	4495
-16328	-4620	4340	-404	-2630	3312
-14220	-4488	4552	948	-1340	2425
-14692	-3984	2836	968	363	2437
-16376	-3104	2972	1184	-278	2912
-15364	-3312	2952	-900	-2324	2686
-14000	-4204	3816	-696	-1196	1901
-15292	-3008	3436	-32	1033	758
-16672	-3184	2664	-1717	376	-70
-15188	-3800	3784	-754	-887	-255
-14812	-3072	3452	-247	175	226
-15072	-2900	3436	-1417	-92	428
-14664	-3944	4012	-428	-184	214
-14652	-3168	3752	-353	-182	-183
-14480	-3456	3684	-348	264	-137
-14624	-3748	3752	422	-175	-84
-14188	-3660	3804	-171	-178	-656
-14892	-3672	3828	-17	29	-826
-14652	-3228	3612	-840	184	-597
-14368	-3592	3384	-1024	516	-480
-15580	-3632	3864	567	375	-350
-15236	-3188	3764	531	249	-300
-15320	-3260	3820	1209	591	-479
-15476	-2516	3684	1712	544	-290
-16064	-1760	3888	-934	491	-472
-16164	-3080	4120	-1848	607	-515
-16036	-3284	3840	-1440	1665	-1210
-17680	-2924	3732	-3946	3036	-4070
-19132	-4968	4664	-2223	2424	-7075
-17432	-4692	3500	1706	2980	-6101
-19488	-3808	2760	-63	1905	-4923
-15488	-4976	4748	1628	-821	-4173
-13480	-5112	2888	3408	2915	-4172
-18332	-6204	3748	1353	2001	-5384
-18508	-5868	4228	-863	-891	-5991
-15252	-6228	2984	-4505	-636	-7458
-15448	-6388	1996	-6085	560	-8868
-16636	-7008	1460	-8167	-967	-7714
-13376	-8220	1832	-8227	-2913	-6344
-11768	-8468	1232	-6457	-1604	-5885
-12868	-8824	996	-4538	-950	-6196
-12820	-9632	1732	-3178	-746	-6082
-13904	-9940	1432	-2852	188	-6327
-15040	-9368	2656	-2257	-195	-6629
-19236	-7536	1904	-3028	-252	-7986
-19572	-7052	2168	-7958	-6003	-6804
-12276	-9148	532	-11974	-7349	-3345
-10540	-9320	1652	-11862	-5358	-1124
-12808	-11456	3040	-10785	-5411	500
-10192	-13288	3652	-8290	-6654	715
-7676	-11484	3924	-2599	-6640	1260
-5060	-9724	2244	-1867	-6418	1427
-3320	-9768	1236	128	-6180	1078
-3944	-8804	576	1006	-4594	-382
-4768	-9352	780	1260	-3530	-1772
-5776	-6932	-1928	1326	-2001	-3206
-8392	-4372	-372	315	-106	-3146
-7920	-5048	-616	-2661	1727	-1728
-9628	-7316	-472	-3444	5441	-702
-16524	-9940	56	-2762	5415	34
-14276	-14044	3132	-634	2479	1655
-11980	-14496	3548	392	3057	581
-13492	-12136	4112	1831	2713	-790
-12232	-10700	4380	1026	1043	-1092
-12356	-10184	4056	-987	152	-1798
-11828	-8624	2120	-1984	-480	-1347
-12300	-10704	1876	-1142	-2423	172
-11284	-11424	2272	-624	-1171	424
-11832	-11804	1696	209	1049	-163
-10492	-11092	424	818	705	-212
-11028	-10688	2028	535	262	-388
-10184	-10260	2836	-653	1799	-1101
-12496	-10456	1788	-496	970	-1409
-12300	-10432	2644	-932	63	-965
-11908	-10712	2616	-787	360	-615
-11272	-10792	2532	-1096	-346	-467
-9424	-10816	2064	-601	262	-292
-10804	-11076	1788	651	6	-936
-9732	-10680	2432	1223	346	-1460
-9436	-10344	2132	1561	529	-1274
-8480	-8016	1080	1452	945	-1046
-9412	-7596	1108	1235	1571	-350
-9108	-7968	2008	-50	1196	767
-10588	-10568	1868	79	2858	1874
-12288	-10216	1588	1252	2861	2513
-10008	-10316	2336	1135	2341	2123
-9948	-12288	1636	3821	3394	1837
-11100	-9580	1208	4633	1766	2014
-9104	-10144	1996	2651	1962	1517
-12808	-10120	1108	3571	3182	1862
-11336	-9680	1316	-246	1190	2723
-12904	-13036	1848	615	3331	2515
-14696	-9548	2304	831	2095	2535
-10744	-11336	1848	121	3383	2079
-15128	-11232	1600	3024	4563	2255
-13472	-9608	2328	2083	755	3046
-9816	-9808	364	2359	1984	1831
-12616	-9300	908	2754	3115	1747
-15084	-8508	1552	1355	311	3210
-11696	-9412	1812	872	678	3494
-11656	-9112	656	2125	2917	2738
-13856	-9152	2004	3029	1418	2916
-11588	-8232	2356	2944	-187	3565
-11764	-8764	1732	-2769	177	4169
-13564	-9568	748	-5548	137	4481
-15568	-9288	744	-5862	-156	4265
-14940	-9228	3444	-2769	-1370	4269
-13648	-9144	3060	1775	69	3735
-14380	-7300	2576	7550	825	3235
-15016	-6752	4168	8827	1237	3358
-15396	-6016	3320	7953	781	3643
-14800	-5708	2896	3978	53	4274
-14224	-5408	2424	1476	85	4942
-15920	-4032	3016	22	-63	5944
-17812	-5384	3700	978	-1182	6931
-16448	-4368	3200	2815	-2690	6179
-15820	-4356	3672	3783	-1987	5285
-17396	-3396	3352	3505	-769	5017
-17480	-3848	2268	1458	-2302	4974
-15932	-3932	2596	177	-2044	4086
-16728	-4548	2612	-1227	-772	3723
-16612	-5408	2476	-1450	-2229	3378
-14288	-5288	2956	393	-1965	2628
-14244	-4692	2652	1279	-243	895
-15440	-4552	2624	1012	76	-470
-15636	-4360	2932	757	-92	-1119
-14808	-3364	2536	-312	366	-1126
-14836	-3764	2848	-841	392	-735
-14940	-3444	3276	-944	603	-850
-15192	-3776	3268	-858	373	-1126
-14564	-3496	3428	-481	552	-1102
-14756	-3360	3076	-40	903	-961
-15284	-3728	3540	402	785	-737
-14852	-3524	3200	304	611	-552
-14464	-3200	3296	-74	430	-373
-15260	-3668	3752	197	933	-45
-15180	-3268	3280	-907	366	-409
-15444	-4220	3408	-1117	269	-460
-15232	-3840	4088	-806	665	-108
-15372	-4276	3568	-771	1245	-507
-16308	-5060	3420	108	439	-553
-15016	-4396	4180	1078	-104	-1020
-15124	-3068	3340	-238	728	-1984
-16424	-3936	4152	-730	17	-1830
-16404	-3124	3932	-1835	-208	-1634
-15192	-4260	3692	-2571	-493	-1437
-15304	-4416	3212	-1877	778	-1351
-16780	-5324	3748	-1701	-275	-2100
-15192	-5628	3472	-1006	-654	-2936
-15364	-4988	3296	-1167	905	-4540
-17200	-5724	2036	-3011	445	-5021
-15876	-6296	3048	-3202	71	-4607
-16420	-4828	2840	-4761	570	-5689
-17584	-4924	2500	-5237	-673	-6970
-16948	-5840	2388	-5249	-672	-6784
-16640	-7108	2512	-6867	-942	-6787
-15844	-8196	2732	-6423	-689	-6761
-14804	-7744	1548	-4403	-266	-5899
-14264	-9120	2100	-3686	-274	-5580
-14188	-10348	2152	-2657	56	-6563
-13852	-9716	2636	-904	660	-6496
-14024	-8592	1344	-2555	305	-6079
-13324	-8392	2616	-3395	-2816	-4829
-12292	-8872	2944	-6015	-2419	-4560
-14752	-9840	3116	-8404	-3204	-3975
-14480	-10108	2048	-10663	-4795	-3939
-14372	-11916	1908	-8368	-6169	-4010
-10296	-10272	4016	-5924	-6287	-4430
-11864	-10688	2804	-4695	-5119	-4373
-11176	-12512	760	-4158	-9409	-4169
-9000	-11764	196	-933	-10970	-3973
-5224	-6424	1572	-1788	-9133	-2733
-3764	-8040	-148	-2699	-6000	-1195
-3324	-8044	564	-942	-3316	-581
-3276	-7444	928	1605	-935	-432
-5092	-6772	-2236	4049	677	-1115
-7320	-6200	-1784	2534	1987	-609
-9660	-9904	-880	-466	3582	423
-12904	-11164	72	-3238	5051	849
-11912	-11604	2528	-4404	4414	853
-12712	-13936	3424	-4566	3459	553
-11912	-14492	6392	-2334	2328	-404
-10584	-13512	5172	223	1762	-1668
-10876	-12940	4648	2464	608	-1998
-12288	-11424	4356	3036	-158	-2025
-10984	-11524	2604	1635	-551	-1944
-11688	-11192	1604	1341	-1403	-1315
-11192	-11256	928	56	-1416	-1313
-10652	-10996	1312	-785	-644	-1076
-10512	-10872	1400	-812	208	-893
-9508	-10436	1620	-1026	-18	-412
-10540	-9588	2028	-1210	104	-115
-11944	-9548	1832	-1917	-1588	-50
-10300	-11308	1512	-2566	-2628	984
-8384	-13816	4444	-2182	-53	1915
-9576	-13040	3252	-731	2263	939
-8672	-12688	3080	1268	716	-36
-9252	-11652	3176	1515	-292	-827
-10192	-10572	3316	270	118	-1094
-10376	-10348	1744	-1287	710	-272
-9156	-11056	1176	-1419	837	501
-9364	-9832	1576	62	993	193
-8216	-10136	1028	-537	986	198
-8644	-12164	-80	-1012	1507	148
-11252	-11724	1356	-162	1567	397
-9184	-10900	1780	-1454	2587	409
-9568	-11452	1508	-185	3765	470
-11292	-10564	2480	1492	1965	836
-8584	-11032	2420	1737	2121	1038
-10792	-11076	1920	1319	3340	1415
-10860	-10616	2292	1184	2591	2097
-8940	-10776	2000	279	3832	2531
-11416	-12244	1276	664	4473	2510
-11728	-11544	1692	1685	2571	2330
-9768	-11344	1312	1550	2732	2474
-11816	-12912	556	3313	4158	2788
-12364	-9608	1504	3815	2520	2830
-9788	-9448	656	3440	3452	3169
-14016	-11964	1916	4051	4088	3252
-13556	-10360	2444	3362	991	3741
-11708	-10180	1760	1869	1126	3931
-13348	-10972	-248	-152	1977	3836
-15040	-11100	1336	-1414	143	3268
-12488	-11532	880	-1607	782	2532
-12592	-9556	1588	577	2582	2108
-12864	-8692	2136	2790	1809	3059
-11176	-7892	2948	4768	1155	4216
-11988	-8160	1760	6975	2431	4164
-13040	-7872	2732	7628	847	4472
-11604	-7848	2768	4013	1291	4479
-16380	-9292	2436	1769	2592	5064
-17476	-7260	2452	2225	-1608	5965
-13992	-5796	3192	3142	-1327	5375
-14952	-5332	2432	5016	815	5042
-17968	-5772	2084	7505	-815	6026
-15672	-2984	2356	5172	-2531	7123
-14876	-3196	2784	-1884	-1100	7489
-16964	-6944	4040	-1793	-1803	7267
-16488	-5652	3324	-3071	-2714	7304
-14532	-8332	4396	-2270	-2572	6016
-15380	-7592	3252	3347	183	3678
-17708	-5972	1668	4098	-411	2527
-15104	-4784	1872	1929	-1660	1521
-14840	-4228	1908	-1424	-623	408
-15564	-4088	2060	-4718	-245	324
-15788	-4440	1484	-6166	-537	916
-14596	-5516	2620	-4676	-397	1039
-14384	-6616	3448	-128	978	619
-13888	-4952	2592	2778	1923	-61
-15844	-4116	2476	2544	1095	-712
-14648	-3480	3488	924	266	-116
-14304	-3528	3436	-1147	1673	105
-15576	-4216	2804	-1047	1064	-189
-15132	-4252	3788	-632	-250	54
-13984	-4272	3500	19	374	-172
-15144	-4496	3644	1293	1053	-431
-14920	-3328	2808	1140	321	-595
-15468	-3536	3232	-649	6	-380
-15360	-4320	3264	-1174	185	-130
-14712	-4260	3940	-1498	615	-592
-16724	-3936	3204	-1014	732	-1322
-17436	-5012	3552	-1768	-1215	-1329
-17000	-5372	3504	-647	560	-2524
-20340	-5816	3044	-733	1615	-4730
-19676	-7836	4040	230	-386	-4928
-15820	-6776	4824	-1254	136	-6563
-16604	-6940	5228	776	1073	-8395
-15752	-6312	3284	12	1090	-8381
-14872	-6780	2596	-1248	1347	-9715
-15636	-7304	1628	-2564	924	-9580
-14400	-7680	720	-4091	61	-8637
-13564	-7408	164	-5662	378	-9189
-14592	-7624	232	-5508	1018	-9445
-13952	-7812	-492	-5019	300	-8120
-11912	-8296	104	-4399	253	-7474
-11500	-8568	804	-2711	1715	-6757
-13208	-9100	308	-2791	1712	-5867
-12912	-8852	1648	-3278	373	-4747
-12856	-9080	1764	-4923	236	-4380
-12492	-10352	1908	-6973	-448	-3173
-13064	-11520	2660	-7044	-511	-2377
-13184	-12052	1972	-7335	-2216	-2272
-11712	-11696	2240	-4848	-3690	-1993
-11292	-10440	2252	-4437	-4302	-1278
-11336	-12244	2136	-4459	-5804	-448
-11160	-11452	3248	-2633	-6151	427
-12272	-11180	3124	-1904	-6046	2345
-10896	-9776	3148	-777	-6750	4338
-6360	-9472	2296	2043	-6412	5167
-4276	-9084	-1876	2426	-7239	4492
-4052	-10040	-1744	2606	-7991	2108
-4112	-9632	-1408	1332	-6101	-1343
-5900	-8856	-4428	-2038	-3614	-3922
-7156	-10864	-3192	-3188	-232	-4339
-10336	-9692	-1752	-3693	3337	-3583
-11508	-8124	1340	-4379	6443	-1455
-11524	-7196	1960	-3856	7552	528
-14372	-11464	2972	-3060	4973	1293
-14488	-12376	3128	-2713	1473	726
-12444	-13600	4136	-2898	1155	-868
-13028	-12884	1620	-2277	531	-1327
-12076	-12720	2744	-539	166	-1242
-11488	-11404	2212	-172	808	-1612
-11144	-10924	1268	953	589	-1222
-11440	-11000	1008	1108	-297	-980
-12352	-9504	1104	160	-199	-1081
-11248	-10472	120	-786	-576	-568
-10284	-10888	-192	-1715	-414	223
-11128	-10320	972	-827	904	586
-10980	-10692	1016	-918	1580	983
-11104	-11576	36	-231	913	1285
-10596	-12404	1124	252	241	1076
-11064	-11796	1652	-481	481	-82
-10508	-11744	1012	-156	161	-687
-10512	-11444	768	62	-334	-679
-9588	-10004	1512	336	265	-1246
-9596	-9616	1568	1302	477	-1056
-8928	-8372	612	2429	477	-461
-8244	-9216	672	3280	449	439
-10488	-8908	2276	4105	1820	1440
-10728	-9180	724	2552	1653	2594
-9300	-9588	-68	2034	1695	2489
-11396	-10576	916	2233	1886	3539
-11016	-9588	416	674	1120	3495
-9864	-11984	1772	182	2253	2425
-12840	-11336	1144	3845	1774	3063
-10708	-8844	-720	2146	435	3093
-9920	-11948	2212	2855	2017	2531
-12220	-10292	1704	3879	2305	2600
-10312	-9216	2140	32	1598	3501
-10512	-9224	316	-612	4429	3945
-13564	-8836	96	1384	4008	4104
-11476	-9256	636	2432	1803	4334
-10252	-11076	1140	2406	4711	4008
-15144	-10832	-1524	6653	3654	4011
-13616	-8852	-492	5190	-837	4964
-10936	-9900	780	3193	2195	4091
-15004	-8896	-180	3745	2861	3784
-14556	-8460	-52	-1016	-323	5462
-11972	-9708	1740	-3231	611	6086
-14080	-9884	1888	1132	4399	5127
-18480	-6684	1124	4201	3346	4490
-16868	-7556	3196	5448	-893	4891
-12740	-5236	3244	8276	-634	4208
-14672	-3972	2040	8383	1483	4739
-17472	-2200	1712	6223	-1108	5737
-13876	-2716	2808	3077	-2945	6605
-14860	-3032	3360	3181	544	7101
-24136	-4180	1240	1915	487	8217
-20132	-2960	2512	-4521	-8016	7399
-13444	-6616	2924	-4127	-2557	4962
-16436	-3856	2384	-1432	2501	3450
-17532	-4772	2248	-738	97	2234
-14780	-3796	1524	738	-2786	1572
-12652	-3608	2408	691	-1158	1510
-16920	-3236	2416	-118	1805	1925
-18464	-3292	2192	-671	-365	1764
-16488	-3556	2524	-2357	-440	1435
-16056	-3884	3320	-1771	8	613
-16180	-3756	2848	-1131	847	48
-16128	-3808	2656	-638	-150	-277
-14892	-3584	2488	-895	-490	-434
-14384	-3656	2680	-212	-30	-827
-14880	-3620	2424	266	621	-519
-14944	-3140	2520	-284	-386	-404
-14300	-3552	2156	-662	-86	-581
-15428	-3400	2488	137	470	-347
-15792	-2868	2304	-348	111	-315
-15092	-3480	2468	-154	-266	-402
-15344	-3012	2528	-10	457	-549
-15564	-2864	2292	-373	390	-749
-15960	-3024	2200	-774	437	-1148
-15600	-2848	2092	-1634	44	-1517
-16996	-3968	2056	-4300	1953	-2398
-19580	-4560	3272	-4448	2014	-4449
-17512	-4448	2340	-3236	783	-6163
-18416	-5032	3120	-4520	1244	-6857
-18004	-5912	3924	-3596	-155	-5039
-15580	-4288	2380	-1711	842	-4673
-17220	-4724	2560	-1795	336	-4785
-15748	-6540	2524	-131	-303	-4926
-15776	-6320	2004	-797	2230	-5089
-17460	-6276	2256	-121	1328	-5226
-14488	-5860	584	-713	64	-6426
-13816	-6384	224	-1979	753	-6801
-15748	-7108	-260	-4469	443	-6121
-15656	-7324	524	-6964	-1656	-6192
-13564	-8096	-280	-7457	-1393	-6673
-14496	-8360	-384	-7822	-1215	-6141
-13736	-9240	616	-7350	-2106	-5740
-12520	-9208	748	-5027	-915	-5473
-12832	-8704	116	-4014	-72	-5512
-12644	-8312	1076	-1910	-743	-4378
-11716	-8280	1056	-4084	-1733	-3443
-9440	-8248	1460	-4031	-2569	-2708
-10084	-9100	2636	-3972	-2353	-1703
-11360	-9044	1868	-5318	-3656	-724
-10688	-11272	2760	-4522	-4293	-549
-11672	-9792	2556	-1709	-3492	-834
-14132	-9936	1216	-1931	-4439	-642
-13936	-11180	1692	-1656	-6164	-673
-11468	-12680	968	-1599	-5829	-930
-12080	-9872	-1132	-1652	-5709	-1432
-11468	-12140	-1236	-2763	-7107	-1815
-9308	-11800	-948	-2743	-6000	-2155
-7188	-8564	2148	-1660	-3605	-2165
-5368	-4956	1428	-1046	-1802	-2116
-5656	-5220	992	-725	-1359	-1854
-7708	-7096	1928	1473	-1217	-2020
-8736	-9752	440	1710	-820	-984
-11000	-10468	-672	1565	1671	-127
-11564	-9624	564	-20	2282	428
-12096	-11348	728	-2051	3060	601
-13140	-11400	2280	-1490	2643	284
-12692	-11480	2508	-2046	2030	-414
-11564	-10976	2232	-873	1755	-766
-13708	-10708	1952	8	1417	-502
-13256	-10492	3344	-162	-22	56
-11624	-10876	2860	-645	731	412
-11692	-10724	2124	-152	907	304
-12684	-10452	2148	-79	-366	257
-11264	-10756	2224	-332	-1150	-26
-10752	-10932	1360	-543	-618	-243
-10780	-10408	1516	-564	724	-163
-12616	-11008	1332	-152	488	-343
-10764	-11080	1280	81	-249	-257
-10952	-10300	1908	-74	406	-20
-10960	-10256	2116	-294	568	41
-10484	-9428	1312	-847	186	-922
-10024	-8872	1372	-22	-592	-596
-9988	-9832	1476	622	-401	223
-9336	-8904	2340	2452	856	445
-9684	-7848	1828	3039	2215	1061
-10052	-8888	464	2649	1501	1941
-8828	-9512	2792	3295	1185	2744
-8516	-9020	864	2586	2845	2206
-10440	-10940	-264	2688	3028	2178
-12540	-11380	1140	4232	1352	2648
-11132	-8672	2056	3081	1582	2419
-12224	-9700	696	2924	3645	2320
-14512	-10184	1032	2445	2164	3436
-11172	-9532	3216	1183	1881	3816
-13440	-9340	1496	3166	3767	3135
-12968	-6920	1948	3204	1626	3346
-10924	-10924	1508	32	2171	4153
-13744	-10724	2372	2621	3268	4460
-13564	-7988	1372	1564	1006	4944
-12144	-10016	1468	179	1326	4967
-14688	-10308	2544	1420	2675	3918
-15120	-8812	1292	937	659	2885
-14708	-9324	2004	2465	1224	2564
-14720	-6456	2204	2369	1951	2700
-14664	-6308	1224	1852	1879	3289
-15820	-5932	1508	1662	1568	4335
-14924	-5552	3280	1409	318	5272
-12888	-5028	2580	3820	-130	4918
-13764	-4712	2424	4329	651	5156
-17288	-5192	4252	4956	65	5552
-16200	-5160	3932	3689	-1132	6046
-15324	-6032	3220	4233	744	6175
-17688	-4852	4096	4767	306	6465
-17292	-4208	3580	4862	-1353	6422
-17192	-4116	4260	3705	-1153	5560
-16816	-3488	3204	3263	-1112	3856
-17484	-2752	2496	813	-1016	2597
-17004	-3056	3076	-2118	-1592	1854
-16100	-3452	2920	-3560	-679	942
-16716	-3548	1928	-3479	-561	292
-15968	-3320	2412	-3925	-1810	336
-14456	-4816	3112	-2930	-381	597
-15864	-3756	2440	-747	-345	896
-14888	-2840	2108	-1313	-1742	790
-14168	-3940	3316	-11	-134	-12
-15072	-2828	3088	287	762	-698
-15416	-2832	2676	-886	295	-1042
-15352	-3368	3288	-632	318	-528
-14676	-2760	2740	-441	377	-167
-14616	-2836	2444	-1065	102	-74
-14796	-3160	2892	-1175	544	-6
-15924	-2908	2884	-1340	-154	291
-15124	-3340	2736	-1061	-211	573
-15064	-3388	3028	-1539	30	291
-15020	-3660	3244	-811	506	-216
-15776	-3352	3348	-692	355	-505
-15132	-3736	3440	-65	244	-590
-15324	-3652	3156	536	281	-592
-15792	-3024	2888	181	342	-519
-16892	-3472	3060	102	-123	-357
-15164	-3184	3324	146	0	-1024
-16052	-3124	3100	-472	1512	-1903
-17316	-4008	3872	-1106	865	-2216
-15336	-4188	3944	-1152	677	-2340
-16572	-4000	3612	-805	1426	-2993
-16664	-4896	3252	-809	583	-3849
-17412	-5780	2780	-1007	2030	-4930
-18852	-5508	2620	-830	265	-4860
-16580	-3632	3080	-1261	-109	-5395
-17016	-3852	2632	-3189	935	-6538
-16008	-6008	2872	-3595	602	-5821
-15024	-5336	3544	-3359	793	-5889
-14584	-4812	2924	-3719	-27	-6893
-13880	-5904	764	-3368	-269	-6883
-14216	-6892	1084	-4664	18	-5740
-14736	-8152	1756	-5751	-479	-4788
-12596	-7116	372	-4289	800	-4789
-15628	-8644	468	-4189	1540	-5234
-15132	-10392	1132	-3495	-423	-5284
-14252	-9872	1244	-2299	66	-5094
-15140	-8700	292	-2371	-5	-4702
-14220	-9124	1340	-3408	114	-4920
-14552	-10584	1820	-4349	389	-4943
-14664	-10328	1944	-4404	-2288	-4118
-12900	-8812	3096	-4963	-3907	-3803
-13324	-9600	3036	-6277	-4721	-4163
-13492	-11220	2952	-8012	-6815	-3318
-11384	-11848	3132	-7407	-8687	-2472
-6828	-8036	3276	-7220	-6745	-2723
-6156	-9164	-1328	-4186	-6220	-3058
-4556	-10388	-1432	-57	-8575	-2795
-2844	-6348	1132	2170	-6477	-4061
-3940	-8196	-240	2391	-1000	-4046
-8884	-8216	-2756	1036	1808	-3479
-9512	-6200	1376	1422	2590	-2674
-11048	-7352	392	-1468	2661	-1780
-13280	-8060	1588	-1552	569	-323
-12108	-11288	3020	-1944	-412	948
-12008	-13432	4368	-1334	529	1868
-10992	-13296	3412	146	954	1019
-9956	-11704	1512	771	232	-438
-10936	-12136	1612	1259	-645	-544
-11204	-12244	3808	-258	460	-660
-10820	-10680	808	-112	1747	-1467
-12080	-10356	668	-766	318	-933
-10052	-10896	2348	-519	717	-278
-11932	-10860	2224	-1176	1376	-172
-10940	-11040	1752	-1283	1568	-42
-11700	-12188	2352	-787	928	-66
-11704	-12144	1896	-430	612	-366
-12072	-11144	2720	-14	84	-595
-11556	-10460	2436	-76	-850	-246
-11032	-9748	1820	-341	-1185	85
-10716	-10340	1904	-667	-1105	555
-10180	-11992	1804	-816	-387	1267
-10316	-11944	1200	233	783	1061
-9556	-10620	1612	493	1265	69
-9056	-10780	932	667	864	87
-9444	-10192	1908	123	391	256
-9968	-11224	2624	-1064	1422	-449
-9016	-10064	1172	-743	1029	-405
-10048	-10736	1464	-147	1147	0
-9740	-9648	1660	320	1420	-6
-9328	-10532	1792	622	2094	-17
-10324	-10820	260	1048	1746	745
-9240	-10208	436	85	1256	1123
-9068	-10592	912	1633	1698	1555
-8668	-9448	12	1028	2153	2028
-9376	-11316	880	1150	3204	2184
-10908	-11512	1116	2010	3286	2128
-9892	-10136	80	3412	2229	2486
-8028	-9252	1344	3951	3273	2919
-11192	-11440	640	4912	4592	3826
-12160	-8908	1992	6793	2236	4946
-10152	-9192	2584	5548	2767	5930
-11052	-9240	2256	4949	5111	6237
-15264	-8816	864	3549	5310	6365
-16204	-8920	2752	1549	228	7055
-13468	-8712	3572	2372	-746	8824
-14160	-7748	1412	2941	634	10136
-16480	-6380	3036	3468	-1615	11672
-17664	-9048	4968	4787	-1040	11766
-17732	-8128	4100	6223	-674	9605
-19956	-8164	3676	7208	552	8176
-20052	-6784	4672	7760	-767	6291
-19400	-4232	2784	6268	-980	3207
-19432	-4208	3564	1572	-2737	1589
-15868	-4632	3988	698	-2038	2
-14436	-4148	3536	-1446	301	-1661
-16288	-5204	3056	-2054	74	-2237
-15056	-4892	2816	-1337	-1581	-2039
-13764	-5052	2888	-882	-847	-1114
-14068	-4692	2772	654	-140	-427
-14656	-4160	2188	101	-511	-63
-14528	-4232	2680	-382	-349	-144
-15072	-4244	3040	-392	-121	-130
-14516	-4104	2872	-1040	-100	143
-14584	-4184	3548	-1124	278	325
-14820	-3980	3360	-164	-31	670
-14384	-4336	3048	-388	-372	1052
-14336	-3972	3632	-274	-86	1575
-14324	-3664	3232	690	131	2055
-14496	-4352	3892	390	-284	2464
-13616	-3708	3448	914	-865	2494
-13940	-3792	4076	772	104	2995
-16932	-3692	4112	542	321	3433
-15592	-3724	3892	-653	-1344	2885
-14124	-3848	3948	-403	476	2069
-15608	-3268	3380	200	884	1370
-15856	-3428	3020	-1383	-643	1543
-14932	-3684	3604	-1007	-566	1916
-14880	-4024	3612	-1529	238	1884
-15412	-4040	3080	-1778	617	1325
-15508	-4352	3388	-1210	-208	635
-14428	-4356	4332	-592	92	126
-14152	-4612	3624	-12	852	-279
-14636	-3848	3808	580	1026	-525
-15200	-4084	3948	114	428	-614
-14448	-3764	3584	170	-183	-541
-14724	-3256	3480	-491	196	-749
-14940	-3500	3304	-1480	246	-1067
-15036	-3556	3508	-1295	243	-916
-14428	-3680	3216	-1938	312	-690
-14836	-3736	3464	-1134	409	-771
-15040	-4004	3212	-273	294	-732
-15212	-3524	3228	-33	333	-904
-15248	-3584	3308	866	321	-1414
-15180	-3668	3164	357	525	-1290
-15076	-3628	3560	-343	275	-827
-14716	-3716	3624	-904	427	-551
-14984	-4256	3376	-876	369	-514
-14896	-3656	3552	-687	219	-449
-14880	-4148	3864	-376	222	-465
-14592	-4120	3508	194	187	-663
-15120	-3576	3396	328	29	-783
-15176	-3776	3448	194	-46	-396
-14572	-3608	3080	86	-183	78
-14740	-3736	2920	-77	113	215
-14916	-4188	2700	-428	-61	218
-14824	-4344	3328	-144	56	159
-14212	-4140	3104	39	253	-184
-14788	-4372	3036	523	695	-383
-14848	-3884	3040	-94	259	-475
-14492	-4364	3556	-8	381	-585
-14420	-3900	3116	476	717	-602
-15108	-3996	3404	233	535	-349
-14752	-3936	3420	-344	43	-111
-14180	-4256	3588	163	253	-196
-14948	-3844	3364	-2	253	-318
-14960	-4136	3568	-418	-166	-327
-14492	-4548	3784	240	239	-331
-14872	-4152	3332	508	287	-268
-15004	-4148	3792	319	-23	-276
-15160	-3980	3628	750	-146	-397
-14696	-4084	3436	583	-266	-329
-14964	-4060	3308	328	-51	-204
-14800	-4100	3660	122	-327	-256
-14960	-3828	3208	67	-226	-329
-14820	-3988	3372	-10	-403	-324
-15196	-3964	3220	57	-143	-289
-14900	-3932	3504	206	-270	-42
-14360	-3924	3092	66	0	-92
-15012	-4004	3300	226	-151	25
-14704	-3680	3308	-296	-374	119
-14568	-4364	3424	-313	-6	39
-14608	-4088	3392	-73	199	-134
-14928	-3936	3196	97	-73	-210
-14780	-4236	3368	-45	-504	-166
-14404	-4072	3536	37	-119	-72
-15156	-4236	3276	-196	87	-117
-14956	-4072	3480	-261	-576	-17
-14332	-4196	3972	-545	-387	4
-14396	-4660	3644	-261	293	-102
-14960	-3912	3544	103	126	-233
-14604	-4136	3716	-233	-283	-531
-14532	-4024	3756	332	-37	-451
-14772	-3964	3756	-301	316	-128
-15796	-6704	3104	994	-1539	35
-14856	-2268	2728	1572	-1280	-971
-15804	-4952	3388	-2715	-2054	-427
-15808	-7396	3596	1471	-9289	-2767
-13212	-4684	3936	-1100	-6809	-1697
-14096	-5180	4224	-2811	-3812	-1842
-15232	-6396	5816	896	-5144	-1901
-13628	-4592	4580	774	-3867	-513
-12844	-4672	4564	91	-1276	-748
-13976	-5452	4968	119	339	-1844
-14084	-4816	4708	-626	-608	-2987
