0	0	0	0	0	0
-15268	-3168	12320	-492	-80	-559
-13692	-3696	5720	-446	67	-917
-14068	-3852	5864	-1953	1549	-751
-15096	-5052	6328	-1204	952	-494
-14356	-4180	6612	-715	243	-1063
-15092	-4376	7064	-838	263	-527
-15716	-4108	7216	1187	-1868	822
-3172	-2248	3980	-368	3965	5736
-19200	-2976	7012	-2545	14453	-1629
-19396	-3636	6484	442	-5913	511
-3472	8464	-232	-775	-3668	-1902
-13896	-8116	6800	-6915	10321	804
-19984	-3932	6076	2561	-3343	1081
-10544	-3348	4120	-1509	-1440	1587
-15452	-3736	5472	-935	2310	749
-14888	-4052	5148	-1364	-1478	1324
-13416	-3708	4712	-1135	621	903
-15156	-4376	5480	-1279	141	937
-13772	-3980	4984	-865	-7	851
-14520	-4100	5288	-833	577	731
-14444	-4176	5264	-455	162	610
-14256	-4044	5168	-373	422	484
-14420	-3928	5100	-346	356	338
-14328	-3980	5444	-207	448	222
-14396	-3768	5376	-438	430	178
-14408	-3996	5464	-148	302	119
-14396	-3560	5328	-568	277	54
-14208	-4064	5412	-549	145	-51
-14360	-3708	5592	-390	100	-128
-14412	-3864	5488	-574	-42	-58
-14392	-3724	5216	-611	-27	-106
-14432	-3788	5460	-432	-95	-204
-14384	-3832	5428	-297	-64	-289
-14396	-3804	5320	-238	-39	-363
-14340	-3552	5372	-70	-5	-254
-14192	-3784	5472	80	30	-233
-14376	-3552	5244	68	181	-39
-14552	-3648	5388	4	312	105
-14552	-3620	5104	133	430	211
-14580	-3692	5180	140	421	186
-14556	-3528	5268	389	265	119
-14396	-3360	5108	427	369	50
-14528	-3404	5252	313	347	57
-14396	-3292	5104	280	307	39
-14396	-3624	5172	213	351	38
-14428	-3428	5060	355	492	78
-14624	-3360	5016	400	232	120
-14560	-3428	5124	189	285	175
-14584	-3552	5188	180	244	92
-14352	-3580	5204	254	206	20
-14392	-3272	5240	202	214	52
-14492	-3512	5060	190	100	124
-14436	-3376	5188	230	103	215
-14752	-3484	5184	198	42	174
-14520	-3420	5136	331	-61	116
-14616	-3356	5264	215	18	66
-14476	-3256	5128	161	-15	17
-14532	-3404	5124	174	116	-54
-14532	-3212	5128	276	71	-8
-14620	-3400	5188	-26	54	61
-14448	-3276	5192	55	33	25
-14412	-3192	5100	68	62	-22
-14528	-3196	5356	96	104	-52
-14472	-3228	5392	39	201	35
-14404	-3348	5212	62	134	94
-14504	-3280	5256	267	119	186
-14448	-3204	5388	66	153	192
-14456	-3324	5324	73	110	180
-14592	-3288	5304	44	142	37
-14516	-3284	5376	3	69	-51
-14676	-3252	5368	-52	169	-104
-14440	-3092	5380	-244	-17	-152
-14240	-3088	5160	-608	80	-184
-14520	-3260	5168	-438	90	-149
-14464	-3188	5232	-374	-41	-59
-14576	-3348	5164	-448	-23	-35
-14604	-3276	5260	-441	65	-88
-14560	-3212	5348	-342	141	-144
-14472	-3088	5144	-266	69	-244
-14368	-3260	4996	-349	111	-223
-14604	-3188	5164	-67	145	-201
-14592	-3024	5192	-355	76	-70
-14368	-3148	5300	-431	180	-17
-14580	-3192	5328	-475	157	-10
-14468	-3060	5036	-413	211	-71
-14648	-3152	5168	-501	234	-89
-14620	-3076	5240	-352	83	-91
-14456	-3128	5124	-510	107	23
-14516	-3280	5216	-563	190	57
-14424	-3124	5180	-539	169	76
-14572	-3296	4996	-521	177	32
-14640	-3076	5320	-412	119	97
-14512	-3296	5292	-590	94	147
-14420	-3116	5248	-551	135	101
-14272	-3212	5096	-784	115	11
-14520	-3128	5208	-482	116	-118
-14568	-3328	5124	-568	-58	12
-14580	-3352	5508	-663	-121	70
-14396	-3304	5312	-855	-291	42
-14256	-3180	4784	-977	-225	-206
-14440	-3144	4828	-887	-59	-423
-14268	-3060	5088	-777	-2	-328
-14160	-3496	4852	-553	726	-91
-14368	-3652	5096	355	867	265
-14528	-3572	4848	1048	1007	529
-14644	-3528	5008	1586	1059	594
-14484	-3844	5108	2585	1144	461
-14752	-3580	5656	2941	1249	392
-14820	-3616	6100	3192	1183	316
-14864	-3896	6216	3073	1049	248
-14936	-3920	5984	2929	688	37
-14728	-3916	5724	3461	480	-361
-14744	-3532	5436	3989	120	-861
-14708	-3528	5268	4307	17	-1265
-14896	-3352	4848	4767	-207	-1689
-14804	-3272	5108	5045	-210	-1957
-14688	-3060	5016	5316	-361	-2147
-14296	-2044	4968	3589	-348	-1984
-14644	-2624	4936	2520	-327	-1939
-14716	-2704	4964	2090	-434	-1982
-14752	-2660	4932	1649	-539	-1944
-14604	-2372	4960	1081	-593	-2009
-14724	-2528	4788	556	-379	-2060
-14612	-2452	4852	267	-404	-2002
-14424	-2272	4824	-219	-186	-1860
-14528	-2684	4740	-309	1	-1679
-14476	-2440	4776	-49	139	-1394
-14464	-2208	5192	-588	131	-986
-14548	-2800	4976	-950	54	-473
-14352	-2636	5180	-821	89	1
-14496	-2420	5424	-787	177	343
-14500	-2340	5580	-1245	245	744
-14672	-2844	5584	-1364	331	871
-14336	-2924	5752	-1370	240	868
-14408	-3088	5452	-1338	284	691
-14392	-2772	5484	-1169	132	692
-14472	-3124	5352	-995	54	661
-14580	-3236	5328	-965	-64	796
-14512	-3304	5544	-548	-100	883
-14292	-2884	5524	-453	-56	926
-14316	-2924	5452	-445	-61	956
-14556	-2872	5280	-203	-144	1029
-14340	-2868	5408	-949	-298	1046
-14368	-2884	5508	-895	-369	1046
-14420	-2916	5112	-1543	-396	1044
-14424	-2876	5440	-2343	-463	982
-14288	-3180	5344	-2465	-317	920
-14400	-3264	5388	-2555	-143	892
-14256	-3440	5536	-2290	51	827
-14364	-3248	5380	-2016	261	839
-14516	-3336	5416	-1911	248	846
-14464	-3376	5208	-1775	276	672
-14508	-3168	5252	-1415	195	532
-14388	-3344	5296	-1228	275	404
-14532	-3168	5320	-1243	377	242
-14512	-3136	5460	-1259	439	151
-14344	-3204	5588	-1242	425	100
-14264	-3212	5528	-1260	440	2
-14260	-3224	5624	-1274	495	-43
-14480	-3176	5456	-1095	350	-106
-14584	-3180	5568	-997	459	-87
-14588	-3056	5976	-885	405	-81
-14616	-3104	5708	-767	471	-129
-14716	-3208	5800	-286	286	-187
-14720	-3180	5620	-167	-11	-127
-14548	-3300	5528	-18	-70	-301
-14612	-3180	5504	434	-182	-426
-14944	-3164	5416	412	-114	-505
-14584	-3024	5052	254	-396	-417
-14544	-2908	5004	293	-248	-473
-14432	-2872	5004	61	-333	-430
-14356	-2860	4976	-227	-96	-426
-14844	-2968	5148	-440	-23	-309
-14924	-3108	5008	-575	-199	-243
-14732	-3004	5044	-653	-240	-357
-14472	-2936	5076	-818	-259	-505
-14596	-2916	5120	-876	-95	-536
-14752	-2972	5284	-732	-24	-508
-14560	-2688	5124	-879	-242	-381
-14332	-2636	4992	-1309	-209	-124
-14412	-2564	5240	-1386	-61	52
-14572	-2496	5176	-1740	9	298
-14672	-2836	5420	-1808	110	440
-14388	-2856	5404	-1917	19	611
-14324	-2892	5356	-1809	82	692
-14312	-3128	5260	-1530	71	769
-14420	-3160	5356	-1380	130	869
-14400	-3292	5264	-1239	93	970
-14384	-3452	5312	-765	175	928
-14552	-3304	4988	-557	194	847
-14668	-3312	5148	-438	74	706
-14532	-3148	5332	-715	158	596
-14596	-3348	5220	-684	126	489
-14508	-3180	5312	-1097	141	465
-14652	-3468	5204	-1196	111	331
-14556	-3444	5348	-1348	52	230
-14528	-3432	5392	-1293	18	101
-14568	-3448	5376	-1380	-95	-23
-14600	-3500	5348	-1104	-163	-241
-14652	-3336	5292	-883	-224	-409
-14532	-3336	5320	-894	-284	-497
-14560	-3208	5060	-808	-237	-530
-14680	-3100	5368	-790	-132	-501
-14768	-2984	5240	-935	-239	-460
-14632	-3132	5184	-1068	-119	-376
-14612	-3104	5336	-780	-60	-353
-14348	-2944	5376	-738	11	-288
-14472	-3220	5300	-354	50	-224
-14436	-3036	5208	-106	49	-61
-14344	-3044	5436	-65	-3	76
-14264	-3156	5364	158	18	115
-14496	-3084	5272	209	157	164
-14680	-3144	5348	265	115	207
-14464	-3096	5464	178	58	212
-14428	-3236	5352	172	132	190
-14436	-3204	5256	294	204	154
-14516	-3176	5384	128	102	163
-14548	-3216	5320	32	64	143
-14520	-3104	5232	-196	-8	54
-14432	-3164	5252	-456	-74	-35
-14588	-3164	5152	-574	-59	-93
-14640	-3132	5256	-812	-73	-152
-14628	-3340	5304	-894	-208	-191
-14424	-3240	5368	-675	-74	-329
-14404	-3360	5136	-642	71	-349
-14364	-3340	5060	-110	205	-359
-14504	-3220	4988	367	238	-313
-14572	-3252	5236	625	396	-231
-14608	-3128	5292	830	241	-113
-14372	-3104	4996	873	368	-137
-14576	-2964	5360	1028	336	-249
-14628	-2828	5240	535	20	-276
-14728	-2948	5352	47	-26	-344
-14884	-2856	5392	-348	-260	-416
-14960	-2728	5380	-958	-378	-475
-14824	-2656	5388	-1563	-591	-519
-14532	-2824	5176	-2127	-756	-633
-14452	-2672	5152	-2364	-841	-723
-14240	-2744	5068	-2961	-870	-633
-14076	-2764	4856	-3145	-954	-379
-13944	-3004	4944	-3212	-835	-67
-14332	-2900	4996	-3254	-756	219
-14560	-3084	5252	-3272	-787	618
-14640	-2928	4988	-3461	-722	988
-14380	-3228	5036	-3543	-608	1237
-14400	-3324	5152	-3328	-313	1306
-14296	-3340	5024	-3301	-240	1319
-14316	-3356	5380	-3287	46	1385
-14572	-3468	5384	-3714	61	1457
-14364	-3624	5408	-3719	-51	1647
-14384	-3280	5784	-4267	21	1813
-14440	-3220	5740	-5835	-247	2003
-14340	-3972	5396	-7053	-537	2133
-14012	-4320	5620	-6493	-414	1929
-14204	-4452	5456	-5567	-176	1617
-14472	-4824	5476	-3717	70	1140
-14648	-4688	5272	-2179	-136	799
-14332	-4608	5312	-530	-97	540
-14584	-4096	5484	383	-31	365
-14496	-4212	5388	1026	-135	184
-14328	-3968	5508	1577	20	67
-14672	-3724	5400	1227	-67	104
-14460	-3716	5204	467	-218	54
-14268	-3700	5264	6	-155	-73
-14564	-3284	5196	-679	-212	-161
-14504	-3712	5200	-1008	-423	-257
-14548	-3336	4984	-906	-206	-551
-14796	-3408	5216	-1321	-431	-534
-14452	-3824	5128	-1008	-327	-532
-14572	-3584	5176	-665	-66	-568
-14444	-3632	5100	-524	-148	-607
-14324	-3632	4940	26	-56	-709
-14288	-3180	5240	135	-36	-639
-14208	-3424	5084	-29	75	-489
-14312	-3296	5012	112	171	-362
-14536	-3208	5256	-114	217	-287
-14456	-3392	5336	-187	156	-242
-14612	-3056	5248	-444	338	-263
-14624	-3452	5104	-561	289	-231
-14488	-3548	5280	-136	243	-189
-14408	-3340	5324	-72	448	-37
-14384	-3648	5428	-49	338	146
-14344	-3408	5376	215	271	116
-14452	-3264	5368	-22	305	81
-14520	-3460	5420	13	205	121
-14616	-3380	5512	-226	272	303
-14780	-3460	5684	-420	107	492
-14412	-3700	5484	-202	212	570
-14396	-3616	5552	151	340	654
-14444	-3740	5452	384	134	660
-14416	-3800	5432	1021	52	518
-14516	-3656	5564	1222	23	467
-14416	-3656	5480	1220	51	543
-14368	-3656	5464	1210	76	409
-14284	-3432	5428	897	57	225
-14360	-3576	5292	635	80	-78
-14656	-3320	5356	436	5	-314
-14528	-3528	5572	173	-75	-445
-14340	-3528	5644	153	45	-559
-14520	-3456	5440	57	174	-679
-14580	-3388	5436	171	-60	-795
-14152	-3288	5248	243	-76	-903
-14376	-3336	5368	202	62	-1007
-14476	-3368	5392	502	5	-1034
-14464	-3100	5384	329	48	-885
-14324	-3200	5384	59	-18	-694
-14344	-3268	5244	59	32	-630
-14484	-3188	5412	101	65	-638
-14460	-3140	5428	-51	83	-604
-14396	-3260	5372	154	98	-538
-14224	-3212	5456	132	184	-418
-14116	-3296	5248	199	337	-289
-14420	-3212	5288	410	304	-250
-14516	-3204	5408	296	157	-219
-14436	-3272	5556	229	196	-175
-14480	-3096	5392	-197	210	-221
-14312	-3276	5376	-332	339	-217
-14508	-3168	5256	-336	325	-245
-14552	-3312	5180	-376	182	-55
-14552	-3404	5372	-180	378	54
-14788	-3504	5704	39	383	200
-14320	-3344	5368	95	420	289
-14444	-3324	5400	96	465	193
-14072	-3216	5492	205	337	32
-14320	-3164	5392	237	469	-34
-14480	-3220	5444	-53	274	178
-14372	-3236	5416	-281	157	392
-14376	-3200	5284	-911	120	603
-14384	-3200	5320	-1572	14	600
-14452	-3332	5104	-1925	-115	335
-14792	-3280	5168	-2294	0	32
-14916	-3444	5360	-2542	-185	-121
-14528	-3600	5160	-2259	-247	-134
-14100	-3684	5104	-1791	188	31
-14436	-3760	5232	-1152	247	277
-13992	-3924	4984	-446	115	424
-13808	-3788	5000	423	521	294
-14836	-3752	5436	459	696	230
-14772	-3668	5140	738	121	-72
-14420	-3396	5008	639	467	-471
-14952	-3200	5236	-91	535	-680
-14876	-3240	5264	-634	293	-678
-14496	-3096	5004	-1115	461	-647
-14920	-3232	5340	-1570	453	-469
-14600	-3308	5056	-1540	140	-259
-14020	-3372	4984	-1223	182	-198
-14328	-3436	5148	-840	420	101
-14648	-3552	5096	-496	262	470
-14728	-3584	5092	-75	144	540
-14892	-3412	5204	323	128	479
-14776	-3376	5032	419	97	549
-14552	-3432	5148	499	229	567
-14516	-3520	5132	735	383	607
-14536	-3484	4936	845	431	733
-14776	-3640	5240	1072	360	869
-14856	-3568	5276	1301	242	884
-14632	-3600	5052	1375	123	772
-14704	-3516	5352	1643	106	408
-14484	-3356	5172	1629	29	32
-14452	-3396	5148	1570	-35	-305
-14500	-3272	5252	1648	-5	-367
-14580	-3416	5392	1492	-149	-253
-14520	-3444	5232	1432	-123	-168
-14572	-3292	5084	1456	-162	-255
-14776	-3396	5152	1609	-110	-438
-14608	-3236	4988	1733	-89	-666
-14600	-3176	5056	1817	-8	-927
-14564	-3036	5184	1803	-87	-1167
-14812	-2944	5024	1603	-145	-1338
-14752	-2828	5068	1160	-221	-1433
-14604	-2812	5076	768	-298	-1447
-14448	-2796	4916	459	-310	-1450
-14436	-2700	5028	2	-297	-1396
-14484	-2884	5060	-263	-341	-1346
-14460	-2828	5048	-404	-379	-1248
-14464	-2780	5128	-709	-240	-1131
-14452	-2748	4940	-727	-258	-1106
-14536	-2836	5160	-898	-199	-1055
-14464	-2752	5048	-1041	-169	-947
-14436	-2712	5268	-1269	-108	-806
-14144	-2604	5048	-1809	-38	-653
-14380	-2764	5056	-1824	-21	-506
-14596	-2716	5156	-2427	31	-197
-14636	-2944	5312	-3048	-31	95
-14560	-3240	5448	-3910	122	378
-14572	-3388	5208	-3950	51	519
-14300	-3496	5328	-4075	-84	694
-13948	-3624	5240	-4105	76	771
-13908	-3784	5264	-4041	131	936
-14092	-4088	5068	-3568	169	1063
-14200	-4204	5228	-2756	158	1131
-14340	-4148	5264	-2308	148	1232
-14516	-4304	5272	-1937	73	1211
-14300	-4220	5196	-1452	92	1081
-14512	-4212	5224	-852	337	900
-14436	-4064	5224	-653	338	834
-14468	-4072	5180	-597	329	801
-14476	-4116	5216	-494	292	719
-14448	-4088	5312	-348	371	597
-14564	-4032	5308	-292	244	502
-14512	-4176	5124	-298	270	429
-14400	-4064	5556	6	223	223
-14264	-3968	5332	111	195	30
-14496	-4064	5332	490	87	-165
-14496	-3892	5292	518	35	-263
-14552	-3680	5220	496	-101	-310
-14480	-3712	5164	706	-151	-456
-14600	-3344	5048	590	-134	-492
-14680	-3428	5004	509	-184	-583
-14528	-3492	4976	343	-156	-632
-14552	-3416	5080	-97	-136	-570
-14484	-3444	5012	-189	-183	-521
-14496	-3276	5116	-475	-188	-496
-14524	-3408	5132	-643	-211	-452
-14544	-3312	5088	-695	-145	-466
-14488	-3380	4936	-681	-88	-483
-14520	-3524	4904	-526	-13	-464
-14444	-3300	5064	-335	61	-376
-14440	-3368	4940	-225	138	-189
-14496	-3444	5124	231	267	-22
-14528	-3368	5156	443	436	172
-14716	-3500	5320	717	558	326
-14528	-3304	5292	751	364	388
-14340	-3632	5288	893	453	306
-14412	-3304	5416	720	468	279
-14344	-3476	5408	405	395	427
-14348	-3684	5488	462	350	569
-14344	-3520	5492	419	245	726
-14424	-3736	5372	579	304	727
-14636	-3784	5392	747	219	548
-14280	-3604	5184	949	163	249
-14652	-3700	5316	1019	157	-12
-14532	-3468	5352	1039	105	-215
-14388	-3536	5240	1061	78	-355
-14256	-3444	5200	916	99	-340
-14272	-3448	5368	809	200	-292
-14572	-3448	5204	766	199	-276
-14568	-3640	5100	656	185	-313
-14560	-3580	5356	668	176	-484
-14508	-3452	5424	668	201	-673
-14488	-3440	5124	700	206	-839
-14644	-3344	5180	677	166	-890
-14484	-3260	5348	613	134	-897
-14636	-3248	5300	519	177	-921
-14488	-3240	5292	330	283	-934
-14444	-3324	5104	293	311	-904
-14484	-3436	4884	495	246	-857
-14456	-3320	5184	829	334	-724
-14100	-3292	5300	834	340	-485
-14420	-3604	5040	930	553	-378
-14620	-3452	5224	1408	313	-331
-14604	-3260	5256	1252	347	-283
-14776	-3348	5204	1173	346	-375
-14844	-3196	5084	1013	287	-433
-14824	-3160	5300	708	186	-509
-14380	-3108	5216	347	114	-484
-14456	-3188	5208	151	206	-494
-14476	-3040	5140	54	80	-323
-14472	-3228	5080	-30	29	-131
-14652	-3240	5240	-19	-4	92
-14576	-3200	5400	34	-131	262
-14356	-3252	5164	13	-184	265
-14312	-3312	4912	19	-203	130
-14648	-3132	5172	-236	-387	-11
-14616	-2952	5140	-589	-579	-170
-14528	-3204	5136	-1184	-751	-206
-14432	-3008	5084	-1521	-759	-250
-14400	-3012	4872	-2087	-832	-183
-14540	-3088	4916	-2451	-782	-127
-14376	-3036	5024	-2731	-997	51
-14160	-2956	4984	-3061	-699	194
-14604	-3200	4948	-3092	-667	323
-14540	-3216	4880	-2804	-748	385
-14316	-3168	5224	-3109	-749	499
-14232	-3412	4816	-3266	-671	530
-13972	-3232	4960	-3032	-626	523
-13876	-3152	4752	-3505	-464	690
-14280	-3400	4680	-3662	-243	965
-14496	-3632	4860	-3570	-238	1380
-14868	-3764	4628	-3608	372	1699
-15484	-4276	5476	-2887	755	1899
-14708	-4304	5584	-1919	929	1907
-14252	-4380	5420	-1209	1209	1589
-13780	-4396	5464	54	1046	975
-13748	-3656	5404	628	976	497
-14132	-3736	5276	405	688	429
-14480	-4064	5380	733	665	619
-14996	-3680	5904	480	559	765
-14988	-3752	5936	110	519	944
-14724	-3864	5736	-156	562	825
-14440	-3952	5640	-50	332	476
-14376	-3576	5188	-238	124	26
-14656	-4028	5624	-52	-92	-262
-14528	-3664	5664	4	-317	-360
-14600	-3840	5368	25	-300	-433
-14676	-3624	5608	267	-541	-595
-14452	-3380	5252	-19	-521	-733
-14444	-3480	5156	-143	-590	-950
-14616	-3376	5316	-260	-604	-1041
-14624	-3420	4980	-462	-638	-1115
-14544	-3396	5152	-500	-696	-1125
-14496	-3324	5044	-534	-473	-1084
-14336	-3404	4904	-360	-380	-1065
-14308	-3344	4852	-35	-109	-909
-14492	-3404	4984	238	107	-743
-14432	-3396	5068	665	137	-624
-14408	-3232	4868	843	300	-484
-14184	-3360	4616	991	413	-373
-14404	-3172	4760	1168	683	-319
-14476	-3268	5120	1237	807	-205
-14524	-3172	5244	1080	874	9
-14536	-3372	5168	1132	980	105
-14556	-3292	5240	1177	964	74
-14416	-3152	5068	1053	942	54
-14472	-3284	5312	1102	923	64
-14420	-3092	5380	909	886	70
-14608	-3488	5268	744	798	60
-14604	-3140	5312	717	619	77
-14636	-3308	5700	351	593	107
-14624	-3276	5436	-22	217	-126
-14348	-3200	5164	-126	99	-341
-14268	-3132	5440	-338	91	-385
-14580	-3132	5328	-675	63	-314
-14916	-3216	5340	-953	-123	-232
-14896	-3172	5252	-1260	-328	-298
-14848	-3176	5236	-1451	-379	-412
-14460	-3136	5140	-1552	-334	-512
-14260	-3096	5052	-1541	-211	-509
-14220	-3196	5040	-1422	-98	-417
-14440	-3172	5052	-929	-98	-170
-14564	-3212	5304	-694	-129	151
-14460	-3348	5012	-505	-77	431
-14524	-3272	5172	-288	55	516
-14508	-3232	5076	-113	169	507
-14544	-3184	5012	-180	102	436
-14700	-3304	5112	-260	149	428
-14408	-3232	5420	-343	-28	460
-14136	-3172	5032	-637	118	474
-14308	-3532	5152	-294	213	507
-14384	-3352	5052	-180	283	643
-14536	-3392	5056	-157	190	795
-14644	-3676	5400	156	290	746
-14640	-3516	5108	287	205	534
-14636	-3424	5228	189	164	174
-14464	-3424	5132	-21	167	-146
-14440	-3364	5028	-266	163	-419
-14532	-3224	4976	-398	141	-491
-14496	-3252	5032	-682	55	-404
-14424	-3388	4964	-881	2	-380
-14388	-3348	5104	-822	142	-404
-14548	-3332	5036	-697	123	-461
-14732	-3376	5040	-524	101	-483
-14796	-3296	5044	-358	101	-558
-14600	-3292	5040	-248	55	-559
-14392	-3152	4860	-206	149	-557
-14408	-3168	4860	-69	276	-461
-14816	-3064	5024	-35	290	-301
-14616	-3224	5024	-25	209	-172
-14788	-3316	5136	27	392	-97
-14636	-3128	5224	37	210	-98
-14248	-3284	4876	104	310	-187
-14556	-3120	5132	233	249	-182
-14452	-3172	5304	48	148	-8
-14620	-3180	5284	-28	63	158
-14612	-3220	5068	-68	-17	147
-14588	-3252	4964	-226	-31	105
-14484	-3340	4972	-267	-93	87
-14424	-3280	4996	-305	0	119
-14476	-3372	4860	-253	53	160
-14508	-3316	4868	-251	68	243
-14596	-3456	4872	-275	119	239
-14588	-3496	5008	-174	174	179
-14524	-3524	5076	-148	285	0
-14572	-3420	5172	-65	452	-172
-14704	-3492	5104	62	524	-276
-14704	-3360	5308	162	476	-359
-14528	-3432	5376	188	347	-394
-14312	-3344	5368	202	298	-378
-14368	-3332	5488	252	236	-438
-14508	-3368	5472	163	187	-381
-14576	-3424	5188	-22	-14696	-3388
5444	-146	-187	-331	-14564	-3184
5244	-423	-417	-402	-14416	-3384
4904	-684	-342	-508	-14556	-3380
5072	-671	-435	-596	-14616	-3268
5052	-743	-452	-512	-14596	-3408
5056	-664	-424	-388	-14624	-3460
4924	-752	-448	-335	-14576	-3380
4776	-603	-336	-300	-14400	-3340
4724	-559	-287	-269	-14456	-3300
4784	-565	-205	-204	-14528	-3372
4688	-564	-86	-97	-14640	-3388
4728	-669	17	-23	-14576	-3392
4636	-596	82	27	-14604	-3348
4648	-558	177	53	-14548	-3416
4688	-524	356	92	-14480	-3512
4724	-219	496	212	-14512	-3512
4916	-82	525	329	-14568	-3448
4880	-57	450	381	-14500	-3424
4788	1	512	345	-14504	-3500
4984	1	664	320	-14568	-3444
4984	23	674	301	-14764	-3540
5048	-222	488	399	-14636	-3508
5008	-230	539	354	-14468	-3448
5240	-439	399	326	-14344	-3524
4844	-637	380	212	-14408	-3480
4880	-473	378	130	-14516	-3480
4944	-696	282	207	-14536	-3612
4952	-639	368	228	-14792	-3484
5016	-445	293	110	-14568	-3532
4840	-371	267	-31	-14640	-3580
4824	-268	218	-193	-14624	-3544
4860	-168	256	-233	-14776	-3568
4892	-101	277	-169	-14912	-3384
5072	-40	231	-125	-14696	-3432
4712	-100	143	-195	-14608	-3464
4792	33	124	-333	-14516	-3308
4944	70	125	-354	-14548	-3436
4884	18	191	-281	-14636	-3384
4792	127	191	-180	-14604	-3300
4748	186	113	-132	-14568	-3228
4752	163	130	-117	-14516	-3324
4692	349	236	-167	-14720	-3224
4948	430	255	-166	-14744	-3300
4856	359	277	-97	-14660	-3292
5024	641	312	-93	-14488	-3192
4708	550	411	-16	-14392	-3488
4832	721	414	11	-14496	-3464
4740	1018	510	114	-14592	-3372
4880	1156	495	252	-14728	-3464
4840	1240	526	217	-14712	-3500
4908	1488	470	63	-14700	-3480
4788	1530	552	-102	-14556	-3452
4844	1697	570	-238	-14552	-3472
4656	1862	623	-219	-14648	-3728
4648	2148	708	-220	-14792	-3568
4896	2373	716	-282	-14944	-3484
4768	2377	658	-446	-14788	-3528
4912	2493	649	-729	-14724	-3376
4720	2641	751	-1013	-14776	-3276
4880	2614	676	-1150	-14584	-3104
4880	2519	615	-1076	-14812	-3188
4784	2461	605	-1007	-14712	-3112
4696	2513	525	-952	-14708	-3108
4852	2627	449	-982	-14484	-3188
4852	2626	551	-1053	-14556	-3204
4656	2744	552	-1117	-14580	-3168
4632	2989	623	-1240	-14636	-3032
4844	2871	565	-1248	-14896	-3040
4836	2522	387	-1321	-15080	-2836
4764	2052	-13	-1439	-14796	-2784
4820	1455	-303	-1579	-14632	-2836
4832	967	-279	-1626	-14756	-2992
4748	612	-194	-1540	-14720	-2980
4672	312	-253	-1421	-14572	-3100
4604	418	-211	-1464	-14656	-3092
4764	670	-3	-1426	-14696	-3156
4740	979	-110	-1320	-14552	-2940
4592	1055	-34	-1149	-14636	-2960
4780	1035	-39	-1016	-14832	-2720
4604	687	-100	-945	-14776	-2552
4700	30	-180	-819	-14812	-2600
4676	-704	-247	-760	-14540	-2696
4664	-1252	-252	-611	-14440	-2812
4600	-1572	-26	-443	-14524	-2876
4580	-1771	31	-134	-14300	-2980
4740	-1828	85	164	-14536	-3224
4596	-1154	223	434	-14780	-3220
4716	-1239	133	758	-14840	-3092
4820	-1046	198	840	-14492	-2988
4812	-1155	179	800	-14540	-2988
4656	-1267	385	744	-14748	-3004
4740	-1450	271	923	-14640	-2956
4792	-1911	144	1204	-14372	-3200
4684	-2330	118	1443	-14520	-3324
4692	-2157	377	1598	-14852	-3376
4792	-1984	363	1786	-14716	-3492
4868	-1786	246	1898	-14616	-3632
4704	-1352	299	1854	-14624	-3548
4788	-965	299	1806	-14552	-3520
4868	-958	421	1763	-14636	-3568
4728	-986	411	1617	-14956	-3436
4712	-1049	293	1452	-14712	-3496
4760	-1356	71	1264	-14660	-3400
4776	-1734	193	1074	-14512	-3452
4556	-1860	195	887	-14376	-3532
4556	-1747	291	706	-14352	-3620
4376	-1332	415	532	-14464	-3912
4524	-688	614	385	-14680	-3788
4628	57	639	275	-14964	-3888
4848	557	844	140	-15200	-3492
4852	720	632	-92	-14788	-3260
4780	289	289	-475	-14504	-3308
4692	219	181	-924	-14312	-2904
4876	223	269	-1032	-14572	-3076
4668	-395	361	-776	-14796	-3312
4660	-434	355	-568	-14780	-3344
4572	-195	220	-578	-14892	-3144
4520	-120	151	-750	-14884	-3164
4408	19	184	-953	-15184	-3184
4544	205	255	-1097	-15332	-3220
4500	342	39	-1073	-15088	-3160
4380	445	-220	-1114	-14728	-3000
4356	534	-234	-1270	-14596	-2728
4204	331	-125	-1306	-14592	-2996
4156	47	-51	-1194	-14800	-2852
4224	-221	-216	-960	-14680	-2796
4360	-484	-14724	-2796	4292	-884
-151	-468	-14932	-2948	4436	-1083
-70	-282	-15076	-3060	4404	-1083
-58	-203	-15052	-3204	4300	-983
-194	-143	-14520	-3320	4128	-611
31	-144	-14732	-3248	4620	-48
410	-53	-14996	-3176	4612	9
279	84	-15132	-3192	4532	114
93	194	-14960	-3124	4400	261
-192	185	-14720	-2876	4656	17
-218	249	-14600	-2924	4544	-446
-253	372	-14748	-2832	4628	-909
-367	423	-15144	-2916	4780	-1356
-580	457	-15044	-2904	4660	-1773
-979	430	-15048	-2820	4576	-2324
-1156	429	-15144	-2880	4456	-2729
-1305	483	-14876	-2704	4528	-3023
-1336	498	-14756	-2828	4380	-3280
-1375	519	-14964	-2876	4216	-3498
-1342	580	-15068	-2880	4344	-3458
-1493	599	-14756	-2532	4456	-3796
-1502	626	-14896	-2724	4604	-4252
-1366	748	-14988	-2600	4352	-4607
-1474	932	-14780	-2572	4472	-5028
-1613	1158	-14752	-2652	4484	-5652
-1744	1425	-14960	-2640	4820	-5952
-1712	1690	-14932	-2696	4760	-6427
-2012	1955	-14628	-2676	4552	-6731
-2201	2144	-14424	-2684	4668	-7224
-2264	2365	-14400	-2816	4540	-7537
-2328	2612	-14860	-3112	4708	-7478
-2399	2858	-14668	-3004	4880	-7529
-2606	3177	-14440	-3028	4528	-7698
-2361	3353	-14496	-3376	4628	-7680
-2168	3459	-14520	-3356	4556	-7474
-1931	3507	-14400	-3388	4688	-7319
-1885	3533	-13872	-3440	4588	-7104
-1533	3477	-13888	-3416	4736	-6852
-992	3398	-14140	-3608	4860	-6785
-794	3620	-14384	-3712	5140	-6438
-811	3961	-14288	-3692	5128	-6530
-804	4331	-14180	-4040	5228	-6201
-606	4304	-14196	-4176	5428	-5418
-250	3869	-14260	-4160	5240	-4530
147	3345	-14596	-4396	5380	-3805
197	2640	-14540	-4168	5516	-3207
186	1956	-14436	-4016	5628	-2996
90	1389	-14504	-3608	5704	-3466
60	1073	-14560	-3104	5748	-4573
-30	963	-14464	-2932	5776	-6998
-484	1163	-14148	-4216	5532	-7080
-715	1102	-14136	-3344	5748	-7852
-609	825	-14256	-4192	5612	-7479
-381	112	-14628	-3832	5548	-6795
-403	-568	-14804	-3980	5480	-6349
-503	-1224	-14780	-4380	5672	-4696
-624	-1933	-14896	-3956	5608	-3079
-606	-2527	-15044	-3768	5736	-1986
-578	-2879	-15096	-3308	5636	-1289
-642	-2966	-14724	-2980	5576	-787
-710	-2848	-14364	-2856	5392	-640
-626	-2446	-14060	-2768	5436	-974
-547	-1938	-14080	-2656	5388	-1618
-605	-1228	-14300	-2792	5372	-1732
-623	-434	-14304	-2984	5560	-1666
-542	396	-14156	-3016	5468	-1434
-545	1123	-13944	-3356	5404	-977
-291	1580	-13976	-3188	5280	-363
-166	1943	-14156	-3500	5220	455
-70	2196	-14272	-3468	5132	978
-97	2444	-14432	-3464	5248	1233
-65	2553	-14688	-3284	5412	1079
-30	2487	-14940	-3372	5328	867
34	2296	-14864	-3060	5360	332
-45	1934	-14640	-3144	5408	-584
11	1457	-14636	-3180	5408	-1312
18	938	-14436	-3224	5248	-1946
-160	638	-14172	-3188	5284	-2485
-174	467	-14272	-3168	5284	-2777
-151	395	-14328	-3352	5268	-2948
-216	477	-14500	-3372	5344	-2874
-222	466	-14296	-3372	5340	-2745
-317	368	-14260	-3364	5188	-2608
-190	168	-14284	-3420	5384	-2369
-102	29	-14504	-3304	5420	-2147
-13	-155	-14564	-3160	5372	-2053
-9	-242	-14476	-3344	5432	-1720
186	-248	-14484	-3384	5544	-1356
315	-209	-14192	-3284	5576	-835
542	-57	-14352	-3276	5572	-260
729	215	-14232	-3524	5584	642
810	558	-14272	-3448	5772	1017
850	790	-14360	-3592	5920	773
708	905	-14496	-3748	5952	366
559	865	-14744	-3852	5948	19
347	665	-14680	-3984	5856	349
77	378	-14540	-3992	5344	996
36	-50	-14668	-3600	5604	1647
-261	-529	-14516	-3488	5268	1853
-471	-946	-14512	-3388	5232	2152
-546	-1270	-14648	-2932	5284	2078
-467	-1431	-14780	-2980	5276	1388
-508	-1431	-14752	-2716	4996	150
-394	-1364	-14760	-2780	5088	-465
-272	-1404	-14716	-2776	5172	-1105
-256	-1449	-14508	-2768	5252	-1614
-180	-1444	-14532	-2848	5268	-1776
-135	-1491	-14368	-2988	5232	-1692
-158	-1479	-14232	-2900	5088	-1223
-76	-1409	-14256	-2880	5232	-714
-53	-1133	-14412	-2864	5496	-440
-19	-688	-14452	-2764	5604	-106
-18	-147	-14516	-2616	5604	-189
-12	421	-14520	-2424	5676	-630
-82	819	-14408	-2664	5804	-1268
-309	1127	-14352	-2724	5764	-2013
-450	1256	-14464	-3096	5612	-2406
-458	1239	-14608	-3112	5400	-2759
-495	1264	-14768	-3276	5360	-2629
-505	1190	-14496	-3296	5244	-2351
-593	1148	-14412	-3244	5344	-2107
-320	1082	-14608	-3032	5428	-2170
-245	1220	-14564	-3208	5540	-2617
-272	1406	-14408	-3292	5692	-2817
-317	1405	-14484	-3252	5792	-3185
-403	1428	-14432	-3400	5664	-3796
-412	1469	-14588	-3684	5672	-3313
-506	1354	-14480	-3528	5684	-2944
-595	1292	-14552	-3532	5700	-2503
-534	1207	-14484	-3508	5824	-2176
-519	1217	-14340	-3436	5900	-1882
-559	1191	-14212	-3164	5724	-1863
-494	1274	-14124	-3304	5508	-1791
-358	1294	-14300	-3240	5620	-1771
-441	1348	-14400	-3304	5644	-1904
-442	1376	-14412	-3312	5716	-1931
-561	1349	-14228	-3364	5688	-1900
-534	1304	-14208	-3388	5760	-1923
-356	1177	-14264	-3336	5520	-1775
-350	1083	-14264	-3216	5660	-1582
-353	896	-14480	-3560	5776	-1463
-295	700	-14536	-3152	5816	-1650
-307	457	-14556	-3176	5984	-1591
-331	187	-14400	-3040	5960	-1946
-438	-16	-14136	-3128	5716	-2193
-562	-161	-14024	-3020	5932	-1906
-458	-227	-13924	-3184	5732	-1788
-334	16	-13948	-3392	5936	-1582
-315	341	-14104	-3132	5796	-1146
-349	553	-14200	-3308	6000	-1217
-346	503	-14204	-3228	5920	-953
-340	260	-14468	-3260	5864	-887
-280	16	-14520	-3152	5844	-790
-207	-212	-14272	-3180	5900	-749
-219	-307	-14216	-3092	5700	-744
-91	-426	-14248	-2992	5656	-918
-4	-422	-14320	-3132	5668	-971
64	-389	-14312	-3088	5744	-1006
32	-365	-14264	-3028	5872	-1195
136	-359	-14292	-3092	5804	-1120
141	-420	-14236	-3148	5656	-986
158	-388	-14472	-2976	5900	-992
169	-347	-14312	-3264	5864	-1056
126	-198	-14500	-2972	5980	-804
170	-88	-14280	-3052	5928	-822
131	-117	-14520	-2844	5700	-1386
367	-43	-14788	-3096	5540	-1221
102	-144	-14836	-2904	5564	-1295
8	-15	-14672	-3036	6016	-1185
-156	121	-14324	-2628	5952	-1656
-113	251	-14316	-2844	5660	-2113
-58	266	-14244	-3084	5708	-2033
-112	178	-14388	-2856	5620	-1810
-224	259	-14608	-3044	5904	-1912
-303	402	-14628	-3076	5952	-1724
-408	449	-14588	-3036	5984	-1883
-374	547	-14496	-2996	6412	-1855
-600	708	-13812	-2960	6152	-1756
-614	736	-14344	-2544	5840	-2542
-280	845	-14324	-2776	5720	-3174
-892	827	-14344	-2584	5520	-3501
-820	622	-14560	-2644	5420	-4042
-1390	706	-14156	-2548	5512	-4315
-1668	731	-13780	-2408	5260	-5560
-2044	1061	-13684	-2824	5024	-6240
-1870	1288	-14552	-3188	5068	-6526
-1800	1601	-14780	-3260	5516	-6599
-1993	1768	-15028	-3380	5472	-6710
-1523	1891	-14888	-3672	5640	-6232
-1215	1759	-14648	-3992	6128	-5163
-375	1534	-14296	-3668	5852	-4235
-418	1357	-13612	-3808	5400	-3963
-16	1302	-13748	-3664	5360	-3085
-103	1282	-13976	-3600	5732	-2597
-179	1586	-13904	-3356	5852	-2512
-239	1833	-14124	-3320	5924	-3006
-198	2160	-14032	-3836	5924	-2657
-69	2251	-14632	-3648	6164	-2233
282	2231	-14396	-3696	6348	-2348
-2	2289	-14436	-3732	6216	-2612
323	2217	-14352	-3768	5984	-2606
87	1929	-14124	-3752	5892	-2520
151	1576	-14416	-3916	6096	-2218
122	1204	-14112	-3888	6312	-1906
44	1095	-14100	-3828	6024	-1972
72	1150	-14244	-4160	6092	-1580
173	1020	-14360	-3920	6036	-1096
17	731	-14248	-3756	6044	-1014
-155	562	-14400	-4036	6056	-473
-178	329	-14468	-3552	6292	91
-371	82	-14412	-3612	6076	-93
-726	-69	-14444	-3476	5956	24
-521	-316	-14788	-3260	6476	-399
-817	-449	-14376	-3288	6304	-692
-904	-661	-14288	-3276	6080	-545
-769	-971	-14176	-3292	6148	-318
-495	-1311	-14124	-3180	6000	-198
-267	-1345	-14180	-3240	6024	268
-46	-1107	-14136	-3244	6048	579
136	-556	-14032	-3532	6048	464
194	-17	-13916	-3436	5572	840
90	247	-13888	-3376	5424	1193
245	119	-14212	-3312	5420	1646
108	-133	-14332	-3060	5600	1611
215	-361	-14332	-2936	5528	1263
206	-677	-14336	-2716	5368	613
254	-1056	-14388	-2708	5456	122
324	-1317	-14432	-2748	5464	-650
366	-1435	-14584	-2780	5416	-1266
499	-1292	-14608	-2892	5864	-1693
499	-1075	-14400	-2944	5680	-1794
600	-986	-14296	-2980	5844	-1693
719	-880	-14156	-2920	5936	-1602
679	-734	-14288	-2764	5776	-1685
547	-588	-14404	-2684	5724	-2194
415	-461	-14604	-2808	5540	-2376
255	-411	-14372	-2860	5880	-1972
63	-393	-14064	-2748	5932	-2101
341	-52	-14172	-3180	6132	-1861
565	473	-13944	-3180	6028	-1548
592	1147	-14104	-3372	6108	-1403
707	1682	-14428	-3488	5900	-1014
381	2053	-14696	-3364	5800	-451
224	2170	-14604	-3328	6164	-188
-41	2135	-14816	-3312	6116	-394
-3	2005	-14376	-3496	5764	-321
-250	1739	-14112	-3212	5612	-434
-120	1530	-14268	-3336	5720	-521
-303	1498	-14136	-3304	5624	-1166
-453	1575	-14212	-3312	5400	-1503
-334	1657	-14404	-3532	5280	-1766
-330	1609	-14632	-3732	5420	-1730
-61	1412	-14676	-3644	5576	-1646
-22	1107	-14620	-3816	5596	-1427
102	678	-14588	-3672	5476	-1440
105	246	-14384	-3408	5352	-1320
-70	-198	-14212	-3528	5480	-1379
-133	-350	-14264	-3344	5436	-1429
79	-311	-14928	-3236	5760	-1804
114	-231	-14732	-3400	5900	-1812
-158	-303	-14216	-3388	5776	-1719
-44	-399	-14104	-3476	5616	-1342
184	-520	-14008	-3408	5488	-1144
37	-535	-14296	-3724	5724	-623
347	-522	-14648	-3676	5848	357
165	-399	-14532	-3556	5864	594
180	-344	-14384	-3816	5708	1305
101	-586	-14212	-3524	5804	1968
397	-867	-14580	-3316	5964	2035
208	-944	-14404	-3140	5828	1664
-136	-1058	-14420	-3116	5516	1307
-28	-1270	-14708	-3016	5600	1160
-289	-1350	-14428	-2940	5736	701
-287	-1264	-14512	-2964	5572	233
-325	-1156	-14364	-3100	5216	-167
-438	-1084	-14380	-2972	5272	-316
-486	-1083	-14480	-2904	5152	-358
-490	-1121	-14420	-3088	5460	-547
-366	-1122	-14452	-2848	5216	-754
-68	-1030	-14712	-2940	5328	-683
-9	-909	-14628	-2776	5164	-950
-247	-689	-13996	-2972	5056	-1237
-174	-380	-14052	-3016	5300	-1214
47	-21	-14140	-2972	5332	-1248
317	439	-14380	-3172	5544	-1285
483	873	-14464	-3132	5668	-1196
483	1111	-14420	-3376	5784	-1166
369	1102	-14160	-3304	5604	-1162
287	940	-14080	-3192	5596	-1129
453	741	-14096	-3356	5648	-1175
454	682	-14300	-3436	5796	-1034
446	771	-14468	-3352	5960	-1305
477	1116	-14552	-3568	6132	-1205
342	1280	-14416	-3512	5856	-1003
253	1224	-14176	-3676	5976	-762
133	1045	-14124	-3716	5940	-591
292	924	-14324	-3540	5984	-538
199	865	-14500	-3784	6068	-397
41	769	-14412	-3752	5880	-220
-37	622	-14404	-3924	5880	137
-82	447	-14256	-3792	5756	572
-28	338	-14300	-3792	5888	980
178	264	-14432	-3932	5828	1341
204	223	-14352	-3920	5772	1788
281	119	-14404	-3836	5428	2240
212	-50	-14420	-3732	5496	2474
206	-293	-14540	-3624	5540	2435
84	-579	-14516	-3568	5616	2509
222	-846	-14664	-3248	5764	2349
32	-1154	-14116	-3344	5500	1927
125	-1387	-14244	-3436	5392	2040
291	-1648	-14508	-3184	5508	1759
155	-1684	-14360	-3148	5352	1467
-108	-1756	-14272	-3056	5456	1218
-149	-1866	-14192	-3168	5068	1122
-6	-1987	-14448	-3140	5108	1329
202	-2103	-14480	-3100	5300	1437
309	-2122	-14488	-3056	5440	1711
510	-1988	-14120	-3048	5188	1930
799	-1799	-14296	-3104	5224	2186
1035	-1627	-14384	-2908	5168	2078
981	-1539	-14464	-2824	5124	1961
918	-1569	-14680	-2716	5228	1755
787	-1569	-14540	-2684	5356	1475
843	-1457	-14496	-2812	5400	1207
1121	-1291	-14484	-2896	5572	1098
1150	-1043	-14068	-2696	5364	675
1224	-719	-14052	-3036	5316	885
1417	-445	-14688	-2612	5816	592
1417	-232	-15316	-2760	6212	355
767	-109	-14956	-2552	6320	-250
428	52	-14504	-3000	6420	-320
268	214	-14128	-3072	6224	-898
194	409	-14296	-3680	5864	-737
240	621	-14568	-3500	5352	-227
-116	550	-14636	-3792	5116	385
-341	348	-14692	-3304	4948	1111
-230	30	-14692	-3228	5236	1037
38	-26	-14812	-3260	5264	1108
356	79	-14628	-3340	5260	1102
351	260	-14324	-3292	5388	977
420	455	-14172	-3388	5368	700
458	728	-14264	-3412	5336	673
492	783	-14452	-3512	5596	543
470	778	-14624	-3652	5488	575
335	588	-14772	-3308	5580	661
126	155	-14744	-3552	5656	574
142	-247	-14736	-3148	5572	854
22	-634	-14536	-3032	5604	635
-140	-714	-14224	-3204	5744	744
-139	-701	-14020	-2968	5644	469
-144	-602	-14212	-2876	5544	219
-127	-550	-14428	-3120	5380	88
-388	-593	-14712	-2788	5100	-566
-392	-716	-14496	-3112	5384	-586
-361	-809	-14244	-3044	5292	-645
-232	-803	-14092	-3068	5052	-743
9	-764	-14152	-3120	5148	-553
97	-647	-14180	-3068	5248	-450
214	-514	-14456	-3136	5444	-483
432	-341	-14648	-3096	5604	-472
431	-293	-14572	-3076	5568	-388
440	-340	-14132	-3128	5552	-534
467	-299	-13852	-3192	5588	-536
535	-74	-14028	-3616	5840	-725
733	194	-14156	-3920	5484	18
827	393	-14224	-3860	5616	733
702	344	-14376	-3916	5496	1240
824	225	-14220	-3772	5360	2298
846	-189	-13916	-3260	5192	2553
1112	-417	-13940	-3956	5320	3054
1406	-446	-14056	-3772	5280	2709
1654	-230	-14536	-3692	5508	2913
1731	-34	-14544	-4116	5572	2756
1674	226	-14680	-4336	5516	2828
1895	264	-14520	-4696	5488	3902
1827	183	-14680	-4840	5412	5585
2097	-86	-14844	-4468	5312	6840
1883	-306	-14744	-4148	5456	7185
1475	-511	-14416	-4440	5112	7910
1185	-989	-14492	-4100	4980	8589
1061	-1524	-14456	-4132	4444	9613
981	-2137	-14512	-3736	4400	9842
1205	-2710	-15276	-3572	4476	9926
1212	-3082	-15500	-3116	4608	9034
915	-3161	-15036	-3128	4500	7936
825	-3261	-14784	-3192	4580	7608
949	-3447	-14556	-3292	4544	7175
1059	-3582	-14420	-3000	4464	6823
1195	-3705	-14424	-3192	4176	6468
1154	-3705	-14572	-3412	4512	6761
1299	-3724	-14768	-3376	4372	7211
1291	-3656	-14900	-3668	4264	7624
1255	-3557	-14764	-3484	4180	8151
1234	-3448	-14668	-3728	4144	8703
1206	-3397	-14704	-3500	4088	9168
1302	-3452	-14832	-3324	4060	9159
1301	-3618	-15012	-3132	3952	8794
1243	-3847	-15104	-2996	3856	8353
1337	-4125	-15416	-3008	4140	7775
1442	-4265	-15332	-3052	4520	7463
1446	-4196	-15112	-2708	4148	6309
1376	-4078	-14784	-2848	3968	5480
1342	-4017	-14716	-2700	4084	5011
1322	-3975	-14968	-2596	4332	4314
1265	-3928	-15172	-2904	4308	3803
1302	-3731	-15256	-2756	4452	3430
1346	-3565	-15292	-2664	4476	3335
1281	-3347	-14824	-2648	4480	2691
1186	-3144	-14224	-2744	4180	2424
1322	-3078	-14056	-2756	4212	2777
1749	-2845	-14812	-3040	4396	3475
2012	-2244	-14716	-2616	4392	3633
1766	-1255	-14608	-2756	4508	2882
1947	-298	-14652	-3068	4572	3031
1996	352	-14696	-3160	4572	3770
2152	865	-14932	-2884	4540	4290
2064	1299	-14828	-2984	4696	4169
1900	1840	-14776	-3116	4728	4221
1874	2315	-14940	-3084	4720	4411
1456	2768	-14968	-3012	4732	4027
1064	3076	-15020	-3156	4612	3664
594	3249	-15064	-3008	4544	3274
316	3203	-15144	-3172	4896	2709
133	3058	-15156	-3040	4808	2184
-186	2747	-14940	-3140	4508	1336
-379	2348	-14916	-3284	4540	972
-545	1819	-14804	-3152	4392	535
-584	1349	-15220	-3572	4508	168
-600	904	-15412	-3400	4600	-272
-907	562	-15416	-3360	4536	-901
-1113	58	-14864	-3156	4464	-1537
-1274	-653	-14496	-3208	4472	-1962
-1004	-1395	-14424	-2988	4396	-2445
-825	-1995	-14776	-2836	4268	-3260
-765	-2327	-14856	-2924	4684	-3873
-900	-2467	-14828	-2652	4812	-4475
-879	-2571	-14628	-2824	4596	-5087
-769	-2566	-14460	-3292	4896	-4543
-429	-2571	-14236	-3212	5112	-3684
-151	-2301	-13968	-3272	5104	-3081
152	-1925	-13808	-3572	5232	-2172
412	-1426	-13720	-3252	5044	-1240
517	-1105	-14132	-3548	4916	35
969	-818	-14472	-3524	5356	1538
1048	-388	-14144	-3308	5360	2435
1238	249	-14072	-3424	5328	3192
1603	763	-14180	-3564	5368	3977
1866	1024	-14396	-3372	5532	4756
1745	1127	-14472	-3172	5576	4791
1558	1234	-14780	-2944	5552	4396
1225	1170	-14704	-3136	5612	3786
859	888	-14712	-2968	5440	3655
647	321	-14800	-2648	5760	2806
448	-174	-14720	-2868	5660	1708
198	-459	-14708	-3312	5404	1116
327	-621	-14668	-3372	5344	1146
231	-703	-14668	-3412	5460	1019
106	-680	-14696	-3376	5344	776
-139	-747	-14452	-3532	5220	875
-242	-1017	-14568	-3612	5268	1485
-140	-1383	-14684	-3376	5116	1653
-286	-1578	-14792	-3320	4904	1685
-276	-1732	-14896	-3232	4856	1719
-474	-1861	-14740	-3172	4864	1769
-353	-1934	-14580	-3000	4940	1470
-310	-1816	-14428	-3040	4692	1131
-189	-1834	-14368	-3104	4744	1145
2	-1886	-14312	-2900	4700	1077
131	-1909	-14528	-3180	4508	984
176	-1808	-14588	-3088	4600	1216
191	-1739	-14532	-3044	4908	973
244	-1603	-14432	-3052	4668	956
333	-1529	-14672	-3080	4872	1185
559	-1398	-14868	-2712	4964	1010
499	-1160	-14548	-2800	4764	323
360	-928	-14576	-3024	4800	265
592	-855	-14540	-2700	4924	144
492	-711	-14516	-2736	4756	-462
508	-325	-14428	-3196	4912	-544
639	-13	-14480	-3088	4660	-367
829	268	-14756	-3408	5100	-80
1014	637	-14916	-3392	5140	241
927	1007	-14816	-3296	5108	326
786	1197	-14532	-3336	5216	460
706	1106	-14296	-3296	5032	533
673	978	-14432	-3180	5088	484
779	923	-14700	-3284	5028	336
666	1041	-15016	-3404	5252	77
533	1221	-15024	-3380	5164	-126
320	1371	-14684	-3448	5056	-458
253	1319	-14564	-3420	5068	-248
289	1078	-14556	-3412	5048	-254
317	858	-14604	-3572	4956	-198
261	678	-14676	-3520	5068	5
173	582	-14612	-3472	4968	82
91	534	-14592	-3660	4968	364
124	403	-14712	-3516	4904	770
183	322	-14860	-3444	4764	720
161	315	-14892	-3616	4808	937
249	225	-15180	-3840	4844	1591
385	135	-14664	-3684	4840	2020
480	135	-14380	-3392	4504	2195
831	75	-14436	-3604	4456	2384
1276	20	-14840	-3336	4576	3098
1604	1	-15540	-2204	4576	2095
1685	127	-16412	-204	4408	-1409
1524	97	-17328	-192	2884	-8110
-365	1065	-13972	-5240	3896	-6630
-879	1436	-12348	-3608	5620	-459
2131	246	-14300	-852	4192	-2148
2262	991	-13852	-3376	4308	-4179
2035	1827	-14752	-4028	4444	-926
2240	1780	-15072	-3804	4280	1340
1581	2084	-14992	-4344	4652	3734
997	2066	-14464	-3492	4624	5586
937	1652	-14756	-3936	4308	6831
892	988	-14504	-3952	4120	9486
878	68	-14688	-2728	3676	10474
787	-801	-15040	-2164	3256	9499
281	-1358	-14828	-2628	3336	9354
103	-1828	-15096	-2560	3616	9525
169	-2357	-15092	-1596	3196	8401
-176	-2664	-14736	-1896	2940	6641
81	-2916	-14744	-2428	3244	6284
260	-3295	-15012	-1900	3164	5480
400	-3399	-15764	-2192	2992	4240
299	-3459	-15348	-2388	2944	3813
-88	-3689	-15556	-2352	2804	3859
105	-4133	-15904	-2228	3116	3815
162	-4483	-16236	-1928	3040	2805
296	-4693	-16192	-2196	3312	2210
194	-4939	-15608	-2172	3256	2456
541	-5240	-15472	-2216	3560	2254
684	-5251	-14916	-2116	3512	1809
859	-5083	-15128	-2008	3560	1251
921	-4753	-14996	-2324	3640	831
462	-4121	-14724	-2304	3956	1195
789	-3390	-15300	-2200	4120	829
779	-2448	-14908	-2376	4268	284
548	-1519	-14732	-2360	4204	360
634	-827	-14280	-2500	4204	353
660	-101	-14320	-2616	4272	632
717	701	-14516	-2744	4364	596
497	1629	-14324	-2792	4452	757
384	2548	-14772	-2812	4736	1102
264	3262	-14916	-2796	4624	1177
-95	3797	-14836	-2796	4420	999
-262	3902	-14864	-2704	4192	904
-423	3855	-15072	-2820	4400	861
-361	3767	-15344	-2812	4564	669
-502	3637	-15164	-2848	4484	214
-640	3434	-15092	-2896	4348	-215
-616	3180	-14952	-2804	4336	-745
-645	2773	-14836	-2952	4060	-1044
-717	2350	-14844	-2852	4100	-1377
-694	1837	-14960	-2992	4064	-1789
-469	1326	-15308	-2924	3876	-2009
-424	784	-15368	-2864	3940	-2008
-419	139	-14764	-2728	4048	-2140
-231	-354	-14648	-2748	3920	-2481
245	-587	-14736	-2952	3996	-2287
445	-669	-14600	-2952	3900	-1979
606	-595	-14704	-2972	4096	-1695
682	-512	-14820	-2904	4272	-1480
772	-487	-14812	-2884	4540	-1230
741	-537	-14888	-2600	4640	-1202
723	-715	-15076	-2644	4552	-1507
595	-848	-15300	-2880	4640	-1198
527	-1034	-15300	-2624	4668	-811
423	-1186	-15012	-2732	5104	-712
180	-1103	-14560	-2684	4720	-638
274	-1069	-14708	-2684	4836	-543
111	-1029	-14644	-2668	4428	-436
-157	-1197	-14908	-2568	4580	-109
-318	-1365	-14916	-2516	4736	63
-347	-1436	-15248	-2512	4656	76
-302	-1324	-15032	-2632	4596	17
-527	-957	-14728	-2636	4448	86
-477	-551	-14540	-2656	4096	265
-478	-144	-14680	-2620	4296	409
-485	173	-14800	-2452	4072	287
-527	422	-14860	-2744	4044	239
-521	553	-14860	-2704	4192	483
-372	553	-14900	-2664	4120	434
-266	658	-14932	-2524	4168	234
-215	699	-14852	-2664	4236	97
-211	723	-14628	-2648	4136	77
-47	683	-14748	-2640	4348	-74
-23	641	-14880	-2672	4360	-209
4	556	-14872	-2648	4528	-506
-16	468	-14840	-2700	4480	-531
-43	359	-14876	-2628	4440	-635
25	252	-14960	-2792	4748	-691
-51	137	-14848	-2664	4580	-710
43	77	-14668	-2776	4764	-682
91	84	-14604	-2780	4808	-610
81	96	-14744	-2668	4576	-528
-4	60	-14732	-2712	4620	-629
-21	36	-14712	-2660	4696	-467
-79	-16	-14892	-2628	4944	-421
17	-90	-14860	-2660	4576	-510
-84	-101	-14760	-2616	4616	-461
-51	-111	-14652	-2592	4496	-479
-31	-70	-14752	-2604	4328	-360
81	21	-14960	-2684	4508	-228
151	83	-14648	-2716	4360	-200
69	183	-14688	-2680	4452	-33
340	89	-14976	-2640	4544	15
335	7	-14792	-2600	4336	22
253	-18	-14972	-2676	4488	-112
233	-52	-14552	-2552	4492	-330
33	-155	-14628	-2464	4276	-788
258	-250	-14952	-2556	4548	-1032
206	-335	-15004	-2364	4508	-1466
24	-501	-14812	-2396	4224	-2043
5	-800	-14948	-2596	4784	-1855
264	-856	-14888	-2224	4588	-2147
23	-605	-14896	-2532	4040	-2976
57	-519	-14628	-2916	4296	-2412
-155	-586	-14692	-2680	4600	-1889
163	-244	-14608	-2372	4312	-2366
203	161	-14872	-2700	4244	-2238
145	268	-14684	-2712	4268	-1429
45	360	-14588	-2724	4204	-1188
346	657	-14736	-2684	4504	-999
559	999	-14952	-2772	4372	-710
663	1383	-15052	-3060	4200	-429
525	1738	-14844	-3144	4412	110
291	2023	-14412	-2928	4324	290
366	2158	-14612	-3100	4264	411
618	2065	-15216	-3200	4444	775
638	1656	-15028	-3108	4364	1210
514	1199	-14856	-2824	4496	1172
560	806	-14628	-3296	4260	1138
649	559	-14932	-2940	4396	1454
655	100	-15120	-3108	4300	1520
517	-190	-15012	-3136	4392	1708
329	-503	-14784	-2912	4156	1360
148	-846	-14696	-3032	4324	1229
159	-1285	-14904	-2704	4052	907
-28	-1587	-15676	-2592	3916	526
-162	-2060	-15812	-2644	4228	431
-421	-2488	-15140	-2604	4312	272
-242	-2554	-15016	-2672	4116	25
-107	-2543	-14756	-2812	3848	-121
-40	-2649	-15092	-2732	3996	244
-5	-2834	-15088	-2476	4024	287
-105	-2963	-14908	-2388	3792	94
-75	-3050	-14840	-2344	3952	-33
67	-3136	-14848	-2288	4232	-236
63	-2903	-15056	-2320	3840	-659
154	-2476	-14980	-2332	3888	-918
-110	-1912	-14568	-2468	3944	-874
-45	-1284	-14556	-2576	3712	-779
258	-590	-14728	-2512	3796	-746
242	112	-14544	-2380	4212	-1036
217	858	-14476	-2908	4040	-507
532	1584	-14472	-2740	3896	-409
574	2191	-14672	-3120	3968	-1
544	2678	-14872	-2768	3960	252
520	3071	-15392	-2740	4172	174
384	3129	-14996	-2752	4216	104
188	2960	-14920	-2884	4056	65
380	2727	-14968	-2712	4176	-113
290	2591	-15136	-2748	3788	-704
22	2388	-14964	-2932	3860	-1100
-149	2150	-14872	-2816	4016	-1224
-59	1954	-15296	-2816	4096	-1683
-120	1740	-14880	-2892	3792	-2156
-138	1437	-14820	-3004	3820	-2345
-16	1138	-15020	-2936	3892	-2491
-34	807	-15132	-2900	3736	-2803
-168	437	-15084	-2800	3644	-3074
-286	-87	-15176	-2616	3616	-3355
-391	-589	-15252	-2576	3444	-3677
-327	-1018	-15312	-2440	3472	-3975
-281	-1249	-15092	-2664	3520	-4149
-197	-1229	-14800	-2720	3360	-3863
-35	-1078	-14468	-2816	3536	-3583
505	-654	-15420	-3060	3832	-3375
676	-24	-15732	-2960	3728	-3382
-102	548	-15004	-2768	3800	-3478
-332	592	-14988	-2676	4140	-3423
-441	304	-14936	-2340	3896	-3810
-478	-90	-15428	-2388	3860	-4072
-672	-560	-15604	-2300	4156	-4997
-1172	-852	-15064	-1996	4032	-6264
-1622	-1057	-15216	-2116	3828	-7318
-1837	-1373	-14488	-2116	3948	-8318
-2151	-1260	-14088	-2468	3912	-8893
-1866	-825	-14884	-2512	3652	-9302
-1803	-121	-16284	-2520	3724	-9974
-2343	552	-15724	-2836	4160	-10395
-3213	1071	-14512	-2736	4464	-10235
-2924	1195	-14940	-2608	4188	-10450
-2483	1275	-14836	-2984	3952	-10343
-3113	1467	-14448	-2944	3780	-10082
-3513	1764	-14312	-3208	3880	-9964
-3714	2429	-14572	-3032	3968	-10188
-3725	3252	-14320	-3424	3660	-10543
-4043	4069	-14420	-3560	3380	-10041
-3534	4499	-15208	-3592	3764	-9799
-3459	4942	-15060	-3764	3352	-9634
-3310	5203	-15020	-4116	3456	-9048
-2823	5178	-14880	-4280	3644	-7791
-2351	4883	-14712	-4104	3652	-6625
-1746	4582	-14864	-4432	3552	-5722
-1304	4347	-14784	-4552	3616	-4502
-1039	4120	-14760	-4348	3740	-3497
-740	3883	-14700	-4416	3916	-2891
-583	3698	-14588	-4396	3948	-2351
-319	3509	-14600	-4444	3944	-1947
13	3170	-14628	-4332	4196	-1499
402	2585	-14700	-4220	4448	-1331
618	1852	-14720	-4328	4504	-692
956	1011	-14904	-4076	4856	-305
1092	215	-14836	-3872	4828	-617
914	-370	-14752	-3972	4684	-1053
837	-859	-14620	-4008	4928	-928
508	-1428	-14768	-3668	4976	-1030
547	-1968	-14944	-3744	5088	-1016
303	-2387	-14760	-3724	4968	-996
150	-2702	-14976	-3644	5008	-940
215	-2949	-15160	-3752	4916	-516
11	-3162	-14944	-3780	4928	110
-126	-3319	-14484	-3448	5160	551
-185	-3500	-14440	-3380	4888	557
-68	-3476	-14520	-3340	4668	638
-264	-3278	-14640	-3168	4608	689
-474	-2959	-14836	-3136	4492	444
-612	-2534	-14792	-3040	4396	276
-762	-2172	-14572	-3020	4608	60
-564	-1948	-14652	-3068	4436	-14
-425	-1650	-14680	-3180	4380	-65
-282	-1352	-14828	-3100	4436	32
-265	-962	-14884	-3156	4288	-326
-357	-571	-14532	-3292	4300	-154
-368	-266	-14628	-3360	4420	84
-52	-30	-14696	-3340	4352	323
94	287	-14708	-3212	4376	107
211	557	-14760	-3496	4560	146
204	872	-14644	-3460	4712	311
248	1088	-14612	-3380	4516	296
297	1241	-14392	-3504	4848	262
253	1245	-14280	-3500	4776	162
297	1336	-14456	-3552	4820	234
437	1368	-14780	-3532	5000	48
297	1389	-14868	-3528	4904	-444
152	1432	-14920	-3620	4784	-445
6	1281	-14608	-3668	5028	-434
-31	1087	-14424	-3600	4964	-589
15	891	-14524	-3636	5080	-815
-3	729	-14420	-3840	4920	-756
-46	609	-14452	-3940	4864	-545
-135	469	-14636	-3748	4920	-513
-143	293	-14668	-3704	4876	-643
-339	161	-14520	-3652	4924	-707
-278	-74	-14520	-3648	4984	-705
-336	-306	-14460	-3500	4824	-854
-304	-460	-14480	-3620	4872	-1117
-296	-467	-14528	-3656	4856	-1208
-288	-442	-14752	-3704	4848	-1207
-346	-404	-14824	-3848	4732	-971
-421	-526	-14768	-3832	4828	-721
-367	-670	-14636	-3980	5124	-507
-467	-939	-14568	-4168	5024	-455
-531	-1440	-14704	-4052	4980	-283
-820	-2063	-14656	-4300	5316	-67
-1044	-2542	-14716	-4132	5196	120
-967	-2822	-14680	-3960	5264	-87
-1142	-2919	-14428	-4112	5252	-604
-1462	-2909	-15276	-4484	5128	-428
-3134	-2323	-13832	-3768	4960	-1575
-2001	-2872	-12964	-5688	4260	-508
700	-3136	-15504	-5268	5000	223
-1547	-2707	-14520	-5940	5652	1582
-3656	-2800	-13164	-3972	5328	-411
-3077	-2402	-13000	-5940	6580	-860
-2534	-1505	-9168	-4640	4564	-2461
3332	-3754	-15560	-5756	6376	-1001
6164	-2173	-15636	-5180	6216	-81
-575	-1605	-13264	-4940	5616	-902
-1344	-1118	-14956	-4404	6140	-1983
-3218	-672	-12748	-5704	5360	-3061
-2105	-407	-12680	-6164	5396	-1510
-1530	-585	-12988	-6052	5596	-551
188	-197	-13292	-5932	5788	-959
1000	66	-13668	-6512	5992	-524
44	-292	-13072	-5872	5252	-671
33	-564	-13164	-6424	5820	-204
688	-1253	-13048	-6148	5680	-43
1970	-486	-13552	-6904	5848	-215
1699	129	-13552	-6904	5848	-215
