0	0	0	0	0	0
17532	1560	7196	-1709	1271	-11
16188	1204	5852	-489	2740	112
14940	1028	6016	-241	1654	74
16696	744	5968	1689	813	301
14756	3120	8572	3300	-2921	-2833
13744	-2244	5452	4470	-13352	-1085
17908	3472	5040	-4120	12514	1186
9696	888	7136	-5565	1908	-3419
17092	-2424	4172	-394	287	-3760
16444	1104	3668	4276	3193	-5889
14124	5856	5676	-64	3599	29
15136	2236	6444	-5939	440	940
17616	-632	5520	-1484	1072	194
16984	2036	6964	289	2565	-1017
17052	3024	8368	-3105	515	-360
18524	1256	8220	-3616	-474	-352
19672	1992	8144	-1348	-17	-1199
19292	2856	8804	415	-460	-1462
19420	1820	8624	567	-536	-1752
18564	1440	8016	741	-1127	-2142
19436	2240	7232	676	-750	-2247
18804	2712	7900	-518	-508	-2510
18644	2076	6764	-757	-1265	-2238
18612	2340	6588	-470	-367	-2007
17972	2920	6828	-1379	-1016	-1596
18128	2324	6012	-2342	-584	-767
17024	2940	5212	-3828	-1023	-215
17044	2488	5640	-4938	543	888
14940	-160	7140	-4971	153	809
14792	-848	7220	-1787	-1437	-158
15844	1488	5476	779	-2409	-690
15984	2008	6352	353	-489	-294
14884	152	6592	307	-1396	-141
15068	484	6188	993	-1956	-465
15688	2312	6232	1552	-1791	-301
14956	2584	4820	3127	-2416	354
15524	1696	4428	-348	-1587	2061
13720	844	5436	-282	-1525	1513
15216	2600	3440	-1690	-2556	1978
15128	2640	4040	-2025	81	2919
14560	2052	5488	-369	1019	3045
12960	1608	6312	-1114	981	2705
13764	2028	6408	-438	-725	2162
15280	2092	4536	-728	-516	2709
14476	1496	6772	-1543	592	1779
13672	1184	6216	-1197	-2869	1172
16220	572	4988	912	-2065	825
14636	1008	5648	1021	-1866	345
15944	980	4292	953	-2679	103
15944	1240	3648	309	-791	-180
15036	1920	4228	97	316	-150
14472	1392	4440	1348	697	179
15084	2948	3116	2606	-411	-579
15156	3740	3784	2802	852	-763
14824	3904	3768	4536	-28	-1593
15120	4352	3192	4000	994	-2343
14616	4860	4632	3094	133	-2613
15920	4972	4608	1638	-33	-2747
15816	5576	3392	-150	-323	-1522
15764	4868	4776	-687	47	-29
16264	4756	5044	-382	-619	186
16032	4512	3788	-358	-35	1203
15780	2780	4840	-704	21	1220
15852	4396	4180	1003	-666	877
15744	3532	4412	-400	117	670
15504	3564	4192	-162	-1131	3
15984	2952	4784	-1259	-339	-230
15608	3672	4812	399	-1779	-1672
15728	3608	3784	745	-1198	-1505
15460	4040	4212	2775	-1314	-2241
15828	3968	3712	3005	-849	-1861
14496	3588	4324	2011	-470	-2260
14820	3608	3580	307	-1331	-2004
15392	3720	2128	923	-1292	-1687
15368	4260	1696	550	500	-1223
15016	3480	3712	-620	38	-1262
15552	1572	3944	822	582	-1949
14612	3468	3336	1274	311	-2871
16348	3968	3412	-2141	1261	-1848
14648	1976	5484	350	1394	-2433
14244	3152	4128	946	204	-2587
16244	3896	3864	-1936	-121	-1513
13992	2296	7156	-1196	-30	-2661
15836	2904	4012	2203	-3233	-2401
16656	4400	3660	-23	350	-1797
14984	3536	5744	178	-1554	-1873
17544	3460	2512	2821	-2029	-1541
16580	4260	3428	1602	814	-1015
16408	3736	4332	-774	-940	-391
17412	3692	2608	842	-801	-984
18156	4628	1648	-1229	1492	134
15872	3068	6464	-2982	2051	-561
16424	2960	4016	1818	-1923	-1045
18968	4660	1276	1168	1513	-1101
14784	3204	6244	1408	1310	-1489
16012	4192	3504	2614	-1821	-1882
16200	4668	516	-954	-884	-1813
16924	4068	2428	-2271	823	-1465
15356	4068	5264	856	466	-2270
15408	5508	3552	-444	-544	-1739
16136	5744	1136	-3068	-1331	-941
17848	6336	2612	-899	672	-691
15940	6868	4468	224	1772	-475
16052	6788	3096	-2561	-554	502
18540	5864	2372	-4543	369	1902
16928	4416	5396	-2651	1738	1283
16936	5100	4472	-848	-395	695
17896	5372	3324	-2696	969	1064
15940	4692	5104	-900	1918	538
16172	5320	4700	1540	424	191
15876	5328	3676	-440	904	827
15056	5128	4256	-2041	685	1378
15432	5024	4272	-1878	100	1375
16020	5348	4000	-1832	-196	1620
16520	4996	4532	-3824	-212	1828
16632	3268	5624	-3210	-354	1731
17248	3216	5532	-1469	-617	621
17504	4220	4992	-1456	-774	297
17956	3644	5248	1170	-396	-85
16636	4148	5124	3773	38	-1015
16508	4896	4232	2576	-1523	-522
17072	4488	3584	903	-454	-241
14952	4380	3964	907	-625	-710
15932	5112	2092	-1201	-1690	-29
15680	4468	2896	-2772	407	236
14844	3820	4284	-2265	-788	139
16696	4576	2892	-974	-1008	-189
17476	6076	3576	-1329	501	-121
18880	6132	4548	-2059	-45	300
21156	5528	5068	-976	136	174
22900	6328	5556	-1011	575	-119
23000	6260	7076	-1120	1007	-249
22512	4028	6952	-40	-333	28
20872	4212	5904	-98	-911	-696
20452	3496	4960	-1030	-1503	-137
18348	2180	5240	34	-686	-1103
17120	2180	3532	56	-2938	-961
17700	2560	2804	519	-1966	-600
15464	2280	3964	1330	-848	-1147
13088	2512	2460	1292	-3408	-1161
16404	3848	-16	-119	-3195	105
14728	3256	2704	-1080	-421	-356
13040	3312	2544	-810	-2312	-74
15488	4788	216	-3005	-3105	1149
15100	4364	2280	-2946	100	1865
13640	4228	2784	793	-1222	1663
16456	5172	-364	-206	-288	3353
14580	3752	2556	-846	4972	3661
12688	2456	3976	2415	2842	3174
14164	4168	2048	3060	3132	2937
14288	4108	1564	3400	3722	3633
14348	3428	2644	6692	3879	3021
12768	5384	4260	6034	3727	1659
13004	5728	1320	1649	-23	3128
14952	3856	1888	-2381	1302	2872
13592	3712	3840	-1452	991	1453
15304	4992	3132	-2146	574	1679
15776	4572	3724	-5690	1159	1969
14524	3440	5824	-5161	121	1714
16120	3620	4480	-2106	-819	1459
15632	3932	4072	-949	293	1324
15692	4188	4312	548	-125	377
15556	4712	3512	463	-431	-68
15568	4208	2992	1259	-815	-1220
15956	4864	2852	1194	-265	-1863
15512	5024	3500	92	-349	-1587
15824	4904	3632	80	-1097	-1225
16292	4476	3708	-777	-35	-458
14964	3432	4496	-1648	-1554	-1061
16920	4668	2652	-1066	-1725	-669
14624	3604	3992	-1857	-246	-1487
15788	4864	1776	162	-3739	-1226
15856	3976	2476	-642	-235	-1961
14884	5068	2712	546	-2786	-2995
16480	4132	1356	-660	-1051	-1443
15228	3640	3168	708	138	-2268
15748	4300	2324	-1244	-1048	-1998
15344	2192	1884	-528	81	-1618
15068	3808	1240	861	588	-3072
15896	4472	1692	-1269	642	-1864
15348	2548	3152	833	1640	-2549
15072	4272	2800	3026	399	-3157
16776	4604	3292	1138	1458	-1997
14972	3408	3920	1706	1625	-2033
16420	5404	2608	3383	-218	-2026
16208	5112	3604	131	2555	-1134
14028	4428	5260	336	179	-1664
16864	4740	2288	663	-1162	-653
14248	4116	4116	-1325	1797	-1340
14516	5376	3332	197	-3413	-556
16680	5272	3312	-996	-35	-247
14292	6312	3848	731	-1465	-218
17512	4920	1104	-2083	-1432	2253
16160	2696	4460	-351	2023	905
14808	3116	4380	1649	-683	637
17116	4580	856	1301	-2171	214
18844	4448	140	-753	2041	399
15296	2400	4684	-999	2475	-842
16484	2072	3144	2559	-1361	-1476
18280	4656	1796	2700	1	-1612
17608	5820	3460	141	1416	-1010
15776	3992	3500	311	-1225	-1014
18728	5044	1836	-500	-638	-838
16448	5152	2932	-1337	440	-1270
16668	4384	2532	598	-873	-1401
16016	5068	1936	1315	-19	-1688
16148	6920	2556	1141	-288	-1302
16332	6712	1552	-1016	-625	-255
16820	5212	1428	-2206	-542	133
16420	5916	2052	-3351	1386	-282
15588	6040	2772	-3998	-92	354
17408	5944	1960	-2543	57	279
16960	6504	2444	-1768	1578	340
15960	5328	4216	-2348	1243	1122
15664	4932	3396	-1919	-376	1123
16784	5700	1860	-2008	251	921
15600	5976	2456	-2693	1736	1144
15676	5272	3372	-2853	644	839
16704	4280	3384	-2641	721	441
16904	5168	3272	-1610	612	-104
17324	5652	3352	-1960	1628	-428
17028	4828	3756	-2198	1376	-741
16856	4668	3008	-2586	1318	-877
17328	4408	3508	-3053	1811	-1013
16116	3888	5056	-2137	2218	-1736
15568	4044	4148	-764	532	-1483
16192	4508	3268	-880	829	-1171
14796	4620	4656	-348	1098	-718
14816	4932	4428	126	-342	-85
15112	5136	4004	-1531	290	858
15012	4784	5188	-1622	684	1420
13756	4392	4580	-1337	622	1707
13412	4840	4080	-1037	-920	2183
14336	4868	3936	-348	-1206	2497
15872	5444	3488	-705	-176	2784
15640	5676	3936	-2237	993	1891
16392	5652	3844	-3743	937	1920
17628	4696	4620	-1569	2108	1144
17476	5288	5740	404	2650	188
18336	5124	6420	-410	1549	734
18580	3852	6420	-81	228	111
19852	5252	6588	1689	-1204	-773
19704	6704	5976	551	-1267	-1434
20532	6780	5368	-1701	-2751	-494
21852	5440	6248	-1746	-1399	-21
20460	4640	7052	-584	-2177	-360
21504	4948	5344	254	-3725	330
22212	5688	4004	-483	-2482	358
21632	4508	3920	-951	-1475	536
21660	2940	3532	830	-1547	-243
19800	1968	4664	133	790	53
16988	8	5136	-901	-1273	434
16432	-668	4740	126	-1254	296
15416	1964	2972	2057	-2068	-1
14892	4004	2668	-881	-2063	1362
12620	1092	3656	-5160	-1351	2432
12320	120	4008	-2680	-3635	1501
14668	3016	1740	545	-3624	808
13988	3380	2604	96	635	1598
11584	2052	3024	580	-2657	1087
14324	1972	1896	-1279	-2396	1388
14912	2060	1860	-840	-370	48
14172	3244	1712	551	-200	-627
16556	5996	-556	1013	-1888	-469
16584	4616	784	-770	2054	1419
12816	1876	3780	-1395	2826	1520
14064	4900	2188	580	-193	1201
14236	4624	1624	-1842	2554	1791
13716	2616	3040	1818	2658	1826
12776	4816	3608	4357	1551	-21
14176	5808	1940	3064	719	1598
13680	5212	2136	798	1198	719
15516	6148	1912	-323	388	807
15560	4796	3440	538	3014	473
14344	5908	2040	2021	-22	-506
15796	6456	3012	1098	978	-739
15372	7156	3432	3172	-211	-1339
15476	7612	2184	2801	371	-1525
14324	7620	2024	881	25	-424
15284	7060	3156	1648	-53	221
14748	6180	3236	1732	58	884
14992	7300	2716	-249	-1637	361
15068	5364	1580	-3110	-602	1973
14828	3592	2588	-1568	-948	957
15868	4536	464	408	-1399	782
15616	3976	2168	-1836	1074	357
13636	2740	3404	-1067	-711	-454
16040	2596	1988	-789	-1089	-1113
14256	2112	2420	-1054	1022	-2435
14276	3308	2164	-32	-623	-3320
14768	3048	2380	-1026	548	-3763
14288	2252	2992	-110	342	-3965
15232	3464	1556	1101	20	-4058
15680	3884	2760	-781	1342	-3674
15488	3064	1604	-1074	1214	-2030
15368	4124	2264	-1225	475	-2907
17300	4144	2452	-2923	303	-1724
16988	2616	3512	-1590	2496	-1618
17768	4884	3208	1163	-179	-1840
19908	5512	2308	-1494	1835	324
18100	3276	6036	-1854	2461	192
17872	3232	4100	-54	280	560
19320	5500	3520	-502	1128	914
17156	5388	4024	-3392	2593	1314
17620	4536	4272	-633	56	1048
17932	2188	5000	1200	1872	759
14764	2436	6636	463	749	-459
16548	3512	4988	786	-2311	-414
15808	2888	4320	1468	-504	-1434
15596	4168	3940	3418	-1763	-2210
16728	5508	3460	2392	-1687	-1889
15388	5068	3800	93	-1427	-1200
15620	5516	2364	-641	-3427	-944
17304	5984	1644	-1494	-884	-115
15044	5704	3232	-1172	-347	-454
14964	5580	2476	-1369	-1892	-30
16496	5344	2436	-1018	338	181
14384	5040	3328	1268	942	-601
15448	6048	2756	2095	-289	-494
16016	6448	2268	1349	914	-140
15732	5872	2924	68	393	634
16824	5208	2756	-1632	753	1294
16092	4948	3596	-2070	1173	993
17224	5736	2820	-2071	199	1107
16760	5668	1676	-2390	1428	1407
16084	4296	3760	-1443	2225	1539
15492	4184	4428	561	904	783
16872	5320	2388	-311	349	1114
15916	5292	2804	-2126	2034	1571
16188	4476	3832	-2556	588	1837
16172	3724	4052	-1912	1104	1425
16404	3884	3524	-1878	433	1203
15704	4132	4228	-2618	1171	1270
15524	3764	4748	-1099	-721	1150
17028	4160	3484	79	-418	836
15736	4252	3612	-900	760	1156
15296	3932	4044	-2123	-1012	1866
16744	3844	2628	-2498	-1019	1917
15952	3940	2812	-2685	1040	1635
15460	3564	3860	-2781	510	1881
16184	3280	3244	-2959	151	1624
16280	2700	3608	-2892	1300	1786
16352	2664	4188	-1704	1330	1332
17028	3536	4736	-2182	1447	1171
16980	2828	4232	-2681	992	1545
17708	2860	4552	-2076	1635	929
16976	3240	5940	-2726	1316	835
18344	2672	5464	-1812	-359	965
20112	2984	5420	-1028	459	149
20144	2744	7248	-898	163	-239
21704	2636	6304	492	-2153	-778
23528	3356	5864	377	-1002	-1739
22620	3648	6720	-830	-803	-2225
23432	3824	5300	0	-2334	-2145
22568	3404	5440	-60	-230	-2041
22228	4140	5412	-1432	-1566	-1267
21768	2148	5192	-2161	-754	-297
20924	312	4344	-649	56	-1108
18128	-144	5396	-244	2625	-1627
16280	24	5080	1715	-699	-2016
18528	176	3196	3818	693	-1773
13776	-236	5060	3449	3276	-2437
12852	448	4744	3990	-1481	-1911
13812	1148	1880	4083	-2346	-1976
13756	2688	2412	3724	-1202	-1755
11996	2644	3088	204	-2040	-1177
12124	2256	2384	-820	-3747	-900
13392	3100	1332	-1272	-3162	-766
13352	5088	1140	-115	-2048	-386
13968	6200	752	-205	-214	1306
13260	5824	2268	-1532	2442	1523
12572	4916	3256	-776	2066	2274
13796	4744	3072	2386	2940	2178
13256	5148	2800	6371	4458	2599
12460	5924	3728	8014	3765	1754
12224	7324	1912	5488	785	1911
13540	6328	1552	2457	206	2548
15180	5752	1640	2820	578	1640
14176	6644	2828	-303	1936	1193
14772	6504	3224	-3663	-17	1867
14956	5992	3784	-4844	204	1674
16120	4960	4260	-2655	12	2035
15576	5744	4684	-254	682	700
14464	5948	4476	-99	-110	1085
15704	5804	3316	197	-1753	789
16012	4604	3116	524	-114	346
15024	5136	2648	1239	-1043	514
15368	3668	2336	-1771	-650	704
16368	3188	2464	-2448	-1536	574
16920	2264	2656	-2704	129	421
15688	3048	3616	-1351	-102	-350
16752	3212	2352	-2438	-507	504
16384	2252	4120	-2670	1332	92
15708	2488	4128	-308	-715	-572
16264	3368	2772	-563	213	-696
15664	3512	3200	-356	-312	-1222
16496	2684	3600	-433	438	-878
14728	2908	4016	1135	-65	-2446
16476	4064	2452	-817	-1196	-1783
16068	2780	3664	-506	1093	-1847
15332	3940	2812	1635	-923	-2494
16560	4152	2580	-836	614	-1288
14936	3228	4088	-255	381	-1407
17168	4692	2984	479	-940	-1086
16356	3316	3260	-1326	1958	-436
15048	3184	4808	982	55	-1558
16588	4860	2556	640	165	-1028
14524	3352	2860	133	1108	-461
16380	3140	3988	3258	-936	-1343
14984	4588	5892	2331	2095	-1498
14416	6524	4548	122	-2323	-1003
17368	5940	356	-4274	-1613	936
15744	2436	3620	-3506	2447	450
13824	3348	5048	2731	-1192	-1445
16060	5456	2404	481	-1368	-327
14860	3840	3760	-2309	334	-84
15624	3144	3880	1613	-1867	-152
14876	3672	3708	1876	-166	-1226
15164	5008	2624	2561	-3422	-831
16856	4232	2320	530	-644	-283
14256	2856	3056	709	-1197	-446
17556	4256	36	3246	-4717	-422
18092	4468	1816	-833	2457	73
14816	3104	3288	-1328	-1097	844
17712	3792	1468	-1055	-1551	301
18820	4208	2704	-2678	2327	303
16688	3812	3344	-603	1641	-61
17828	4824	2772	-143	1274	-497
17408	4352	3504	64	2489	236
15596	3344	5100	1515	2059	-172
16164	4072	4232	1912	-716	-481
16924	4580	2412	1177	1695	-44
15188	4604	2868	-471	262	-124
16176	4400	2856	-497	238	-156
15716	5056	2356	-46	80	-146
16904	5168	2652	-2023	796	485
15944	4708	2920	-2938	676	734
17216	3704	3248	-1919	632	1016
16460	3868	3920	-612	1941	177
16392	4376	3776	421	31	595
18828	4680	2980	771	1155	692
16248	4636	3636	79	2676	624
15976	3720	4172	-2066	-48	1573
17236	3252	3544	-2757	693	1103
15428	3808	3892	-2942	541	655
16836	4424	3272	-2702	-720	1069
16340	4228	3628	-1663	996	861
15636	3680	4352	-182	-190	1068
16812	3800	3368	35	-89	1130
16416	4192	3100	-1551	726	945
16532	3720	3076	-3846	1084	1343
16016	2484	3592	-4665	1202	1049
16248	2084	4716	-4172	505	-219
16800	2420	4240	-1800	-64	-554
17328	4136	4080	-959	-138	-725
16300	4196	4800	-1421	310	1
16644	3368	4088	-45	-965	596
17280	4808	3476	-697	1075	353
15452	4552	4988	-3530	1246	1453
16388	2792	4468	-4440	-651	2262
17368	2440	4800	-3751	931	1683
16032	2140	5920	-2792	210	1407
17308	2204	4820	-1374	-1137	1083
18016	2484	5368	-53	332	397
17380	2584	5252	424	-446	83
18088	2832	4588	194	-940	19
18580	3088	4064	-150	-940	65
19472	3632	4776	-684	-749	-69
21420	3504	4936	-1686	-1448	-188
27300	3624	4776	-1176	-13	-766
25860	2820	8060	-1440	4820	-2704
22576	1408	7576	161	745	-2582
23244	1716	5480	625	796	-2556
18984	1360	7020	643	1850	-2844
17408	1652	5244	1757	-2057	-2290
17360	1756	3820	446	35	-1873
14916	1904	4340	-900	-841	-1313
14688	1364	3960	93	-2015	-521
15584	1436	2724	118	-2067	-346
14776	2168	3936	-1420	136	128
14700	1420	4064	-1766	-1105	650
15404	584	4384	-2963	-185	125
14204	-1460	6744	-3872	-382	-946
16048	-808	3684	4713	-5173	-2977
16984	1832	1132	6206	-2469	-2502
11904	1776	4508	2243	-1404	-1967
12424	2656	2028	2420	-6500	-982
15340	3732	-2128	3108	-2664	-797
12332	5392	284	2202	2826	-1177
12628	5792	2488	3562	2288	-571
11804	5496	3140	10002	3687	-2367
11024	7676	812	10390	858	-2707
12864	9728	-1080	6990	-381	-857
13080	8392	-580	3931	1395	792
12428	7752	912	142	2495	1237
14232	8144	-188	-3562	1367	2493
14212	6712	3260	-5689	3548	2221
15392	7980	2356	-2931	729	2430
14784	7080	2840	-3344	3661	2945
13676	6148	4568	-665	1272	2207
16056	6248	4016	-581	2232	1146
14340	6052	4800	995	1317	313
15620	6832	2632	1173	60	95
15244	6104	3792	13	915	682
16216	5936	4364	1211	-427	129
15680	5404	3936	38	328	472
15848	5832	3228	-580	-630	1348
15264	4672	4348	-2804	-260	1276
15436	3768	3680	-2134	-1905	1147
15740	4324	2592	-2188	-1219	119
15600	3476	3284	-2679	-1255	-262
15928	3580	3484	-1401	-1300	-1581
16292	3616	3124	-670	-1357	-1596
16548	3404	2948	934	-631	-754
14944	2928	3916	-48	-459	-1192
16288	3804	3208	858	-2522	-1584
16240	3608	1960	-639	61	-1696
14844	3720	2556	773	-1271	-2869
16924	4064	2212	1346	4	-2418
14312	4424	3344	2185	686	-3554
15644	4680	1912	-859	-918	-2495
15152	3360	2192	-148	172	-2777
14864	4956	1724	3741	327	-3275
14976	6572	2104	2688	408	-3648
16024	6740	1652	3000	-256	-2494
14548	6168	2508	1210	2834	-1930
14796	7024	3556	776	-443	-1672
15816	5968	1508	-767	1682	-193
13304	6060	2792	-1655	790	-537
15276	5804	2476	-1962	-1390	772
14708	5020	2760	-502	529	-244
14060	5620	3000	-315	-1063	30
15980	5700	2288	-1404	-1051	596
14948	5004	3408	-2167	135	235
14536	5048	2720	-516	-1802	-239
16296	6064	952	775	-2223	18
16904	5472	2160	-40	-1288	584
16296	3696	3248	-26	-1190	1391
17604	4460	2428	528	-2122	769
18532	5604	860	-2812	-61	1092
18812	5736	1236	-2944	-523	1236
20064	5620	1196	-647	833	1354
17496	4600	3848	-2472	2526	1402
15156	2408	3836	-3361	-779	1462
18976	3464	1336	-301	-1070	66
17816	5400	2172	471	3477	-1621
14392	5444	2656	-304	1681	-818
16964	5596	1536	-864	-1193	-269
17028	4816	2980	-2367	2778	-164
14292	4208	3928	-1689	-506	-156
17300	5348	1584	-2442	-976	19
16224	5300	2848	-3747	1688	-341
16472	4064	3736	-1947	-352	-549
17456	3896	3536	15	974	-1706
16648	4924	3992	206	990	-1988
16304	5212	2944	-1930	-16	-1293
16764	4260	3508	-3153	451	-1200
15720	4400	4144	-1928	729	-1269
15308	5216	4568	-1225	402	-1116
16292	5608	4424	-1009	-19	-250
15252	5248	4920	505	1140	375
13760	5716	4328	3389	-357	462
14896	6980	2128	3042	-904	1685
15832	7596	2336	248	915	2481
15244	6288	3408	-2747	1520	3026
15776	5900	2732	-5649	1099	3535
15420	4784	3748	-5894	1960	3020
16024	4660	4192	-3159	1235	2361
16244	5732	4212	-880	1763	1216
16708	5132	4156	-161	455	1689
17156	4208	4060	1543	739	1108
16552	4740	4136	2009	842	340
15516	4832	3428	-286	182	1040
15808	4604	3452	-2539	216	820
15124	4184	4084	-3143	321	561
15808	4596	3620	-1981	-953	398
17260	4768	3028	-964	-372	166
16048	4604	4112	-928	571	570
16096	4496	4220	-577	-1509	798
17584	4684	3576	-1627	-1142	1021
17108	4652	4176	-1892	-263	656
17792	5068	4784	-2885	-894	774
19296	4028	4860	-2697	-1739	1350
22700	4100	4940	-90	-2316	25
24052	5348	4692	200	-1521	-801
28976	6176	2912	-1358	-1806	-1109
27628	3932	6028	-4283	5876	-1165
23860	984	7084	304	2101	-1145
21860	208	6652	1027	4482	-1065
18276	296	6036	-649	1639	-1017
18744	740	2492	-726	1336	-1213
16196	-688	4920	1037	5239	-2280
9352	-2404	8752	7099	329	-2951
13332	2116	4008	4215	-8498	-2404
16664	3800	-12	1086	-4735	-378
12672	4628	1932	1323	-2520	389
11752	4640	1172	-1619	-5398	2396
12260	1536	780	-3660	-2556	2896
10996	4308	548	-262	-1080	2472
11760	6104	664	-2507	-68	3835
12380	2664	1484	-3754	1900	3907
12696	3024	2596	669	2731	1268
13708	6124	1352	3331	3859	1501
13852	6112	2020	3937	5035	1821
13476	5420	3968	5939	4001	1455
13800	7188	3712	4982	2856	912
13512	7844	3536	-58	2416	2026
13744	6232	3588	-1241	-218	1915
15588	5024	2868	142	621	991
15188	6788	4428	1232	615	-294
15288	6444	4660	-905	-238	107
15384	4628	3664	1011	-217	214
15564	5236	3420	1498	1551	-53
14380	6148	4464	1422	893	841
15648	6096	3992	-1187	25	1495
15596	5552	3992	-937	129	1738
16104	4736	4024	-172	190	1454
14884	4500	4876	-890	404	820
15280	4736	3288	-481	-1447	1415
16112	2960	2688	-1896	-919	1007
15620	3904	3352	-1826	-656	-295
15440	2632	4280	-1560	-774	-269
15508	2700	4120	-1864	-612	-1779
15468	3136	3604	-2997	-757	-1254
14968	2228	3724	-1579	-273	-2105
15280	3700	2136	-341	122	-2578
15252	3928	3448	-1999	1181	-2120
15404	1876	4012	-153	303	-1962
16308	2512	3852	2639	1098	-2553
15200	4076	4704	1262	1415	-2134
15796	3360	3652	45	-302	-1959
15808	2960	2968	525	1503	-1919
14592	3980	4388	214	2351	-2813
14820	5336	3804	-535	461	-2177
16328	5008	2908	-2152	2088	-657
13400	2148	6812	-4023	3624	-886
13836	2292	7200	-1856	-966	-1458
16168	3744	4112	-318	-527	-1502
15896	5212	3888	54	713	-1866
16104	5356	3728	180	-860	-898
17008	4116	5256	553	95	-637
16020	3836	5488	2829	-454	-1045
16596	5616	5108	1951	-724	-85
16928	3740	5508	-1313	447	1031
15996	2564	6396	1627	-848	-526
17192	3484	4152	2780	-1090	-254
17020	4036	4600	1666	125	-732
16504	4132	4276	2763	-2092	-895
17260	4972	3924	1725	-508	-976
15876	4832	3208	49	-1708	-644
17516	5456	2028	53	360	-522
14136	5068	4276	-814	2127	-513
14648	4876	3628	-636	-1619	108
17312	6280	2432	497	1317	93
14540	6020	4436	-669	2403	755
15840	5600	4000	-941	-1714	1663
18588	5896	2836	-1361	2164	1739
14948	5164	4424	-2377	2171	2035
16908	4300	4604	-3695	-232	2679
17156	3620	4436	-4491	1670	1884
16272	3508	5340	-3377	1425	1538
16112	3224	5320	-1830	560	932
17224	4068	4892	-744	643	353
15888	4384	5024	-1461	1525	484
15892	4460	5112	-1754	-55	937
17432	4700	4252	-911	668	752
17024	5540	4692	-1577	2141	967
15688	4292	5528	-3365	1460	1901
16780	3376	5304	-4531	213	2195
16276	2616	5708	-3459	1625	1744
16308	3192	6028	-286	-296	868
16948	3604	5580	-1246	675	833
15476	2168	6540	-1158	320	660
16540	2704	5040	388	-1247	-23
16472	4492	4532	-1983	624	294
15504	3248	5740	-4363	-741	1037
16880	2236	5244	-3066	-624	749
16392	2832	5788	-231	142	-29
16144	3396	5232	110	-575	206
16264	3064	4796	-694	-179	295
16120	3060	4804	-798	417	120
16012	3092	4696	-881	404	258
15972	3156	5264	-1428	747	289
15752	2432	5892	-1195	499	607
16424	2628	5624	438	-244	90
16492	3792	5560	-466	536	291
16740	2648	6416	-1576	24	708
18468	2432	6448	-919	-1029	56
19704	3088	6708	-571	-366	-271
20068	2736	7976	-352	-1677	-730
22684	3056	7392	668	-2992	-1272
24096	3540	6652	1170	-2662	-1811
25224	3616	6152	772	-1421	-1822
23740	3044	6424	-152	-792	-1926
22564	1780	5484	-3682	-32	-848
20072	-864	6948	-4173	822	-1164
19192	-2712	6024	1618	1021	-2093
17456	100	5912	7051	208	-3345
15432	1324	4556	5230	-1099	-2304
15288	-340	4364	2688	-2199	-1236
13928	-480	3408	2659	-2719	-1852
15004	2708	1756	1783	-3106	-1089
14532	3040	2192	-1143	-1871	1007
13352	960	4560	-2998	-1455	1843
12416	904	2892	-2901	-3026	1635
13900	3444	1896	-2489	-568	2614
11764	3564	3012	-1429	1384	3333
10716	2888	4124	-707	1282	2580
10480	3388	2824	1452	1876	1297
10832	4364	3428	2947	1870	978
12264	5036	3900	5145	1714	-1048
13216	7708	2284	3664	404	-1699
12784	7080	2248	2479	1287	-1491
13596	7784	3108	3093	55	-1941
15392	8392	2416	1090	8	-1712
14336	7812	3056	225	900	-1688
14260	7920	3984	-857	144	-1278
15380	7700	2872	-1874	-23	-918
15452	7248	3372	-1185	358	-719
14664	7260	3520	1258	488	-935
15848	7460	2992	1105	509	-7
15216	7008	3660	74	606	1286
16124	5304	3520	-406	362	2526
15392	4740	3604	-67	923	2302
15112	5708	3992	-1386	1194	2712
15284	4404	4324	-2266	128	2583
15820	3168	4592	-1745	23	1118
15344	4232	4040	-1664	38	-535
15348	4764	4076	-1348	-741	-753
15824	3728	4184	136	316	-688
15688	5044	4684	2036	-404	-715
16264	4444	3656	1776	-246	223
15740	4240	4040	858	1036	1057
14524	3872	4364	320	-178	1661
16284	4560	2868	-247	-288	1954
15432	3756	3260	-512	1445	2932
15796	2776	4176	718	700	2133
16056	2984	3544	1045	711	1474
15760	2760	3228	1457	1365	1440
15936	2940	3832	2333	1649	1016
15800	2784	4192	386	1430	1118
15404	1684	4656	-593	1380	1234
15600	2256	4888	422	327	309
16024	2384	4808	-1603	772	345
14888	2752	5072	-2621	118	-397
16112	2804	4028	-1739	-1611	120
16492	2180	4292	-306	41	-220
14448	2704	5960	39	-1189	-1498
16120	2324	3988	-1544	-3004	-548
15808	2160	3280	-2273	-394	-1261
16164	2836	3992	-1226	-2618	-1140
16452	1716	4616	526	31	-1295
14840	2532	5000	3799	-1873	-1834
15600	2564	4140	1342	-1055	-1340
13832	3012	4324	-555	-2605	-2087
16580	3344	2628	-2078	-3580	-1308
16152	3312	3248	-977	-410	-1930
15616	3540	3980	-23	-1672	-1937
16336	3264	4308	-519	-1287	-1334
15892	3024	3816	651	-2084	-1020
17580	4408	1972	2651	-3318	-1219
17864	4284	1940	742	-632	-241
15992	3200	3000	102	-698	123
17740	4076	1312	-267	-1234	380
15748	2672	3056	-2309	1289	352
16768	2200	2876	-92	-1961	-629
18136	3304	2332	1774	1366	-1388
15228	3940	3692	4003	1047	-1492
18328	4816	964	2653	-1421	-757
16372	4428	2876	676	3752	-18
14592	4912	2328	-102	-1216	779
18812	5232	540	-2546	530	1724
15124	3556	3560	-3833	3874	1911
15468	2636	4176	-3012	-420	1852
17108	2980	2304	-1383	1018	1650
16644	4452	3008	-1293	1808	969
16704	3340	4392	-2664	268	1736
18356	2472	3216	-764	681	1171
17112	3000	3524	-952	1296	766
18168	3600	3636	-3351	226	1338
18344	3084	3484	-3859	919	850
18392	2920	3456	-1405	410	11
18644	2868	3368	-844	1386	-103
17168	2940	4336	-984	404	-288
17740	3132	3140	-1616	240	-216
16376	3328	3220	-1573	1125	36
15812	4080	3212	-2777	490	483
15960	3396	3820	-3841	980	1264
15304	2432	4680	-2820	1150	947
16092	3264	3576	-2687	673	991
15608	3036	4756	-4205	1218	1549
16240	2112	5048	-2887	188	1511
16208	1916	5100	-1253	892	1145
16140	2380	5540	-1775	103	942
16944	1892	5604	-2478	-458	853
17224	1824	5344	-544	-328	-75
17296	2656	4024	500	-691	-333
17892	2916	4368	-446	-526	68
18088	2440	5148	-1338	-982	22
19544	2976	4552	-1342	-1434	-261
20868	3956	4540	-1229	-998	-307
22984	3836	5084	-2625	-959	-432
23124	2340	5784	-2743	-411	-699
23672	2220	5436	-424	-1645	-1918
24320	3840	4456	-1296	259	-1831
21752	2168	6096	-2538	163	-1575
22188	780	5304	-2658	-558	-1353
20264	752	4212	-1181	463	-1674
19636	1336	4508	-749	1537	-1193
16340	-780	5904	-2014	1327	-862
16516	-1724	3872	814	-111	-985
16432	632	4244	3605	1391	-1471
13976	1140	4936	-17	978	-679
13904	-312	3016	-1583	-2729	521
15472	700	1860	38	-1060	154
13204	1744	4044	-3123	976	817
12512	992	3536	-2766	-2325	1580
14292	324	1500	-3043	-904	1878
13084	1028	3124	-3470	1156	822
12268	1672	3136	-1426	-53	791
13432	2304	1696	733	577	272
13836	2712	1932	-1443	2461	-61
13152	2640	5472	168	3707	-863
13972	4092	4532	4390	1960	-1101
13948	4312	4152	4125	3925	-372
11660	4576	5804	6148	2211	-396
14676	6052	2580	6304	43	506
14928	6808	3616	4770	2611	164
13228	6424	4580	3964	1175	-528
14480	6360	3496	2997	-61	-86
14356	6636	3704	2913	383	-278
14816	6816	3672	554	-326	148
15568	6356	2768	-2031	-155	326
15080	5428	3580	-1711	365	188
15704	5728	4024	325	1206	94
15580	5356	4296	995	1079	-36
15480	6008	4220	1355	913	-494
15696	4996	4720	2159	1077	-592
15368	6052	3792	1570	1518	226
14852	4420	5176	-1650	-157	170
16232	5332	3720	-1252	-193	162
14884	3764	4752	-2766	939	121
14396	3100	5116	-1796	-691	-934
16420	4848	4796	-1005	-737	-1530
15276	3116	5752	-1059	645	-1339
14952	3644	5440	139	-1553	-2561
16312	4292	3660	40	-347	-1442
14468	3588	4888	105	280	-1838
14428	3208	4604	-94	-1438	-2275
15104	4364	3424	958	-1368	-2403
15428	4612	4548	-1020	-421	-2160
14236	3732	5560	-2241	-1249	-2271
15584	4464	4560	-1546	-2119	-2172
14916	4636	3232	-3278	-848	-1099
14608	3588	4700	-3088	-1697	-1488
15736	3692	5032	594	-1780	-2442
15376	4472	3568	211	48	-1659
13408	3952	5292	-1926	-1670	-2029
16084	3152	4004	-721	-2495	-1188
15616	4340	3084	3750	-1287	-2432
17396	6276	1284	2980	-2768	-873
16336	4756	3820	-473	789	32
15868	4280	3980	-742	-1977	226
19560	5916	1160	-2785	-502	1142
16204	4472	5004	-4833	3416	1207
14912	2956	5616	-2094	-705	889
16780	3176	3264	-291	-556	731
15460	4384	4932	1623	-324	-203
16060	4472	5276	1918	-1206	-276
16584	4600	2660	2019	-2022	-214
17084	4968	2636	-1718	375	522
14960	3072	4800	-2388	464	263
17144	4592	2884	1792	-2252	-398
17468	6032	1680	135	2637	-63
12592	2524	5020	-1625	1174	753
14668	2884	3168	2789	-3406	-151
17016	6492	-184	2551	-620	21
16020	6280	2268	-2324	1204	1462
16988	5600	2160	-3337	-596	2363
20272	5608	716	-4006	1307	2804
18216	3244	4952	-6765	5271	2917
17436	2064	5196	-3401	1330	2069
19984	3124	4320	-379	3646	824
15428	3120	5696	611	4540	166
14756	2228	6508	1057	556	164
16980	3220	4400	2329	30	-545
15372	4832	4148	857	1648	-311
14516	4924	4736	-2374	-500	540
15884	4140	3936	-4233	-894	1290
15736	3292	3892	-4013	-30	1342
15456	3532	4700	-2440	-229	1320
15792	4452	4460	-1633	-231	1244
15864	3436	3728	-2436	344	1393
16064	2816	5060	-1488	1745	1170
15504	3052	5392	-1057	1611	1063
16720	3900	4956	-2399	854	843
16936	3144	5296	-2464	1719	1281
16812	3204	6340	-990	1425	654
16784	3236	6340	-1122	14	1088
17140	3368	5552	424	-19	1035
17012	4552	5368	377	277	1313
17292	3840	5680	-1988	-1	2317
17864	2528	5956	-1540	-329	2065
18064	2760	6120	-509	-333	1605
18892	3040	5652	-481	-877	1701
20264	2752	6244	-608	-457	1257
20592	1648	6276	160	-1384	607
23416	2560	5644	-75	-1464	-172
23412	2236	5584	-1030	-113	-582
23868	780	5728	-375	-641	-836
23856	812	5964	36	55	-1845
23496	1032	5652	-853	370	-1817
20436	-860	6720	-2124	2258	-2039
18276	-2104	6864	-1050	730	-2077
17348	-584	4656	3048	242	-3019
14952	444	5844	4844	1450	-2426
12224	164	5732	3291	-1612	-1705
14320	1944	2164	3365	-3822	-922
14576	3756	2396	-137	-1546	-553
12044	1672	4228	-3772	37	1195
12916	1276	3744	-3148	-3806	1259
14076	912	1216	-1383	-1056	1646
14508	1712	4412	3083	3888	673
13468	3488	5512	6848	4241	-400
15132	2596	5796	5738	4648	1145
12704	2140	7220	10742	4027	502
12824	3024	5912	11202	-760	156
14388	5696	1624	8702	-2789	227
14440	4672	1356	3263	-523	2397
13288	3480	2788	1554	-560	2047
14388	4064	1856	-2018	-1631	1253
13676	4860	1948	-4648	224	1581
14348	5960	2828	-4982	-1183	1627
14324	5652	2256	-6652	-265	1794
14180	5188	3780	-6008	-536	958
14468	5452	3112	-2956	-204	-382
15344	5808	3836	-2243	290	-789
14744	5560	4360	547	281	-1561
15776	6736	2548	2687	-285	-1428
15512	5812	3680	1817	1760	-1035
14712	6012	4148	2603	-417	-1167
16160	5632	2312	2001	1348	-524
14832	6484	3200	2199	1609	-78
15516	4988	4064	1026	1116	930
14896	4072	4364	2185	1243	-440
15380	5624	3116	1333	507	-135
15532	4704	3964	-854	1246	186
14404	3736	4724	-1591	426	-348
16720	3688	3516	-2414	-552	435
16152	2284	5300	-2102	2109	59
15556	3280	5388	-1375	-584	-840
17044	3660	4252	-3715	827	-331
14472	2708	5872	-4865	572	-797
15940	1756	3412	-3141	-2210	-615
16772	1044	5188	-1463	1513	-1844
13784	2512	6640	-768	-954	-3197
15712	4756	4160	-1651	-3656	-3642
17116	2940	4128	-4816	-244	-2955
14488	2308	7028	-1165	-1157	-4830
16452	5080	4392	-1102	-2502	-4248
14920	4176	5000	-6445	-163	-3526
14488	3544	6060	-3363	-2823	-3970
15544	4600	5272	4769	-3687	-4876
14300	5652	3004	2916	-3212	-4132
14780	4084	2388	504	-4222	-3698
15908	4152	1564	1196	-1808	-3946
14980	5944	3336	2752	225	-4689
15260	8388	2424	2105	-435	-3440
14540	6576	2124	-324	437	-1751
14300	6040	3408	1477	269	-1628
14676	7156	2936	4396	1	-1020
14528	8412	2008	2532	-621	-734
17136	8568	2324	-1471	-384	1656
14896	6544	3988	-2096	1992	1645
13384	7176	2760	-3225	-1445	2584
16164	6384	2352	-6898	-1524	4461
15752	3188	4824	-4430	-1030	3986
16808	4048	3676	-138	-2404	3529
17128	4544	2308	-1344	-715	3403
17332	3532	3048	-1534	-249	3398
17272	3724	4224	-879	1739	2241
14984	2448	3544	-3429	299	1941
17596	3268	2480	-36	-362	1374
17040	4504	4576	1322	2217	413
14776	3072	4040	1649	-670	673
18256	5072	1628	2469	-262	409
16024	4880	3216	-2151	3378	1587
16208	4256	3748	-2124	-707	1553
18772	4556	1264	-1212	1642	1796
14880	3068	5132	-1329	3718	1449
14928	2080	4712	-6	-736	1425
17584	3944	1916	3190	269	362
16788	5332	3148	1589	2607	520
16048	3548	5100	-1554	471	1644
17912	3132	3328	-93	-380	1071
17868	4788	2740	1149	2668	612
16028	4272	4816	-855	1348	1532
17100	3044	4272	-1055	224	1401
17012	3732	3324	-635	1486	893
16652	4216	3836	-2640	1401	1529
16872	3132	4164	-3142	683	1874
16472	2276	4968	-2580	1268	1159
16524	2240	4592	-1594	616	892
16476	2764	4356	358	1466	237
16316	3820	4748	562	1158	36
16256	3168	4296	-14	782	491
16848	3596	3944	-348	870	411
16360	4028	4728	-1974	1835	1179
15636	3244	4612	-2776	764	1659
16684	2980	4072	-2568	1158	1676
15504	2256	5844	-2202	1677	1552
16088	2044	5280	-1218	76	1100
16620	2244	4912	-1028	1166	889
15500	2092	6208	-1651	470	908
16772	1756	6072	-1298	-1157	896
18532	2768	5236	448	-519	290
18732	3836	5908	-137	-456	568
20360	3224	6508	-1339	-1646	1016
22344	2864	6492	-884	-1771	304
23252	3256	6172	-667	-2200	-465
26328	3732	5728	-489	-3425	-1310
27772	2920	5940	-1302	-1967	-2186
26876	1748	5304	-1384	-1369	-2670
25248	652	5684	-2048	587	-2880
22328	-620	6212	-4283	156	-3256
21040	-2604	5808	-4440	1213	-3721
18352	-3784	6564	-461	1056	-4867
15052	-3324	6840	2005	-1172	-5344
14540	-3416	4832	1618	-7177	-4062
17440	-1176	2092	2174	-8525	-4124
15108	1988	1756	-190	-5437	-3037
13868	3732	-264	-3375	-5073	-411
12896	1556	-508	-5543	-1686	2188
10820	260	3092	-1335	2912	1133
7676	2732	2532	1077	3412	480
8740	4712	588	-1599	4472	2264
9516	2492	3276	3926	6043	975
10640	3496	3688	11779	6665	-266
9860	5840	3864	14411	6724	-1938
8856	7356	2896	11467	3825	-2572
11996	9852	828	6867	-1244	-2411
12996	10096	1264	270	842	-3019
11808	11020	2256	-7319	-1462	-2244
14580	9772	3656	-11261	-2897	-1703
14504	8156	2968	-8090	-1259	-1466
14896	8556	4012	-3676	1202	-239
14588	8696	5908	-2088	411	320
15356	8308	4044	-578	-509	566
15228	6504	4240	700	1380	1171
14476	7116	4752	4361	1090	455
15532	9500	5792	3429	1121	-228
13320	7920	5272	2087	173	1120
13920	6904	3784	3263	-2786	994
16532	7440	2180	978	-619	2767
13244	4504	6004	-3330	496	2545
15756	4704	1824	-2710	-5001	2899
17976	2972	1868	-3744	2082	2438
13932	2392	5908	582	280	712
17360	3920	2500	1259	-1466	1156
15484	3504	4024	-670	1605	311
16004	2724	3904	577	-1018	-23
15516	4040	3260	2056	912	-1299
15760	5308	2980	486	-506	-891
15344	3772	4488	-1564	570	-728
13324	3036	4824	-468	-1078	-2601
16872	5380	1824	-352	-1544	-2281
14476	4328	3880	302	1160	-3430
14320	4940	3564	4075	-1214	-4133
15324	6324	2408	4461	-132	-3594
13500	5636	4196	2044	1356	-3113
13864	7084	3280	2522	-1661	-3928
15156	6612	1320	1911	775	-2906
12800	5460	3672	3603	3503	-3225
12420	6424	4380	3113	-1368	-3686
15880	7824	832	4296	-2038	-1322
14852	8056	2060	-798	1393	-1065
14056	5148	4068	-1983	-1259	2
16752	5456	1860	1117	-350	-85
14344	5960	3612	-1262	2683	185
12984	5296	4284	-1710	-1166	414
15392	5972	2256	-1467	-755	1066
15208	5476	4652	-2798	294	1148
13640	3984	4792	-1649	-2575	759
18248	5444	1508	1486	-4257	1175
17656	5756	4480	1856	2169	272
15108	4952	5384	2477	-910	1429
17820	6432	396	-798	-1339	1312
18304	4236	1896	-2606	1405	1961
17240	4484	4048	-177	1012	952
17100	5756	1912	-1271	-1649	1016
19324	5684	2048	-3923	405	1458
18544	3852	3564	-676	1015	754
17388	5692	2068	969	2137	-160
15800	6612	1456	-2352	2253	656
16868	5236	3288	-2118	2102	718
15536	4644	4636	-211	2123	-337
15924	5928	3476	-2402	325	227
16480	5532	2904	-3095	803	1138
14864	5444	5508	-2337	1188	461
15444	5640	4408	-4319	-1175	1322
16332	5808	3528	-4279	-370	1337
15948	5796	4272	-3307	-233	1544
16556	4904	5192	-2407	107	1371
16064	5004	4560	-1109	-377	1121
16784	6024	3496	-1306	228	900
16516	5020	4524	-2342	1029	1398
15844	3984	5304	-1057	491	984
16092	4428	4276	-473	-221	872
16640	5248	3584	-1145	701	906
15108	5276	4668	-1799	815	1273
16008	4196	4832	-1686	-227	1428
16304	4080	3452	-2031	414	1442
15556	4456	4872	-2815	1187	1447
16172	3388	4820	-2379	-176	1116
16756	3500	4156	-922	959	464
15700	3804	5144	160	1266	675
15584	4184	4220	243	221	742
16244	4688	3472	-249	273	1207
15872	4528	4556	-1804	1667	1540
15712	4084	5248	-2909	-45	1745
18088	3692	4884	-2090	208	2062
19044	4448	5480	-886	1073	1146
19248	4768	6756	-520	-790	1271
22428	4564	6172	57	-1699	1460
23744	4600	6000	-261	-1142	380
25944	5184	5656	-2385	-1517	-35
28288	3600	4812	-5379	-467	-778
27316	296	7572	-3951	2384	-1397
24300	-856	7516	-645	1030	-3049
23132	-1020	6456	2102	797	-3469
19472	336	7016	3879	2871	-3932
15052	-752	6524	3211	-224	-2532
15924	-2088	4524	5293	-2263	-1515
14124	836	4320	5168	1780	-2796
10836	3316	3980	1029	-166	-795
10800	1740	3844	-3301	-2775	1203
11544	-120	4380	-1322	-3733	442
11432	2420	2172	2271	-4053	235
11476	5104	1196	-1546	-4391	1306
13356	3252	2004	-4135	-2796	2305
13788	2752	2544	940	-587	528
14704	5672	2460	1983	915	104
11844	5120	3136	-348	1758	2148
11968	3724	3000	2586	-161	3406
12776	4576	2296	1555	2178	2085
11152	4648	2804	700	3414	1580
13356	4228	1956	5062	1927	456
12052	6032	3808	6213	3787	-1469
12140	9880	4288	3237	-314	-1227
13828	9332	1272	-4537	-2388	484
16512	5796	2528	-3474	-758	26
14564	6840	3696	2074	1017	-1815
15204	11528	2524	952	-628	-924
14672	7424	2352	-4256	-319	1249
15676	5140	3552	1571	-230	-144
15804	6812	3772	3440	1096	-1256
14128	7992	2696	1448	503	-117
14964	6716	3264	-557	-823	1085
15584	5384	3404	-1125	-102	1167
15632	4732	1684	-1359	-1092	1031
16512	4200	1776	-1768	1125	1425
16072	4064	4960	603	1289	503
15024	4496	4020	181	943	946
15936	4928	3284	-2737	-338	802
16924	2444	3288	-2772	204	675
15480	3160	4840	1696	1172	-1857
15576	4720	3104	611	-511	-1086
15552	3252	4248	-1484	1451	-1262
14480	3628	4728	-492	-647	-2665
16268	4860	2152	437	-1229	-2605
15728	3848	3032	-1288	1679	-2774
14216	3808	5228	88	297	-3225
15244	5028	2752	1349	-881	-2895
14148	5000	3340	-247	1631	-2927
12608	5192	4088	1347	-212	-3839
14584	5188	2364	2439	-103	-3357
13960	5568	3928	3732	2225	-3240
13212	6528	3848	1736	1440	-2264
14136	6832	4020	131	827	-952
14460	6160	3604	-127	587	-335
15188	6104	4740	-525	742	111
13660	4960	5204	-824	163	1171
16940	6216	5280	1052	-1892	1846
16076	5916	5024	-2900	1020	3028
14852	2696	4528	-5880	-941	4671
17912	2508	4040	-1722	-2705	3042
16480	3512	5532	-713	1672	1987
14868	3540	4576	-484	-3225	2448
20224	3804	2992	-115	-165	2223
16036	2736	4784	184	-112	1756
18620	2120	3372	-199	-307	1752
17844	2916	2396	-764	-544	985
18500	3780	2892	-1892	1644	955
16420	1600	5552	-1639	1045	269
18520	1964	3952	91	-1232	-485
18092	4336	3344	1213	1678	-966
16416	5300	3956	550	642	-516
16772	4064	3416	789	-319	187
16768	3152	3724	-247	1771	-43
15696	3840	4104	-1448	990	189
16708	4552	2884	-1328	950	-418
15728	4376	3468	-2321	2743	129
16228	3232	4812	-786	1269	433
16520	3948	4552	903	1707	-294
15544	4996	3976	-241	1171	216
15740	4652	4332	-3559	1116	725
15772	3208	4204	-3679	1597	747
15580	3104	4692	-2171	2247	206
16080	4144	4740	-2978	1221	304
16548	3372	6504	-1599	2069	119
16148	4108	5832	2113	1136	-634
17764	5716	4976	-306	1375	-276
16064	3756	6352	-2609	1648	672
17068	3556	6060	-1441	487	-98
17088	5188	5188	-2334	1709	93
16256	4316	5548	-4320	1361	1213
16504	3024	6820	-1825	943	351
15860	3200	5760	863	1057	300
15768	4364	5300	476	738	506
15188	4160	5844	-1820	1221	925
14976	3012	6040	-2381	190	1177
15960	2920	5276	-2451	704	982
14736	3336	6492	-2348	1302	857
15192	2768	6388	-1644	-566	1362
16020	2596	6072	-651	-57	801
15500	3116	6788	217	-167	729
16588	3960	5764	264	-500	890
16472	3932	6036	-1299	280	1356
15816	2624	7024	-2582	34	1650
15952	1952	6624	-2213	-551	1305
17256	2516	6376	-3413	-434	1640
17588	1480	8248	-2316	-1094	784
19572	1632	7996	1105	-2695	-117
21840	3680	7284	1814	-2748	-1050
23168	5036	6396	840	-3324	-1281
25968	6512	4904	1269	-3083	-1834
27412	6492	4732	-591	750	-1236
24216	2416	8156	-5473	5462	357
21732	-2992	8084	-5971	3262	10
22236	-4844	7756	2686	6492	-3064
15772	-2972	11160	9755	3996	-5811
17944	-868	8828	8531	-549	-5873
16240	-944	7184	6276	-1931	-5827
13828	2004	6420	8471	-4451	-5463
15348	5032	5516	5204	-6104	-4092
10692	3492	3572	-300	-6828	-1353
13368	3400	-12	-3343	-9282	386
14192	4528	2004	-2678	-5262	775
11316	4348	1784	-2304	-5503	2939
12920	3692	520	-4818	-4351	4152
12736	2616	1804	-4315	-707	3681
13272	5060	1584	464	-137	2683
13288	4036	1584	151	3691	4648
9920	3904	4076	1805	3796	3337
13864	3272	3860	2781	1738	4023
12292	3540	3668	8236	4274	2130
11108	6420	3836	6466	2151	1200
13848	6516	3344	1230	383	1628
12460	6324	2908	-1091	693	952
13624	6460	2664	-5010	-1662	1740
15528	5472	3016	-7917	-1213	1721
15276	4060	4252	-5149	203	611
15204	4332	3696	-1189	317	-47
15416	3368	4416	1110	1402	-777
15416	5060	3208	3291	592	-1555
15904	4684	3832	2342	1634	-1360
14772	5280	3384	648	1064	-1327
16340	5716	2732	-2251	431	-810
16292	4656	4076	-5081	1076	-51
16276	3000	6724	-3836	655	-41
16328	3272	4412	-509	1095	-48
15420	3584	4508	-1926	76	419
16748	2452	5384	1028	380	-439
15992	4464	2100	-485	380	-1024
16060	2996	4100	-2972	723	-712
14980	2732	5184	-1895	1084	-1237
14448	3204	5228	-1541	391	-1704
16520	4180	4636	-657	1503	-3022
15240	4876	5864	2911	545	-3888
16328	6196	4644	5157	62	-4299
16232	6660	4692	2919	588	-2873
14408	5244	5044	-155	150	-1853
16424	6476	2760	-1218	-918	447
15048	5184	5164	-3300	555	457
15324	4464	5896	-2707	-1783	-1031
15632	4948	4620	-2154	-846	-602
15536	4632	4400	-1047	-164	-334
14208	5380	5784	1533	-979	-1611
15236	5840	3600	723	-656	-823
14756	4272	5036	1247	-782	-1364
15808	5376	3328	1525	152	-954
14260	6640	3260	-1142	-377	-566
16036	4536	3388	-1941	-62	778
14472	3760	5052	-1529	1173	222
16068	4908	3108	-752	-103	407
14320	4008	4688	-1247	2028	-497
15156	4200	5108	2055	-636	-975
15056	3764	4968	1206	1935	-1320
13304	4156	5344	1169	-1026	-2634
17164	4484	4312	797	98	-2080
14560	2868	7280	2047	869	-2788
15844	5828	3100	2250	-1173	-3171
16012	4900	4200	82	706	-2800
16568	6020	4872	1794	1330	-2129
12168	5668	4856	-981	507	-2593
14996	7608	2612	-579	-4260	-1989
16108	5820	5184	-1740	1594	-1502
12076	5800	4844	2281	-2795	-1937
17644	8588	1636	915	-699	-139
13240	6392	5304	-1191	1601	24
15292	6872	2628	1640	-916	720
15384	6396	2428	-1294	2658	1752
13884	4328	4668	-2320	815	2058
15756	6032	3076	454	77	894
15556	6916	2792	-1934	1455	2207
15520	4052	6280	-3522	1099	2669
15164	2600	6224	-503	-434	1590
16456	4620	3308	-134	-158	1400
15276	5132	4564	-641	68	617
17844	4796	5348	2383	-321	327
14632	4056	4104	674	1271	900
15744	4520	5084	-2136	-1491	841
17692	5056	3740	-530	114	166
15088	4468	4548	1186	719	-170
15888	4428	5232	547	-455	-119
14992	4308	5164	322	-958	224
16404	5540	4320	1042	-1500	-200
16236	7420	2996	2124	-460	163
16488	7600	3640	-1378	-604	1754
16056	4412	4672	-6197	-974	2570
17052	3392	4128	-2750	46	1567
17576	5264	4568	-777	1518	259
16000	4788	5164	-1925	1201	690
16872	3940	4736	35	87	534
16464	5088	4516	1004	1394	94
15156	6080	3976	-715	268	658
15752	5488	3184	-2975	295	1639
15632	4676	4496	-2180	1273	1186
15220	4792	4856	-2230	759	1537
16012	4260	4544	-2979	261	2116
16400	3888	4964	-2248	678	1800
16268	4328	4772	-1191	878	1548
16644	4124	4968	-1890	955	1826
16824	3396	6468	-1736	1205	1304
16880	3620	6380	-1302	-181	1389
18692	4584	4788	-1511	-780	1168
18640	4548	6368	-2398	470	1068
18484	3372	7412	-1786	-1767	942
21644	4540	6400	-1632	-2873	238
22812	4640	6496	-1780	-2536	-296
24224	5092	6540	-561	-3395	-920
24024	4304	6012	-502	-3032	-1248
22924	2876	6040	-168	-2447	-1932
21064	2800	5232	1353	-2983	-2489
22224	5048	2140	4050	-1390	-2614
18512	4656	4048	867	1508	-1229
17380	1056	5204	-2519	-1623	279
19032	-1104	3352	250	-762	-108
17128	1188	4820	621	1719	-1772
15312	1028	4348	-476	-797	-485
17636	-1456	3724	3123	64	-920
13232	-756	7060	1863	1314	-1901
14496	172	3616	-1528	-6174	-577
18312	1948	-472	-4752	-2528	-491
12888	908	5272	-6530	-390	-867
12048	-432	2504	-4995	-5839	-80
14712	1944	976	-1256	-701	-1477
11608	4280	4704	2823	1965	-903
10796	6188	3764	4187	1572	48
10620	5532	-92	3711	2778	1581
10808	3456	2356	7140	6400	1314
9616	6908	4124	14997	4722	-2037
10092	11260	280	11589	2499	-2055
12680	12452	-1080	1785	78	-524
13732	9476	1824	-1884	1029	160
13600	9956	1564	-1864	625	612
13868	9752	2368	-6547	376	1919
14724	7328	4032	-6187	259	2425
14396	7984	3448	-2038	571	2145
14704	5680	2776	-3055	443	2817
16000	5564	2824	-535	942	1714
14488	5204	3352	-363	1592	1429
16168	5000	3864	-1858	1268	1743
16220	3224	4616	-551	1114	788
16476	3992	4128	-28	1953	496
15132	4640	5356	-463	1044	757
17036	3252	4484	642	566	914
16376	3220	5472	236	1729	148
15968	3652	5464	833	-518	230
16320	3500	3588	-66	633	544
15360	2852	6056	-535	405	270
17508	3472	3864	-1537	-1439	-408
15380	2816	4340	-1485	786	-504
16160	4132	4480	773	-785	-684
16192	5004	4068	-469	50	-1049
15924	4272	4140	-521	-547	-1331
15928	5404	3492	721	658	-1663
14564	6192	5032	284	600	-1067
15316	5324	3888	291	-1412	-699
16804	5568	3668	1296	394	-1149
14796	5916	4796	1691	483	-1209
15516	5344	3040	262	-472	-332
15152	5968	4316	-358	-107	-1261
16016	6640	4040	-556	-920	-603
14140	4904	3972	-3008	-389	-1081
15144	5360	3952	-1963	-1779	-1120
15664	5808	3880	-882	-422	-1794
14388	5320	3980	-239	-812	-1299
15380	4800	3740	1974	-993	-1728
15188	6052	3804	2685	-552	-1711
15276	5420	3972	5611	-555	-1765
16168	8668	1988	6193	-663	-1701
16004	5324	4052	580	1300	873
13356	3252	5672	-831	-928	-175
16212	6256	1520	-1586	-2607	672
15856	7076	2652	-3884	803	666
14380	5184	3896	-3199	-1923	1989
15528	3492	2912	-2883	-1621	1768
16084	4252	2648	-537	-1584	571
15208	4808	2960	-2041	622	312
14832	3908	2568	-1759	-2029	-128
16900	2996	2732	-677	651	-596
13320	3132	3976	-451	-321	-2095
16656	4716	1864	771	-2273	-2352
16500	7412	872	1126	1082	-3379
13548	5656	2368	-2944	-723	-1489
15796	336	3524	-4787	-231	-421
12464	3296	4732	345	282	-4588
16532	8892	1132	1611	-990	-4155
14344	6196	4032	-2715	2237	-2643
14480	3520	5392	616	-567	-2792
15964	6088	3188	1808	983	-2995
15596	8644	3000	-144	768	-1636
14088	7052	4148	-2951	895	-303
13540	5236	4884	-1604	-1053	-691
17084	7448	2648	1121	-2174	510
14628	6628	4888	-2842	1469	1611
12856	4296	5688	-2909	-4151	1465
20120	5904	656	230	-4547	1789
14796	5024	4700	-619	3428	1203
13796	4776	4576	-12	-5607	1727
20592	5260	272	843	-1688	1256
15788	5892	2712	1656	3690	400
15768	7416	2288	718	-812	1987
17944	5852	1348	-938	2083	2426
15320	4960	3680	-1388	2684	1972
16500	4604	3280	-3583	26	2145
17080	3260	2632	-2274	1322	1479
16028	3744	4248	1863	1196	-286
16320	5464	3676	2456	-307	18
17176	6744	1888	2178	-195	985
17464	7708	2092	703	1425	1412
16056	6544	3088	-2438	849	2867
17628	6176	1624	-3574	-77	3582
17428	5932	3176	-5886	3236	3897
15468	3080	5084	-4896	1308	3836
16968	2224	3892	-2012	718	2859
16212	2952	4152	-313	1821	1490
16356	3768	4296	-102	752	1305
16860	3568	4096	-834	976	777
16524	3888	3312	-649	1154	576
16644	4644	3824	-562	1421	680
16944	4820	4660	-1185	1192	1103
16592	3936	3972	-1607	1304	1356
16100	3776	4120	-994	1209	1364
16272	3876	5348	-1535	1027	1561
16244	3300	4532	-1513	-180	1540
17316	3488	3712	-1299	590	1146
16372	3352	5328	-2143	547	865
17988	2880	5036	-1687	-716	502
18912	3048	4528	-926	358	80
19940	4108	5408	-704	-382	-852
21940	5024	4860	-1658	509	-797
21704	4500	5488	-2121	758	-853
22768	5132	6000	-103	500	-1282
21380	4612	6400	-421	113	-512
21664	3852	5812	-1797	322	463
21196	2732	5704	-4599	41	599
23420	1948	4836	-4887	959	-158
22004	-452	7400	-3095	4943	-482
17120	-2008	8392	1379	1693	-1828
20768	-468	5320	6534	-1540	-2287
17108	-60	7452	5098	3454	-2713
11556	-1404	6480	2295	-2789	-2142
15972	1352	1920	2258	-6175	-2770
14680	3528	3548	-1464	538	-2278
9860	1144	5944	-4542	-3613	-420
13984	848	1804	-2306	-8762	-213
14176	3844	1464	-1675	-3108	-1580
13528	4116	2992	-3441	-4299	158
14772	1756	3576	-3141	-1433	688
14548	2564	5360	-1996	-803	269
13796	3772	5532	1372	-1048	-220
14472	6424	2336	4570	-3712	196
12688	5416	1408	1641	2015	3348
10108	2216	4732	-142	314	2670
13824	3444	2136	5809	-280	1101
12176	6636	96	7635	2383	325
9992	5592	456	3423	468	799
13948	7296	524	-36	-500	-1554
13692	6944	-872	-2962	1700	-884
13596	6148	1580	-705	2685	-662
15220	8996	3240	1040	1016	-1623
14852	7500	1672	-2329	2075	-700
14060	6180	2016	-2077	1567	-1987
16140	6168	2972	1470	3259	-1463
13260	8196	5968	544	3559	-2435
16024	8048	4084	-2246	-459	220
17128	5456	4492	-888	1959	736
15840	5636	6564	499	1613	1297
15544	6140	4276	-574	-19	1613
16620	4340	3180	-3063	1870	2343
14972	3536	6288	-175	-210	740
15740	4356	4452	-754	-304	-194
15840	3936	3964	-1963	-644	-267
16160	3760	4780	251	-15	-958
14404	4004	5796	894	-193	-1581
15604	5204	4424	-906	-2584	-1803
16940	5384	4288	221	138	-1445
13468	5268	5704	670	-916	-1255
15548	6508	3388	-1064	-3877	-1062
16056	5492	3328	-1956	-696	-671
13320	4768	3528	-366	-2374	-1859
17484	6492	820	693	-1387	-614
13688	4844	4528	415	1345	-1028
14516	5084	2252	1522	-2673	-1371
15636	5256	1800	766	1663	-1324
13284	5276	3708	1297	-256	-1763
16120	5344	2776	-144	-149	-1166
14504	4040	3272	-1062	842	-1695
16192	5808	2780	2649	273	-1738
14084	5404	3748	-522	2242	-1092
15436	3720	3988	681	-699	-1390
16200	4792	2460	2107	2495	-1412
12368	3500	4944	762	2019	-2663
17108	5028	3668	3042	-808	-2819
13832	4008	3900	1181	4055	-3209
14160	5220	5464	2888	-1475	-3488
18048	5992	3048	3829	751	-2598
14764	7940	4056	3364	958	-2720
15692	8988	3048	-610	-57	-904
15328	7572	3680	-1097	-372	410
15328	5764	3600	-200	176	960
13740	5884	4528	3515	-941	-615
15688	7440	1824	5001	326	32
13696	6460	4292	235	2184	137
16132	6652	2948	1756	-431	875
16864	6764	3088	-1550	3766	1450
14456	4832	5348	-2124	1854	1653
17144	4520	3600	2530	26	1104
15604	5700	3816	1987	2289	222
16064	7568	3792	3131	-326	1070
16220	7212	2912	-2268	1191	1929
15488	4828	3580	-2830	-926	2504
17292	6236	2672	874	647	1533
14216	5580	4116	-3651	982	2030
16568	4544	3176	-1324	-1328	2249
17120	5344	2792	476	1559	1319
15396	4756	4832	-1788	-95	1450
17952	5348	1836	1314	-1344	1475
17408	6724	3272	-1199	2956	853
14972	4132	4840	-4104	41	2010
17520	3968	2716	-44	-314	993
15928	5976	3640	-1674	2095	410
15052	4568	4496	-3170	-15	1744
16992	4080	3948	-1410	-33	590
17028	4572	3384	-345	1413	157
15224	5416	4308	-830	2218	285
16448	5544	3904	-1371	83	467
16900	5016	3312	-1625	2630	682
15016	4628	5736	-1929	2326	634
15596	4656	4820	-2408	534	730
16176	5160	4124	-2217	1462	571
15484	5164	5692	-1929	1118	871
15748	4844	5460	-1396	169	910
16112	4712	4476	-788	343	854
15616	5352	4644	-617	873	1124
15844	4948	5556	-2122	363	1648
16404	4640	5088	-2643	818	1640
16616	4924	5256	-2361	1138	1559
16448	4472	6596	-1982	1468	1933
15472	3612	6320	-524	-250	1760
17588	5072	4260	656	-1221	1539
18068	5840	5452	-1449	774	2162
17572	3880	7224	-4312	-1140	2594
19632	2228	4864	-1927	-2397	1978
21104	4400	5276	495	-282	14
20008	4260	6908	-1174	-937	652
22552	3424	5856	-1145	-2689	-540
22972	4084	5956	-233	-278	-1564
21104	4336	7088	-2840	-1416	-1322
21040	2568	5728	-4158	-1845	-1332
20336	1192	6376	-3262	-1212	-2202
18924	1076	5592	-2645	-1893	-3178
17968	108	5640	-1934	-1132	-3471
17488	328	6320	2447	-2503	-4612
17688	2364	4412	4481	-2483	-5086
17416	3900	2032	2071	-2163	-4247
16896	2580	5616	-761	-412	-3418
13892	-612	6388	-3176	-3041	-2728
17064	44	1452	3386	-9693	-3999
19936	5400	3052	3352	-428	-5458
12496	3312	5104	-3485	-2917	-2246
15728	2900	3292	-1578	-5978	-1274
16468	7188	460	3415	323	-1705
11184	8504	2920	1626	2915	687
12816	5672	1456	-611	861	4431
11888	4724	2148	1902	5133	4101
10196	7560	1256	3659	4508	4279
11440	6128	1744	1993	5704	6422
9488	3524	5052	4072	5182	6038
11204	5784	2124	6533	901	5148
13384	7532	-1076	3453	4740	5547
12212	5388	3288	-111	2945	5799
13572	3452	3956	-1861	1672	4438
14232	5400	3684	-465	1481	1084
14484	8412	3132	-1994	1249	-988
13512	5900	5128	-4764	-1328	-967
15408	4488	3740	-1945	-1351	-2072
16092	6792	2804	78	-358	-1450
15340	5424	3000	79	197	-436
15804	5524	2368	1908	106	-448
14856	5080	3140	669	1065	-848
16472	5500	2276	321	192	-47
14968	4616	4300	-231	1551	-135
16372	6064	2116	400	-401	-361
15256	2840	2316	-1282	2397	1612
15656	4132	5420	-361	418	674
17924	6368	2172	-1651	1489	-152
15484	3760	6020	-3585	2455	-310
14656	2528	6280	577	-115	-1334
17484	6332	2996	1310	719	-1564
14768	6004	6292	-2963	1056	-560
15396	4804	5340	-3153	-1861	-1375
16308	5260	5040	-2058	255	-888
13056	3580	7380	-1977	-1251	-1415
16200	5540	3444	1567	-3981	-2597
15188	5596	4192	-600	836	-2925
12160	5068	5356	20	-2879	-3519
16716	6720	1908	46	-2597	-2534
13336	4900	5624	-954	-499	-2669
14680	5068	2888	2082	-3962	-2318
15940	5936	1296	728	-769	-2128
15284	5408	3624	626	-515	-1029
14816	4680	2448	-1496	-730	-717
15676	4640	1820	493	-801	-1329
15472	4276	3976	211	1780	-1293
12288	2644	3780	648	-1040	-1500
17104	5064	1616	1746	-470	-2117
13732	5188	5044	-369	1538	-2104
13420	4676	2996	377	-2708	-1845
16872	4868	3176	442	840	-1992
12788	6604	3992	1989	-1022	-2495
15692	7252	656	437	-2252	109
13456	3068	3584	-349	-532	2
16460	5960	2448	3135	-2185	-234
15280	7760	1592	-2762	336	618
17224	5428	2936	-6441	-1637	1621
17196	3496	4244	-3004	1398	836
14660	3756	3952	402	-1497	90
20020	5092	1572	681	2	82
15648	4272	4968	32	2736	-845
16080	6024	3608	831	-1349	-1370
17848	6216	1036	-3927	1299	319
14460	4452	4496	-5076	1000	176
18916	6540	2664	-1630	-258	171
16528	5216	4072	-1523	2694	1218
16556	5320	4488	1608	-713	-79
18712	6388	1728	3002	2578	567
14608	6548	4720	-1344	3196	1151
15808	4456	4576	-4357	56	2232
16456	4112	3716	-161	1120	-27
15936	6644	4236	2473	992	15
15096	5212	5612	-344	-202	1247
17428	6232	3344	1331	-2607	528
17828	8268	1404	-1253	1538	1757
15428	5288	6216	-6612	247	2055
16848	2028	4520	-4397	-1207	1901
16616	3224	4148	362	1106	-681
16208	5180	4628	1806	745	-963
14972	4548	5016	-236	476	-820
16324	5220	3312	1347	-1726	-911
17400	7920	2612	784	1501	-420
13896	6848	5112	-2655	538	991
16432	5160	3268	-3375	-1875	2289
16132	5120	3712	-3507	1753	1537
14828	4928	5420	-1987	-310	1559
16240	3924	4292	-467	-326	1304
15200	3376	5152	827	195	912
15764	4912	3552	1592	-774	380
16268	6340	3048	-340	612	265
15704	5304	3988	-2872	708	1346
15136	2952	4576	-917	565	1080
15756	3968	3908	2324	-57	169
16552	6760	1776	945	1124	439
15892	5596	3972	-3937	1696	1897
16004	3112	4816	-3339	441	2439
17024	3720	4012	-91	976	1199
17104	6020	4044	526	1541	1044
16020	4308	5956	-2995	1363	2317
17336	2104	6692	-2188	-522	1718
18988	3456	5904	2245	449	-277
18880	6284	6792	2379	-96	-736
20160	5684	6152	-448	-1896	424
20992	4516	5352	45	-2448	267
22200	5276	3952	-218	-2503	-343
21256	4872	3220	-1872	-769	-229
21424	3228	4024	-2381	-675	-908
20728	1332	4516	-1444	445	-1702
19344	1036	4580	1470	621	-3360
21168	3896	4084	3363	1401	-4571
20072	5224	4948	1126	2880	-3862
18376	3952	4052	-20	1173	-2718
19904	2792	5816	505	2653	-1941
16172	1288	7364	-1412	1848	-1327
14464	1800	4504	-2325	-2079	-1557
16764	3276	4452	-1027	-2104	-1789
14508	3032	6512	-1369	-2104	-685
11712	2196	5104	-3250	-6653	274
17552	4636	496	-3033	-7042	859
14776	5584	4288	-2909	-1506	1117
12064	3756	2852	-4672	-4045	3513
14712	1768	1856	-6381	-2676	3541
12788	3528	3792	334	986	230
13344	6528	3420	3661	-995	-428
12428	4284	3332	-868	1338	3772
11388	3072	4064	1611	-848	3503
15436	7900	-700	3710	478	4487
11996	5792	1420	-673	6304	7752
10868	892	4120	1850	2470	7061
13848	3380	1708	5666	2276	3696
13300	6564	1632	4052	2585	1272
13596	6780	2032	-2140	930	1444
14308	4736	4044	-6148	-1004	-628
16144	5232	2512	-6069	-538	-1977
14708	5924	3464	-5242	1584	-1753
15424	3512	6160	259	650	-1620
16636	5812	5724	4837	1363	-1798
14620	6300	1944	3977	894	-845
16032	6324	4392	2234	1329	-652
16100	5860	5124	237	-485	-1423
15184	5432	2912	-3502	-330	-964
15672	4224	4328	-5670	-915	-340
16500	2876	5648	-5161	-1085	-1530
14652	4224	4516	-1812	-1118	-4460
15516	3580	4584	-1695	-1179	-3123
15480	996	6536	1371	-1605	-4503
17440	5292	1624	5308	-2355	-5706
16140	7764	3084	2371	1498	-3719
15028	4536	4248	-427	-2335	-1235
17156	4272	1804	256	-1258	-1198
16316	7628	2232	661	301	-827
14380	5336	3736	-2390	-382	358
15700	3424	2612	-601	-1915	-508
17108	6068	2492	2343	1920	-1488
13188	5648	3620	1200	190	-1539
16952	6896	1384	1575	-405	-366
13040	4888	4448	96	3357	-1571
14112	5568	3532	3678	-2673	-2695
16828	8096	1428	2451	3187	-1685
10912	4632	5900	-184	403	-1902
17260	7464	1860	2986	-3291	-1990
14904	6920	3532	92	3122	-685
13580	6000	4472	28	-1953	362
17048	7088	2004	1288	-143	161
14628	6256	5012	218	721	779
15064	4836	3524	1069	-1804	617
17876	5348	2636	2213	687	762
13480	3672	4532	773	1092	709
14840	4212	2568	2346	-2147	-986
16856	6024	1388	2067	526	-1159
13296	4840	4060	-264	256	-295
15520	4976	1028	-71	-2465	-857
16712	5944	904	-47	1304	-1012
12540	4668	2464	-1541	718	-53
14584	5568	488	-136	-1173	-971
16740	7044	864	-1536	2185	-392
13128	4756	3372	-1328	850	166
17536	6644	1136	1879	-168	179
15072	6248	2304	-1937	3863	1456
15292	7084	3476	-1552	-169	2389
16692	5576	2340	-5817	2583	3654
14628	2812	6512	-3796	75	2422
19016	3940	4196	2452	-83	1901
16380	5128	4236	2513	2104	1182
17564	6160	3652	3383	-293	2642
18020	5120	3768	-587	1260	3646
15444	2740	3492	-3768	-574	3419
18232	3928	3000	-767	-878	2128
16936	3588	4584	-1564	602	2648
15312	1676	4380	-1685	-1785	2668
19480	4520	-72	3681	-2706	321
18500	5496	2944	-239	4053	1654
13944	2140	4164	-4139	-928	2505
21104	3736	80	-1466	-1532	1485
17496	5384	2800	-3979	6422	1187
13100	2512	5236	-5966	510	2500
18488	1076	2944	-2332	-628	1088
17500	2796	2348	774	4331	-850
15672	4280	6100	-541	3231	-774
17148	3624	4560	-268	202	13
18276	4408	3232	298	2835	-312
16720	5036	4240	-1194	2623	360
16524	4304	7128	-3617	2554	842
15968	3052	5056	-3105	-373	1040
18324	4424	2948	-3032	1339	1059
16496	3684	6024	-2019	3258	1183
15772	2588	8212	-1018	1034	498
16956	2580	5504	-546	-722	439
17780	3292	4852	-336	1631	545
16328	3240	7528	-170	1579	245
15636	2956	7104	684	-531	265
16824	3092	4772	-381	-946	435
16584	3624	4628	-737	845	249
15844	3688	5748	-1483	555	463
15056	3072	6428	-2572	107	539
14964	2016	4860	-1971	-919	786
15780	2044	4672	-654	619	37
15180	2892	6304	-156	1261	-606
15440	3692	5816	947	586	-259
15240	3320	5368	43	694	-76
15896	4036	5580	904	1550	378
14700	4420	6312	-1394	3334	779
14968	4236	4568	-3677	561	1764
16592	3608	3436	-4774	3270	1809
14668	3540	6780	-3287	4843	544
14328	3612	7476	1238	951	531
16524	4184	6900	2840	-238	17
16072	4468	8252	2864	444	419
15832	4160	7416	1432	-1776	1103
16792	4656	5572	62	-2121	934
17280	5416	3956	-425	-750	766
16236	4636	4520	-1038	1511	1185
15420	2584	6528	-534	808	531
14208	1304	6232	2112	-332	-324
15152	2132	5920	2034	-1568	-1345
15216	3500	5124	300	-1387	-1486
15640	4212	5124	1	-1765	-1986
16584	5044	4472	-1451	-526	-2304
16940	4644	5060	-3142	538	-1775
17076	3140	6220	-233	714	-2030
17488	2736	6116	2383	573	-2573
17312	3044	6272	3059	1565	-2056
15628	2644	6496	1114	1496	-1347
15360	2408	4784	-871	-7	-409
17044	2160	3796	-604	1769	-188
16500	2048	7316	1467	3242	-410
14724	2684	8532	3101	492	-321
17116	2384	4332	646	-4025	1065
20992	2820	3992	223	741	1066
16060	2228	8620	2857	2787	-505
15328	2384	5352	3104	-3481	-24
17944	2420	2460	-1870	-485	628
14212	428	4784	-2668	1803	-191
13612	488	5200	629	-2477	-629
15188	2392	2648	-118	-2604	-868
15220	2264	2980	-1884	-1148	121
15048	2760	5348	-2291	-508	-25
14084	2752	4264	-3014	-1897	388
17428	2524	3656	-3492	-1141	1200
16640	2628	6396	-1966	2793	-345
14144	1836	7356	183	410	-137
16484	1448	4404	831	-1798	-195
17800	3148	5452	1748	2027	-1393
15452	3640	6368	3680	99	-1619
17164	4096	3240	1269	-1267	-622
16988	3996	4848	-2193	1919	-273
14408	3156	6120	-3549	298	369
15800	3216	4392	-3052	-1735	578
16172	4200	4324	-2775	929	397
14940	3544	6408	-2059	820	791
15380	3048	6904	-714	-433	473
16656	3516	5652	-954	625	353
15888	3564	5872	-1103	1148	487
16276	3244	6616	-86	596	325
15848	3288	6228	-287	756	156
16108	2968	6484	-1412	245	458
16392	3072	6528	-300	18	-134
15688	3244	6116	-146	-142	-31
15728	3552	5612	-217	-838	1
16208	3748	5828	-949	-620	12
15272	3156	5216	-964	-1239	331
19028	3056	3252	-6376	26	-100
14860	3208	5100	-6551	-1528	161
16808	3156	4580	-7087	-821	-51
17104	2656	5180	-5254	2097	-301
17440	3964	5524	-1792	2731	-2382
17792	4332	5216	-6916	476	34
12340	1312	7108	-2976	-365	444
16120	3940	6084	-253	314	-1434
14984	3012	5472	-1473	-701	1029
16568	4056	5620	-3027	-1795	-855
14428	5624	6128	-6995	-2770	2909
16916	640	5156	-11073	-3426	7511
16828	-212	5432	-7182	-452	3026
16636	860	6216	-2261	405	460
15856	368	6092	1463	1163	-2
15916	1216	6120	3609	738	-592
15116	6096	6492	-4511	-1394	291
