0	0	0	0	0	0
-14056	-5720	6652	-1023	15	-89
-14476	-5456	2480	-1122	573	-651
-14648	-4912	2176	-1952	223	-49
-15496	-6048	2720	-1315	-795	1896
-14672	-5128	3564	-554	68	-212
-15068	-5136	3400	-279	237	-1230
-15636	-5808	3968	-2325	-2032	2117
-9120	-5580	1416	2283	7758	4338
-16708	-1340	2380	-1728	8753	5243
-11968	236	5128	-11691	-1035	1365
-13008	-4168	1080	-10368	-1810	1361
-15872	-7380	1192	-6639	449	889
-14532	-5216	724	-3590	-728	984
-14236	-4552	1808	-4899	299	764
-15352	-5460	1736	-5123	174	728
-15120	-5548	2196	-4300	-458	539
-14492	-5568	2580	-4829	-501	405
-14764	-7068	2040	-2741	-153	182
-14636	-6528	2540	-361	-566	29
-14644	-6340	2576	-803	-859	-403
-14492	-7908	2508	-1952	-1463	-1250
-14720	-10012	3004	1363	-814	-2868
-14232	-8556	2376	2601	-1328	-3943
-14736	-6680	1936	-1891	-2123	-4496
-14548	-7612	632	-7853	-3550	-5331
-14684	-9624	2032	-10490	-3121	-6625
-14612	-9620	1788	-11753	-1943	-8103
-14488	-9472	-940	-15768	-801	-10342
-14792	-11820	-976	-19292	-136	-13305
-14756	-13064	-708	-19366	1362	-16493
-14324	-11820	-2496	-20661	3022	-18995
-14840	-14180	-4600	-23663	4706	-21147
-14608	-16736	-2564	-22657	6007	-22914
-14324	-15160	-4352	-19629	9028	-24126
-13672	-15320	-6956	-19741	10074	-23380
-11204	-16844	-7304	-17944	12293	-22398
-10308	-15628	-6080	-12805	14831	-22093
-9700	-13000	-11888	-12699	15483	-21638
-8228	-14184	-10208	-12359	16980	-20826
-6568	-12768	-10648	-8651	17485	-20255
-5504	-11032	-11292	-8632	18050	-19623
-4068	-10512	-11788	-8384	18551	-17548
-1908	-9840	-9548	-6613	18628	-16393
-564	-8628	-10844	-5243	18592	-15244
672	-9356	-10024	-5447	19155	-13971
2352	-8668	-9004	-3201	18044	-13041
3956	-8684	-9232	-2444	17748	-11884
5188	-8852	-7300	10	16540	-11079
5492	-8012	-8172	595	15497	-9949
7352	-7768	-5132	-104	13305	-8195
8416	-7644	-6668	394	12168	-6975
9260	-7484	-5316	-266	10426	-5892
10404	-7844	-3148	175	8720	-5123
10768	-7416	-3752	1389	6227	-4153
11676	-7060	-2624	1882	4354	-3188
12464	-6468	-2588	1862	2421	-2204
12580	-5864	-3672	2072	374	-1368
12996	-5448	-3736	183	-1184	-218
12864	-5888	-3520	-994	-2379	810
11692	-6264	-5812	-1809	-3764	2424
11908	-6940	-5460	-3487	-4482	3736
10912	-8928	-5320	-1200	-5687	4212
10804	-7984	-6768	904	-6775	4484
10096	-8912	-6276	1855	-7535	5178
9748	-9932	-7460	5052	-8424	5406
8672	-9948	-7368	6301	-7924	6372
9112	-9956	-6132	7963	-9464	7592
7684	-10124	-10324	7879	-8693	9220
7692	-10304	-5832	6109	-9252	10244
7908	-12136	-4316	7479	-9674	10401
4828	-12720	-12684	7527	-9064	11501
5824	-10528	-4212	5389	-11218	11430
5420	-15968	-6244	9331	-10554	10659
4220	-13040	-6212	13829	-10660	11731
3316	-12984	-5916	12934	-10410	12355
3144	-15168	-7728	15098	-11070	13691
2100	-13040	-6552	13375	-7647	15590
-92	-13808	-6116	7575	-6231	16723
-1520	-16608	-5064	6041	-7696	17051
-1820	-16820	-4624	8190	-7295	16433
-3208	-16460	-4624	7709	-6119	16782
-3964	-17448	-2052	8391	-6999	15964
-3944	-17644	-3800	12578	-5619	15869
-5540	-14876	-3076	11782	-3226	16907
-7960	-16448	-380	9265	-3030	16694
-8484	-17416	-2964	8920	-1903	16115
-9464	-14364	-644	7129	-242	16162
-10576	-14468	-8	2246	-1131	15754
-10244	-15252	-860	1518	-1293	15005
-11284	-14020	916	813	-570	14373
-11124	-14240	2260	538	-1559	12964
-11268	-14168	968	2990	-525	12987
-12300	-12168	1796	4142	-398	12235
-12608	-11876	1876	3628	-597	12026
-12628	-10704	1052	3255	-168	12071
-13448	-9692	1352	2299	688	12404
-14436	-9968	2008	979	-52	11593
-13948	-9028	1172	1000	363	11268
-14764	-8352	1312	1244	866	11027
-15056	-7836	1716	1204	-75	10898
-14604	-7364	1940	781	-251	10656
-14800	-7392	2220	473	40	9505
-15340	-6704	1812	360	924	8073
-15800	-6124	2488	-1194	106	6603
-14740	-6852	2780	-2862	-858	5458
-13812	-7468	3304	-1811	-48	4307
-14580	-7112	2880	-1008	248	3395
-14644	-6608	3128	-737	-846	2423
-14328	-6640	2992	-792	-928	1469
-14440	-6332	2464	-737	-537	691
-14760	-6340	2080	-641	-535	-387
-14520	-6444	1836	-1467	-281	-1750
-14572	-6848	1524	-1896	-58	-3250
-14832	-6748	1860	-2554	138	-4662
-13980	-7344	1696	-4248	126	-5971
-14420	-8584	1920	-4136	823	-7229
-14656	-8252	1468	-4940	915	-9185
-15144	-9424	1928	-7253	1026	-11014
-14996	-10504	1064	-8554	2329	-13149
-15760	-11040	-132	-9900	3473	-14963
-15340	-11876	200	-11483	2770	-16311
-13924	-13476	-976	-11559	4063	-18152
-14308	-13716	-1948	-11094	6473	-19614
-14428	-14344	-2632	-11292	6934	-21056
-13380	-15044	-3984	-11537	7719	-21671
-12460	-14748	-4432	-11808	8742	-22371
-11632	-14892	-5204	-12310	9906	-22541
-10404	-14804	-5984	-12828	10839	-21966
-9392	-14772	-6248	-13322	11502	-21484
-8072	-14652	-7308	-12392	12121	-20797
-6928	-14144	-8224	-12733	13729	-19536
-5464	-14020	-8596	-12713	13870	-18376
-3680	-13420	-9128	-12457	14626	-16835
-1860	-12900	-9080	-12220	15104	-15770
-816	-12724	-8956	-10813	16096	-14955
48	-12212	-9216	-9017	15714	-14038
1044	-12000	-9688	-6430	15612	-13445
2168	-10632	-8892	-5010	15355	-12542
2864	-10984	-7876	-2823	14992	-11606
3420	-9540	-7792	-1496	13946	-10324
4828	-9288	-8328	-1304	13192	-9064
5752	-9388	-7904	-725	13043	-8292
7052	-10124	-8400	-472	11942	-7969
8136	-9672	-8528	418	11057	-8335
9620	-9404	-7172	-1000	9864	-7888
10868	-9572	-5500	24	9018	-7745
10788	-7816	-4140	938	8005	-6354
11592	-6816	-2280	1806	5966	-5197
11452	-5972	-3148	2856	3621	-3845
12340	-4672	-3552	1415	1689	-2880
11892	-4712	-4220	-575	220	-1137
12264	-5556	-3804	-1305	-1452	30
11652	-5784	-5236	-1788	-2781	1256
12364	-6476	-6728	-2410	-3265	2818
11816	-7640	-5572	-2706	-3646	3980
11764	-8800	-6904	-2935	-4461	4626
12008	-9596	-6408	-795	-4351	4542
11072	-9188	-6604	-124	-4413	4773
11572	-10412	-5028	952	-5588	4609
10588	-9600	-7960	4401	-6009	4177
9956	-7836	-5940	2290	-6623	5448
9468	-10612	-5864	3749	-7871	6252
7652	-10180	-7300	6111	-7799	7387
8008	-9120	-7248	3791	-9054	9314
7968	-11800	-5916	4035	-8670	9539
6372	-12880	-10648	7725	-9113	9403
6168	-10904	-7428	7466	-9043	9780
5680	-13780	-6040	8568	-10899	9528
5332	-13296	-9364	11707	-9955	9854
4188	-11920	-5088	10534	-9379	10188
3360	-14304	-7452	11729	-10604	11677
2344	-13064	-7828	11783	-7471	13073
580	-13724	-4880	9909	-7671	14337
208	-16260	-7144	10042	-7619	14920
-376	-16380	-5748	9503	-6124	15063
-1488	-17392	-4884	10260	-6463	14380
-1640	-16440	-5792	11826	-5437	14556
-3588	-16164	-4160	8105	-3965	14851
-3876	-17892	-3068	7612	-4491	13959
-3632	-16104	-5020	8227	-2289	14497
-6452	-15972	-528	5201	-1398	14388
-6928	-17548	-2212	5795	-3452	13143
-5416	-14500	-1196	6514	-1646	13600
-8220	-15584	344	4953	-951	13172
-8044	-14784	-472	5656	-2014	13013
-8404	-13368	1004	5119	-912	13721
-10884	-14480	2028	3941	-1266	13263
-10656	-13312	-272	4244	-2240	12519
-11308	-12520	512	2085	-335	13489
-13052	-13512	2004	1304	-1221	12346
-12056	-12564	576	2556	-1445	11914
-12840	-12356	1264	2632	279	11004
-13292	-12808	2320	3729	21	9810
-12624	-11512	1876	4275	165	8835
-12336	-10012	1872	4072	504	8825
-12400	-8604	1760	2531	113	9594
-13020	-7852	1524	-479	-452	10724
-13404	-8116	2852	-1842	-714	11092
-14228	-7816	1656	-1924	-372	11601
-15144	-7696	2900	-1920	-933	11472
-15364	-7672	3180	-810	-1074	10249
-15556	-7148	3208	192	-296	8934
-15816	-6936	3464	1190	-345	7232
-15276	-6284	2816	1308	-649	5893
-14464	-5856	2708	914	-546	4627
-14644	-5708	2732	-371	-202	3956
-14524	-6028	2756	-1462	-888	3445
-14124	-6024	2288	-1974	-495	2922
-14164	-5952	3096	-2163	-592	2361
-14624	-6488	2712	-2332	-614	1565
-14396	-6416	2744	-1764	-506	559
-14840	-5808	1872	-3229	-203	-464
-14500	-6576	2808	-5322	-358	-2376
-14220	-8004	2436	-5451	572	-4495
-14748	-8388	2580	-5873	929	-6393
-14368	-8776	2260	-7125	569	-8572
-14496	-9960	2424	-7755	1161	-10410
-14548	-10588	1932	-8018	1953	-12660
-15288	-11628	1976	-8578	2341	-14507
-15288	-12468	1056	-8010	3144	-16848
-15592	-12720	-144	-8368	4134	-18807
-15284	-13428	-436	-9012	5123	-20724
-15232	-14368	-1616	-10591	6488	-22018
-15040	-15280	-2896	-12139	7815	-23264
-14488	-16004	-3560	-13040	9322	-24442
-12620	-16560	-4440	-13417	10358	-25081
-11072	-16908	-5712	-12411	12594	-25358
-10504	-16272	-6168	-12220	14283	-25264
-9160	-16348	-6672	-12127	14833	-24859
-7248	-15892	-8096	-10835	16108	-24291
-6052	-14144	-7616	-11427	17262	-23426
-4108	-14756	-7468	-11223	16854	-22321
-1808	-13440	-8144	-8262	17104	-21730
-992	-12048	-7348	-7977	17982	-21036
48	-12320	-7384	-6865	16679	-19718
1816	-11004	-6392	-7050	15805	-17855
3120	-10632	-6752	-7038	15935	-16123
4500	-10424	-6876	-6176	15456	-14227
5744	-9944	-6704	-5292	15106	-12742
6980	-9904	-5912	-3784	14771	-11425
8144	-8848	-4800	-1173	13225	-10321
8884	-8356	-4348	820	11966	-9740
10364	-7208	-2612	2641	9698	-8884
10248	-5712	-2560	4929	8265	-7401
10888	-3412	-1224	4995	4750	-4817
10948	-3148	296	4148	1708	-2109
11672	-2324	-1156	2261	-1991	698
12952	-3864	-3024	-1733	-4017	2842
13408	-5892	-5768	-5349	-4315	3806
14500	-8380	-5924	-6669	-4168	3729
14208	-9836	-6672	-5665	-3405	2978
14236	-11272	-6152	-3049	-2900	2115
14076	-10760	-5644	354	-2229	1235
13220	-9252	-6520	2227	-1886	1294
12636	-8432	-6628	1857	-1721	1589
12356	-8660	-5652	1172	-1740	2121
11676	-8700	-5136	3124	-2713	2631
11296	-7356	-5860	3265	-3536	3444
10992	-8396	-4304	2515	-4863	4229
10496	-9292	-5976	4629	-5223	5143
10112	-7880	-6220	2472	-5884	6402
10124	-9860	-4904	1768	-6686	7080
8948	-10292	-6544	4828	-7526	7659
8464	-7740	-7116	2809	-8038	8813
8628	-10896	-5172	474	-9778	9771
7944	-13020	-6188	3615	-9210	9563
6292	-11300	-7292	5732	-8906	10415
5508	-13232	-4756	6260	-9912	10974
5000	-14996	-7548	10780	-10790	11292
4828	-12472	-6344	12684	-8613	12360
2752	-14192	-3668	11949	-9238	13003
2420	-14412	-11624	14152	-9294	13854
2156	-12060	-4600	10740	-6254	15903
-424	-15648	-2388	9776	-8759	15993
-92	-14404	-6620	11784	-7642	17724
-2540	-15184	-2080	6378	-4035	18378
-3940	-19020	-1348	9251	-6619	17623
-4220	-16332	-5936	11644	-3406	18778
-6848	-16340	-1552	5178	-1124	18244
-6940	-20048	-804	6301	-3342	16747
-5584	-15972	-3332	9610	-924	17084
-8156	-14648	344	5455	-98	16777
-8456	-17884	2680	5662	-2873	15732
-6844	-14596	-2328	9718	-1118	15130
-10244	-13552	2284	6679	1010	16192
-11672	-15064	1588	5163	-2396	14676
-10272	-12896	912	5792	-1603	15031
-12208	-12356	1788	3781	607	14833
-12808	-11720	560	2607	259	14943
-13996	-11508	2612	901	641	14723
-14128	-11984	1780	-148	58	11890
-13184	-10608	1204	7	308	11715
-13756	-9772	2464	-849	583	11367
-14192	-10032	2652	-1096	-171	10346
-13756	-9260	1944	-133	-8	9365
-14544	-8832	2768	120	714	8967
-14940	-8404	2608	29	-290	7812
-14348	-7536	2280	333	-126	6754
-15064	-7116	2352	83	393	5817
-14980	-6700	2416	-141	-12	4844
-14732	-6368	1524	-95	-24	4193
-14608	-6024	2228	-640	-214	3327
-14484	-5832	1908	-988	60	2788
-14324	-5784	2128	-1307	370	2463
-14508	-6068	2224	-1128	29	2155
-14332	-6296	2552	-281	98	1601
-14684	-6400	2748	130	198	1103
-14856	-6364	2284	92	184	684
-14400	-6452	3016	-69	-374	-624
-14108	-7188	2416	-9	453	-1612
-14844	-6760	2104	275	584	-2712
-14644	-6856	2404	-1212	-92	-3835
-14584	-7396	2460	-1985	-239	-4888
-13984	-7464	2552	-2479	298	-6157
-14472	-8372	2616	-2450	223	-6807
-14332	-8784	2528	-1962	-229	-7860
-14724	-8948	2420	-2532	-190	-8993
-15368	-9484	2248	-4280	-230	-10726
-15156	-10300	1056	-6180	276	-12782
-15752	-10716	972	-8043	1143	-14061
-14840	-11924	440	-9789	951	-16128
-13892	-13576	204	-11375	2094	-17394
-13528	-14976	-1180	-10524	3941	-19204
-13596	-15524	-1628	-10294	5456	-20591
-13280	-16168	-3380	-10318	7327	-22426
-12844	-15964	-4488	-10646	8197	-23505
-11356	-15928	-4404	-12116	9133	-23847
-9844	-16856	-5156	-11734	10391	-24568
-8604	-16008	-5940	-12118	11621	-24016
-6840	-16184	-6404	-12233	12497	-23811
-4872	-15864	-7628	-11303	13273	-22904
-3964	-14872	-7800	-11722	15131	-22401
-2872	-15104	-6040	-11990	14951	-21634
-968	-14300	-7964	-10952	15733	-21051
0	-12740	-6724	-11673	17282	-19856
1288	-13544	-7500	-9232	16428	-18468
3016	-10980	-7360	-6723	16363	-17520
3648	-10844	-6200	-5929	16285	-16137
6044	-10804	-5016	-829	13459	-15148
8388	-7940	-6604	2100	13590	-14864
8056	-6728	-5276	1011	13833	-12932
7520	-8028	-3356	1602	11676	-11141
9392	-7668	-1600	1190	8389	-8756
10104	-7180	-684	1846	5994	-6960
10408	-5668	-880	1765	3181	-4671
11536	-4868	-916	577	237	-1886
12068	-4760	-3208	-177	-1883	-354
12732	-4592	-4408	-2149	-2903	805
13192	-5600	-5744	-4287	-2992	2128
12536	-7624	-5868	-4798	-2795	2866
13280	-8604	-6364	-4086	-2631	3315
13036	-9512	-6616	-1761	-2406	3272
12652	-9792	-4704	-780	-2443	3611
12864	-10252	-4772	1569	-2754	3677
11812	-8556	-5604	2783	-3161	3700
11076	-8868	-5512	1148	-3908	4471
11728	-9620	-3792	1557	-4883	4772
10012	-9596	-7232	3351	-5273	5043
10224	-7452	-6928	339	-5949	6751
10212	-10596	-4780	-491	-6510	7315
8720	-10664	-8260	2081	-6929	7153
8316	-9228	-6788	21	-7611	7939
8376	-11576	-5008	2215	-8884	8589
6720	-11408	-8512	4098	-8077	9089
5968	-11876	-6504	4203	-9380	9286
6276	-13216	-6636	6271	-10580	9933
5360	-13232	-7728	9113	-9493	10531
4152	-12812	-6548	7851	-9834	10343
3948	-15192	-6892	10208	-11281	10767
3488	-13912	-9188	11274	-8792	11599
1680	-14324	-3752	8256	-7899	12615
1272	-16964	-6764	11202	-8996	12436
1064	-14572	-8404	12420	-5409	13757
-1724	-15632	-3004	8935	-4684	14278
-1476	-17812	-4504	11985	-7095	13647
-1300	-13556	-4652	11405	-3309	15349
-4676	-15604	-1820	7686	-3269	15650
-4516	-16600	-3292	9020	-4828	15473
-5064	-14704	-2184	7533	-1996	16535
-7508	-16072	-312	4761	-1925	16366
-7076	-16500	-2684	5597	-2647	15915
-8308	-15880	-524	4209	-778	15832
-9876	-17368	520	3945	-1995	14387
-8204	-15060	-68	6841	-2000	13405
-9652	-14316	1136	5172	-78	13678
-9872	-13952	636	4821	-1376	12708
-10160	-12808	728	4198	274	13686
-12272	-12868	2496	2514	-348	13407
-11876	-11756	216	2450	-1093	13312
-12452	-10452	1244	504	7	13537
-13488	-11248	1744	-264	5	13501
-13480	-10900	1244	473	75	13335
-13940	-10612	1508	669	-114	12467
-14916	-10744	2064	1187	-731	10417
-14532	-9356	1692	1220	-441	8584
-14344	-8220	1692	932	413	7558
-14924	-7368	1240	-487	215	6669
-14800	-6504	1680	-1576	-521	6281
-14564	-6156	1992	-2837	-144	6070
-14972	-5684	924	-3589	-109	5912
-14944	-5076	1872	-4032	-399	5589
-14748	-5420	2304	-4787	-895	5188
-14584	-5816	2024	-3537	132	4765
-14904	-5580	2420	-2167	89	4652
-14556	-5668	2560	-1115	-772	4541
-14224	-5624	2520	-207	-425	4760
-14348	-5360	2844	77	-55	4907
-15084	-5344	3060	26	501	4929
-15896	-5828	3440	-16	298	4637
-15320	-6080	4172	364	-360	4211
-14452	-6332	4012	921	-258	3204
-13576	-6660	3936	2176	-413	2045
-12788	-6632	3680	2378	-212	808
-16260	-7452	2828	2548	2047	1052
-19792	-7052	2700	2439	233	298
-14468	-5496	2280	-1326	-4882	-2957
-10784	-6284	1056	-3251	-406	-7018
-15168	-6876	1312	-3310	2653	-9802
-16460	-6092	1124	-6428	594	-11312
-15648	-7068	536	-9283	563	-12509
-15592	-8752	920	-9476	1388	-13599
-15388	-10028	1848	-7689	1953	-15288
-15268	-10500	808	-5052	2573	-16660
-15364	-9776	-892	-5565	4003	-17362
-15740	-9320	-2220	-11339	4496	-18045
-15576	-10948	-3908	-19209	4753	-19465
-14700	-13988	-4708	-23142	6126	-21213
-14320	-15688	-5244	-22616	8759	-22394
-13896	-16460	-6864	-19981	11061	-23612
-12664	-16484	-7856	-16548	13024	-23575
-11656	-17024	-8176	-12765	15075	-23873
-10136	-15912	-9212	-9823	16374	-23880
-8616	-15264	-10108	-8948	17588	-23969
-7016	-14280	-10600	-9349	18297	-24183
-5496	-13500	-11872	-9845	19442	-23484
-3916	-12020	-10188	-11392	20326	-22159
-2380	-12032	-11420	-12383	21606	-20723
-612	-11064	-8720	-9340	21913	-18564
524	-10048	-9088	-6537	22171	-16453
1452	-8816	-7996	-3920	21021	-14318
3480	-8700	-6948	-951	19108	-12932
4932	-8168	-6164	1522	17868	-12477
6960	-6204	-4780	2176	15311	-10793
8520	-5904	-4160	984	13671	-8700
9060	-5384	-2220	356	11091	-6829
10000	-5624	-420	1190	7555	-5085
11164	-5560	120	2491	3982	-3585
11408	-4988	-3124	3210	1150	-2123
11712	-5084	-2924	767	-469	-737
11952	-5772	-5716	-1754	-1975	902
11940	-7576	-6732	-3407	-2171	1989
12888	-8296	-6676	-3699	-2529	2609
12832	-9892	-7520	-2986	-2675	2533
13984	-10004	-6344	-1713	-2072	1868
13424	-9784	-7012	-591	-1544	1422
13892	-9564	-6776	-203	-1136	963
12536	-9040	-5888	756	-973	499
12128	-8056	-5680	861	-1443	767
11660	-7676	-6064	517	-2268	1667
11068	-6908	-5396	-31	-3582	2609
10580	-7816	-4812	-94	-4332	3753
9712	-7836	-5540	1059	-5707	5440
9816	-7744	-5348	873	-7129	6822
9528	-8992	-4920	1683	-8411	7661
8524	-9384	-6908	3863	-9357	8672
8000	-9504	-6940	5278	-10183	9525
8260	-8692	-7076	3295	-10553	11017
7060	-11484	-6972	3125	-10566	11339
5852	-12444	-8964	4542	-10773	11293
5720	-10884	-8548	2165	-10208	11499
5560	-13532	-6472	2101	-10955	11449
3976	-15172	-9644	7673	-10718	11132
2800	-12232	-8436	9347	-9367	11342
1896	-14180	-3644	9623	-11739	12329
1208	-15468	-11432	13754	-11356	12831
-224	-12644	-6072	11498	-6373	14071
-3276	-15460	-5604	9977	-9012	14848
-2068	-15556	-9208	11753	-10393	16172
-3684	-16680	-4608	10225	-5327	15909
-5416	-18716	-6276	11898	-6264	15298
-5404	-16404	-4428	12556	-4938	15307
-6772	-17868	-1988	11211	-4817	13477
-5672	-16276	-4104	14139	-5161	13626
-7264	-14268	-408	11841	-1442	15151
-9276	-16808	652	10000	-2493	12996
-7408	-14464	-1104	10549	-2013	13377
-9384	-13392	508	8764	997	14598
-11440	-13868	948	6435	-763	12949
-10176	-12740	1336	4832	-1880	12639
-11028	-12292	1504	2627	-530	13949
-12588	-12788	1908	222	-939	12547
-11916	-12140	1852	80	-1515	12029
-12556	-11936	2228	-941	-859	12026
-12636	-11432	2548	-156	-1721	11259
-12608	-10228	2276	939	-1552	11456
-12996	-8704	2628	1452	-1431	11960
-13868	-8424	2948	711	-1472	12986
-14244	-7872	2288	720	-1815	13590
-15048	-7296	2300	216	-1771	13920
-16292	-7104	2580	-241	-1302	13169
-16568	-6160	2056	-217	-1315	11419
-16452	-6228	3080	-526	-740	8711
-16036	-6152	2628	344	-47	6285
-15120	-5744	3192	1022	236	4020
-14544	-5112	2356	1968	1307	2473
-14604	-4552	1860	1542	1462	2002
-13864	-3972	2280	513	1162	2428
-14548	-4632	1920	-942	1450	3846
-15152	-4096	2060	-1622	522	3940
-15192	-5068	3452	-3287	91	3903
-14020	-6640	3060	-1162	611	2873
-14508	-5712	3952	671	1216	1379
-15224	-6036	4276	488	305	396
-14284	-5836	3352	1315	76	-1249
-14880	-5160	3616	87	962	-2078
-16172	-5552	3132	-1426	-260	-3046
-14712	-5340	3044	-3718	-842	-4815
-14408	-6224	2896	-5338	-60	-6372
-16384	-7556	3264	-6339	0	-7829
-15304	-7960	2252	-7787	-475	-10833
-15392	-9364	2368	-8004	1733	-13240
-16196	-10964	1492	-7195	2510	-15561
-16112	-11440	1488	-6182	2449	-17778
-15312	-11444	708	-6242	2576	-19174
-14928	-11672	-828	-7556	3898	-20300
-14928	-12308	36	-8811	4419	-21417
-14484	-13508	-1824	-10005	5303	-22029
-14548	-13352	-2996	-12066	7359	-22310
-13968	-14084	-2884	-15127	7873	-22967
-11712	-15424	-4692	-15813	9282	-23109
-10532	-15196	-6260	-15557	11680	-22626
-9860	-15164	-6052	-17078	12722	-21951
-8016	-16260	-7036	-16832	13372	-21473
-6000	-15964	-8668	-14639	15539	-20964
-5752	-15336	-8864	-14719	17854	-20141
-4096	-16032	-8456	-14280	17151	-19806
-2040	-14960	-11436	-11043	18890	-20103
-1720	-12416	-9144	-11231	21316	-18745
-604	-12976	-7908	-9714	19491	-17322
2344	-11760	-7892	-5931	19109	-16573
2636	-9140	-7852	-3708	19985	-14945
3284	-8012	-5068	-3978	16988	-12897
5988	-8312	-4556	-1297	13138	-11821
7116	-6476	-3392	748	12746	-9871
7636	-5756	-3892	679	8626	-7601
10156	-5500	-2804	448	6446	-5792
10168	-5940	-3380	1299	4961	-4710
10228	-5348	-3652	1725	2556	-2867
10908	-6076	-2832	965	1367	-942
10768	-5560	-4664	1129	-955	1304
10904	-6420	-4772	-522	-2453	2808
11324	-7308	-7268	-2060	-3665	4267
10964	-8984	-6708	-3149	-3748	4970
10940	-9412	-7328	-3616	-4248	5431
10284	-10660	-6100	-2484	-4742	5300
9448	-10744	-7028	116	-5817	5188
9428	-10656	-6752	1773	-7295	5297
9588	-10592	-6812	2851	-7517	5399
8216	-10500	-8308	3738	-8096	5717
7628	-10240	-9576	2437	-8422	6103
7952	-10520	-7212	1711	-9348	6224
7400	-11392	-11468	3161	-9036	6403
6460	-10776	-8208	2444	-8161	6957
5968	-12248	-7632	4735	-9800	7157
5532	-12196	-10744	6611	-8750	8038
4700	-11876	-7232	5095	-8038	8458
4160	-13804	-7680	7664	-9517	8452
3696	-12116	-11828	9652	-8084	9399
2060	-12044	-6996	5161	-6587	10530
1244	-15792	-6960	7200	-9380	10120
1600	-15196	-10836	12150	-9058	9910
-260	-13332	-5436	9647	-5630	10882
-1360	-15836	-4064	11330	-9386	10803
-868	-15316	-9288	13902	-6510	11882
-3136	-13992	-4960	10888	-3080	12831
-5008	-16676	-3000	9849	-6306	12577
-3052	-16628	-7620	12726	-6356	13194
-5016	-13812	-2356	10419	-1844	13914
-7144	-16828	-852	8422	-4016	12790
-4864	-16172	-4012	11072	-4810	12792
-6764	-13928	-1384	9643	-1050	14363
-8624	-15180	460	6385	-2803	12716
-7344	-14724	-1808	6051	-2585	13536
-9288	-13204	184	5328	-755	14746
-10900	-14072	2396	2631	-1834	13185
-10036	-14172	36	4152	-2529	13201
-11108	-12644	940	3685	-1313	14414
-12432	-12816	2512	2429	-1834	12948
-11920	-12344	1460	3583	-1685	13138
-12004	-10168	1884	3235	-794	14111
-13452	-9536	2336	2052	-628	14430
-14248	-9124	1980	2080	-784	14615
-14508	-7860	2680	2306	-1204	15217
-14920	-7060	2260	866	-640	15159
-16428	-7176	3008	252	-1588	16065
-16524	-6648	3532	1018	-2669	15259
-16580	-6232	3252	-117	-2635	14380
-16440	-6272	3204	-922	-3068	12659
-16156	-6368	3092	-834	-2116	10798
-16376	-6308	2732	-680	-2109	8843
-15104	-5796	2548	-1087	-2354	6292
-13988	-5344	2032	-1799	-373	3946
-15500	-5976	2864	-2794	-100	2344
-13756	-5524	2488	-3034	-47	882
-13716	-5360	2260	-2878	1024	219
-14152	-5772	2876	-2940	843	-525
-14340	-5492	2400	-2325	950	-658
-14392	-4624	2648	-2069	895	-1122
-14540	-5184	3140	-2325	1108	-1943
-14476	-5376	2984	-972	1688	-2998
-15476	-5284	3440	183	2352	-3820
-14864	-4980	3416	675	1406	-5310
-14368	-5136	2732	381	2376	-5777
-16092	-5380	2748	878	2374	-6110
-15200	-4616	3492	-1731	462	-7184
-14812	-6652	2760	-4373	1775	-8629
-16356	-8260	2600	-3675	2602	-10387
-16340	-8640	2124	-5259	2162	-13207
-16076	-11092	2048	-6756	2783	-15272
-15940	-12804	1592	-4366	4513	-18356
-15348	-12968	1252	-2948	4790	-20119
-14388	-12448	112	-2571	4439	-20847
-13612	-12224	-88	-4217	4377	-20987
-13424	-12736	-792	-6377	5029	-21596
-13032	-12704	-2508	-7570	5570	-21266
-12228	-13024	-1556	-11279	5849	-21110
-11260	-15260	-2824	-12419	6834	-21112
-10144	-14584	-4168	-11734	8435	-20177
-9632	-14084	-4540	-14468	9613	-19662
-8000	-15520	-4760	-14856	9432	-19137
-6308	-14996	-7376	-14346	11618	-17739
-5508	-13972	-6796	-17103	12940	-16864
-4204	-16096	-8376	-16837	12811	-16048
-1732	-14696	-8716	-13362	13618	-15326
-1336	-13936	-9372	-14070	16282	-14324
-944	-14464	-8300	-12062	15666	-13818
436	-13456	-9492	-9317	15726	-13566
1648	-12244	-9488	-7626	16103	-12923
2952	-11664	-10100	-6329	15771	-12282
4244	-10500	-8584	-5768	15859	-11576
5216	-10336	-8768	-4169	15749	-11238
5964	-9676	-8788	-2986	15553	-10461
7020	-9772	-5656	-1189	14313	-9727
7668	-9088	-5216	926	13193	-9340
8548	-7760	-3448	2457	10390	-7960
9728	-6936	-2164	2836	7877	-6901
9956	-6500	-1936	3701	4815	-4714
10756	-5152	-2560	3388	2295	-3007
10092	-5800	-3008	2621	-524	-1292
10816	-6296	-5236	1304	-2268	76
11052	-6060	-6568	-631	-2749	1319
11736	-7456	-6688	-2973	-3396	2650
11996	-8868	-7776	-2460	-3392	2977
11636	-9052	-6388	-3124	-3288	3568
11860	-9992	-6820	-1724	-4030	3629
11212	-10352	-5960	-668	-3914	3769
10328	-10736	-4640	2251	-4641	3890
9192	-10048	-6692	5085	-6038	3932
9572	-9448	-6172	4826	-7227	4392
9144	-10000	-6788	5031	-7451	5295
7924	-10336	-8164	5159	-8581	5808
8628	-9988	-7068	5446	-9363	6633
6988	-11100	-7780	6126	-8841	7597
6280	-11716	-6564	6744	-10323	8606
6348	-13308	-7044	10651	-10547	8935
4580	-12532	-7240	12554	-8948	10340
3196	-12672	-7188	10459	-9209	11243
3324	-14336	-6344	10013	-10470	11576
3620	-13992	-9796	10247	-8779	12312
2044	-13152	-7784	7087	-6117	14141
1004	-15016	-4676	4681	-7760	13810
1008	-16476	-6780	5904	-7709	13829
200	-14512	-6940	5864	-5568	13824
-1576	-16088	-3224	3498	-6111	13723
-1864	-17276	-5732	6455	-7316	13337
-2076	-14144	-5516	7999	-4705	13872
-4768	-15872	-1732	5896	-3862	14371
-5860	-17952	-3848	8741	-5438	14248
-5860	-14316	-3936	8779	-3280	14488
-7972	-15796	-2092	4807	-2906	14007
-7664	-16344	-3296	5775	-4278	14338
-7352	-13356	-1208	4751	-2087	14543
-10148	-15220	-316	2748	-2070	13825
-9872	-14492	-996	4087	-4058	13199
-9840	-13132	-136	3394	-3131	13932
-10916	-13500	992	2788	-3019	12900
-11020	-12832	-896	3709	-3433	13142
-12232	-11868	700	2185	-2642	13759
-13388	-12640	1112	1300	-3221	12128
-13288	-11300	456	1687	-2741	11971
-13648	-10012	1172	107	-2263	11778
-14120	-10092	1460	-513	-2972	11636
-13488	-8616	1120	-139	-2895	11128
-14468	-8368	2144	-817	-2384	11789
-14732	-8204	1948	-824	-2996	11686
-14912	-7192	1728	214	-2693	11738
-15428	-6912	2312	34	-2530	11357
-15616	-6812	2228	654	-2157	11005
-15632	-6568	2584	1205	-2087	9974
-15112	-6616	2588	2190	-1468	8456
-15284	-6220	2564	3176	-406	6994
-15396	-5840	3208	3401	-112	5521
-15236	-5252	2660	1710	-423	4155
-14628	-5120	2948	86	-501	2963
-14820	-5408	2744	-1083	134	2271
-15060	-5652	2992	-2250	-722	1640
-13704	-6228	3672	-3061	-1175	920
-14116	-6676	2524	-1584	335	-184
-15264	-5468	3016	-1435	-34	-1392
-14564	-5388	2960	-2741	-718	-2655
-14732	-6052	2596	-1512	690	-3674
-15264	-4608	2324	-1258	1036	-4266
-14252	-4772	2552	-2774	-705	-4947
-14552	-6164	2700	-1973	1347	-4836
-15236	-5616	2504	-1782	1001	-5862
-15172	-6192	2388	-2872	1060	-7286
-14580	-6996	2060	-3097	1823	-8524
-15224	-7360	1176	-4621	2660	-9441
-15752	-8548	1344	-6031	3031	-10948
-15164	-9892	924	-5828	3719	-12541
-14528	-10220	188	-5621	4405	-13692
-14308	-10484	168	-6203	4952	-14656
-14028	-11864	368	-6643	5592	-15512
-13704	-12280	-1372	-6910	6727	-16107
-14036	-12556	-988	-7690	7339	-17043
-13624	-13904	-1608	-8302	7364	-18185
-12692	-14084	-2972	-7652	8132	-18348
-12136	-12968	-3040	-9582	8550	-18183
-10968	-14680	-3324	-10745	8662	-18435
-10232	-14740	-6108	-10311	10429	-18371
-10504	-14708	-6008	-12518	11345	-18235
-9144	-15972	-7420	-13476	10979	-18136
-6928	-15800	-8888	-12251	12702	-18375
-5712	-14376	-8580	-13342	14896	-17769
-4076	-14600	-6792	-12828	13760	-16769
-1004	-13716	-7464	-8840	13586	-16058
-1000	-11832	-11256	-8756	17072	-14932
-2716	-12824	-9640	-10880	16241	-13906
-8	-14068	-9980	-6872	13312	-13406
2468	-12160	-11216	-5930	15896	-13638
1896	-11544	-10060	-4454	17438	-12629
3524	-10976	-6776	-3047	14793	-11269
5952	-10908	-7500	-113	13926	-11875
6352	-8740	-7216	707	14079	-10469
6916	-8092	-4632	-1134	11368	-8477
8628	-8592	-5256	-13	9192	-8189
9088	-6996	-4272	671	8537	-6952
9416	-6404	-3344	1532	5254	-5755
9000	-5732	-940	2256	2374	-3909
9272	-5528	-1592	3529	-1323	-965
9464	-5556	-3552	3186	-3677	1827
9780	-5592	-6636	311	-5342	4251
10564	-6776	-7368	-4191	-5675	6186
9676	-10056	-6584	-4371	-5898	6625
9260	-9612	-7264	-2328	-7237	6761
8820	-9856	-7800	-3191	-7450	7442
8260	-12588	-5384	776	-8378	6931
6656	-11504	-9752	5816	-9630	6864
7060	-7368	-9948	913	-9286	9499
6196	-12888	-5212	1699	-9936	9346
4596	-12088	-11560	5905	-9576	9410
3844	-8536	-9116	1617	-9501	11255
3424	-15440	-6396	3475	-10786	10728
3064	-15316	-10132	10889	-10872	10038
1600	-11260	-9136	10436	-8718	11019
-548	-16048	-5500	10554	-10097	11751
-24	-17240	-8000	14242	-11093	11045
976	-13412	-8412	16520	-9001	11703
-1328	-13712	-6200	12993	-5176	13755
-2856	-15376	-5384	12782	-7356	14576
-2416	-13636	-5680	11942	-6562	15025
-4484	-15296	-4616	10152	-3682	16227
-6788	-16076	-4288	10310	-4179	16090
-7328	-15116	-4428	8420	-5333	15622
-7680	-16416	-2264	5940	-4857	15634
-8840	-17516	-1924	5093	-3327	14440
-8512	-15448	-1712	6266	-4218	12495
-8752	-14984	-1600	4383	-3189	13481
-9344	-15332	-232	4011	-3082	12711
-9780	-14020	-532	5515	-2458	11803
-10652	-13412	572	4834	-1663	12051
-11328	-13164	320	3576	-1694	11611
-11864	-12392	1432	2664	-2205	10782
-12072	-12264	712	3263	-1946	10047
-12296	-10640	1216	2322	-1622	10362
-13284	-10192	1780	158	-2263	10358
-13072	-9800	912	-538	-2406	10094
-13616	-9448	1196	-634	-1717	10502
-13828	-9096	1476	-1553	-1869	10456
-13768	-8820	676	-1792	-1033	10262
-14380	-8664	1020	-1137	300	9850
-15148	-7884	668	-553	833	8912
-15000	-6972	408	-666	722	8400
-14436	-6748	1656	-1416	304	7852
-14676	-7276	1604	-133	803	7728
-15040	-6724	1996	1215	83	7693
-14608	-6416	2560	1373	-613	6944
-14560	-6572	3172	1893	-21	6605
-15216	-6568	2840	3069	-20	5498
-15504	-5416	2764	2807	-526	4813
-15272	-5428	3304	1492	-844	3545
-14740	-5596	2560	924	-467	2559
-14712	-5360	2988	470	-65	1530
-14764	-5904	3436	338	114	886
-14708	-6124	2640	1248	-243	263
-14624	-5428	3300	1317	-371	-474
-15448	-5968	2408	1296	-255	-1467
-15436	-5164	1564	280	-1090	-2602
-14760	-5612	1788	-2265	-679	-4735
-15428	-7032	1172	-3491	428	-6559
-15312	-6976	1100	-4418	979	-8501
-15128	-7744	924	-6798	1480	-10472
-14984	-9808	684	-7423	2211	-12651
-15268	-10348	784	-7091	2857	-14164
-15004	-10968	588	-7191	3543	-16346
-14920	-12056	-632	-7088	4511	-18051
-15368	-13260	-76	-5971	4743	-19737
-15276	-14360	-684	-6330	4990	-21954
-14844	-14752	-2368	-6698	6159	-23078
-14492	-14444	-2616	-8406	7086	-23948
-13176	-14900	-3044	-10728	7694	-24359
-11268	-15428	-4700	-11548	9188	-24078
-10356	-15248	-4044	-12117	10481	-23649
-9212	-15632	-4472	-11825	11245	-23076
-7744	-15244	-6420	-11795	12270	-22437
-6324	-14832	-6252	-12190	12776	-21414
-5148	-14528	-8204	-12071	14015	-20786
-4240	-13468	-8184	-13218	15245	-19301
-3020	-13884	-8420	-13837	15206	-18223
-884	-13224	-8008	-11587	15150	-16763
888	-12264	-8112	-11355	16323	-15227
1908	-12676	-6684	-7847	15904	-13871
3548	-12040	-6340	-2817	14771	-13374
4884	-11700	-5060	1969	13676	-12686
5884	-10732	-6872	7092	11898	-12150
6008	-8720	-6912	6131	10966	-11123
7064	-8108	-6280	3281	9223	-9436
8476	-8664	-6452	1373	8441	-7882
9400	-7452	-5324	-1730	7585	-6531
9920	-8708	-4248	-4197	6560	-5831
10400	-8964	-3472	-3735	4950	-5081
11164	-9076	-3012	-3743	3068	-4197
11508	-9808	-2040	-1328	1806	-3845
10512	-8224	-3620	397	188	-2968
11016	-8108	-3972	310	-2225	-1955
12016	-7892	-5828	108	-2596	-1057
11980	-7840	-6568	-986	-2984	-48
12516	-7904	-6220	-2015	-3001	565
12136	-8612	-7260	-1716	-2863	998
12616	-8620	-7392	-1905	-2658	1288
12452	-9364	-6776	-1215	-2032	1801
11544	-9736	-6128	688	-2269	1879
11596	-8876	-6412	1673	-2550	2351
11160	-9392	-5244	2199	-2895	2779
10880	-8984	-5420	3797	-4168	3302
9892	-8420	-4660	2667	-4809	4253
9940	-9700	-4348	3394	-6563	5169
9364	-9832	-4580	5069	-6627	6008
8092	-10584	-4732	7663	-8491	6971
8096	-9748	-6892	8614	-9425	8154
7848	-10336	-5992	6892	-9076	9687
7504	-12012	-6060	7458	-9349	10491
6024	-12344	-9016	7327	-8110	11579
5488	-12220	-4548	5602	-8096	11918
4604	-14952	-5112	7058	-9023	11752
4140	-14160	-6160	9729	-8262	12337
3376	-13432	-4484	8988	-7638	12406
2312	-15240	-6628	11233	-8476	13024
1112	-14040	-6808	10118	-6077	15090
-404	-15872	-1676	8235	-5990	14752
-828	-17108	-5172	10930	-6403	15170
-2152	-15376	-5556	8759	-2555	16854
-4616	-17976	-548	5827	-3063	15084
-3996	-18928	-5584	9889	-4599	15142
-3732	-14732	-2324	8907	-980	15681
-6672	-17032	580	6073	-1031	14234
-5648	-16544	-2508	7546	-3266	14613
-6276	-14032	-340	6256	-1422	15324
-8420	-14676	568	4263	-1745	14555
-7860	-14400	148	3298	-2461	15055
-9156	-14668	920	1918	-959	15436
-10792	-15000	788	2616	-1378	14252
-11224	-13496	944	3911	-2245	14176
-11156	-12464	1536	2937	-1948	14668
-11756	-12360	1144	2666	-1541	14532
-12672	-11760	1888	2909	-787	14472
-12932	-10844	1832	2760	-912	14742
-13600	-10244	1488	1809	-611	15091
-14392	-11376	3032	1248	-549	12851
-14492	-10472	1888	3371	-119	12121
-14592	-8512	2240	3342	-327	11551
-14568	-7636	2400	1470	-1114	11241
-14376	-6928	1732	148	-1427	11421
-15028	-6124	2060	-1607	-1510	11790
-15748	-6484	2832	-3598	-1590	11147
-15444	-6524	2408	-4058	-1477	9810
-15472	-6588	3204	-3892	-503	7841
-15544	-6560	3076	-2679	-118	5495
-15636	-6336	3388	-1402	11	3846
-14508	-6432	3732	-309	-199	1581
-14388	-5772	3176	949	976	705
-14924	-5752	3280	1069	37	49
-14256	-5172	3028	901	-35	-188
-14540	-5280	3068	231	-99	-97
-14780	-5248	3404	-451	475	-116
-15528	-5208	2908	-670	-334	-552
-14656	-4976	3544	-1250	-1406	-1652
-14356	-5656	3212	-1811	228	-1889
-15344	-4836	2792	-783	-224	-2418
-15304	-4808	2884	-2769	-879	-2983
-14064	-5168	2628	-4367	-1040	-3950
-15184	-6700	2580	-4373	530	-4289
-15368	-6400	2552	-5269	-476	-6183
-14424	-7800	2036	-7333	377	-8478
-14584	-9348	1984	-7223	1880	-10306
-14796	-10288	1656	-7111	3288	-12681
-15208	-11572	1124	-7471	3657	-15048
-15288	-11900	368	-7737	4838	-17148
-15472	-12584	-496	-9852	5093	-18879
-15184	-14036	-880	-10919	6371	-20490
-14676	-14332	-2332	-12151	7627	-22139
-14324	-14728	-3336	-12934	8807	-22922
-13308	-15356	-4008	-14233	9936	-23732
-11740	-15728	-5012	-13929	11230	-23723
-10412	-15332	-5516	-13204	12977	-23327
-9800	-14876	-6608	-13735	14489	-22895
-8192	-15216	-7788	-13397	14735	-22353
-6276	-14008	-8032	-12480	15727	-21120
-5024	-13128	-9200	-13046	17654	-19376
-3960	-13340	-7320	-13271	17158	-17708
-2096	-13584	-7956	-10377	17090	-16688
-476	-11640	-7720	-8440	17268	-14824
544	-11036	-7644	-9159	17169	-12442
2744	-11388	-8252	-7362	15610	-11342
4108	-10516	-8992	-6066	16908	-10124
3052	-10484	-9792	-5107	17417	-10627
3212	-9356	-8144	-5142	14730	-10115
5940	-10428	-7772	-5564	13209	-9771
7788	-10664	-7384	-2226	12961	-9205
8356	-9972	-4332	-179	12424	-8297
9604	-9992	-2912	2947	9260	-7871
11116	-8680	-2592	5722	7363	-7295
11436	-6160	-2444	6174	5117	-5764
11128	-4932	-2720	4141	2339	-4231
11316	-5564	-4080	2478	696	-2230
10440	-4588	-4572	989	-931	-663
10804	-5904	-5552	-689	-3177	601
11180	-6148	-6004	-1383	-3749	1806
10896	-7224	-6364	-1631	-4759	2941
11596	-8148	-6736	-2043	-4796	4096
11344	-9188	-6844	-1278	-4929	4840
11000	-9836	-6236	849	-5370	5213
10780	-9876	-6184	1521	-6022	5736
10596	-10764	-5876	2699	-6704	5649
9840	-10848	-5940	5102	-7220	5294
8384	-10024	-7768	6000	-7988	5351
8560	-9116	-7928	3695	-9159	6927
8392	-10792	-8020	2502	-8406	7836
6968	-11144	-8104	2742	-8207	7981
6320	-10328	-8980	1318	-8825	8355
6524	-10828	-8840	-1102	-8544	9644
5936	-13672	-6900	795	-8258	9446
4556	-13400	-8580	4758	-8224	9060
4144	-11984	-8416	5181	-8880	9700
3996	-14564	-5852	7322	-9641	10081
2408	-14940	-10252	12711	-8106	10256
1164	-11528	-9048	11727	-7411	11563
236	-14288	-4024	9424	-9134	12439
268	-16388	-8488	13003	-8957	12403
-896	-11900	-8728	11272	-4957	14129
-3360	-13048	-4460	3976	-4849	14900
-3836	-17328	-5212	4710	-7615	15463
-3756	-15520	-6568	7377	-4875	14960
-5760	-13892	-3012	4708	-3596	14969
-6368	-16336	-3520	5757	-7071	15443
-6220	-14984	-4316	7378	-4408	16126
-8484	-15272	-80	6942	-3362	15589
-9116	-16732	-2756	10414	-5299	15015
-9480	-14208	-1948	11725	-3230	16495
-10924	-13600	196	9657	-2676	15274
-11088	-13476	-1616	9815	-3068	15354
-12036	-11424	-928	8550	-1032	17077
-13720	-11128	732	4685	-602	15467
-14240	-11600	648	2732	-2136	15293
-13652	-10384	884	1867	-2173	15402
-14388	-9428	1324	334	-1885	14663
-14968	-8740	536	-981	-3168	15068
-15012	-8520	1444	-2857	-3395	14956
-15768	-8852	2016	-2815	-3041	14132
-16540	-8368	1772	-2064	-2687	13012
-16848	-7760	2160	-1952	-3403	11934
-15760	-7120	1384	-1308	-4440	10032
-14960	-6492	2324	-1781	-3578	8586
-14824	-7440	2828	-544	-2292	7342
-14648	-6832	1924	992	-1089	6598
-15008	-6096	2256	1013	-1201	5478
-14732	-6244	2636	592	-1632	4163
-14072	-5996	2376	676	-931	2984
-14660	-5704	2040	571	100	2002
-15000	-4932	1992	-215	-324	1033
-14412	-5316	2492	-1271	-4	-174
-14636	-6188	2768	-858	382	-919
-14192	-5872	3048	270	688	-2047
-15168	-5736	3188	729	1058	-2932
-15136	-5608	3236	608	201	-3613
-14292	-5364	3052	-665	-46	-4563
-15088	-5800	2904	-925	641	-5361
-15232	-5556	2888	-2524	239	-7154
-15452	-6536	2476	-5268	647	-9160
-15584	-8072	2028	-5963	1286	-10773
-15716	-7708	808	-7310	2999	-12840
-16384	-8684	716	-9408	3264	-14390
-14896	-10244	200	-10185	3598	-15956
-14212	-10540	-724	-9639	5597	-16408
-15016	-10872	-980	-10476	6385	-17248
-14440	-12256	-1376	-10623	7004	-18026
-13728	-13180	-2520	-9872	8312	-18632
-13744	-13424	-2268	-9428	8886	-19034
-12724	-14004	-3300	-9120	9375	-19272
-11616	-14108	-4560	-9189	10595	-19006
-11324	-14428	-4636	-9612	11208	-18684
-10392	-14860	-5104	-9858	11462	-18433
-9004	-14816	-5868	-10385	12079	-18188
-7912	-14016	-7284	-11001	12789	-17430
-6776	-14248	-6300	-12659	12585	-16630
-4768	-14496	-6596	-10994	12354	-15708
-3324	-13500	-6440	-9399	13065	-14729
-2852	-13280	-8268	-8421	13428	-13423
-1944	-11628	-9196	-7887	12881	-12431
-464	-12576	-10232	-8851	13045	-11886
344	-13276	-12088	-7331	13435	-11101
1500	-11084	-11444	-7414	14089	-10825
2440	-11684	-9820	-8231	14908	-10252
3488	-12104	-9320	-6292	14359	-10261
5112	-11100	-9304	-3262	13935	-10338
5268	-10752	-7884	-1500	14438	-9572
6440	-10408	-7296	230	12407	-9298
8168	-9776	-6264	2622	12008	-9065
8624	-8624	-5796	4755	10779	-8206
9452	-6664	-3728	5142	8452	-6461
9660	-6176	-3060	4706	6223	-4904
10012	-5060	-2236	3943	3703	-2383
9280	-5180	-3996	1973	1016	-401
10064	-5312	-4620	-535	-957	1492
9972	-7376	-6532	-3284	-2724	2623
10908	-9092	-7268	-4810	-3617	3262
10400	-10128	-6180	-5110	-3920	3629
10116	-10956	-6044	-2900	-4961	3848
9488	-11240	-7972	-483	-5175	4033
9704	-11140	-6996	349	-5928	4292
9716	-12184	-6508	2880	-6264	4027
8676	-11016	-7440	5337	-6937	4007
8244	-9524	-8200	5034	-7781	4075
7732	-9816	-8756	3224	-7891	5064
7152	-11368	-6684	2514	-8386	5763
6608	-11096	-7980	5128	-9255	5940
5620	-9460	-8812	3334	-8794	7513
5468	-12064	-7212	2550	-10081	8227
4920	-12692	-7860	4410	-9733	8501
3204	-12052	-9764	5317	-9343	8991
2496	-13188	-7032	5752	-10671	9589
2540	-13760	-7536	7007	-10764	9764
1528	-13588	-9144	8393	-9569	10544
328	-13412	-6920	7749	-8909	11564
-548	-13712	-8028	5816	-8788	12740
-1136	-14588	-7616	4663	-8150	13465
-2468	-15524	-6172	5330	-7257	13318
-4004	-14812	-6492	2895	-6520	13648
-4308	-15656	-6816	2642	-7962	13093
-4352	-16460	-6412	5529	-6612	12440
-5676	-15204	-5408	6423	-5854	11945
-6720	-15376	-5728	6343	-6390	11975
-6664	-14804	-4832	6575	-5651	12029
-7864	-15004	-4300	6106	-4023	12042
-9240	-14448	-4228	5642	-3332	12422
-9604	-14356	-2356	4645	-4810	12161
-9428	-15480	-1936	6759	-5076	11629
-8988	-13052	-2268	9708	-4736	11296
-10644	-11664	-964	8224	-3912	12709
-11588	-13396	188	7504	-4907	12174
-11340	-12232	-672	8767	-4095	12196
-12652	-11184	-196	7435	-2860	12848
-13644	-11864	736	6408	-3119	12069
-13040	-10336	120	6456	-3080	11786
-13316	-9244	804	4735	-2199	12313
-14032	-8872	1804	3649	-2174	12250
-14248	-7764	1308	3507	-1669	12599
-14864	-7188	2120	1506	-1716	13201
-15164	-7172	2736	1593	-1797	12822
-15808	-6752	2220	2046	-1509	12480
-16332	-6164	2812	1326	-2477	11916
-15588	-6672	3104	1644	-2484	10611
-15596	-6728	3256	2750	-1284	9730
-15492	-6516	3332	3093	-942	8300
-15036	-6752	3240	4113	-341	6963
-14336	-6292	3296	5771	492	4455
-15528	-5896	2924	6111	1163	2933
-15376	-4904	2792	5082	-510	1208
-13788	-4376	2624	3584	382	-445
-14812	-4228	2648	1721	1454	-901
-14248	-3724	2532	-651	479	-1607
-14500	-5004	2896	-1680	746	-1714
-14196	-4048	2728	-1963	443	-2429
-14908	-4716	3248	-3002	742	-2837
-14872	-4920	3136	-2167	154	-3536
-14268	-4564	3116	-2328	407	-4498
-15416	-4848	3008	-2075	1364	-4659
-15628	-4452	3216	-2667	179	-5756
-15428	-4684	3636	-4985	-179	-6438
-15860	-5972	3316	-6160	367	-7490
-16148	-6652	3800	-7067	129	-9169
-15524	-8304	3568	-8900	562	-11954
-16180	-9972	1612	-7613	2386	-14602
-16240	-9672	1632	-8040	2082	-15964
-14840	-10548	348	-10772	2223	-16873
-13860	-11956	-308	-11555	3971	-17896
-14304	-13048	-1404	-11941	5658	-19285
-14084	-13224	-2264	-12705	5522	-19849
-12312	-13864	-3008	-13254	5815	-20479
-11324	-14896	-4444	-13258	8383	-20746
-12024	-16112	-3496	-12633	9638	-21327
-10668	-16240	-5564	-11033	10078	-21586
-9516	-15836	-5396	-10158	11941	-21667
-8616	-16184	-5488	-9320	12430	-21608
-7604	-15240	-8452	-9148	14169	-20784
-7124	-15136	-7628	-11311	15459	-20238
-5076	-15352	-8240	-10952	14641	-20007
-2284	-14188	-8112	-9994	15718	-18712
-1220	-13264	-8272	-9856	17604	-18142
-900	-12108	-7784	-10027	17207	-17062
640	-12392	-7620	-8547	15752	-15597
2896	-11468	-7152	-5769	15171	-14995
3544	-10320	-6956	-4266	14814	-13593
4128	-9188	-6948	-3893	13128	-11803
6228	-9436	-5392	-3302	11225	-10039
7208	-9844	-4992	-1874	10695	-9613
7496	-8808	-4044	-402	8410	-8558
8968	-7504	-3792	-52	5884	-7180
9704	-7700	-3324	257	4412	-5627
10036	-6800	-4076	942	2297	-3858
9660	-6288	-3988	368	438	-1906
10744	-6416	-5796	129	-1428	-323
10428	-6496	-6860	-1837	-1846	1512
10416	-7660	-7236	-3743	-3029	2815
11396	-8836	-7924	-3719	-3372	3643
10704	-10092	-7256	-3209	-3047	3820
10888	-10576	-6700	-1070	-3728	3600
10376	-10844	-6648	903	-4109	3511
10140	-11248	-5920	4450	-4949	3276
9092	-9356	-8124	5759	-5379	3971
8632	-10052	-6036	4196	-6344	5245
8612	-10748	-8412	6266	-7530	5417
7684	-10088	-8444	5616	-6368	6669
6352	-10888	-8344	5544	-8042	7196
6980	-11124	-7948	4910	-8354	7639
6372	-11988	-7232	5032	-7605	8153
4844	-12044	-9208	5264	-6906	8996
5200	-12036	-6548	4688	-7957	9836
4440	-13004	-8056	4338	-6410	10459
2496	-12944	-7404	4465	-6535	10870
1996	-12588	-3608	3569	-9129	11316
960	-14328	-7388	7014	-10500	11018
-412	-12584	-6884	8073	-9584	12453
-1804	-13480	-3580	5815	-11240	13478
-1948	-16956	-3784	10054	-12376	14582
-2372	-14664	-8876	11878	-8092	15801
-5712	-14800	-4600	6199	-5397	17702
-7312	-19784	-4268	8823	-8943	16256
-5388	-15816	-7072	11377	-6870	16592
-7308	-14416	-3128	4454	-2359	16387
-9104	-17844	-2256	5662	-6618	15236
-6868	-14104	-5376	7918	-5039	16147
-9408	-13144	-1032	5173	-3215	16147
-10484	-15900	184	6832	-6851	14524
-8456	-13992	-3824	10222	-5137	15484
-11808	-12436	8	9125	-2252	16708
-13812	-13988	664	8998	-3713	14389
-12204	-12232	-64	9416	-2890	14576
-12916	-10424	1604	8697	-1249	15439
-13516	-9668	2084	6817	-1813	14884
-13832	-8444	2224	4454	-1314	15918
-14820	-7900	3008	2733	-1315	16346
-15896	-7212	3168	478	-1420	16562
-16792	-7364	3288	-628	-2414	15846
-16420	-7656	4312	-522	-2903	14309
-16148	-7520	3564	925	-2048	12274
-16688	-7060	4020	2616	-1674	10049
-16016	-7188	4448	3934	-2162	6795
-14664	-6000	3880	5751	-1077	4266
-14888	-5528	3864	5712	375	2477
-14752	-4740	2800	4923	-470	1401
-13960	-4048	2568	2669	-352	805
-14668	-3760	2200	150	60	862
-14220	-3940	2604	-2375	-580	136
-13944	-4800	2692	-3349	632	-116
-14872	-4860	3092	-3062	1142	-815
-14888	-4112	3344	-2692	173	-1486
-14388	-4312	3652	-2961	1065	-2104
-15312	-5496	3832	-1276	1469	-2769
-14752	-4276	3832	766	1685	-4089
-15528	-4660	3844	-272	1738	-4511
-15404	-5120	3788	1381	694	-5703
-13716	-3836	3404	636	986	-6399
-15672	-5072	3636	-1539	1612	-5874
-15020	-5600	3992	-2758	-300	-7233
-14496	-6588	3124	-4550	1270	-8365
-16428	-8536	3780	-4715	1033	-9611
-15960	-9168	3884	-5490	18	-12849
-15524	-11340	2968	-5500	798	-16028
-15864	-12316	3264	-4067	1190	-17541
-15180	-11572	2772	-4450	796	-19086
-14392	-11828	1384	-7140	1300	-19858
-13984	-13196	1496	-8181	1760	-20663
-13148	-14000	1484	-8925	2602	-21224
-12268	-14624	-192	-8993	3694	-21799
-11692	-14636	-932	-10333	5217	-21728
-10832	-15348	-2084	-12001	6050	-22003
-9532	-15508	-3220	-13201	7476	-22105
-8544	-16072	-3552	-14380	8541	-22212
-6808	-15140	-5456	-15287	9812	-21289
-5616	-15000	-5292	-18052	11466	-20298
-4124	-15140	-5852	-17921	11967	-19004
-2012	-14720	-5244	-16595	12564	-17740
0	-14120	-5516	-14392	12621	-16162
608	-14216	-7636	-12387	13692	-14617
1052	-12920	-8124	-10313	14407	-13212
1508	-11856	-7868	-10249	15274	-12796
2192	-12048	-7444	-9631	14918	-12028
3236	-10708	-9584	-9465	14400	-11689
3820	-10176	-8248	-10049	14647	-10152
4252	-10680	-8724	-9620	13393	-8891
6008	-11096	-7256	-8233	11714	-7578
7256	-11528	-6836	-5325	11587	-7097
7960	-10636	-5152	-2146	10040	-6292
8900	-10164	-4456	1011	7870	-5817
9860	-8628	-4372	2384	6026	-5052
10576	-8060	-3392	3965	4098	-4011
11048	-7076	-2956	4520	1792	-3436
11340	-5872	-4936	3806	213	-2906
10392	-5208	-4204	2534	-2002	-1576
10624	-5188	-5892	-508	-3119	105
10380	-6972	-6364	-2934	-4611	1914
11000	-8716	-6288	-2648	-4976	2944
10048	-9568	-6120	-588	-5873	3831
10044	-9088	-6420	1587	-6682	4726
8964	-10860	-5304	4634	-7458	5094
9088	-9972	-6880	6580	-9072	5530
8640	-10332	-7944	6186	-9210	6040
8616	-11104	-6952	7646	-10062	6100
7296	-9804	-9188	7264	-9393	7294
6628	-10368	-6956	5386	-10648	8195
6440	-12140	-7260	7058	-11587	8582
3904	-12520	-10268	7918	-10015	9554
3172	-12152	-5636	6827	-11409	10195
3480	-13908	-8256	6970	-12248	9807
2680	-13860	-10244	5963	-9507	11736
2356	-13752	-5820	4208	-9698	11788
1364	-16460	-9836	6205	-9124	11602
-148	-14372	-8868	7658	-7315	12847
-848	-15332	-4488	5064	-8305	12154
-720	-18372	-6948	9520	-8847	11199
-1456	-14176	-7944	11248	-5619	11748
-3444	-14308	-3812	7112	-5330	11886
-3824	-17096	-5728	9386	-7394	11854
-3872	-14448	-5392	10332	-5044	12492
-5444	-14388	-2468	6436	-4017	12392
-6512	-16956	-2448	6458	-4586	13099
-6436	-15784	-2952	9533	-4227	12828
-7180	-12896	-3016	7637	-2517	12827
-9204	-15216	-20	3795	-2479	13987
-9476	-16696	-604	6310	-3800	12606
-8588	-13516	-9784	-13108	608	7124
-2776	12483	-10788	-13784	1000	9385
-3607	12778	-10616	-10956	1224	9569
-2410	13276	-12184	-10544	1512	7288
-1506	13725	-13164	-10020	1912	5764
-1616	14718	-13332	-9568	2616	4713
-1863	15034	-14548	-9488	2324	4545
-1329	15527	-15328	-8212	2700	3519
-1561	15338	-15440	-7596	3440	2082
-1796	14664	-16004	-7624	2996	1074
-1262	14950	-15708	-6932	3632	703
-1742	14393	-15840	-7156	3984	119
-1323	13590	-16312	-7200	4140	327
-1739	12399	-15556	-6684	3848	932
-1852	10486	-15344	-6052	3644	985
-1374	8809	-15068	-5808	3340	1486
-311	6949	-15320	-5148	2792	1407
109	5526	-14720	-4496	3056	418
-441	4060	-14212	-4456	2220	-321
373	3357	-14280	-4340	2660	-829
700	2897	-14000	-4324	3096	-1651
1002	2298	-14516	-5408	3272	-1780
1533	1532	-15056	-5176	3644	-185
1090	345	-14888	-4712	4036	-185
1273	-1270	-15000	-5020	4616	270
1665	-2827	-14800	-4732	4328	562
1453	-3911	-15320	-4452	3860	-176
1488	-5009	-15200	-4376	4328	-686
680	-5827	-14776	-4580	3252	-2803
764	-6245	-15328	-5716	3848	-4267
592	-7720	-15328	-6468	3052	-5092
1003	-9329	-15952	-7144	3132	-6402
1390	-10862	-15620	-8460	2624	-7129
2200	-12670	-14956	-8864	1684	-6289
4099	-14175	-16532	-9504	1648	-6427
5169	-15442	-16340	-10100	660	-7099
4264	-17070	-15176	-11576	140	-7657
5142	-19016	-15112	-12340	-244	-6198
6325	-19622	-15292	-12104	-1640	-7255
7236	-20438	-15100	-12568	-1196	-10236
6630	-21299	-13048	-14296	-2472	-10717
7019	-21961	-11928	-14348	-3476	-11318
9466	-21691	-11640	-14788	-3340	-12991
9882	-21739	-9708	-15380	-4916	-13424
10150	-21425	-7884	-14832	-7092	-14343
12687	-20336	-7536	-15520	-6032	-16349
13984	-19679	-5952	-15944	-7760	-14254
14331	-19069	-4464	-13780	-8884	-14073
16149	-18380	-3432	-14192	-7400	-15202
16891	-17591	-1568	-14376	-8808	-12091
16368	-16840	-152	-12520	-8692	-10850
18592	-15830	-108	-11728	-7932	-9674
18051	-14951	1772	-10344	-9756	-9468
15359	-13367	4048	-9704	5220	-8856
-9040	-11066	16038	-10393	5872	-10168
-6140	-10197	15642	-9365	6296	-10416
-5848	-5058	13120	-9535	7344	-8976
-3776	-1230	10743	-8471	8004	-8700
-3788	2423	7791	-7520	8684	-6744
-5064	5038	4709	-5876	9368	-6048
-4740	5199	2558	-4014	9196	-4940
-4656	3774	267	-2192	9784	-5072
-6600	2281	-1965	-529	10592	-5928
-7432	-3	-2189	270	11500	-6024
-8276	-919	-2933	963	11300	-7392
-8820	-2294	-2651	1587	11308	-8284
-8560	-2815	-2363	2082	11380	-9576
-8232	-1807	-2992	2682	11356	-9196
-8124	-993	-2773	3190	10032	-10228
-7844	976	-3377	3105	9192	-9408
-8264	2820	-4268	3179	9776	-9300
-6724	2652	-4997	3500	8628	-9988
-7756	5140	-6211	3809	7976	-8528
-8952	5555	-7163	4222	9188	-8568
-5716	5139	-8131	4864	7152	-10556
-7684	6654	-7556	5544	6056	-9748
-8032	8368	-9284	6143	6784	-9596
-7828	8184	-10089	7307	4524	-11328
-10668	8174	-8685	8940	3820	-10256
-9576	7595	-10513	10286	5604	-11888
-6764	4957	-10491	10746	2724	-15344
-11596	6775	-6911	11475	1344	-12960
-7156	7637	-8796	11580	2592	-13024
-5280	6454	-11231	11175	1120	-14408
-8976	9181	-8406	11588	-1720	-11708
-6280	7451	-8517	13087	-2764	-14616
-4736	5197	-12313	13508	-2196	-15728
-5808	9358	-11252	13933	-4624	-14064
-6520	8183	-6344	15624	-6232	-16480
-2532	6858	-9305	15671	-5348	-18416
-4932	12356	-9793	15116	-7020	-15840
-4660	13609	-4296	16238	-8764	-15016
-1296	12559	-6642	15093	-7372	-15620
-4620	13570	-5633	15462	-9212	-13812
-2280	13408	-2224	16901	-10936	-13172
-964	9618	-2011	16019	-10676	-13968
-316	8936	-3288	15766	-11276	-13104
-932	7547	-1080	16854	-12376	-11656
1368	5955	-2364	15337	-11752	-11684
1456	4897	-3217	15424	-10936	-9728
1048	5228	-14188	-8920	1600	1618
-45	18410	-16168	-9088	1684	-90
-2769	18493	-16300	-8560	2504	-1018
-3280	17659	-17368	-8412	2912	-282
-2934	16779	-17840	-7848	3576	87
-2810	14943	-17052	-7148	3256	1083
-2750	12217	-16348	-6956	3664	1798
-1955	9531	-15540	-7088	3748	3504
-1083	6809	-15768	-6836	-14864	-4780
3796	6879	-957	2952	-14516	-4560
3272	5197	-416	1762	-14768	-4160
2380	4614	-341	2221	-14580	-3080
2632	2677	-1079	2669	-14000	-2680
1852	-446	-318	2859	1824	-3099
-390	3628	-14536	-3360	1900	-4798
-272	3498	-14704	-4036	2556	-5643
350	2989	-14608	-4876	2864	-3954
486	1980	-14388	-4812	3504	-2312
1018	802	-15116	-4832	3600	132
1687	-425	-15532	-4324	3772	1729
906	-775	-14124	-3640	3740	2346
978	-2407	-15260	-4188	4216	2723
2019	-2619	-15352	-3368	3920	2956
1078	-3595	-14928	-3612	4548	966
688	-4558	-15308	-3792	3724	-343
457	-4636	-15372	-3676	3868	-3762
-116	-5520	-15604	-5332	3972	-6916
-226	-5933	-15504	-6132	2448	-8955
-341	-7588	-15556	-6444	1576	-11874
694	-9855	-15856	-8176	984	-15795
1639	-12412	-15008	-10304	168	-16699
2880	-14917	-14944	-11104	-672	-16122
5750	-16570	-15596	-12592	-408	-15332
6970	-18015	-14780	-12492	-1316	-13815
7095	-18897	-14444	-12524	-2312	-12368
8980	-19662	-14668	-13372	-2652	-11973
9862	-20164	-14432	-13572	-3828	-11278
11035	-20826	-13340	-12940	-4584	-11319
11843	-20484	-12292	-13056	-5888	-11645
12714	-19715	-11444	-13084	-5100	-11861
12881	-18857	-9544	-13600	-6844	-10420
12911	-17711	-8816	-13420	-7388	-10215
-7708	-12668	-7844	-9943	14127	-15440
-5696	-12624	-8796	-10898	13461	-14151
-3968	-12580	-7668	-10895	14388	-12578
-3464	-12592	-8692	-9769	15164	-12252
-2920	-11712	-9400	-9552	14492	-11304
-1136	-11492	-9016	-9490	13292	-10025
-184	-12016	-11236	-7177	13470	-9810
672	-9584	-10592	-7431	13698	-8289
1432	-10596	-10068	-7942	12948	-7536
3056	-10664	-10672	-5652	11892	-6601
3940	-9732	-11556	-4144	12315	-6515
4636	-9944	-10840	-4533	11715	-6255
5964	-10936	-10140	-2144	10919	-6370
6872	-10176	-10088	476	10782	-6760
7452	-9192	-9012	1149	10674	-6427
7828	-9484	-8096	1724	8869	-6114
9216	-7888	-6720	2004	7863	-5275
8372	-7748	-4944	1491	6503	-4784
8648	-7208	-5360	1832	3578	-4000
9324	-6584	-5872	924	1447	-2683
9344	-6660	-7184	-275	-4	-1228
9424	-7184	-8592	-1105	-1497	-54
10012	-6756	-8620	-2580	-1895	578
10228	-8524	-1921	-2635	1107	10400
-8576	-9276	-871	-2644	1370	9788
-9280	-8548	-110	-2637	1789	10012
-9232	-8652	1321	-3504	2287	10028
-9208	-8644	1511	-3635	2939	9384
-10020	-8468	2796	-4118	2971	8244
-9652	-8092	4555	-5145	3140	7812
-9268	-8580	4738	-6260	3816	7808
-9172	-8956	4258	-6945	4409	7024
-10248	-9560	3998	-7045	4663	6760
-10940	-9296	6460	-11184	-10568	6170
-7704	5180	6216	-11332	-11140	6295
5764	-13828	-8004	7191	-6654	5216
5084	-13300	-10256	9053	-6360	4559
4528	-11852	-9256	8895	-5429	5459
3420	-12332	-8092	7006	-5010	6275
3496	-14032	-6572	7234	-6391	6453
-9264	7920	-5182	7441	1676	-12928
-7488	3898	-4443	8301	1052	-15920
-6432	4929	-6558	8147	1084	-14572
-9020	7154	-5518	8507	-252	-13700
-7348	4377	-4274	9115	-936	-15564
-5320	3432	-5972	9515	-264	-16092
-6232	6118	-5968	9018	-1372	-14232
-6072	6111	-3469	9446	-2740	-14648
-5452	3198	-4582	9806	-2872	-16308
-6360	4178	-5257	10229	-3180	-15812
-5084	5257	-3369	9780	-4000	-14984
-4872	4714	-3534	9749	-5056	-16268
-3996	5213	-3114	10102	-5296	-16140
-3964	6046	-3408	8677	-5956	-15796
-3516	5425	-2801	8949	-5576	-14908
-3024	5268	-3340	8355	-5820	-14140
-2712	5301	-1956	9008	-7392	-14424
-1360	5730	-2371	9019	-7636	-14116
-1240	6361	-3441	9330	-7896	-13476
-888	7068	-3230	9743	-8736	-13092
-1124	7842	-2465	10599	-10504	-12912
-164	6909	-1751	11264	-10536	-12568
-708	6786	-2894	11241	-10736	-12100
-844	8051	-1982	12564	-11868	-10528
704	7282	-817	12632	-12284	-11172
716	4924	-1171	12262	-11988	-10292
824	5024	-821	13897	-13040	-9152
1168	3369	-252	14479	-14280	-9868
1960	1195	-840	13823	-14000	-9732
2016	986	-802	13972	-14288	-9096
2428	-195	-368	13833	-14484	-8776
2032	-522	-702	13575	-14572	-8060
2184	-1	-117	13435	-15288	-7180
1768	228	-269	12998	-15528	-6796
3304	340	-481	12124	-16184	-6752
2140	1205	-543	10550	-16364	-5240
2200	996	-1048	10127	-16116	-5600
3248	-671	-1469	8293	-15064	-5924
2580	-360	-989	7260	-14836	-5560
3164	-384	-815	6087	-14908	-5716
2672	-136	-534	4836	-15336	-4644
3468	-1154	-889	4210	-14848	-5008
2712	-2935	-1258	2429	-14832	-5232
2776	-3479	-364	1333	-14968	-4552
2568	-3974	-110	-204	-14960	-5284
3324	-5154	-24	-1649	-15172	-5664
3016	-4523	376	-2883	-15400	-5436
3040	-3759	564	-4332	-15316	-5628
3436	-3982	-166	-5490	-15256	-6340
2224	-4082	464	-6939	-15116	-5948
1724	-3933	888	-8337	-15540	-6276
1756	-5393	1296	-9662	-15592	-7292
1648	-6483	1660	-11021	-15428	-8400
528	-6774	2651	-12700	-15908	-8388
92	-7341	3942	-14210	-16192	-9748
-24	-8703	4225	-15775	-14964	-10496
-736	-8458	4823	-16649	-14584	-10652
-216	-8068	5788	-17220	-13964	-10800
-884	-7217	5128	-16960	-12896	-10588
-1768	-7538	6132	-16668	-13720	-11744
-1900	-8047	7032	-17034	-13772	-13032
-2932	-8016	7738	-17310	-13172	-12972
-3448	-8563	8323	-17055	-11976	-13468
-4328	-9254	9151	-17219	-10936	-14520
-4736	-9315	9936	-17041	-9472	-14616
-5780	-8950	10757	-16794	-8044	-13724
-6032	-8262	11186	-16514	-6820	-13408
-5952	-9292	11260	-15755	-5600	-13820
-7552	-9139	11200	-14784	-4540	-12956
-7596	-9834	11929	-13638	-3284	-12912
-7968	-9757	11649	-12936	-2672	-14044
-9120	-9886	13416	-12044	-2288	-13668
-10120	-8549	13301	-11825	-1048	-12676
-7648	-7460	12324	-10843	220	-12608
-9148	-6583	11752	-10232	1632	-11972
-7332	-5508	11416	-9538	2568	-12632
-7912	-3288	10679	-9308	3296	-11528
-8568	-1215	9818	-8587	4072	-10300
-8232	-873	8667	-7794	4696	-10268
-8536	-2309	7893	-6922	5676	-10272
-9976	-3328	7005	-5746	6188	-9884
-11140	-4560	8069	-5179	6544	-9860
-9648	-7293	8229	-4308	7296	-11152
-9568	-5794	6784	-4753	7924	-11644
-8900	-3010	7327	-5186	7904	-10568
-8312	-445	6109	-5179	8320	-10248
-7788	1070	4890	-5251	9236	-9152
-7104	1171	4281	-4428	9492	-8868
-5512	1573	3338	-3364	9244	-8120
-5244	1757	1443	-2368	9280	-7712
-5040	2009	-648	-1343	9048	-7188
-6864	1553	-2384	-134	10056	-7384
-7008	614	-3438	1075	9552	-7652
-8628	-250	-3818	2039	9508	-8492
-9196	-2305	-4545	3052	9520	-10380
-8088	-1100	-4188	3502	8392	-10764
-8500	1553	-4616	3807	8208	-9948
-8764	2328	-5231	4207	7992	-11432
-8032	3599	-5854	3860	7372	-11692
-8624	6100	-6031	3942	7024	-9808
-9064	5676	-6048	4925	6444	-11484
-8176	4608	-6251	5451	5736	-12212
-10528	6524	-6688	5282	5444	-10496
-9992	4201	-6132	6661	5296	-12264
-7668	2333	-6900	7194	4168	-13444
-10908	4257	-6316	6678	3992	-11904
-8732	3465	-6486	7059	3828	-14264
-7600	4109	-7524	6880	3200	-13988
-10116	6473	-6228	7041	2852	-12824
-7636	5623	-5907	7149	2132	-14556
-7468	6649	-6186	7523	1400	-13344
-9632	8150	-5721	8244	996	-12068
-6888	5171	-5674	9501	-284	-14452
-5676	3069	-5476	9864	-856	-14156
-7564	3181	-6371	10080	-1236	-13072
-4868	2474	-5892	11177	-2772	-16536
-5192	4570	-6268	10620	-4140	-15504
-6732	7836	-6317	11397	-4752	-14676
-4128	5263	-6086	11503	-4772	-16904
-6332	8099	-6868	11122	-5456	-13544
-4920	7393	-4002	12551	-7088	-16444
-2556	6282	-5045	11139	-6620	-15612
-5368	9972	-5143	11219	-7324	-13076
-2884	5868	-3376	11833	-7944	-16636
-2104	5454	-4842	10625	-7456	-14504
-3348	8045	-2968	11273	-8736	-12316
-1972	5255	-2396	11296	-10000	-15120
-448	4377	-4183	10688	-8744	-14036
-1796	7117	-3372	10722	-10036	-12224
-876	5654	-1135	11543	-12120	-14044
332	5246	-2862	10206	-11060	-13252
-768	7425	-2451	9205	-11804	-12236
876	6913	-1441	9353	-11812	-11672
832	7296	-1770	8788	-11956	-10932
1068	6248	-552	8967	-12908	-10412
1236	5818	-109	8706	-12972	-9668
1760	5116	-367	8915	-12440	-9064
1492	3811	157	9131	-13412	-8608
1988	2643	760	9523	-14092	-8420
2208	689	602	9473	-14200	-8184
2856	-678	-13	9330	-14480	-8636
3508	-239	-399	8564	-14512	-8576
3932	2134	-104	8305	-14560	-7496
3544	4705	-200	8047	-15096	-6896
4112	4930	-506	8157	-15140	-6524
3764	6244	-946	7459	-15716	-5736
4300	6917	76	6965	-16160	-5292
3988	6906	-744	5319	-15212	-4072
3500	6298	-856	3882	-14856	-3632
3948	4306	-434	2836	-15148	-3124
3708	2680	-38	2821	-14980	-2376
3260	180	-801	2956	-14412	-2740
3640	-2083	-974	3016	-14720	-3228
3528	-3222	-308	3408	-15048	-2984
3352	-2704	-237	2856	-15112	-3040
3960	-3151	-658	2792	-14540	-3564
3400	-2060	-596	1971	-14584	-3260
3600	-813	197	1876	-15096	-3668
3848	202	-119	1650	-14832	-3036
3116	1883	89	1073	-15032	-2560
3188	2000	441	675	-14756	-2532
2848	1697	428	346	-14868	-1976
3244	1452	1045	59	-15312	-2088
2696	550	1038	61	-15208	-1896
3008	35	694	32	-14952	-1736
3168	-534	822	30	-14612	-1896
3244	-1039	563	-136	-14812	-2220
2764	-993	1346	112	-15896	-2176
2808	-748	1176	231	-16432	-1996
3164	-936	518	582	-15560	-2388
3364	-1567	-681	624	-13516	-2632
2824	-686	-500	8	-14096	-2240
2580	1183	1803	-126	-16064	-1380
1944	819	568	590	-16188	-1048
2452	-917	-615	1352	-16948	-2148
2244	-2143	-776	2508	-16128	-1932
2596	-2199	-974	2726	-15016	-2036
2704	-2501	-361	1985	-15260	-2540
2824	-1773	115	1574	-14768	-2256
2600	-850	-273	1106	-14516	-2184
2764	-1097	-495	1391	-14592	-2408
2268	-738	-96	1637	-16440	-2304
2456	-59	430	2235	-17316	-1648
2512	-671	-318	2172	-15592	-1592
3064	-2036	-1409	717	-13864	-2572
3048	-1922	-37	-598	-14404	-2712
3280	70	1267	-1195	-14592	-1640
3296	476	616	-1509	-14912	-1524
2912	-479	21	-880	-15024	-1620
3068	-898	-183	-319	-15600	-1588
2660	-1011	78	243	-16116	-1288
3136	-1459	-40	246	-14816	-1324
3236	-2070	-589	-711	-15108	-2044
3372	-1504	718	-935	-15804	-1724
3520	-145	488	-1119	-15532	-928
3456	-203	63	-1015	-15508	-1196
3532	-794	-172	-831	-14596	-1116
3312	-461	146	-768	-15828	-940
3396	92	662	-419	-15392	-444
3448	-739	-433	-419	-14556	-836
3160	-1464	-61	-235	-15420	-1260
3080	-820	654	293	-15664	-684
3468	-1320	-128	422	-14920	-1596
3532	-2060	-308	547	-15016	-2260
3628	-1004	381	670	-15528	-1608
3448	-237	468	755	-15252	-1276
3800	-1333	-912	232	-15152	-1416
3760	-4521	-1523	2277	-19968	-8488
6268	7214	-6244	-2271	-12240	1768
3404	3511	-11149	-773	-12796	652
3892	-4466	2971	2710	-15352	-3508
3508	-5590	4029	4749	-15400	-1440
4124	-5713	-2139	1254	-18800	-4620
4392	-3627	-6909	-1420	-18800	-4620
