0	0	0	0	0	0
-15072	976	1880	102	-1565	-2621
-16500	500	1188	1060	-838	-2027
-16024	-588	940	1416	-394	-1181
-15016	544	1180	530	-179	-2034
-15228	1424	2520	-1409	59	-2805
-13480	1520	1496	-2016	1932	1906
-6960	-3172	-2420	2344	24267	-254
-26888	3576	728	750	10819	3101
-18172	1188	-72	-4297	-9709	-107
-10392	-476	-1728	-3760	-1115	54
-16760	-864	-156	-1017	5484	-1396
-20076	256	292	-1398	75	-2420
-17116	224	-988	-3492	-607	-3427
-17632	-1608	-768	-1969	2182	-5274
-18544	-696	-60	-496	2551	-6745
-18908	-1472	-180	-162	1855	-7522
-18272	-3144	-336	1766	1214	-8203
-17784	-2732	-4	3217	2615	-9080
-19308	-2296	-1548	1874	3608	-8705
-19264	-4452	-1392	1549	2448	-8620
-18952	-3944	-240	1860	2565	-8916
-18352	-3636	-604	466	1581	-8433
-17648	-5160	-1968	-1045	975	-8316
-17156	-6512	-1052	401	-770	-7908
-15680	-5808	-576	1283	-2464	-7678
-13616	-5528	-1120	895	-3573	-6909
-13368	-5440	-1412	-111	-3731	-6058
-15056	-7076	-1052	630	-4501	-5524
-14768	-5156	-1488	843	-5260	-4358
-14828	-5264	304	-604	-5095	-3201
-14588	-6044	-444	-1111	-5079	-1415
-14060	-6196	-892	-1005	-5280	159
-13408	-6416	384	-189	-5094	1341
-13200	-5856	424	-507	-5226	1843
-12368	-6572	-1128	-460	-6056	2800
-10984	-6540	-544	-633	-5331	2710
-9632	-5444	-32	-691	-4806	2287
-7884	-6424	-728	-1867	-2813	1494
-7504	-5764	-1076	-2013	-860	850
-7536	-7300	1244	-2090	860	-973
-7796	-5364	600	-2542	2604	-2527
-9676	-7200	-84	-226	3226	-3455
-10984	-5484	328	1550	3610	-4221
-12764	-6524	956	1356	2759	-4221
-13852	-5428	1112	1130	3093	-3637
-13704	-4464	-404	-965	2667	-2259
-13528	-4872	672	-291	2709	-823
-13160	-5084	2812	-771	2102	426
-12956	-4096	1880	-2912	1657	1758
-10736	-4168	-736	-3061	910	2663
-11600	-7156	1876	-790	2709	2743
-12152	-6908	1376	-453	838	1661
-10728	-7216	352	46	684	1310
-13724	-7136	24	2136	1612	1435
-11916	-5132	1920	1397	-1417	1306
-11556	-5528	968	769	1629	1932
-14764	-6260	-2300	-2211	871	3078
-12024	-7524	1596	-1065	-2684	2966
-12476	-5180	292	-555	939	2443
-14668	-4440	-596	-4631	-1032	3768
-12516	-9292	968	-5900	-616	4051
-15336	-6836	488	-2768	2209	3980
-15728	-5468	244	-3902	-1517	5783
-14344	-8716	1184	-3826	166	5361
-16144	-7268	512	925	1537	3992
-15288	-5004	792	902	30	4009
-15624	-5260	-276	1634	511	4009
-14696	-5464	-1464	2580	-3105	4599
-14484	-5544	-680	1863	714	4771
-19540	-1788	-924	1402	886	4791
-17184	-1820	-160	-1647	-4219	6115
-15436	-2888	-1936	-3088	-2052	7112
-17040	-2812	-696	-4480	-1597	7758
-17804	-2408	396	-4614	-981	7707
-19512	-1500	344	-3681	-706	6798
-17008	-2004	560	-2815	-2466	5927
-15920	-2460	1196	-211	934	6333
-20512	892	-712	506	-121	5711
-16284	796	960	-679	-5133	5477
-13272	-828	272	2436	-147	6922
-17416	32	196	5295	2392	9187
-18200	-68	1360	6454	-2307	10330
-16188	-936	1940	9859	-2824	9364
-16492	744	444	12608	-1803	6490
-16656	2360	556	11058	-1752	3314
-14964	3256	644	9642	-230	292
-14960	5208	732	5321	2667	-2194
-16320	4292	424	1065	2133	-2859
-15980	4444	868	-1032	1886	-2817
-17164	4520	900	-3405	1176	-2239
-16088	3668	1276	-4341	637	-1706
-16140	2312	1016	-4698	1784	-2202
-16252	1488	172	-4335	2173	-3952
-16792	1952	1304	-3477	2934	-6085
-18920	1416	1244	-3035	4062	-7688
-18212	324	-16	-4096	1458	-8410
-15592	616	-272	-4255	1849	-8981
-17704	132	636	-2972	3424	-8488
-17832	580	-416	-1489	-1164	-6909
-13004	108	-1236	-3013	-2663	-5530
-13544	-1900	-1240	-2660	1086	-5367
-14256	-1376	-68	-1300	-439	-4079
-13852	-436	-512	-2196	-745	-2238
-15460	-2696	-872	-2234	-918	-1074
-14268	-2236	-352	-1813	-1929	-903
-13924	-2004	132	-2262	69	-860
-15756	-2240	-1280	-1841	1333	-27
-17392	-2196	-532	-1747	1369	680
-17496	-2456	324	-1252	623	498
-18092	-1784	-636	-865	3056	-497
-20860	-1624	-504	489	3799	-1122
-21760	-2328	528	478	1596	-2072
-19836	-3172	-824	1220	1068	-2632
-18728	-3268	-560	1525	1653	-3238
-18584	-3640	-1012	1319	1860	-2852
-17292	-4428	-784	1812	231	-3186
-15540	-4160	-1364	1161	649	-3252
-14240	-3744	-2072	123	-264	-2680
-13112	-3748	-1596	104	-368	-2417
-12668	-2584	-1808	-451	-389	-1397
-12956	-3092	-1904	-1466	-1466	-254
-12716	-3372	-792	-798	-2217	994
-13728	-3248	-12	-664	-2927	2178
-13428	-2900	340	-1870	-4457	2898
-12616	-3708	1172	-1359	-4881	3722
-11700	-2596	-44	-1371	-4273	4428
-10596	-3536	468	-3144	-4128	5525
-8584	-2424	-812	-2916	-1569	6414
-8356	-1596	-1820	-3235	2548	6226
-9460	-2400	-1332	-1770	5250	5478
-10812	-2348	-2000	-2424	5710	4061
-12824	-3228	-2304	-1826	5334	2556
-15124	-1728	-1844	-93	6344	620
-18068	-1068	-3140	722	4423	-861
-18208	-1796	-2296	-231	3114	-1392
-17880	-868	-1492	-621	2575	-1937
-17908	-684	-1456	-787	2585	-1660
-16496	-56	-128	154	1504	-1106
-13668	-1164	1016	687	1585	-932
-13368	-1968	1252	2251	1088	-1376
-12508	-676	-312	1631	921	-1513
-12280	-1248	-404	1631	4	-1690
-8636	-2716	1016	1732	1756	-2303
-13464	-1924	-2248	2135	3148	-2580
-12220	-636	-1488	-466	-179	-2247
-12464	-2480	-1792	-719	896	-3175
-15580	-1616	-2828	-1316	58	-2916
-12344	-3200	-1280	-1347	-2060	-2617
-14820	-2600	-2068	-1151	-155	-3483
-15120	-3184	-3372	-152	-2953	-2846
-11024	-3232	-840	1119	-3478	-3295
-14264	-4564	-1020	3021	243	-3834
-16600	-1816	-3948	2013	-3288	-2160
-12344	-5184	-244	-2027	-3190	-1696
-17620	-4380	-1376	920	921	-1544
-17876	-2316	-1620	-1291	-3645	745
-13528	-4680	-192	-3006	-3423	1130
-18296	-5084	-1684	-2055	404	690
-16892	-3152	-2480	-3030	-6207	1107
-14404	-5048	112	-3189	-1771	1307
-17360	-1512	-1988	-1916	-1856	1607
-15368	-3388	-2688	-5557	-4099	2625
-17344	-4744	-1264	-977	-33	2616
-18200	-736	-192	-955	-1919	2457
-17340	-2992	-684	-732	465	2660
-19128	-1616	-2304	2299	-714	3400
-15448	-1612	120	1081	-3172	4150
-14532	-1532	-1100	2942	-4	5166
-16840	-548	-2076	2096	-580	7286
-15332	-836	-348	1057	-2255	9515
-17960	-204	-1356	222	674	10659
-20356	1048	-684	-1323	-2216	10684
-17724	-236	1804	-1132	-2357	9364
-17412	676	1916	1169	1040	5764
-17540	1892	900	1312	869	2919
-16148	796	2780	4276	1928	1201
-17076	1872	1980	6591	2509	503
-16892	2348	36	5193	3	1096
-15848	2084	716	4565	-227	1583
-17028	3308	388	2270	667	1366
-16764	2684	700	-785	-71	144
-17460	1468	16	-1716	2646	-1359
-19064	1900	628	-1948	2005	-3632
-17548	1452	872	-2213	2085	-5769
-18904	348	1008	-149	4299	-7254
-20328	1608	-984	1125	3014	-7466
-18044	1872	-1392	-771	551	-7443
-18116	-200	-564	-692	2800	-7665
-20108	1052	-2312	-649	2546	-6849
-19220	-760	-2076	-4267	-149	-6459
-17600	-1680	-896	-3637	-295	-6078
-17320	-1448	-1632	-3996	400	-5449
-16712	-2032	-420	-4447	-963	-4960
-15380	-4068	-1504	-3945	-1359	-4049
-14820	-4104	-1308	-2164	-1114	-3544
-15364	-3004	-648	-1299	-1154	-2899
-14744	-3240	-712	-820	-2062	-2154
-14320	-3664	-1440	503	-1568	-1463
-14036	-3960	-896	394	-2597	-711
-13196	-3872	-484	771	-3000	-374
-13628	-2492	-1632	533	-2832	74
-13752	-2888	-1460	-735	-3404	522
-13676	-4060	-240	-497	-2813	403
-15496	-3472	-1332	-385	-2888	483
-14824	-2824	156	33	-4009	726
-12876	-2592	336	821	-3381	606
-12736	-3364	-740	824	-1454	1147
-13824	-2680	-72	1461	-1000	1361
-13424	-1720	-2092	407	-682	1599
-12764	-2184	-740	207	-324	1518
-12024	-2840	-996	-1053	1011	946
-11528	-2668	-872	-1155	1050	6
-11096	-1824	-384	-2384	2236	-763
-10980	-3020	-252	-2582	2928	-1545
-12948	-2932	312	-1817	4212	-2209
-13536	-3016	880	-1288	2905	-2396
-14916	-2784	1176	-519	3695	-2543
-16580	-2552	1964	248	2320	-2519
-14592	-2356	700	-215	1133	-1709
-16240	-1996	1448	-481	1687	-888
-15992	-1960	1068	-701	320	272
-13932	-1840	1496	-316	599	1286
-14104	-2960	1332	-174	687	1923
-13396	-3032	116	-82	-106	2355
-12872	-2552	272	142	86	1799
-11976	-3484	-100	-1009	651	1301
-11992	-3324	-640	-747	1417	524
-11172	-3404	-752	108	1106	-221
-11944	-3408	-1612	162	1647	-1101
-13632	-3976	-752	992	1878	-1649
-16264	-2588	-2420	292	1139	-1682
-14948	-3112	-1016	142	13	-1628
-14700	-3692	-524	690	676	-2166
-15664	-2580	-1620	-528	450	-1998
-12212	-4084	-892	-885	96	-1731
-13688	-3740	-384	-790	1614	-2285
-13876	-3932	-504	-1160	1163	-2456
-12344	-4660	-396	870	1619	-2353
-14536	-5128	332	2277	1556	-2092
-12676	-3816	-424	3326	644	-1747
-14776	-4332	-528	1807	2911	-632
-16612	-4052	-1736	543	66	729
-12568	-3572	-692	-1133	-294	1175
-15668	-4324	712	-1842	1689	1261
-14372	-1844	-2088	-2839	-2168	2896
-14508	-4528	-740	-1370	238	3403
-15516	-3312	-360	965	-3326	4298
-14424	-4524	-2480	-135	-1079	5184
-20168	-3564	-1700	363	118	5328
-16908	-2276	-1988	-611	-4801	6218
-15856	-3824	-3052	-1577	-37	6212
-19572	-1752	-1084	-1837	-2215	5848
-15900	-1872	-1668	-1655	-2016	6075
-19052	-1308	-2552	-1090	-186	5734
-18068	-896	-1192	-1699	-3639	6219
-15432	-480	-1248	-869	-1681	6227
-18124	232	-784	-387	-737	6739
-18236	280	-160	484	-1864	7425
-17028	996	-68	1511	-1327	6742
-16940	1304	-312	2078	-1009	6506
-16816	884	928	3327	-965	6624
-16200	1436	1288	5938	-676	6160
-16448	2144	1032	8340	-825	5851
-16440	2704	1340	9651	-2111	5249
-16252	3636	40	9123	-1967	5039
-16872	4408	-64	7368	-1618	4704
-15752	4516	-80	4347	-1348	2895
-14964	4864	-228	2404	-221	849
-14836	5148	-232	-709	1508	-730
-16100	4848	28	-2816	1674	-1409
-16916	4952	372	-3489	2108	-894
-16572	4488	148	-4642	389	-440
-15396	3872	244	-5159	1021	-1218
-16320	3344	-148	-5526	2307	-1910
-17016	644	-84	-6173	3555	-3433
-17448	404	2032	-3842	3276	-5864
-17684	3276	-304	-1225	5389	-7008
-19100	2884	-108	1147	3865	-7391
-17280	1660	120	3607	1664	-8681
-16732	1088	-472	4037	3035	-9227
-19440	3264	-680	1813	2894	-9217
-18864	2808	-2392	-2032	-55	-8219
-16956	352	-2084	-4565	132	-7637
-17748	-304	-464	-5854	1320	-6960
-17840	-720	-2280	-7662	436	-5606
-16392	-1644	-1956	-7135	-184	-5379
-17016	-3620	608	-3394	71	-5388
-16776	-3120	-1360	-2011	-715	-5565
-16772	-3556	-1680	185	-1801	-5138
-15996	-2660	-496	2263	-2182	-5054
-15484	-2348	-1644	1256	-2352	-4379
-14892	-3712	-1608	37	-3430	-3172
-13560	-3388	-1224	-405	-3151	-2093
-12616	-2772	-1640	-2032	-2677	-1189
-11220	-3520	-1784	-2619	-2441	-400
-10892	-5316	-628	-1740	-664	-75
-13908	-4264	-1452	-525	400	3
-14844	-3280	-860	725	-791	11
-14680	-3056	-476	2633	-609	-242
-16096	-2340	-404	2287	-805	-117
-15992	-3100	-240	2597	-2703	802
-14768	-660	-728	1241	-3410	1679
-15656	-1192	-472	-1541	-3497	2960
-15364	-2768	-392	-3237	-3655	3874
-14528	-2288	-24	-4735	-2147	4595
-13880	-1940	-1000	-5991	-1716	4765
-11608	-2656	-152	-4700	-527	4555
-11336	-3468	284	-2878	1456	3800
-11556	-3352	0	-1524	1843	2925
-10744	-2868	88	142	2399	1524
-11956	-2712	-32	1434	2916	365
-12884	-1876	172	1126	1374	-448
-14180	-2092	-460	-1062	726	-1014
-14928	-2280	-372	-1282	767	-897
-14228	48	80	-1823	2483	-652
-15416	-2592	1152	-557	1686	-282
-12736	-2388	2584	2665	2149	-101
-13164	-104	276	1680	2290	672
-11996	-2228	824	1928	1893	238
-11036	-2496	2048	2396	3148	-790
-12928	-1924	-248	1040	1559	-530
-10008	-1544	-316	531	1248	-1204
-13892	-1052	-1512	1431	1928	-1320
-13448	-760	-1528	-192	-352	-426
-12916	-2536	-2356	-782	696	29
-17272	-1372	-3880	-2490	-1055	803
-14564	-3468	-2232	-5144	427	438
-19448	-4160	-2716	-4230	253	-592
-13844	-2780	-8	-3291	-886	-788
-16236	-3712	332	-1302	2542	-1558
-16112	-1988	-648	-416	-2128	-1964
-12428	-2780	776	216	88	-2979
-18796	-3172	1292	-193	136	-2631
-14400	-3348	308	-771	-3420	-1586
-14204	-3348	1132	-590	340	-2295
-17188	-1552	212	-1377	-3423	-1671
-10860	-1792	556	-2565	-3514	-1172
-13868	-4692	492	-2013	-216	-390
-17672	-2380	-672	-1107	-3193	1949
-11980	-3372	488	-1525	-3436	3829
-18292	-4012	-280	-308	1133	3589
-18792	-3232	-656	89	-4253	3571
-12012	-2888	332	817	-2501	3204
-17728	-2304	-1564	664	1627	2611
-17804	-1108	-1148	-32	-4644	3020
-12376	-1412	-428	-747	-2202	3848
-18176	-1492	-824	-360	2691	4943
-19860	-76	-404	-194	-2482	6214
-14412	-976	872	1358	-1814	7176
-19164	-780	1056	3803	3722	7146
-20092	820	220	3947	-2207	6736
-14952	588	664	4953	-1883	5841
-14712	1412	-276	5238	767	5987
-18888	2264	-788	4859	367	6743
-17268	3624	808	2433	-4709	6053
-13792	2876	-732	-61	-1474	5614
-17972	2240	864	-529	2225	5729
-17160	1384	2208	932	67	4102
-16172	2336	1352	4322	1608	1620
-17420	3372	1444	5110	-383	72
-14280	3224	908	5858	614	-292
-16064	3940	976	7264	3088	-234
-15980	4980	1076	5593	952	-792
-15020	4156	712	4693	1082	-602
-15284	4444	1052	3386	612	89
-15972	3944	508	992	692	749
-15332	4224	-236	-517	-572	769
-15040	3836	756	-1537	-91	793
-14984	4108	232	-1471	586	296
-16460	4308	568	-1523	1366	-114
-16188	4436	316	-1608	315	-772
-15452	4020	52	-2981	1816	-2372
-17476	4212	-412	-3613	3704	-3433
-18604	3416	484	-5003	2317	-4043
-16164	3128	1228	-5137	1567	-6031
-16156	3176	-444	-4970	4251	-7612
-20112	1364	-1056	-3560	5126	-8939
-20996	1136	712	-2987	2442	-9789
-17820	1024	-1116	-3150	1969	-10396
-18120	188	-1764	-4367	4019	-10492
-20856	-1468	-476	-3798	3185	-10153
-19508	92	-1384	-3113	468	-9004
-16800	-812	-1896	-5035	1291	-8259
-18656	-2800	-2384	-4641	1684	-7527
-17732	-1692	-1544	-3504	-423	-5959
-15716	-3424	-2372	-3627	-320	-5277
-15368	-4700	-2312	-2076	-426	-4470
-13476	-3400	-1124	-208	-1672	-3338
-14008	-4780	-2136	118	300	-2380
-16488	-4788	-1668	1830	-914	-1516
-15824	-3748	-636	2208	-2981	-575
-15028	-3308	-2028	2053	-2696	972
-15612	-2508	-1560	779	-3302	2308
-14060	-3704	-1080	-430	-4661	3384
-11992	-2888	-1640	-610	-4365	4241
-10800	-3188	280	-870	-3925	4287
-8784	-2904	0	186	-2530	3899
-9904	-4004	-684	666	-1047	3630
-10348	-2992	-548	1654	-1578	2940
-10108	-2276	-824	1020	529	1998
-12100	-1516	-1568	1019	1465	1181
-12664	-2252	380	1177	438	802
-13660	-2384	-344	1460	658	357
-13020	168	-1820	-933	-222	495
-13304	-720	-1180	-2199	2021	721
-16480	-2092	-372	-3051	1547	1059
-14524	-1696	-168	-2651	-32	841
-14820	-792	-792	-1548	1673	700
-14928	-1740	308	-1226	235	1361
-13844	-1956	468	-437	1401	1214
-15000	-1648	-220	-879	910	1196
-12520	-1692	88	-966	932	1074
-12316	-2800	1188	-715	1616	354
-12156	-2316	-208	-14	1775	-533
-11628	-2120	16	891	1984	-1110
-12140	-2080	-372	922	1962	-2203
-13388	-2412	-148	1325	1848	-2066
-10800	-1972	-636	1464	1258	-1838
-11044	-2152	-728	385	3302	-2871
-15008	-2948	-1864	433	1208	-2670
-14300	-3344	-1656	-743	2061	-2570
-17576	-2668	-1752	-1652	1816	-3062
-14072	-1800	-1532	-1473	-717	-2808
-14300	-2528	-1148	-2755	2399	-3009
-15764	-1976	-1544	-650	1105	-2437
-13464	-2324	-468	734	1961	-1923
-14356	-3112	-1364	2091	1655	-1208
-13956	-3240	-1044	3172	1185	279
-14956	-4340	-2172	1794	2556	1461
-18320	-4284	-3232	729	458	2162
-15364	-4204	-1148	54	201	2335
-18212	-3908	-1656	976	1637	1609
-15992	-2992	-2268	2239	-2739	1882
-15956	-4140	-1840	3290	502	1502
-18776	-2432	-2880	2701	-2356	2099
-12796	-1656	-3048	673	-2488	3058
-18476	-3076	-1696	522	2330	2892
-18528	-1036	-2412	186	-3610	3463
-12976	-2620	-920	526	-2583	3692
-20180	-2420	-952	2302	1496	2311
-19796	-868	-1832	98	-5742	2588
-13912	-1632	-1096	-1198	-3511	2494
-18992	-536	-1308	-1296	-1229	1887
-17716	-88	-1204	-3098	-5614	2115
-15068	-1504	-1072	-3169	-3124	2587
-17864	-232	-400	-2675	-2546	2432
-15376	-116	-972	-3202	-3515	2222
-14672	-532	-1108	-1963	-1547	2841
-15328	-556	-320	-1177	-1916	4546
-15088	-1016	-384	323	-1981	5706
-15472	-720	-316	2310	-2423	6077
-15676	-88	444	3502	-2333	6038
-16688	456	72	4194	-2132	5570
-16528	968	204	4545	-1926	4737
-15968	1724	672	5380	-1623	3966
-15964	1648	444	6609	-862	3629
-16960	2248	312	9056	-443	3396
-16376	3204	108	9091	-1392	2341
-14596	3192	-492	7163	-1374	1376
-14356	3520	-120	5692	1085	732
-16136	3676	584	3989	3073	52
-16300	4052	1092	2449	1354	-122
-15392	2592	1460	2155	1863	-128
-16520	4116	1268	2041	1999	-476
-16028	3680	992	840	1141	-550
-16400	3700	684	267	1786	-450
-16036	3216	808	-790	1640	-857
-17032	2372	188	205	3116	-1357
-17592	2556	-112	348	2482	-2119
-16984	1156	412	632	2417	-4203
-16880	1992	820	2262	3831	-7468
-18664	2784	964	1531	4697	-9758
-20092	-1268	-964	1109	5094	-11288
-19580	2424	-3224	1881	4268	-11636
-18728	992	-1336	-1574	3685	-12139
-20412	-1420	24	429	3005	-12483
-19120	2124	-4436	-916	669	-10275
-18572	-4372	-2324	-2572	-1420	-9653
-17408	-1784	584	2655	-1480	-8645
-17500	300	-2672	-2333	-1033	-7919
-17956	-6356	-2960	-775	-2883	-6428
-15288	-3996	-416	1637	-2872	-5434
-15164	-1388	-1976	-2700	-2211	-4396
-15340	-4556	-2408	-4159	-2317	-3692
-14456	-6016	-2884	-2475	-3230	-2294
-13008	-4452	-72	-4417	-2949	-1341
-14380	-6236	-2392	-4947	-1921	-767
-14196	-5556	-3136	-4546	-2795	337
-13908	-5664	-1032	-3858	-3110	680
-13964	-5020	-2212	-3979	-3290	1648
-14748	-5000	-1840	-4060	-3250	2323
-14120	-3748	-2624	-5107	-3795	3062
-13580	-5088	-824	-5076	-4694	3770
-11908	-5508	320	-3455	-4141	4073
-11388	-3528	8	-4246	-3075	3749
-11540	-6336	192	-2574	-3458	3367
-10180	-4328	1240	-148	-2538	2735
-11304	-4072	-720	-2720	-1565	1984
-12036	-5120	-804	-2167	-1123	1204
-11960	-1872	-780	-2857	-175	415
-10160	-2484	-724	-4934	970	-4
-9764	-3552	-448	-3418	3077	-446
-11396	-2848	32	-2102	3834	-495
-12936	-2592	-100	-1691	2665	-900
-13204	-2940	268	-286	2979	-733
-15620	-3116	188	-751	2913	-1072
-16748	-3512	-240	-1513	890	235
-15320	-2584	924	-902	944	290
-15936	-3240	444	-1306	794	718
-14384	-4108	588	-68	21	1324
-13052	-3136	-28	1228	1364	1202
-12748	-3216	304	1177	1501	1121
-12152	-3884	-304	2164	1206	749
-11156	-2584	-960	1471	2194	-87
-12060	-4228	-1596	1223	3091	-346
-14260	-4224	-512	1654	1810	-534
-12824	-2424	-1836	799	1149	-699
-13500	-3572	-1748	909	3108	-531
-15428	-3316	-1132	761	2270	-458
-13104	-3980	-216	1261	1265	-723
-13808	-4140	-1036	2717	3569	-1022
-16012	-2980	-1316	2634	1642	-177
-15080	-4092	-544	2620	-197	-624
-14096	-3424	-1036	3040	353	-1194
-13796	-2172	-3260	95	384	203
-14096	-4644	-2064	-1130	1290	739
-14844	-4768	-1244	1536	1263	803
-13844	-3272	-2556	117	-368	1471
-13464	-5376	-1980	2615	-22	1701
-16168	-4620	-2020	4421	1679	1521
-15788	-3152	-2868	2645	-232	2169
-14384	-4660	-3732	1060	2149	2152
-17252	-4076	-2972	2633	1573	1968
-14312	-3700	-1180	2067	282	2271
-17036	-4604	-3400	2279	3321	2420
-17104	-2636	-2444	3215	-1768	2904
-12972	-2964	-1808	2520	169	3117
-18120	-3104	-2024	2956	1803	2296
-16580	-1152	-2236	2568	-3871	3813
-13792	-3300	-1052	2749	-376	4793
-18620	-1884	-1592	5008	738	4223
-17388	-20	-1448	3889	-3623	5255
-15028	-3080	-1180	4714	-1219	6156
-17120	-972	-1280	6707	-235	6417
-16864	572	-1816	5367	-2225	7718
-16880	-1960	-712	5919	-945	8304
-17712	164	-656	6686	-1377	7739
-17600	664	-2036	5282	-2115	8138
-17480	156	-1016	5614	-2068	7523
-17492	936	-360	6079	-2129	6282
-17076	3220	-1980	4769	-2654	4598
-16140	2900	-1580	2676	-1928	3553
-16164	2228	-1220	2081	-186	3314
-16232	2724	-580	1374	177	2975
-16112	2188	-1028	1258	-243	2404
-16188	2200	-1032	1973	-449	1767
-15416	2564	-1212	222	-1197	971
-14728	3064	-1580	-939	374	78
-14988	3404	-1808	-2295	1411	-728
-15272	2520	-288	-2776	1605	-1267
-15376	2760	-764	-1880	1841	-1565
-15544	3148	-356	-1319	1532	-1098
-15024	2904	-312	-1284	877	-1137
-15372	2796	-384	-460	1360	-1142
-15892	3292	-536	-640	1784	-1317
-16468	2116	-864	-1767	1632	-2259
-17520	4072	-1032	-2232	2234	-3501
-18064	3540	-264	-4507	681	-4091
-16192	1644	-1340	-6035	828	-5866
-17980	2056	-1328	-7867	3509	-7856
-19608	1284	-260	-9168	2158	-10108
-19144	-260	424	-8216	2536	-11950
-20560	1080	-2236	-7134	3158	-12044
-20776	484	-1016	-7526	-583	-12198
-18384	-944	-56	-5096	-2407	-12131
-17692	-484	-2352	-4465	-1459	-10676
-17880	-1620	-1772	-4438	-3071	-9182
-15728	-2316	-1040	-2821	-3904	-8127
-14724	-2764	-2696	-2828	-1907	-7517
-16312	-4244	-1480	-1551	-1580	-6506
-16296	-4400	-84	-1195	-1627	-5878
-16252	-5744	-2140	-1655	-1502	-4655
-16304	-5232	-1088	259	-2137	-3646
-14420	-5304	-172	250	-3584	-2913
-13028	-5592	-140	-33	-2328	-1527
-13544	-5816	-1020	-1658	-2028	-349
-12388	-5664	-576	-906	-1885	1223
-13680	-4968	-440	-1762	-367	2165
-13888	-4632	-1448	-3555	-220	2572
-12852	-5864	-1068	-1516	867	3336
-15232	-4144	-644	-722	1859	4521
-15300	-3460	-1856	-1924	-1167	5037
-13460	-1744	-4620	-956	-829	6238
-14996	-520	-3964	-2614	669	7633
-14072	-2212	-3768	-3657	2341	8790
-14240	-1884	-2140	-3739	3037	9317
-14732	-3416	-996	-5556	2777	9417
-13304	-3292	-640	-3300	2512	8384
-12056	-4640	40	-1186	2242	7093
-11184	-2684	4	-434	3405	5577
-11716	-3812	-120	-1018	3565	3478
-11152	-2136	-268	-815	4085	1364
-11996	-2340	-324	1	2633	28
-12216	-1480	600	85	2455	-253
-14012	-1152	-296	-666	1351	-591
-12964	504	-1900	-429	401	-802
-14496	-336	-340	-1838	113	-265
-14108	-508	-1604	-1063	75	-28
-12988	-68	-1232	-2149	511	-151
-12688	-1584	-640	-149	219	-955
-12556	-1740	-824	713	474	-1672
-11756	-2412	-168	2465	445	-2145
-12152	-1248	-1292	1848	189	-2333
-12136	-1944	-2012	2096	388	-3355
-14340	-1764	-1720	3374	456	-3801
-14396	-932	-2304	3579	-1154	-3460
-13508	-112	-1764	1807	354	-2859
-15644	-1384	-3536	-384	-413	-2048
-14084	-1916	-2424	-1475	-90	-898
-15788	-1836	-1268	-2220	94	-550
-16008	-2292	-2392	-2625	-741	-635
-15780	-3000	-1728	-1468	-530	-556
-15384	-2784	-2804	-2025	-751	-1140
-16656	-3476	-1700	443	-283	-940
-16308	-2104	-1356	1247	-731	-388
-16120	-3260	-1200	2232	-31	-692
-17920	-1836	-2516	3371	-344	-309
-16284	-532	-3144	186	-1618	982
-15196	-2700	-2108	-948	-912	1505
-15428	-3408	-2244	-1083	-494	1944
-15056	-2604	-3296	-3207	-983	2753
-14284	-3536	-2324	-3382	242	2630
-15344	-4140	-2400	-1257	911	1871
-13688	-3160	-1648	-1	-244	1480
-14492	-3464	-1908	740	565	968
-14044	-3376	-1152	3905	-1601	87
-12008	-2020	-1264	4268	-697	131
-15424	-1832	-2320	2553	140	1044
-14080	-2312	-2296	2274	-2013	1661
-14028	-1916	-1220	3122	207	2106
-16836	-1116	-1976	1429	-1954	3078
-15136	-2088	-1912	1660	-3489	4229
-16772	-1708	44	3314	-540	4780
-19664	704	-1600	1691	-3298	4434
-16992	-48	-1732	1302	-4105	4329
-17832	-168	-1612	2065	-1418	4533
-19512	1780	-1164	1514	-1879	5026
-16844	972	-1256	1684	-2845	5506
-15444	1612	-168	5041	-827	5833
-19396	1828	600	7073	-57	6373
-18384	1884	-588	9184	-3940	6064
-14760	1876	-396	9506	-3088	3966
-16100	2820	-1452	8467	-503	1882
-17256	3440	-1148	5648	338	506
-16272	2340	-580	4560	-86	-539
-16516	3528	-240	4466	153	-1148
-17100	3344	0	3085	-353	-934
-17200	3012	-752	2570	-886	-1105
-15064	4852	-916	898	-993	-1831
-15372	4468	-1028	-1679	707	-2137
-16204	3556	-1172	-1514	1120	-2005
-16360	4140	-576	-2373	1277	-1195
-15064	2148	-732	-2316	573	-747
-15532	2132	-468	-317	2106	-739
-17204	1548	-192	-435	1878	-1041
-16088	1468	-896	-266	1214	-2004
-16208	1260	-28	-1282	2131	-3487
-17304	2256	-308	-2426	3033	-5179
-19260	1672	-1044	-3745	3710	-5991
-19152	1668	-748	-3609	2568	-6755
-19184	1964	-1608	-4182	2958	-7137
-18428	748	-1960	-5038	1871	-7557
-17992	-1076	-1300	-3962	1616	-7446
-18264	-156	-1928	-3264	1429	-6760
-17052	-692	-2708	-4353	-530	-6077
-16128	-3008	-2320	-3052	36	-5687
-17096	-1508	-1612	-1526	-34	-5171
-16056	-1600	-2508	-4688	-2064	-4851
-14996	-3848	-2376	-4663	-754	-4136
-17440	-4948	-2168	-4584	-675	-3993
-17320	-3828	-2200	-3530	-3021	-3779
-16772	-3644	-2360	-4606	-2447	-4019
-17292	-5044	-1452	-4064	-3099	-3536
-15476	-4668	-2228	-4024	-3507	-2572
-14592	-5028	-1156	-4098	-2758	-1731
-14304	-4288	-808	-2687	-2925	-769
-14596	-4024	-1024	-2709	-2820	-87
-14256	-4616	-780	-2590	-3481	604
-14060	-3672	-1196	-3353	-3789	1720
-14912	-4460	-188	-3676	-3664	2822
-14308	-2980	368	-2848	-4654	3284
-12760	-2732	1896	-2853	-5135	3707
-11196	-2716	2488	-1517	-4092	3847
-10116	-520	1296	-2962	-3623	4237
-8568	-2480	-1996	-5023	-2205	3860
-8000	-4256	116	-2097	-416	3034
-9084	-984	-1832	-5181	1613	1570
-9708	-3224	-1232	-5372	2236	840
-11704	-2068	-796	-2525	3331	153
-14752	-1336	-560	-4343	1498	47
-13944	-3824	492	-556	2127	-217
-16096	-192	356	412	2736	642
-15300	-2828	1088	857	1252	927
-13804	-2832	1704	2641	2535	910
-13380	-1360	944	472	2315	707
-11620	-2248	864	16	3148	184
-12228	-2760	580	50	2248	3
-10192	-2524	-268	179	2086	-924
-11452	-3036	-560	721	4850	-2657
-13684	-2920	-456	1684	2432	-2463
-10512	-2544	-1612	395	3163	-2950
-14232	-2680	-1524	-695	3649	-3517
-13452	-2596	-1264	-739	1630	-2573
-12140	-3404	-436	-1274	2534	-2941
-13872	-4388	-1348	-530	2613	-3003
-15036	-3688	-1032	437	670	-2644
-12052	-4368	-1372	-117	-86	-1779
-14924	-4784	-3476	-222	3245	-362
-16992	-4880	-2724	-212	533	7
-13076	-6008	-1828	1500	1345	-120
-17460	-4316	-3308	2599	2712	-426
-14824	-3988	-2584	1955	-1693	1073
-15616	-4140	-2752	2048	2851	1311
-18688	-3096	-2948	2045	-243	1830
-14212	-4856	-2032	2424	804	2540
-20308	-3832	-3120	3570	1129	2089
-17172	-3300	-2188	3319	-4754	2499
-16824	-3140	-3860	2372	-304	1982
-20384	-2552	-3508	-430	-2129	1775
-16432	-2288	-3156	-2540	-3695	2774
-17100	-2896	-320	-1518	-838	3135
-16808	-1460	-780	-609	-1833	3407
-15912	-1476	-1756	557	-1347	4330
-19060	-1952	-504	2444	-685	4252
-18240	444	-1372	2241	-3204	3815
-16016	688	-2228	1329	-2550	3963
-16588	-180	-2164	107	-1800	4874
-16184	-300	-1560	-748	-2695	5838
-15788	1932	-2476	-1753	-1620	4834
-15092	752	-1560	-3530	-1116	3515
-15216	-1116	-672	-2251	524	2298
-15792	888	-1152	-2132	1301	1477
-14552	348	-396	-1693	60	1024
-13748	-244	644	722	834	938
-15292	112	-456	1396	1202	1948
-15500	340	-392	2182	-34	3417
-15840	260	-68	2893	-143	4655
-16492	488	-572	2738	-738	5500
-16980	856	-692	2760	-740	5996
-17416	668	-296	2123	-1005	5607
-17628	640	-1216	2094	-889	4502
-16820	1880	-84	1365	-679	3316
-16948	1712	-144	1268	-96	2218
-16020	2292	-904	809	275	752
-16576	2328	-772	-502	826	-735
-16892	2504	-124	-1259	508	-1941
-16852	2404	-812	-2539	2070	-3208
-17512	2672	-1084	-3644	2357	-4892
-17676	1924	-1104	-4249	2991	-6211
-18796	1544	824	-2767	3364	-7491
-18024	2436	-980	-2214	2954	-8095
-18192	1992	-2232	-1370	3463	-8653
-19684	992	-636	216	2865	-9263
-19564	864	-1308	-106	1289	-9032
-17432	1104	-2856	-2403	580	-8388
-18064	-392	-2444	-3516	1534	-7809
-18596	-2260	-2964	-4022	886	-7336
-17484	-2444	-2252	-4801	249	-6842
-16708	-2272	-1596	-5350	752	-6228
-16840	-4372	-1680	-3904	735	-5958
-15788	-4012	-1216	-105	446	-5143
-15596	-3916	-1388	42	394	-4477
-15544	-4756	-2060	2341	-189	-3032
-14124	-3488	-560	3160	641	-1766
-15788	-5268	-1620	2079	1127	-897
-15408	-4208	-1904	2480	-535	707
-14832	-4040	-1460	1112	-1168	1655
-13140	-3684	-1948	-463	-945	2616
-13616	-4692	-1824	-1312	-832	3151
-12664	-5296	-2116	-265	-1925	3445
-10552	-4876	-2164	568	-2080	3378
-8456	-4492	-1108	1139	-476	2526
-13196	-3488	-5004	981	-355	2681
-14704	-4060	-3704	581	-2894	2625
-15268	-2256	-3428	-1598	-2483	1619
-14404	-2640	-3144	-3017	-2500	987
-13328	-2680	-1824	-3053	-1417	1359
-12376	-2096	-956	-3724	-890	1391
-10664	-3236	980	-90	1454	828
-11640	-3356	-2020	1435	1852	563
-12228	-3880	204	3396	2056	-318
-14048	-2788	-1128	3176	2570	-984
-13932	-1680	-3508	-97	802	-1021
-13880	-2152	-2284	-657	439	-1114
-13508	-2252	-2192	-3123	-393	-639
-12948	-2212	-24	-238	-290	-844
-12852	-1920	648	1756	1001	-649
-12376	-2200	-60	1792	999	-210
-11924	-3352	488	2434	2111	-436
-12456	-2716	516	440	2301	-912
-10452	-3040	-640	-602	1667	-1745
-9992	-2400	480	-1803	2657	-2440
-12376	-4884	640	-2132	2181	-2516
-10672	-4360	-1296	-2282	644	-2747
-11492	-6228	-404	1086	3287	-2730
-15668	-7644	-80	4559	2653	-2014
-13068	-1280	-3744	5822	1622	-1203
-13192	-4008	-1184	7623	3009	-2059
-15788	-5284	-2108	8026	2233	-3372
-15592	-4944	-2676	4362	899	-2960
-12656	-3736	-3308	1657	1140	-1696
-14780	-5820	-2700	-485	1959	-466
-15540	-7536	-2504	-1276	-139	335
-13812	-6384	-2352	-1175	370	856
-1902	-898	1357	-14516	-5728	-2416
757	-2399	1426	-16572	-5216	-3164
1486	391	1430	-17924	-4132	-4328
-1085	-3162	2284	-14224	-5184	-3040
1115	-1776	3006	-18144	-2700	-3800
-1401	-1712	3347	-16396	-3636	-3772
-4435	-4717	3739	-14184	-5260	-2104
-2420	-1628	4126	-18940	-4028	-48
105	-2523	3707	-16080	-2460	868
2301	-5579	4009	-14976	-2264	-256
4384	-3770	5367	-18372	-1860	-1724
4827	-4540	7163	-16944	-1476	-1608
2566	-6074	9010	-17376	-680	-2804
500	-2252	10132	-19476	580	-2588
-2055	-1330	10914	-18940	-276	-1296
-4749	-1910	10661	-17100	-652	-204
-3903	-1117	9057	-17000	216	788
783	574	6897	-18128	1824	728
4373	102	4858	-16420	2156	192
4279	-3092	3486	-14044	2788	0
4293	-1216	3557	-16284	3084	340
2694	1211	3699	-16736	3464	-1128
-135	-127	3572	-15780	2220	36
-2837	-510	3030	-15404	1780	992
-2983	195	2179	-15544	1828	304
-2345	504	1221	-15304	1832	720
-1119	831	150	-16048	1728	1160
534	897	-245	-15208	2332	404
1253	479	-413	-15320	2336	188
1621	632	-706	-15868	3380	-168
710	705	-1119	-15788	3640	-428
-1587	408	-810	-15968	2392	280
-3033	1318	-289	-16104	1724	-12
-3313	1082	-659	-16480	1404	140
-2712	787	-2033	-16348	1284	624
-2596	1154	-3816	-17340	1220	-368
-2741	2818	-5257	-17156	1912	-260
-2394	2170	-6741	-17440	2192	-244
-1858	3965	-8162	-19880	2264	216
-885	5245	-9435	-20260	2216	-2256
-2080	3496	-10112	-18744	-836	-776
-2283	3000	-10805	-19664	500	-244
-480	4741	-11220	-20348	1868	-3316
-2735	2294	-9929	-18988	-3304	-2436
-3318	100	-8787	-17236	-3720	-1300
474	833	-7990	-17292	-740	-3296
-2273	993	-6362	-17080	-3976	-1776
-3480	-91	-5481	-16832	-5824	-1880
1873	-276	-4931	-18188	-5128	-2424
3320	179	-4864	-19284	-3164	-900
1007	-3192	-3847	-15456	-4884	-3488
-628	-4686	-2618	-13632	-4448	-2212
1779	-2250	-802	-13404	-3764	-376
-1320	-1147	1105	-13480	-4624	-2084
-4642	-609	3440	-13784	-6064	-1372
-3266	-499	4628	-12064	-4004	232
-2129	-274	5307	-13796	-4380	-1328
-4247	527	6021	-15412	-5928	-1836
-2130	-2563	6497	-13472	-3132	-232
-1297	-3932	6457	-13260	-2896	-2336
-3439	-3145	5883	-12100	-3040	-1316
-2472	-3786	6254	-10760	-2524	-956
-3701	-2780	6627	-11816	-2756	-1008
-5322	-2663	6496	-10552	-1208	-276
-4633	-2366	5391	-8252	-976	644
-4054	649	4232	-10144	-1856	1660
-3009	2303	3234	-9804	-1804	1368
-484	3071	1806	-10608	-2096	1764
1089	3639	8	-12056	-1656	-892
1451	2875	117	-13252	244	-2620
-3058	2165	93	-14332	-972	-444
-2569	1510	-845	-15348	-1280	-768
-3482	2418	-409	-15272	-1764	-1500
-2907	1851	-1052	-14372	-768	160
831	2426	-1317	-13984	-1852	-360
1380	2171	-2076	-11324	-2076	376
3338	2601	-3177	-12164	-1752	-724
2799	3573	-3618	-11052	-2084	224
2272	2616	-4007	-11100	-2384	-500
2182	2386	-5103	-11892	-2680	-404
1334	790	-5186	-12424	-3132	164
780	387	-4877	-12884	-3276	-720
750	-1621	-4980	-14908	-3624	-1860
530	-1377	-4519	-14032	-2772	-2156
1133	-1451	-4062	-11052	-2320	-1732
-705	999	-4253	-14984	-1948	-3476
-1999	960	-4238	-11444	-4876	-1608
2343	220	-3049	-14164	-3908	-1880
3924	4658	-1522	-15792	-4724	-2696
2655	-616	545	-12692	-6332	-2288
4593	-556	919	-16528	-5592	-3032
3963	610	1366	-14012	-2932	-3616
-1060	-2188	3355	-17380	-5992	-5304
-5021	2671	3643	-19624	-7924	-2492
-956	-991	3352	-16420	-2728	-3252
568	999	3510	-18824	-4260	-2608
1244	970	3196	-17916	-5840	-3416
5694	-687	2374	-18560	-3560	-3708
5772	656	1455	-18824	-3564	-1708
2707	-507	848	-16028	-964	-2032
2155	-2588	1240	-16152	1404	-3980
-733	-3426	3549	-17264	-156	128
-1295	-4619	6170	-16272	108	-768
-545	-4089	8550	-19968	1640	-2600
-2696	-2321	8410	-19736	824	-388
-4077	-5218	6579	-17128	-332	-256
-3158	-2643	4951	-17340	-356	180
-2007	-58	3705	-16904	-324	900
790	-576	2526	-16864	-56	424
3909	-1587	1641	-16184	552	20
5162	-2239	2431	-15444	940	-364
5325	-1552	3601	-16828	1056	-344
4953	-1404	4393	-16964	856	-332
4669	-2808	3865	-15560	1144	-160
4175	-2186	2901	-15756	976	-760
4328	-708	2116	-16448	1740	-176
4660	208	891	-15580	2692	-184
3295	-439	101	-14400	1924	-8
2049	253	-95	-15716	2736	-296
1299	1492	295	-15564	2388	-12
-754	25	660	-14632	1788	392
-1353	274	457	-15228	1648	356
-1453	1244	156	-15836	1200	272
-973	1648	-369	-16756	988	616
159	2280	-843	-17384	964	1192
62	1950	-1402	-17380	760	304
-809	940	-2349	-16364	688	-252
-1996	615	-3945	-16056	1728	-432
-3046	2864	-5761	-18060	3084	-2120
-5247	5273	-6415	-18764	1860	-1228
-5099	3575	-6300	-17416	112	252
-1734	2507	-6485	-17468	-88	-1144
-872	4414	-7179	-19964	244	-2240
-2350	4308	-7454	-19748	-1972	-1796
-1387	471	-8131	-18256	-1300	-1460
530	1240	-9481	-19696	-988	-2568
-1813	892	-9799	-17832	-2436	-3036
-2904	-1928	-8892	-15668	-2792	-2156
-2983	-1329	-8039	-14992	-1764	-2512
-5658	-1260	-6391	-14444	-4268	-3452
-7914	-1416	-4801	-14020	-6212	-1352
-5643	-1458	-3843	-14516	-5488	-1584
-4535	-653	-3461	-15680	-5052	-2552
-4070	-1187	-2820	-15908	-7396	-1972
-2992	-1850	-2822	-15884	-6960	-1016
-2023	-606	-2955	-15528	-4612	-2876
-3825	-373	-2206	-13496	-7368	-3020
-3025	-838	-2112	-12560	-6552	-720
-493	-286	-1980	-13024	-6148	-1912
-1885	-1253	-1024	-11900	-6960	-2740
-171	-1240	-362	-12784	-6480	-1004
1842	-589	-54	-15300	-5852	-1108
370	-295	871	-16024	-5256	-2308
-489	-2145	1805	-15096	-4756	-1660
800	-1555	2643	-14900	-3392	-464
713	-2294	3335	-13040	-4204	16
486	-2854	4255	-11056	-2796	1376
1617	-2430	5036	-9904	-2792	592
259	-2311	4894	-10276	-5676	-212
810	-1590	4198	-11244	-3704	-20
1018	-1603	3468	-11324	-2740	-2180
-2410	-2104	2798	-11384	-2972	-2500
-3752	-582	2101	-11980	-3516	-1740
-4027	462	1002	-12076	-2760	-2600
-5405	363	356	-11132	-4116	-792
-3132	489	-264	-11332	-1632	-984
-1879	1750	-796	-12232	-2880	-252
-1777	2350	-284	-11412	-2712	388
36	2895	-201	-10496	-2900	588
-670	3289	-196	-12292	-3596	332
737	4078	-280	-12512	-2984	580
909	3408	-411	-10316	-3732	-20
329	3314	-1369	-12612	-3020	-1392
1224	4708	-955	-10464	-2124	-1144
-1127	2867	-1247	-10376	-4784	-1324
-2135	5356	-2300	-14508	-3988	-3460
-2414	5058	-2103	-12900	-5084	-2684
-2135	2699	-207	-15996	-6660	-3092
-1692	4476	420	-19048	-5240	-4088
-1994	544	1197	-15876	-5240	-2540
-615	1204	1141	-16584	-4804	-3256
1509	760	1150	-15544	-4172	-3344
1247	-467	1918	-16288	-5548	-3364
2209	-680	2244	-13724	-3028	-3720
3004	-924	2327	-12960	-3928	-3692
2723	1175	2890	-15260	-4328	-4200
3535	1985	3975	-14644	-3900	-3280
8435	1570	4976	-15036	-1908	-4284
7252	2503	5239	-15504	-2952	-5492
6271	1591	5716	-15364	-1780	-4088
4471	1323	6059	-15776	-1296	-2912
2767	734	6835	-15960	-684	-3996
204	-322	8211	-17848	-1384	-2740
-1048	-1382	8514	-16680	-1268	-1136
335	-3608	8705	-16316	-124	-2344
1658	-3151	10251	-20764	-700	-3048
1558	-2432	10022	-19160	-216	-1888
2725	-7326	8846	-16704	908	-1452
4039	-5176	7866	-18976	1840	-2372
2801	-3617	7502	-17588	2548	-1152
1585	-5396	5483	-16812	4176	-3084
204	-3594	4230	-17764	4692	-3324
-3611	-3867	4001	-17100	3340	-1644
-5481	-4284	4518	-15924	3044	-1864
-4891	-2397	4584	-15620	2660	-512
-3930	-1462	3274	-14844	1852	44
-985	-707	1125	-14956	2672	764
2635	-147	-303	-14828	3648	-328
4095	-97	-958	-14720	4780	-884
3386	-112	-808	-15084	2876	500
3570	148	-646	-15352	4332	-624
4227	974	-785	-15168	5044	-788
2740	-288	-670	-14412	4176	-1096
1584	153	-668	-15840	4128	-556
1023	836	-610	-15488	4292	-676
361	302	-255	-15452	3884	-1140
-49	507	120	-15156	3264	-636
231	-13	-365	-15776	3648	-672
447	975	-393	-16232	3288	-1500
583	711	-552	-16196	3836	-1304
60	610	-973	-16588	3816	-764
-490	1095	-1438	-16048	3608	-588
-1	1256	-2168	-16692	3620	-1840
-892	3008	-3369	-18892	4392	-956
-2061	1640	-4535	-17388	4892	-860
-4740	-655	-5865	-15712	3444	-1208
-6199	686	-7236	-16696	2100	-1960
-6039	2454	-8727	-18880	1608	-1308
-6271	2941	-9863	-19284	68	-856
-5358	1278	-10385	-18332	600	-420
-3492	1033	-10806	-18680	1656	-1160
-3953	1397	-10741	-19140	-1376	-728
-2683	426	-10965	-18812	-1852	-916
186	-519	-10174	-16992	-1708	-1476
-1102	-1491	-8052	-15376	-2312	-2116
-1752	-1685	-6201	-15032	-3776	-2096
-928	-1331	-4867	-14424	-3824	-2052
-1375	-1355	-3391	-14432	-4352	-2408
-2855	-875	-2525	-14668	-4796	-2292
-1524	-945	-2011	-15356	-4988	-792
-1842	-581	-1907	-17412	-4268	-2012
-3597	-960	-1322	-16168	-4096	-3196
-3406	-4247	-530	-12308	-3812	-788
-1663	-2534	29	-14260	-3744	-2368
-3514	320	687	-13280	-4256	-2740
-3129	-666	1954	-13808	-4952	-1828
-1081	1427	2697	-16060	-3356	-1964
-1390	607	3305	-15300	-4052	-1652
-1438	-113	3283	-15660	-2612	-1616
187	-690	3582	-15632	-2152	-1196
-1050	-3835	3656	-12212	-1020	-1008
-2095	-5289	3791	-12136	884	-3792
-6468	-6102	4707	-11800	-2948	-2400
-7907	-7973	5036	-9452	-492	-1160
-7873	-4881	4830	-10940	-348	-1064
-10971	-832	4651	-9388	-2192	-88
-7707	686	4400	-9280	-1856	1992
-5634	3858	3350	-12352	-3588	1724
-2847	4755	2097	-12692	-2296	1140
769	4802	748	-14264	-3144	1804
2240	4265	306	-14064	-1056	56
3382	3436	-73	-15116	-164	384
1381	2998	176	-13416	-852	16
500	2137	689	-12052	-1560	964
-824	2977	77	-13420	-2156	52
-723	2439	-689	-13392	-2588	396
-657	1772	-1680	-13956	-2400	380
-456	1522	-2764	-15180	-2868	-1160
-125	1830	-3385	-15532	-2332	-1048
958	1315	-3767	-15364	-1232	-2056
750	781	-4145	-14116	-1916	-1372
2007	1306	-3756	-15004	-1260	-1608
3111	796	-3239	-14188	-2636	-1852
2624	-977	-3444	-12604	-2460	-1244
2786	248	-3578	-14820	-2912	-2236
10	889	-3366	-11512	-3824	-1884
-1229	-306	-3543	-15196	-3584	-1712
-1915	2597	-3754	-16744	-4136	-2388
-1885	-212	-3173	-11844	-4028	60
-543	-574	-3387	-14128	-4948	-1480
1116	1457	-3811	-14596	-2684	-3236
527	-1388	-2277	-13112	-5088	-396
1696	-357	-1702	-15012	-4824	-1912
2971	256	-865	-13468	-1364	-3408
-555	-1823	526	-13476	-4656	-916
1939	-417	521	-15200	-3808	-776
3989	545	687	-16164	-3804	-4288
1514	-797	2665	-16376	-3180	-3620
1839	-1842	3271	-15268	-2788	-1320
2358	-1338	4164	-18856	-3420	-4608
-402	902	4949	-16984	-3924	-4588
-850	-2024	6330	-15412	-4172	112
2381	1036	6257	-18428	-1452	-1672
1018	1050	6063	-16264	-360	-3200
737	-1068	7243	-17296	-2200	616
3894	1704	6871	-18236	-2416	468
6585	-1028	5756	-16632	-1320	-1224
7305	-2391	6432	-15940	-760	1468
9560	-1549	6511	-16948	36	780
9640	-963	5434	-18100	1004	-1972
7710	-1854	6682	-17908	832	-1120
5647	-3440	8246	-17212	1764	-924
2719	-3172	8523	-16908	1996	-2980
-271	-3306	8389	-16612	264	-2076
-1212	-2373	7156	-16248	-500	308
2000	-1531	4136	-15544	1840	140
5628	-854	1609	-15456	2044	-32
7272	239	186	-15964	2268	-264
8814	117	-745	-15580	3372	-756
7909	18	-368	-16264	3684	-768
5011	22	779	-16188	2912	-1028
2020	-846	1500	-16020	2604	-1784
-431	-978	1012	-15696	2616	-684
-1545	-836	-681	-15148	3680	-1760
-2038	790	-2191	-16740	4184	-732
-2842	1482	-2593	-15724	2140	560
-2624	793	-2370	-15360	2484	-332
-2	1486	-2232	-15896	3076	12
890	881	-2469	-15892	2020	156
471	687	-3025	-15800	1928	-456
-591	1650	-4419	-17080	1608	-292
-1343	1913	-5476	-17144	2008	-228
-2094	845	-7069	-16400	2044	-1352
-4537	914	-8188	-18020	780	-1352
-6841	2845	-8784	-19932	852	-1000
-7703	1893	-9390	-18272	712	-1752
-9568	271	-9718	-17084	16	-2936
-8836	1978	-9839	-19640	-2280	-64
-5823	2318	-10109	-18572	-1076	-64
-2685	-196	-9321	-16744	-2452	-1084
-2255	198	-8899	-17048	-3492	-1212
1591	741	-8343	-16664	-3296	-524
2161	-176	-7183	-16180	-3788	-2016
678	312	-5612	-17252	-4832	-2144
329	543	-4512	-16284	-4572	-1432
-617	-335	-4385	-17472	-5092	-2520
-3158	-77	-4001	-16832	-5436	-2456
-3326	-2409	-3301	-14184	-5504	-2184
-3372	-1947	-3168	-15004	-6456	-2076
-3221	-1386	-2641	-14044	-6872	-1872
-2911	-2582	-1520	-13204	-7204	-1268
-1661	-1315	-752	-14092	-7180	-1292
-1015	-1077	-134	-13976	-7112	-1140
-1258	-655	-13976	-7112	-1820	4
-38	730	-14460	-6188	-2296	322
1285	1556	-14496	-6564	-1124	-520
1406	1992	-13268	-5468	-1040	-1078
1275	2473	-13440	-4336	-1076	-1318
-55	3268	-12220	-4092	-620	-500
-1883	3920	-12176	-3896	-248	-616
-3254	4569	-11924	-3924	-616	-2358
-4785	5461	-11140	-3828	372	-4521
-5336	4952	-9680	-3588	60	-4224
-3953	3688	-9248	-3620	16	-4424
-2722	2654	-8600	-3964	420	-4405
-1597	1218	-7980	-4364	-64	-3844
300	-230	-10636	-4348	288	-2380
1970	-1512	-12084	-4476	652	-1115
1047	-2498	-12488	-4616	116	-468
485	-3006	-11400	-2228	-628	261
559	-3047	-12576	-4512	-600	106
2219	-2889	-11888	-6252	340	509
2302	-3450	-13020	-5572	700	2285
4395	-3928	-14272	-2764	-616	2940
2680	-3450	-10820	-3072	648	3313
2016	-3282	-14292	-4024	-864	2664
1487	-2578	-11268	-2592	-2200	-855
38	-2410	-11640	-5104	-764	-218
2627	-2043	-13652	-5792	-332	-1231
438	-2207	-9248	-4764	-1212	-3711
1405	-2569	-13800	-6700	-2056	-1721
2570	-2757	-11636	-5520	-1392	-1333
1665	-1395	-15440	-6524	-2900	-3075
4802	842	-15868	-6328	-2476	-567
1623	2335	-12372	-7032	-588	1557
3146	2388	-18116	-7600	-2284	1521
1413	2482	-13352	-6576	-3548	2345
-2996	3467	-13936	-5548	-2240	3463
1487	3377	-17480	-5252	-2936	-628
-1576	4363	-13288	-5860	-2328	-1414
-1299	5587	-17916	-5112	-1988	1205
113	5136	-15864	-3936	-644	2369
-3496	6244	-16776	-6164	-2092	4064
73	6445	-19672	-2672	-1684	6225
-3337	6007	-15216	-2112	-1572	5451
-3820	6138	-17920	-3524	-156	2188
-312	6238	-18744	-3400	-2756	-1649
-2112	7130	-16024	-3132	-2268	-1054
-2080	8272	-16504	-1308	-64	-603
676	9188	-18352	-840	-412	-2362
-996	9057	-17624	-2204	-3236	-1761
-2005	8825	-17416	-820	332	1195
-2084	8571	-18492	1128	116	964
-823	8373	-17968	1728	-556	463
-2612	7123	-16448	1880	68	1396
-1794	5433	-16376	3592	-1380	-665
-772	3783	-15376	2408	-312	-1815
-458	3136	-15456	2268	1032	-127
551	2592	-16592	2460	1064	1316
-239	2630	-15948	2860	100	2895
-1597	2503	-15432	3260	160	2907
-1754	1856	-15148	2212	44	2145
39	1008	-15376	3092	-300	1485
829	87	-15880	3516	152	254
1070	-201	-15508	2532	432	-270
306	112	-15884	2880	-248	-971
549	368	-15804	3260	-1036	-2990
288	546	-16212	2472	128	-3962
-28	608	-15968	2516	-916	-4496
214	831	-16320	2924	-1004	-4512
-105	1143	-15292	2528	-40	-4545
-788	196	-14868	3180	128	-3135
1691	-1498	-16524	3252	-136	-2691
3347	-3000	-16948	3004	312	-1196
3052	-4390	-16184	2584	700	-716
2806	-6228	-17392	1148	-616	-148
5048	-8524	-19368	2140	-1632	187
5041	-9873	-19096	1392	-2288	-1404
3832	-10918	-18888	1416	-1580	-1854
3908	-11695	-20068	616	-2732	-4624
3618	-11446	-20892	-2552	-2224	-5791
1833	-10906	-19580	-2384	-2112	-4660
1046	-10362	-20288	-1320	-1992	-6596
2762	-9299	-19436	-4024	-1956	-4055
254	-8381	-15008	-5200	-2368	-851
-583	-7468	-13232	-3744	-784	1532
-582	-6948	-9760	-1308	-2396	2554
-2802	-5235	-8004	-3180	-4368	2056
-868	-2500	-14584	-7980	-2868	2699
918	-1301	-18440	-4396	-2792	1991
-646	-1399	-18552	-3900	-1764	-1721
-1770	-1985	-18044	-6964	-4354	-12299
7164	-25353	-14149	230	14846	26364
9471	26876	-14141	-23314	-21505	8704
-32002	-19455	28873	20715	-31489	2053
9981	-18424	11475	-28438	13565	8456
-15617	-11250	3286	15596	-15692	-5836
-3416	141	1331	4671	-17624	-3192
-2728	-2165	-3871	4656	-14676	-1848
-4420	-6388	-5016	4102	-12048	-1392
-4300	-6827	-4838	4570	-10280	-1272
-1220	-5155	-3595	5247	-9000	-484
-1276	-2987	-2164	6227	-8932	-1100
-1544	-2319	-122	6895	-9620	-2368
32	-323	791	6122	-10364	-3912
728	2483	1972	4550	-11648	-4028
820	846	1914	2732	-10300	-3880
-1032	-329	263	1192	-10844	-2036
12	-342	297	532	-11344	-1716
-672	-3160	177	232	-10764	-1476
-184	-4336	2101	-720	-11324	-4856
1148	-1522	2827	-1134	-13768	-4016
1860	1662	3995	-2065	-12576	-2232
-444	2539	2090	-3285	-10532	-2076
-16	2228	2708	-3625	-14036	-2916
-1852	230	3403	-4005	-9332	-916
-1808	-1944	1244	-4473	-9632	-1216
-1888	-4895	3698	-5085	-12508	-3196
-1820	-4072	2906	-4611	-13708	-3952
-1724	152	1604	-3659	-15044	-3808
-2096	1222	835	-2856	-15704	-3020
-2608	2185	-124	-1361	-17396	-4480
-3756	3652	150	-254	-15700	-3716
-2880	3457	-224	938	-16356	-3492
-2916	2413	1563	1881	-15028	-4460
-5024	1631	-1281	2432	-15852	-5816
-2420	1987	2963	2628	-19624	-3952
-3864	1201	-26	3210	-14020	-2424
-3288	1262	-1930	3909	-16756	-3764
-1904	1444	2958	4181	-20716	-3376
-3640	1438	-2312	4808	-14056	-1076
-3396	2826	-4560	5593	-20084	-1252
-4060	1511	-2476	6939	-15904	1100
-2664	38	-4314	7980	-17464	804
-1680	-1955	261	9355	-20660	668
-1812	-4183	-2595	9258	-16068	1668
-684	-4566	-3337	8706	-16764	488
528	-2828	-953	8330	-19080	12
720	331	-2804	7937	-16924	504
-32	4667	-4189	7514	-16720	984
-272	6999	-3215	5930	-16852	2256
-1124	7737	-2906	3780	-15640	3276
-1528	6465	-1566	1991	-16284	2940
-1032	4804	-196	394	-16224	3608
-1220	4396	-293	-414	-15712	4392
-1044	2735	-709	173	-15396	2912
-740	1545	-1126	1157	-15580	3048
-288	1946	-1250	1284	-15788	3404
-472	1893	-1018	474	-15540	3804
-936	1422	-1022	-549	-15680	3640
-772	-327	84	-530	-15748	3072
-292	-623	-26	-188	-15604	2928
-420	-696	-374	-442	-15104	2920
-472	-191	-1470	-478	-14800	2748
-416	32	-249	-437	-14916	3292
-684	162	-153	-752	-15220	2820
-408	853	509	-1000	-15920	3136
-1008	1547	537	-1322	-16132	3372
-1136	673	878	-1576	-17008	2184
-816	-209	2248	-2860	-17252	2072
-660	-1217	3332	-5179	-16936	1400
-604	-2123	3557	-8475	-18500	2508
-2380	424	5326	-10282	-20384	2472
-76	1254	4009	-9967	-19028	2880
-2728	-592	2681	-9075	-17504	2104
-2748	-1146	2327	-8462	-18496	-708
-616	-1461	2445	-8759	-19840	-3832
-1000	-3098	2284	-9374	-19404	-1184
-2852	-2749	463	-9722	-17840	1328
-2872	-5323	846	-9732	-19792	-5776
-2148	-2441	653	-10762	-18364	-5180
-776	-366	-1712	-9912	-17200	-2548
-2136	-2669	-2219	-9233	-16576	-3024
-3504	-1589	-2798	-8369	-16060	-3936
-1600	-506	-3181	-7443	-15852	-4676
-1756	-2858	-5430	-5692	-14104	-3816
-2772	-3771	-6482	-3733	-13180	-3288
-2492	-3374	-5499	-2695	-13300	-5684
-1316	-4688	-5014	-1760	-12976	-6664
-2356	-4480	-5648	108	-11840	-4808
-2264	-3546	-4539	1562	-12260	-5592
-964	-2297	-1623	2741	-15488	-6216
-2068	-2554	-833	3694	-14024	-5472
-1460	-1244	-2412	5168	-11844	-4380
876	966	-160	5652	-15528	-3476
1076	343	-256	6484	-14764	-3976
-428	-1380	-3089	7304	-11888	-4388
40	437	-4148	7647	-11944	-2248
-720	-2679	-3038	8037	-11524	-3384
-2176	-5970	-2273	8056	-10596	-4084
-816	-5854	-277	6677	-8676	-3464
-844	-5961	2467	5348	-9992	-5424
-804	-3414	5328	3608	-13228	-2472
508	1206	5267	2580	-12876	-1272
564	364	3593	1589	-12592	-2440
-252	2174	3672	618	-14188	888
-880	-455	2432	315	-13528	-3820
1888	121	2254	264	-15088	-1396
204	94	2535	386	-14308	-2020
632	-1376	1478	293	-14920	-1280
72	1664	1546	-245	-14556	-924
736	293	628	234	-12516	-436
-564	962	835	124	-12424	860
-1096	128	1040	125	-13244	-1136
-296	71	522	457	-12020	-1060
-520	300	542	-7	-14704	-96
-532	-197	597	811	-14532	-1364
460	555	-1409	914	-14016	-1844
520	1131	-1349	-255	-15096	-956
-2064	117	-2844	268	-13852	-2064
-1868	-1581	-2224	454	-13756	-2048
-2400	-3319	-1455	-558	-14788	-1800
-3020	-3412	668	-1064	-13264	-2716
-836	-2079	1187	-1612	-13576	-4000
-2028	379	2156	-2128	-13844	-2500
-2092	1625	2065	-1658	-13684	-2408
-2372	1266	3317	-1516	-16496	-2756
-2356	925	3182	-1037	-14600	-3156
-1692	1188	-15912	-3624	-2660	274
3748	-742	-16148	-2808	-2484	1950
558	-925	-11412	-2672	-1172	1652
2083	-515	-17656	-3168	-2412	1441
3733	-268	-14256	-936	-3024	2288
-1617	995	-12436	-1568	-1912	3685
3469	2042	-18344	-2344	-2036	3859
710	3455	-12636	-960	-2556	5429
-1584	5802	-17168	-232	-2660	4891
1867	7096	-18076	-344	-2588	4046
-2424	8851	-15968	1008	-3744	2729
-1327	11886	-19164	724	-2764	744
308	13810	-22124	764	-3848	1363
-1310	14031	-19736	2012	-2464	2262
-3751	12870	-18848	3052	-1408	4209
-2340	10859	-19288	3440	-1980	6144
-2540	7859	-16808	4460	-2120	7634
-17228	4888	-2448	7783	-232	3325
-18664	5596	-2196	6234	-545	1682
-16604	6192	-2912	4514	-416	-226
-15696	6028	-2368	2418	919	-1904
-16536	6344	296	227	737	-1726
-18008	7016	-248	-3787	-431	-639
-15508	4980	-772	-3666	-1656	-153
-14420	3404	-152	-401	301	-180
-16284	3908	-804	2868	699	-721
-17228	4812	-1268	3018	-1861	149
-15756	3496	-1524	2040	-1848	653
-15648	4556	-2016	732	-1325	779
-16132	3368	-1840	185	-496	340
-16364	4112	-2004	-175	-576	-875
-16540	4164	-1408	-2679	-1587	-849
-15008	3620	-2032	-3020	-1400	-718
-15568	4240	-1888	-3104	38	-726
-16776	3428	-1776	-2942	-885	-1347
-15272	4580	-1908	-1707	-1602	-1801
-15756	4264	-2008	-3940	488	-2044
-16332	3920	-1588	-3684	-122	-1940
-15640	3240	-1020	-2963	-34	-2441
-14764	2968	-1044	-2559	-14	-3424
-15168	1612	-532	-3075	785	-4536
-15784	1112	-588	-2060	541	-5848
-15128	2284	116	-1879	28	-6669
-15160	1312	496	-1755	-417	-6887
-14532	1232	468	-1688	-756	-6847
-14320	-216	476	-1946	-1729	-6334
-13824	-832	756	-44	-2169	-6072
-14100	804	948	1620	-1501	-5336
-14664	944	1048	-845	-2621	-4253
-13208	-1124	644	-1023	-3280	-3716
-13236	-1156	996	420	-1523	-3453
-14140	48	556	177	-1878	-2980
-14644	-1184	2512	12	-2800	-2263
-15176	-1580	2592	2177	-3118	-1639
-14864	-592	1112	-353	-3295	-1202
-15000	-2272	232	-135	-3389	-1684
-15668	-864	772	1744	-2774	-2370
-15848	-548	772	175	-3316	-2353
-15692	-1836	276	-354	-2781	-2263
-16236	-1536	700	-431	-2136	-2493
-16168	-1432	1308	-1079	-2903	-2675
-15520	-2140	1560	-879	-2974	-2809
-14820	-1072	1112	-763	-2305	-2762
-15268	-1788	900	-900	-2205	-2866
-15032	-2628	1732	542	-3218	-3197
-14872	-2444	1972	721	-2630	-3355
-14440	-1512	1664	-1320	-3205	-3237
-13636	-2528	2220	-3663	-3456	-3372
-13672	-2828	3572	-3851	-3044	-3392
-13936	-2716	4408	-5074	-2689	-2814
-13888	-2936	3648	-6015	-2743	-1765
-14000	-4196	3868	-3803	-2410	-1633
-14272	-4156	3912	-998	-1213	-1779
-15448	-4028	3568	206	-1166	-1570
-14340	-4064	3416	2272	-2211	-1923
-14420	-4140	2392	1714	-44	-2306
-16252	-4872	2536	1946	-10	-2272
-15188	-4884	2048	2673	-1198	-1889
-14572	-4796	1492	2577	-332	-1744
-15372	-5128	2388	1563	-659	-1322
-14496	-4464	3540	-162	-2117	-838
-13680	-4188	2964	-3506	-1109	-774
-13764	-5924	2792	-4331	-1916	-1217
-12212	-5480	3120	-3224	-1581	-1980
-13840	-4824	3936	-2528	-235	-2090
-15932	-3584	5156	-1920	-1543	-507
-15452	-3132	5028	-4883	-3114	1667
-14616	-5936	2736	-7353	-2479	2881
-13696	-7864	156	-824	-126	1730
-13332	-5024	4424	37	120	944
-12564	-3028	7936	-8242	759	332
-14228	-7992	6200	-7435	-282	-356
-13396	-6624	5516	-1978	-349	-375
-14652	-6352	4464	-376	276	-679
-15256	-7628	4192	1416	-1118	-938
-13788	-6300	3956	2617	-243	-1856
-14616	-4636	4464	1951	71	-1855
-13704	-4232	4320	2116	-810	-1566
-13388	-4100	3832	2521	250	-1018
-14144	-3672	4996	1570	193	-239
-14388	-5156	4300	148	330	93
-14832	-4428	3704	-1535	648	388
-14788	-6180	4088	-1603	-635	265
-13440	-3776	4484	-1506	-1856	466
-13616	-4852	5504	-1630	-725	534
-14236	-5836	5184	-2295	39	156
-13176	-5876	4260	-2364	-349	17
-13772	-6340	3820	-673	1375	-286
-15272	-4560	5068	-794	-1138	203
-13420	-4476	5160	-1148	-1743	1350
-14776	-6704	4416	4040	-7	-743
-15260	-6068	4472	8151	-778	-412
-14592	-4376	4948	6806	235	-1511
