0	0	0	0	0	0
-14560	-3316	2920	-1710	774	-1378
-15128	-3340	1788	-1765	2657	-220
-14972	-3336	1528	-1152	3221	-1186
-18256	-4296	2072	-1454	1217	-66
-16708	-2908	2908	-255	-2483	-4929
-13824	-7760	-3500	-543	1493	191
-12644	-5544	1092	-515	4466	1450
-16168	-5016	628	7157	790	819
-14420	-564	292	2319	817	-294
-16080	-3460	952	-2304	-46	190
-14456	-4168	1208	-22	-868	273
-14644	-3140	1344	-195	987	-13
-15800	-3432	1540	-525	-63	99
-14844	-3272	1324	-573	-126	-39
-15432	-3644	1496	-294	317	-214
-15312	-3380	1220	198	26	-237
-15172	-3304	1304	-302	95	-197
-15228	-3444	1064	-567	46	-167
-15116	-3432	1024	-46	134	-22
-15180	-3140	1144	-412	164	-26
-15180	-3552	1348	-737	48	19
-15300	-3668	1312	-321	297	-44
-15592	-3484	1224	68	196	33
-15248	-3496	1436	-243	-237	129
-14872	-3884	1392	178	161	-10
-15096	-3568	1268	913	235	-95
-15200	-3512	1436	660	-25	84
-15076	-3652	1248	619	-230	49
-15016	-3808	1504	1408	-306	29
-15436	-3128	1036	1362	-64	252
-15276	-3356	1116	1025	-711	549
-15096	-3384	1240	1013	-309	499
-15396	-2908	1392	738	38	385
-15816	-3328	1580	179	-177	361
-15076	-3156	1448	-21	-190	276
-15572	-3104	1696	175	221	132
-15320	-2976	1764	-71	-237	229
-15184	-3064	1624	-366	-217	275
-14972	-3388	1628	17	-12	172
-15248	-3152	1472	192	-19	167
-15156	-3104	1284	152	-136	225
-15040	-3132	1600	96	-207	325
-15336	-3152	1448	434	34	277
-15296	-3092	1724	472	-333	333
-15024	-3424	1740	519	-378	309
-15308	-3096	1428	624	58	85
-15464	-2860	1928	249	-329	-8
-15092	-2848	1780	59	-134	84
-15580	-3128	1380	210	-93	4
-15132	-2856	1452	174	-281	-41
-15300	-2780	1652	-63	60	-42
-15108	-3036	1836	-180	-35	-51
-14972	-3036	1864	34	75	-39
-15272	-2760	1532	-181	263	-47
-15164	-2840	1844	-611	-263	60
-15136	-3236	1712	-517	172	-32
-15396	-3088	1908	-137	130	46
-15140	-2880	1800	-502	131	17
-15268	-3136	1668	-599	111	40
-15276	-3032	1776	-167	241	13
-15180	-2700	2004	-374	102	33
-15072	-2928	1772	-470	162	18
-15384	-3136	1580	-223	354	78
-15604	-2892	1972	-271	61	228
-15104	-2904	1908	-367	6	207
-14928	-3168	2000	-133	189	52
-15156	-3016	1856	-59	324	-16
-15388	-2916	1684	-322	10	-17
-15260	-3072	1736	-507	-45	-30
-15168	-3028	1704	-280	69	-27
-15436	-3032	1812	-235	290	-107
-15212	-2980	1716	-338	55	-17
-15000	-2824	1612	-364	172	44
-15364	-2988	1772	-319	78	-5
-15260	-2924	1852	-281	146	-26
-15320	-2896	1764	-320	17	-4
-15168	-2868	1772	-339	-38	-57
-15400	-2980	1928	-301	168	-93
-15280	-2972	1688	-425	-49	-71
-15156	-2852	1704	-562	-52	-47
-15012	-2812	1740	-751	11	13
-15524	-3084	1704	-663	294	-17
-15564	-2944	1536	-397	-30	52
-15196	-2768	1876	-697	-19	-26
-15032	-2952	1828	-485	123	-93
-15244	-2936	1736	-194	233	-128
-15304	-2804	1900	-651	-55	-39
-15156	-3048	1608	-1011	-213	9
-15296	-3056	1572	-548	6	-63
-15444	-3056	1608	-694	-31	-84
-15216	-3068	1596	-843	-128	-149
-15168	-3032	1676	-530	183	-240
-15452	-3032	1664	-509	163	-275
-15232	-2984	1740	-563	-25	-177
-15132	-2964	1976	-498	57	-204
-15332	-2936	1940	-440	137	-158
-15348	-3084	1732	-426	128	-22
-15532	-2920	1648	-285	-45	68
-15288	-3088	1752	-391	-8	16
-15632	-3296	1728	30	246	71
-15308	-2976	1908	-146	-211	135
-14888	-3308	1636	-21	91	0
-15284	-2900	1864	550	450	-83
-15320	-2804	1832	-20	65	28
-15096	-3152	1644	14	83	60
-14908	-2836	1784	214	82	-45
-14996	-2760	1788	-334	228	-35
-15560	-2896	1428	-636	62	56
-15188	-2880	1384	-690	-167	96
-15148	-3048	1824	-990	3	149
-15212	-2876	1776	-822	146	101
-15504	-2800	1816	-853	-56	170
-15104	-2896	1924	-1070	-122	146
-15540	-3024	1928	-887	75	76
-15472	-2804	1928	-880	-360	175
-15128	-3140	1764	-907	-207	96
-15276	-3060	1568	-477	15	-25
-15300	-2956	1808	-506	39	-58
-15300	-3120	1552	-418	21	-35
-14984	-2964	1780	-222	-84	45
-15020	-3036	1580	-319	276	-57
-15320	-3276	1748	-14	192	-76
-15204	-2824	1812	146	303	-143
-15484	-3104	1748	-151	250	-160
-15212	-3092	1704	78	185	-228
-15068	-2792	1844	130	376	-328
-14896	-2876	1836	48	190	-284
-15120	-2812	1728	-99	366	-142
-15364	-2900	1556	-541	70	-182
-15220	-2932	1464	-573	89	-118
-15356	-3176	1708	-777	56	-29
-15108	-2924	1668	-664	-68	-47
-15380	-3060	1804	-734	268	-59
-15480	-2844	1748	-623	77	-59
-15448	-2896	1816	-710	51	-90
-15128	-2936	2036	-597	70	-113
-15124	-2980	1800	-464	204	-169
-15256	-2692	1752	-483	109	-125
-15364	-3048	1720	-730	78	-132
-15232	-3124	1604	-505	187	-146
-15192	-3024	1548	-661	80	-118
-15152	-3200	1728	-703	240	-128
-15480	-3096	1780	-549	359	-198
-15460	-3100	1584	-580	183	-183
-15300	-3016	1808	-539	97	-181
-15152	-3088	1776	-355	337	-324
-15292	-2932	1768	-128	197	-454
-15180	-2988	1360	-337	279	-476
-15372	-3104	1624	-567	-67	-299
-14860	-3192	1572	-647	-271	-372
-15012	-3404	1540	-417	52	-546
-15408	-2840	1172	-1116	-16	-652
-15444	-3060	1376	-1503	-355	-595
-15048	-3220	1836	-1451	-14	-643
-15408	-3400	1796	-1045	210	-584
-15528	-3236	1736	-785	-81	-506
-15200	-3404	1908	-972	-17	-533
-15020	-3788	1768	-397	198	-534
-14692	-3888	1584	286	362	-630
-15236	-3604	1660	424	833	-823
-15356	-3916	1580	359	109	-602
-14792	-4104	1516	952	266	-624
-15320	-3776	1488	1362	574	-593
-15636	-3440	1212	706	68	-346
-15048	-3320	1428	334	-152	-216
-15216	-3128	1236	70	334	-165
-15240	-3188	1796	-40	-6	113
-15344	-2912	1668	-491	325	243
-15340	-3232	1984	-1202	37	321
-15268	-3528	1616	-1226	-171	418
-15260	-3772	1552	-910	154	317
-15112	-3504	1380	-924	-118	395
-14460	-3972	1408	-833	-341	403
-14884	-3756	1412	-27	599	206
-15872	-3328	1600	-773	43	412
-14844	-3760	1640	-1155	-585	510
-15184	-3784	1356	-391	396	153
-15988	-3304	1700	-819	-241	195
-15100	-3280	1572	-1264	-508	18
-14920	-3100	1604	-906	297	-119
-15352	-3152	1860	-941	58	-29
-14888	-3232	1884	-990	-151	127
-15088	-3484	1636	-799	114	83
-15048	-3424	1568	-1213	-146	76
-14836	-3636	1568	-1288	-159	51
-15104	-3628	1560	-1029	89	-37
-15320	-3764	1428	-1128	-115	41
-14568	-3900	1544	-828	-305	62
-15128	-3704	1520	-71	565	-110
-15668	-3444	1696	-288	85	10
-14664	-3296	1632	-177	-112	-76
-14916	-3572	1672	27	549	-232
-15540	-3216	1548	-99	71	-54
-15076	-3424	1428	-804	-292	74
-14688	-3676	1400	-321	201	-68
-15372	-3192	1308	-311	439	46
-15460	-3420	1448	-914	-185	231
-14832	-3636	1524	-549	-38	223
-15108	-3408	1448	-244	541	64
-15580	-3264	1732	-505	123	148
-15164	-3428	1696	-632	-127	216
-15056	-3448	1588	-303	353	48
-15484	-3216	1608	-443	112	124
-15280	-3544	1648	-376	86	63
-15104	-3448	1520	-112	265	39
-15464	-2988	1580	-266	260	139
-15324	-3300	1392	-687	-20	142
-15120	-3548	1588	-281	-42	90
-15136	-3272	1508	-290	335	30
-15560	-3396	1580	-566	-73	139
-15040	-3440	1452	-475	31	69
-15284	-3324	1516	-124	178	106
-15108	-3232	1728	-104	-131	143
-15180	-3488	1716	-48	295	-74
-15512	-3336	1648	156	-57	-58
-14916	-3180	1572	-417	-320	-27
-15116	-3348	1312	-338	155	-227
-15484	-3224	1540	-50	-159	-104
-15036	-3104	1280	-462	-166	-81
-15304	-3316	1516	-341	75	-73
-15164	-3056	1768	-304	-130	-86
-15072	-3132	1760	-695	2	-82
-15456	-3368	1596	-641	-48	-95
-15200	-3132	1568	-733	-232	-102
-15412	-3196	1604	-917	-15	-164
-15244	-3276	1672	-861	-347	-139
-15308	-2908	1148	-1166	110	-259
-15396	-2820	1460	-1606	-435	-28
-14768	-3176	1452	-2088	-324	29
-15008	-3352	1588	-1793	172	48
-15376	-3364	1840	-1604	44	196
-15340	-3732	1840	-1583	-200	297
-15308	-3568	1768	-827	-90	230
-15336	-3568	1696	-747	-230	218
-15116	-3668	1612	-268	-199	99
-15348	-3444	1800	102	24	-43
-15116	-3188	1600	-217	-196	-28
-14760	-3296	1456	-123	-8	-80
-15332	-3180	1448	-192	224	-69
-15440	-3260	1456	-687	-341	109
-14956	-3440	1540	-615	-291	37
-15072	-3280	1444	-366	329	-67
-15652	-3296	1456	-291	164	94
-15184	-3280	1728	-571	-97	256
-14892	-3592	1660	-190	207	267
-15228	-3376	1680	321	494	106
-15600	-3184	1804	-94	122	137
-15032	-3428	1776	-181	-254	92
-15020	-3188	1612	-68	436	-146
-15712	-3196	1908	-158	45	-7
-15096	-3180	1728	-197	-194	137
-15000	-3264	1608	-43	338	53
-15372	-3128	1668	-67	95	109
-15160	-3312	1624	-258	16	96
-15200	-3296	1580	-5	181	55
-15068	-3136	1724	-152	36	41
-15216	-3344	1772	-134	210	-13
-15540	-3240	1780	-33	65	92
-15188	-3192	1620	-24	-13	113
-15104	-3200	1852	-97	41	49
-15228	-3020	1628	-202	185	-45
-15420	-3096	1920	-250	-46	-97
-14996	-3120	1744	-506	-128	-76
-15152	-3084	1528	-377	177	-217
-15456	-3020	1612	-239	16	-173
-15204	-3004	1540	-549	-82	-10
-15236	-3216	1540	-396	41	-25
-15200	-3100	1672	-216	93	27
-15168	-3164	1676	-481	63	-41
-15284	-3156	1744	-415	53	-84
-15296	-3264	1924	-470	59	-84
-15076	-3448	1868	-511	-133	-99
-15176	-3400	1556	-204	228	-211
-15560	-3304	1812	-195	50	-106
-15024	-3320	1748	-239	-166	-46
-14892	-3288	1744	197	287	-185
-15572	-3072	1684	137	312	-171
-15428	-2916	1660	-281	-112	-18
-15096	-3304	1856	-306	-22	-96
-15152	-3052	1612	-163	288	-162
-15264	-3084	1868	-427	7	-32
-15132	-3156	1772	-358	181	-29
-15516	-3192	1660	-80	128	67
-15096	-3068	2024	-237	-92	127
-15028	-3308	1812	-278	210	-73
-15280	-3324	1824	142	318	-115
-15300	-2944	1860	-383	-135	-17
-14916	-3532	1664	-473	-77	-78
-15364	-3112	1744	-66	216	-91
-15472	-3056	1788	-551	-154	84
-15020	-3448	1444	-348	-123	77
-14852	-3168	1700	-196	372	-120
-15452	-3172	1652	-372	215	-42
-15300	-3320	1572	-443	-42	74
-14888	-3076	1700	-556	58	10
-15168	-3152	1748	-481	210	5
-15464	-3144	1812	-469	137	30
-15128	-3140	1760	-495	-40	68
-15096	-3208	1848	-437	111	15
-15164	-3404	1728	-276	4	-45
-15136	-3072	1700	-265	63	-50
-15260	-3200	1660	-547	-131	-18
-15140	-3316	1572	-345	-17	-111
-15112	-3208	1840	-198	154	-121
-15324	-3116	1532	-343	65	-57
-15368	-3240	1764	-493	27	35
-15208	-3316	1804	-272	115	47
-15112	-3040	1796	-376	132	-41
-15064	-3300	1844	-204	152	-102
-15264	-3056	1764	-342	146	-51
-15280	-3268	1652	-567	-97	-23
-15192	-3320	1600	-154	-77	-49
-15332	-3024	1600	-438	61	-79
-15340	-3428	1684	-389	45	-106
-15128	-3100	1672	-151	203	-103
-15144	-2916	1752	-571	74	-56
-15256	-3220	1972	-594	133	-57
-15268	-3316	1744	-421	86	-39
-15280	-3120	1760	-547	130	-20
-15252	-3228	1700	-335	132	-79
-15332	-3212	1732	-308	171	-171
-15132	-3220	1628	-289	75	-180
-15124	-3068	1768	-367	93	-130
-15144	-3264	1580	-621	58	-93
-15140	-3276	1732	-519	91	-49
-15448	-3308	1496	-732	79	-40
-15160	-3156	1564	-794	31	-67
-15268	-3372	1900	-588	288	-44
-15412	-3296	1720	-410	268	-5
-15476	-3256	2020	-282	-25	79
-14972	-3088	1852	-498	111	12
-15364	-3400	1832	-421	213	-162
-15360	-3180	1784	-154	40	-42
-15000	-3084	1668	-886	-199	73
-15048	-3508	1268	-500	13	-52
-15452	-3116	1616	-265	152	24
-15316	-3160	1636	-752	-125	142
-15132	-3524	1588	-402	117	134
-15288	-3212	1748	-234	313	80
-15408	-3304	1768	-526	65	75
-15096	-3504	1864	-246	26	33
-15144	-3204	1848	-315	156	-103
-15216	-3392	1844	-309	18	-100
-15212	-3240	1624	32	151	-51
-15128	-3112	1544	-185	6	13
-15008	-3216	1480	-268	58	-8
-15340	-3352	1668	-117	234	28
-15264	-3076	1632	-249	-80	115
-14964	-3300	1560	-436	104	26
-15228	-3324	1640	-170	383	-12
-15488	-3340	1804	-278	109	64
-15088	-3320	1704	-282	29	119
-15184	-3044	1616	-170	344	29
-15556	-3204	1956	-85	117	63
-14956	-3024	1864	-278	-89	48
-15052	-3316	1652	-215	264	-171
-15452	-3004	1672	-232	124	-79
-15288	-3108	1568	-775	-168	33
-14924	-3508	1488	-318	20	-62
-15280	-3100	1672	-217	260	-12
-15316	-3132	1720	-308	13	31
-15416	-3224	1728	-38	168	9
-15308	-2908	1860	-236	-59	1
-15044	-3100	1668	-465	28	-104
-15296	-3144	1796	-291	124	-120
-15364	-3040	1732	-462	-48	-83
-15116	-3156	1644	-411	-36	-55
-15152	-3172	1680	-221	104	-51
-15364	-3292	1608	-232	6	-32
-15132	-3012	1640	-175	-38	-9
-15168	-2976	1588	-329	47	-39
-15232	-3168	1644	-259	32	-36
-15188	-3072	1644	-292	42	4
-15304	-3016	1680	-480	-66	-60
-15144	-3148	1516	-498	149	-36
-15308	-3260	1872	-188	131	36
-15260	-2992	1520	-262	92	72
-15304	-3288	1980	-149	24	100
-15052	-3180	1892	-154	179	4
-15372	-3224	1860	-127	207	-162
-15332	-3116	1876	-342	-140	-67
-15024	-3144	1740	-675	-256	-102
-15208	-3284	1516	-219	258	-224
-15636	-2972	1604	-393	-33	9
-14996	-3236	1652	-642	-229	48
-15108	-3416	1588	21	394	-159
-15436	-2908	1772	-14	207	-52
-15156	-3204	1716	-379	-98	20
-14880	-3136	1616	-97	175	-47
-15432	-2940	1596	-305	214	-40
-15376	-3252	1552	-438	-41	73
-15088	-3068	1636	-279	114	87
-15312	-3076	1692	-339	131	49
-15348	-3296	1680	-299	72	61
-15212	-3108	1764	-175	48	30
-15112	-3084	1748	-359	42	-37
-15180	-3196	1728	-310	92	-19
-15312	-3112	1652	-276	95	-4
-15200	-3016	1692	-350	2	19
-15232	-3240	1748	-591	-20	96
-15140	-3460	1784	-158	169	69
-15480	-3020	1908	-104	174	67
-15148	-3048	1564	-526	-162	-25
-14956	-3372	1856	-184	47	-267
-15400	-2772	1660	-334	286	-275
-15380	-3004	1572	-906	-336	-62
-15068	-3112	1580	-845	-4	-54
-15316	-3048	1640	-676	140	-23
-15388	-3032	1688	-612	135	-1
-15168	-3036	1720	-523	80	-26
-15160	-3028	1908	-468	75	-38
-15276	-3096	1612	-485	208	-45
-15404	-3024	1720	-538	30	80
-15036	-3212	1896	-695	43	96
-15292	-3240	1772	-432	313	63
-15468	-3188	1888	-439	56	123
-15064	-3236	1948	-566	-155	153
-14816	-3516	1584	-192	183	17
-15344	-3224	1600	123	293	-126
-15544	-3032	1676	-277	-72	-67
-15116	-3200	1604	-378	-123	-69
-15044	-3052	1464	-272	131	-117
-15372	-2944	1612	-419	201	-73
-15360	-2968	1624	-528	57	107
-15308	-3180	1704	-372	71	83
-14960	-2936	1940	-316	110	66
-15164	-3040	1792	-172	268	-113
-15440	-3036	1828	-29	226	-57
-15108	-3008	1792	-593	-182	35
-14996	-3336	1576	-436	-37	-38
-15352	-3112	1628	-166	207	-77
-15528	-2972	1620	-655	-228	115
-14916	-3232	1468	-603	-162	-14
-15136	-3276	1552	-213	188	-107
-15436	-2864	1680	-405	186	-158
-15316	-3164	1708	-441	-119	-102
-15016	-3068	1780	-321	178	-156
-15208	-3200	1816	-288	136	-73
-15340	-3140	1868	-353	1	-52
-15204	-3048	1812	-494	-53	-30
-15132	-3212	1756	-424	-18	-103
-15280	-3064	1664	-329	145	-133
-15300	-3084	1796	-491	-238	-61
-14952	-3304	1564	-539	69	-154
-15336	-3268	1644	-205	126	-98
-15312	-3064	1688	-439	61	-84
-15160	-3292	1500	-433	16	-54
-15304	-3224	1724	-124	301	-71
-15504	-3168	1812	-149	155	20
-15096	-3000	1860	-348	-8	-40
-15124	-3144	1732	-135	226	-255
-15348	-2884	1828	-267	51	-48
-15208	-3232	1776	-711	-136	55
-15176	-3180	1544	-293	52	33
-15376	-3144	1768	-478	65	46
-15144	-3308	1728	-414	42	6
-15348	-3056	1728	-132	200	-65
-15232	-3004	1672	-310	60	-47
-15220	-3160	1648	-373	67	-76
-15276	-3068	1648	-362	131	-47
-15268	-3072	1948	-456	65	30
-15348	-3032	1560	-418	57	105
-15360	-3128	1744	-384	74	70
-15436	-3096	1920	-343	41	101
-15152	-3208	1628	-315	-19	107
-15040	-3268	1816	-246	142	16
-15220	-2992	1660	-269	122	2
-15212	-3252	1784	-401	-90	35
-15012	-3108	1704	-279	111	-31
-15360	-3172	1800	-248	193	-48
-15308	-2960	1388	-285	123	24
-15268	-3072	1820	-377	90	78
-15012	-3068	1704	-330	79	101
-15268	-3156	1680	-176	450	-118
-15444	-2868	1960	-105	83	0
-15148	-2916	1708	-714	-128	143
-15144	-3376	1612	-352	96	21
-15460	-3016	1624	-363	280	113
-15256	-3160	1704	-530	-85	169
-15112	-3284	1612	-236	220	27
-15188	-2904	1856	-323	162	-46
-15312	-3096	1596	-531	67	-66
-15288	-3116	1804	-486	133	-57
-15236	-3116	1796	-526	114	-19
-15160	-3100	1768	-371	188	-77
-15132	-2964	1880	-300	258	-80
-15284	-3132	1720	-331	148	-5
-15320	-3136	1844	-247	-49	41
-15112	-3028	1668	-217	101	-38
-15316	-3172	1612	-234	63	-30
-15260	-3104	1668	-196	130	-101
-15336	-3068	1732	-384	139	-24
-15204	-3132	1632	-169	7	-9
-15204	-2828	1540	-263	277	-23
-15484	-3000	1572	-312	125	58
-15140	-3052	1776	-227	116	52
-15276	-2964	1652	-167	279	-69
-15284	-2808	1636	-192	139	-25
-15224	-3076	1756	-654	-131	-35
-15196	-3132	1544	-388	121	3
-15536	-2908	1732	-467	-19	148
-15060	-3048	1608	-805	-324	160
-15088	-3208	1572	-366	125	-77
-15496	-2940	1460	-363	112	-190
-15264	-3016	1600	-787	-285	-66
-14936	-3096	1556	-592	-17	-139
-15428	-2988	1484	-662	181	-139
-15468	-2988	1372	-835	-106	28
-15232	-3072	1684	-843	-15	50
-15204	-3168	1812	-553	125	8
-15296	-3052	1692	-327	246	-12
-15316	-2936	1616	-409	131	19
-15144	-3088	1816	-464	-40	83
-15060	-3020	1756	-375	16	15
-15268	-2964	1880	-425	102	93
-15464	-3152	1912	-503	-103	179
-15160	-3032	1424	-434	-34	152
-15492	-3212	1896	-261	124	112
-15060	-2980	1812	-280	-84	-2
-15040	-3120	1612	-166	218	-196
-15380	-2900	1552	-241	170	-91
-15296	-3016	1716	-586	-207	35
-15024	-3196	1480	-480	-26	-46
-15340	-2932	1664	-443	201	-7
-15404	-3016	1648	-544	10	37
-15312	-3248	1616	-265	110	-10
-15156	-2872	1600	-226	124	-101
-15164	-3112	1408	-307	334	-209
-15408	-2888	1664	-291	114	-117
-15252	-2860	1720	-673	-21	72
-14976	-3228	1812	-517	60	-6
-15420	-2988	1628	-278	392	-15
-15508	-2908	1980	-429	-53	106
-15036	-3140	1868	-411	-110	34
-15280	-3104	1756	-135	248	-67
-15548	-2900	1788	-326	56	5
-15068	-3104	1648	-550	-78	24
-15164	-3064	1636	-373	182	-18
-15388	-2984	1544	-402	110	14
-15444	-3044	1376	-595	34	129
-15224	-3200	1896	-271	-17	151
-14964	-2992	1556	-237	341	-59
-15448	-3020	1796	-121	286	-112
-15404	-2744	1688	-498	-104	17
-15120	-3172	1476	-906	-273	-2
-15196	-3112	1680	-335	126	-159
-15544	-2844	1644	-522	-24	-53
-15104	-3156	1516	-611	-195	-89
-15136	-2948	1560	-176	201	-124
-15560	-2756	1768	-592	34	-88
-15336	-3132	1680	-612	-177	-68
-15008	-2960	1660	-468	77	-112
-15288	-2936	1628	-650	85	-100
-15420	-3100	1772	-554	-103	-30
-15184	-3092	1732	-480	-56	-50
-15016	-3088	1728	-441	23	-136
-15300	-3040	1664	-337	148	-124
-15344	-3044	1660	-464	-40	-74
-15152	-2976	1460	-452	9	-86
-15160	-3016	1764	-386	84	-114
-15280	-3028	1636	-255	124	-76
-15308	-2872	1584	-321	33	-32
-15224	-2956	1484	-601	50	-12
-15264	-3092	1964	-319	133	6
-15128	-2876	1648	-489	331	-40
-15368	-3060	1720	-363	204	-103
-15256	-2696	1808	-495	96	21
-15304	-3180	1816	-777	3	80
-15212	-3088	1600	-136	140	29
-15292	-2780	1628	-435	111	79
-15180	-3116	1652	-447	19	74
-15344	-3116	1584	-100	245	-5
-15268	-2832	1652	-345	34	18
-15240	-3016	1616	-683	91	-37
-15144	-3108	1644	-422	204	-37
-15288	-2956	1464	-650	148	55
-15280	-3072	1648	-597	-6	72
-15372	-3160	1688	-391	172	64
-15236	-3156	1680	-43	70	41
-15184	-2968	1776	-37	160	-90
-15220	-3228	1576	-40	146	-79
-15232	-2980	1680	-146	39	22
-15360	-3084	1584	-384	41	13
-15140	-2880	1584	-334	48	-5
-15288	-2964	1636	-247	233	-48
-15400	-2936	1464	-273	181	84
-15352	-3192	1644	-70	109	108
-15068	-2828	1628	-89	181	93
-15224	-2968	1780	-208	309	-70
-15408	-2864	1704	-112	101	-39
-15240	-2832	1628	-718	-39	75
-15156	-3172	1560	-482	49	-19
-15364	-2876	1528	-311	226	38
-15344	-3040	1660	-491	-157	128
-15164	-3192	1580	-132	83	27
-15232	-2952	1704	-129	146	-53
-15344	-2952	1640	-317	1	-24
-15192	-3060	1588	-168	97	0
-15268	-2860	1656	-455	-93	57
-15124	-3116	1444	-516	-7	0
-15528	-3088	1552	-282	122	-34
-15256	-2884	1612	-319	-78	1
-15084	-3020	1692	-238	105	-52
-15392	-2964	1716	-129	241	-51
-15424	-2824	1620	-363	-8	53
-15128	-2984	1652	-463	-93	-9
-15116	-2972	1456	-305	290	-132
-15460	-2856	1780	-422	171	-47
-15420	-2844	1560	-461	-37	94
-15224	-3040	1696	-278	60	57
-15136	-2944	1832	-307	116	15
-15200	-3024	1772	-206	290	-141
-15532	-2840	1868	-240	76	-79
-15124	-3008	1716	-587	-283	-43
-15148	-3068	1520	-512	59	-136
-15460	-3036	1752	-339	-28	-220
-15328	-3100	1596	-523	-211	-117
-15140	-3176	1608	-376	2	-272
-15504	-2836	1696	-374	-67	-353
-15276	-2872	1724	-940	-196	-357
-15072	-3076	1504	-802	-69	-388
-15212	-2940	1652	-769	108	-348
-15100	-2888	1704	-743	-13	-225
-15208	-2976	1640	-641	168	-173
-15312	-3148	1552	-288	92	-62
-15136	-2936	1648	-226	235	-17
-15364	-2976	1728	-210	116	-8
-15340	-3000	1816	-360	193	-47
-15264	-2904	1872	-512	143	25
-15248	-3056	1700	-542	28	33
-15180	-3036	1848	-622	59	49
-15364	-3072	1748	-490	69	68
-15324	-3112	1452	-355	240	75
-15300	-3208	1740	-187	111	161
-15056	-2880	1584	-261	242	54
-15280	-3184	1560	152	346	-77
-15212	-2712	1640	-168	183	40
-15256	-3104	1600	-566	-64	87
-15104	-3156	1476	-158	215	-43
-15600	-2840	1636	-324	217	24
-15288	-3100	1552	-420	27	47
-15312	-3060	1652	-171	272	-33
-15228	-2848	1624	-360	169	-25
-15264	-3160	1696	-357	223	-93
-15340	-3016	1708	-397	128	-19
-15244	-3064	1752	-491	27	7
-15200	-3280	1788	-223	123	-51
-15368	-3004	1592	-3	212	-20
-15408	-3068	1488	-134	62	42
-15232	-3140	1672	-85	20	124
-15092	-3156	1636	-6	132	62
-15332	-2900	1480	-6	229	1
-15452	-2976	1644	-331	-18	41
-15180	-3124	1496	-330	1	-11
-15240	-3032	1640	-197	182	-17
-15268	-2940	1616	-331	113	16
-15440	-3164	1716	-160	38	68
-15100	-2952	1804	-75	109	125
-15364	-2988	1692	-175	195	-34
-15292	-2860	1688	155	94	-29
-15244	-2832	1692	-365	-78	-24
-15072	-3016	1592	-230	-91	-78
-15336	-2876	1564	-182	73	-23
-15336	-2940	1672	-498	-236	52
-15140	-2960	1584	-326	27	-21
-15440	-2836	1448	-299	83	-22
-15224	-2872	1500	-346	-75	12
-15212	-2872	1584	-269	33	18
-15016	-2896	1472	-375	53	25
-15252	-2888	1488	-225	155	95
-15300	-2756	1588	-347	43	122
-15232	-3068	1548	-408	10	149
-15236	-2836	1496	-332	139	119
-15340	-2908	1672	-595	58	85
-15200	-3028	1456	-580	94	51
-15148	-2976	1576	-480	232	7
-15192	-3012	1632	-619	236	49
-15316	-3016	1684	-419	171	75
-15172	-2948	1548	-422	166	38
-15376	-3028	1764	-465	166	11
-15352	-2972	1864	-397	152	9
-15060	-2824	1724	-411	165	-94
-15324	-2876	1800	-504	75	-5
-15236	-2988	1604	-680	-152	35
-15204	-2996	1540	-534	-84	-25
-15364	-2832	1868	-615	-101	8
-15204	-3008	1440	-740	-21	-14
-15304	-2964	1436	-359	182	-125
-15448	-2668	1468	-525	63	-59
-15180	-2908	1496	-724	63	-51
-15192	-2800	1540	-352	213	-26
-15228	-2784	1464	-541	251	-36
-15340	-2944	1544	-549	256	-14
-15212	-2856	1532	-395	233	-32
-15416	-3008	1620	-412	315	-18
-15472	-2880	1628	-464	200	66
-15280	-2960	1820	-506	84	82
-15140	-3056	1572	-342	201	-7
-15520	-2820	1644	-416	159	-28
-15484	-2992	1812	-435	-56	12
-15224	-2972	1704	-216	-11	-62
-15404	-2848	1500	-200	99	-146
-15496	-2876	1780	-197	-11	-34
-15224	-2884	1728	-350	-13	-61
-15312	-2848	1604	-77	139	-88
-15268	-2684	1560	-341	-51	-25
-15024	-2792	1348	-502	-68	-159
-15224	-2928	1416	-373	-23	-197
-15388	-2612	1472	-704	-105	-133
-15332	-2864	1368	-739	-64	-119
-15408	-2808	1416	-479	56	-55
-15092	-2800	1452	-690	33	-34
-15316	-3032	1444	-369	154	-41
-15492	-2776	1540	-286	179	26
-15436	-2792	1676	-612	-107	79
-15148	-2928	1632	-461	70	6
-15352	-2828	1780	-359	315	-69
-15544	-2740	1740	-617	-28	18
-15148	-2912	1696	-703	-173	80
-15168	-2936	1652	-555	105	6
-15252	-2864	1532	-416	-78	65
-15112	-2928	1624	-382	-27	87
-15300	-3000	1436	-320	-1	40
-15320	-2904	1524	-322	138	23
-15388	-2996	1664	-355	0	42
-15016	-2860	1532	-483	-15	-29
-15072	-3000	1556	-259	340	-179
-15320	-2784	1744	-228	150	-6
-15284	-2924	1588	-685	-90	103
-15280	-3216	1460	-275	21	-80
-15224	-2852	1620	-258	230	-136
-15376	-2900	1696	-447	74	-145
-15344	-3020	1516	-109	123	-102
-15344	-2720	1640	-290	110	-95
-15208	-2924	1544	-355	131	-50
-15456	-2832	1528	-176	145	-67
-15324	-2680	1760	-483	-105	-11
-15216	-3060	1612	-520	4	-44
-15420	-2804	1596	-235	86	-115
-15360	-2808	1592	-435	-26	-87
-15292	-2868	1484	-347	37	-79
-15388	-2820	1392	-324	45	-64
-15312	-2868	1680	-410	-44	28
-15092	-2788	1284	-363	108	-3
-15424	-2836	1432	-334	158	-1
-15424	-2844	1672	-568	-54	61
-15244	-2972	1452	-351	17	37
-15208	-2880	1808	-197	198	-1
-15284	-2800	1392	-421	217	-58
-15412	-2940	1740	-122	121	-55
-15224	-2800	1844	-429	-82	125
-15224	-3072	1752	-497	-3	67
-15348	-3004	1808	-57	69	-96
-15460	-2672	1564	-420	-37	-78
-15216	-3084	1624	-364	-108	-160
-15300	-2820	1568	-101	142	-141
-15312	-2760	1596	-369	-34	-48
-15084	-3000	1612	-128	99	-28
-15252	-2768	1656	-111	162	-3
-15452	-3024	1768	-371	-90	50
-15224	-3040	1484	-43	23	-28
-15272	-2792	1592	-58	153	-79
-15308	-2932	1712	-173	21	-52
-15304	-2808	1592	121	136	-74
-15472	-2612	1592	-256	-49	5
-15252	-2884	1584	-307	-82	44
-15312	-2816	1588	-193	152	26
-15328	-2956	1636	-271	-68	25
-15040	-2816	1640	-328	-4	22
-15416	-2932	1608	-235	121	-99
-15300	-2804	1820	-168	-124	55
-15020	-2908	1488	-246	125	-49
-15320	-2716	1668	36	212	-59
-15376	-2588	1676	-376	-124	84
-15100	-2956	1552	-472	-94	42
-15452	-2840	1548	-388	50	-6
-15380	-2796	1948	-659	-242	60
-15184	-2896	1664	-489	71	-110
-15420	-2752	1564	-459	55	-134
-15308	-2968	1628	-663	-165	18
-15112	-3072	1532	-364	14	43
-15288	-2992	1652	-339	-10	120
-15004	-3024	1768	-380	7	-10
-15348	-3044	1604	-214	147	-127
-15348	-2844	1628	-395	20	-158
-15328	-2804	1580	-567	63	-252
-15436	-2856	1568	-679	86	-277
-15116	-2852	1668	-716	75	-311
-15160	-2648	1476	-738	230	-267
-15284	-2880	1804	-724	199	-137
-15144	-2792	1512	-543	177	-27
-15208	-2744	1508	-509	226	36
-15504	-2808	1832	-434	292	82
-15380	-2828	1788	-397	184	39
-15236	-2920	1800	-326	306	-61
-15124	-2808	1760	-308	275	1
-15320	-2876	1740	-510	113	127
-15400	-3056	1528	-407	19	214
-15344	-3004	1704	-392	31	227
-15340	-3020	1632	-422	116	53
-15428	-2976	1860	-279	92	-87
-15156	-2896	1516	-324	29	-190
-15216	-2920	1628	-352	209	-242
-15388	-2924	1648	-276	-19	-97
-15236	-2920	1560	-498	-124	-6
-15192	-3096	1564	-367	101	-27
-15560	-2944	1436	-189	133	-131
-15496	-2664	1512	-391	-51	-146
-15216	-2928	1776	-446	33	-154
-15180	-2948	1652	-108	200	-136
-15328	-2812	1632	-13	147	-100
-15132	-2712	1624	-203	10	35
-15168	-2776	1672	-290	10	56
-15536	-2844	1520	-305	61	77
-15584	-2708	1848	-560	-128	161
-14992	-2984	1592	-741	-154	25
-15188	-2992	1716	-236	265	-209
-15416	-2696	1728	-290	-14	-35
-15124	-2928	1840	-737	-378	55
-15004	-3124	1512	-305	-77	-15
-15516	-2860	1692	-424	5	31
-15416	-2964	1524	-691	-264	78
-15084	-3124	1516	-356	-68	-56
-15048	-2996	1536	-269	200	-208
-15500	-2944	1664	-245	103	-167
-15212	-2892	1672	-346	-234	2
-14984	-2956	1564	-328	-40	12
-15404	-2924	1664	-246	261	-33
-15720	-2820	1644	-423	18	65
-15284	-3036	1732	-460	-144	60
-15036	-2964	1748	-292	214	-85
-15528	-2864	1824	-207	148	-34
-15284	-2892	1808	-232	-88	-47
-15096	-2888	1916	-152	109	-108
-15308	-2788	1844	-197	128	-13
-15244	-2740	1720	-241	61	-25
-15436	-3044	1752	-319	-6	26
-15016	-2764	1700	-541	-73	-76
-15256	-2924	1648	-503	199	-257
-15312	-2788	1648	-400	-27	-123
-15108	-2864	1636	-746	-91	55
-15220	-3076	1604	-431	78	-45
-15396	-2780	1580	-231	228	6
-15372	-2880	1728	-406	-13	51
-15096	-2980	1856	-148	277	-51
-15384	-2700	1812	-296	276	-63
-15212	-2872	1888	-508	-35	-5
-15148	-2848	1704	-347	133	-56
-15132	-2704	1900	-651	59	3
-15276	-3100	1888	-478	-28	26
-15300	-2836	1708	-269	86	51
-15164	-2960	1680	-471	-117	89
-14928	-3096	1708	-97	96	-15
-15472	-2752	1460	-300	295	-68
-15420	-2688	1476	-795	-372	-9
-15044	-2732	1412	-1179	-101	-189
-15308	-2992	1552	-1464	125	-105
-15280	-2836	1528	-1285	248	-163
-15364	-2972	1780	-1209	374	-209
-15220	-2728	1992	-852	455	-218
-15192	-2768	2080	-861	306	-261
-15396	-2472	1868	-694	363	-373
-15532	-1936	1844	-1929	-254	-150
-14868	-2724	1752	-2507	-280	6
-15072	-2740	1424	-2005	448	88
-15612	-2604	1604	-2090	-132	365
-15148	-3264	1508	-1835	26	457
-15328	-3096	1708	-963	168	525
-15492	-2952	1604	-779	43	494
-15156	-3224	1728	-356	-163	456
-15348	-2652	1264	-156	591	181
-16276	-2340	1040	-987	22	392
-14880	-2356	1300	-2075	-405	528
-14832	-3124	1460	-1957	497	408
-15460	-2880	1488	-1586	563	335
-15448	-2988	1476	-2066	-47	431
-15216	-3096	1540	-2096	-94	198
-15244	-3088	1788	-2268	-142	-65
-15664	-3176	1640	-2002	118	-269
-15476	-2768	1508	-2075	-332	-278
-15184	-2952	1476	-2139	-58	-496
-15852	-2952	1416	-1770	60	-439
-15576	-2952	1452	-2021	-514	-429
-15356	-2964	1512	-1849	-263	-646
-15468	-2504	1376	-2304	-424	-748
-15572	-3428	1448	-2541	-459	-813
-15548	-2580	1472	-2134	-488	-882
-14972	-3036	1464	-3492	-933	-976
-15424	-3328	1488	-2801	-172	-1003
-15348	-3044	1800	-3133	-1090	-794
-14548	-3728	1740	-2866	-767	-794
-15440	-3480	1780	-2247	-318	-726
-14992	-3620	2132	-2551	-1520	-542
-14500	-4376	1824	-1364	-781	-786
-14728	-3784	2032	-945	-562	-880
-14308	-4128	2164	-323	-1251	-720
-14224	-4576	1984	772	-430	-756
-14348	-4012	2196	1589	-857	-501
-12768	-4904	2688	2439	-913	-621
-14388	-6456	3160	6178	2209	-1300
-17868	-4756	2908	9013	976	-842
-16888	-3664	2120	6726	-1911	-782
-15428	-3144	1156	5274	-1356	-1499
-16152	-2420	808	4348	-1295	-1928
-14984	-1924	1076	2089	-1716	-1727
-14260	-2244	1352	241	-540	-1460
-15608	-2656	684	-1383	327	-980
-15168	-2880	1244	-2226	-463	-296
-14684	-2344	1056	-3285	209	65
-15232	-3296	1268	-4008	255	291
-14708	-3540	1476	-3138	247	535
-15048	-3868	2196	-2864	847	659
-14604	-4388	2384	-1871	835	946
-15160	-4456	2484	-503	1544	955
-15072	-4344	2728	-87	1139	969
-14984	-4324	2816	573	1004	807
-15008	-4396	2860	829	793	680
-15048	-4556	2972	1481	505	581
-14460	-4040	3076	1718	236	607
-14860	-4160	3260	1472	488	385
-15700	-4312	2920	1940	-44	428
-15200	-3572	2900	1537	-690	416
-15084	-3732	2840	450	-822	240
-15008	-4048	2700	499	-845	-13
-15320	-3704	2520	842	-623	-155
-15352	-2808	2428	-607	-788	-59
-14888	-3816	2404	-1428	-1070	92
-14752	-4096	2184	-483	-375	54
-15408	-3348	2412	-588	-322	290
-14992	-3496	2312	-1295	-822	416
-14836	-3880	2420	-831	-375	329
-14880	-3768	2268	-363	-206	184
-15160	-3748	2712	87	72	-16
-15200	-3468	2368	-2	-28	103
-14680	-3904	2476	253	-24	13
-14864	-3668	2312	973	668	-150
-15312	-3116	2684	412	248	129
-14820	-3692	2436	130	145	24
-15016	-3560	2384	598	508	-71
-14956	-3140	2576	34	203	-147
-15148	-3612	2652	-133	568	-184
-15324	-3512	2496	140	312	-96
-14788	-3060	2608	-251	365	-258
-15116	-3420	2672	-676	429	-296
-14924	-3624	2488	15	348	-300
-15180	-3044	2404	-16	531	-274
-15332	-3136	2524	-858	-52	-76
-14868	-3376	2556	-927	80	-30
-15092	-3792	2684	-342	365	-69
-15152	-3292	2724	-73	290	-50
-15112	-3688	2664	-324	230	-34
-14992	-3312	2672	47	282	-36
-15248	-3376	2756	-210	58	38
-15080	-3468	2620	-281	-88	21
-15308	-3588	2476	-221	86	7
-15404	-3320	2552	-263	-184	-30
-15112	-3272	2340	-640	-59	-69
-15044	-3332	2432	-388	-63	-98
-14748	-3240	2468	-408	48	-226
-15012	-3384	2516	-372	199	-206
-14816	-3360	2172	-159	73	-76
-15172	-3248	2364	-224	246	-4
-15332	-3364	2492	-247	39	68
-15112	-3284	2452	-50	192	-15
-15172	-3228	2348	-175	184	-161
-15132	-3108	2404	-365	298	-206
-15104	-3192	2364	-516	57	-99
-14856	-3288	2332	-334	325	-98
-15156	-3136	2440	-343	403	109
-15264	-3196	2436	-525	160	265
-15064	-3460	2684	-299	178	195
-15032	-3296	2636	-51	386	51
-15308	-3360	2412	-107	446	-113
-15020	-3324	2428	-99	105	-8
-14984	-3112	2480	-600	98	206
-15052	-3488	2324	-630	-156	343
-15116	-3440	2344	-407	128	388
-15276	-3412	2640	-743	-61	511
-15216	-3568	2396	-750	34	437
-15180	-3784	2476	-576	-13	346
-14780	-3636	2480	-209	-104	222
-15144	-3796	2408	23	246	-48
-15176	-3344	2444	-186	-88	87
-14976	-3540	2208	-551	-236	139
-14892	-3840	2304	-602	-344	61
-15100	-3420	2720	-465	-103	33
-14988	-2276	2900	-939	-65	118
-15512	-3916	2428	-1790	-244	235
-14804	-3716	2272	-478	113	-40
-15208	-3164	2432	-549	566	-246
-15308	-3608	2688	-610	-28	-158
-14788	-3444	2100	-289	234	-170
-15276	-3440	2444	-37	363	-130
-15092	-3152	2516	-441	5	-40
-14784	-3492	2512	-448	223	-74
-15096	-3496	2228	54	451	-221
-15244	-3100	2572	-309	153	-9
-14940	-3320	2432	-741	20	-13
-15036	-3500	2412	-472	132	-42
-15116	-3332	2560	-261	51	39
-15168	-3364	2552	-467	34	25
-15136	-3632	2480	-333	29	29
-15156	-3560	2400	-86	125	-61
-15280	-3404	2480	46	65	-118
-15156	-3376	2852	-119	-78	-90
-15092	-3492	2492	-254	-99	-134
-15332	-3532	2324	-105	121	-177
-15368	-3204	2388	-205	-117	-149
-14844	-3384	2392	-665	-213	-191
-15044	-3644	2708	-400	30	-281
-15200	-3320	2404	-41	57	-345
-15284	-3000	2504	-617	-192	-268
-15080	-3304	2276	-816	-246	-325
-15192	-3308	2340	-509	27	-271
-15252	-2968	2596	-695	-63	-101
-15320	-3476	2580	-888	-252	74
-14692	-3420	2428	-471	-38	82
-15072	-3392	2640	-127	249	-97
-15160	-3080	2456	-144	-80	23
-14908	-3404	2640	-396	-217	142
-15008	-3284	2460	-66	36	50
-15372	-3312	2596	-210	-118	180
-14864	-3220	2588	-306	-327	214
-15036	-3276	2444	-492	141	72
-15332	-3300	2540	-350	0	167
-15084	-3360	2552	-567	-178	184
-14812	-3400	2508	-457	-107	127
-14908	-3404	2608	-331	53	117
-15104	-3340	2304	-397	93	145
-15124	-3320	2596	-300	-76	290
-14924	-3240	2628	-531	52	242
-15088	-3492	2340	-327	187	190
-15232	-3144	2484	-387	186	217
-15016	-3424	2496	-717	-30	208
-14712	-3580	2360	-299	311	118
-15144	-3332	2556	-143	334	60
-15228	-3308	2504	-354	185	144
-15028	-3440	2584	-377	78	171
-15072	-3520	2760	-372	272	18
-15060	-3444	2500	-335	309	-104
-15128	-3176	2716	-464	252	-55
-15036	-3344	2584	-680	-3	-26
-14816	-3528	2504	-539	179	-98
-15340	-3368	2700	-320	168	-31
-15100	-3216	2480	-586	-69	19
-14968	-3400	2524	-572	76	-33
-14956	-3584	2392	-141	247	-144
-15252	-3304	2560	-264	284	-163
-15332	-3364	2576	-379	36	-58
-14924	-3224	2604	-424	58	-67
-15124	-3396	2384	-324	218	-173
-15144	-3252	2700	-121	203	-246
-15196	-3180	2576	-427	129	-198
-15144	-3388	2616	-325	74	-153
-15232	-3164	2564	-303	123	-33
-15228	-3264	2408	-451	-141	-72
-14932	-3188	2524	-228	70	-151
-15256	-3228	2624	-198	206	-102
-15124	-3236	2496	-170	13	-94
-15184	-3140	2496	-278	38	-64
-15056	-3296	2592	-377	-87	-92
-15028	-3432	2504	-257	147	-100
-15184	-3328	2524	-55	129	-121
-15168	-3188	2712	-225	-102	-74
-14996	-3476	2520	-400	-195	-152
-14956	-3380	2452	-199	-168	-285
-15248	-3164	2524	-440	-70	-363
-15296	-3376	2464	-468	-193	-240
-15036	-3148	2512	-398	-213	-167
-15076	-3228	2404	-701	37	-188
-15064	-3304	2312	-371	177	-203
-15136	-3192	2336	-339	147	-123
-15008	-3248	2308	-291	102	-72
-14876	-3124	2572	-68	381	-82
-15388	-3156	2444	-280	386	44
-14996	-3384	2352	-217	-1	156
-14756	-3136	2360	-205	401	33
-15276	-3212	2416	-472	378	108
-15264	-3440	2396	-613	178	284
-15032	-3464	2460	-387	94	310
-15080	-3224	2360	-568	288	215
-15280	-3412	2468	-289	252	190
-15148	-3120	2716	-384	175	302
-14932	-3484	2192	-397	159	166
-15036	-3428	2296	126	452	89
-15336	-3112	2592	-360	140	290
-15060	-3332	2420	-619	-154	317
-14952	-3364	2524	-202	122	151
-15260	-3256	2424	-462	230	0
-15472	-3540	2348	-528	12	37
-15068	-3456	2424	-445	-58	-36
-14864	-3456	2488	-457	103	-110
-15204	-3308	2340	-112	192	-171
-15328	-3288	2348	-400	19	-87
-14984	-3376	2420	-518	-145	-28
-14920	-3312	2348	-231	117	-141
-15300	-3204	2532	-373	165	-148
-15092	-3372	2420	-320	7	-183
-15028	-3268	2312	-228	140	-252
-15184	-3252	2416	-345	62	-260
-15096	-3192	2380	-372	157	-225
-15148	-3436	2364	-274	112	-112
-15080	-3036	2256	-399	99	-124
-15164	-3352	2576	-341	145	-120
-15000	-3172	2504	-277	146	-134
-15032	-3436	2272	-337	158	-223
-15160	-3312	2420	-68	225	-255
-15252	-3184	2604	-262	98	-83
-15120	-3312	2412	-345	-44	-5
-15084	-3372	2532	-173	98	-115
-15076	-3216	2692	-307	74	-139
-15268	-3336	2588	-189	16	-158
-15164	-3224	2508	-355	-168	-143
-15056	-3344	2356	-501	-95	-236
-15236	-3236	2420	-307	37	-316
-15300	-3116	2364	-472	-89	-195
-15104	-3300	2504	-629	-242	-112
-14992	-3380	2600	-413	0	-149
-15220	-3284	2408	-338	33	-67
-15176	-3216	2248	-214	-106	48
-15180	-3284	2384	-210	-71	42
-14944	-3332	2448	-69	26	-58
-15072	-3152	2324	-48	230	-33
-15360	-3420	2488	-125	42	139
-14960	-3164	2280	-244	-45	195
-15152	-3472	2588	-204	177	195
-15056	-3220	2744	-9	48	192
-15160	-3300	2668	-295	70	75
-14984	-3372	2540	-61	-1	-55
-15144	-3228	2576	-239	-19	6
-15148	-3352	2556	-428	-204	81
-15136	-3196	2588	-401	-162	68
-15036	-3192	2316	-557	-189	89
-15156	-3344	2420	-411	-39	66
-15300	-3236	2580	-373	-66	137
-14988	-3276	2664	-407	-378	170
-14876	-3416	2528	-288	69	-48
-15192	-3172	2428	-61	166	3
-15296	-2996	2500	-526	-42	152
-14940	-3380	2376	-522	-204	195
-14744	-3324	2492	-462	154	103
-15140	-3244	2516	-397	255	91
-15220	-3428	2356	-375	66	204
-14916	-3324	2580	-294	-18	162
-14724	-3272	2524	-205	201	35
-15288	-3448	2896	-49	274	-21
-15200	-3164	2468	-223	133	50
-15208	-3408	2604	-435	70	55
-15060	-3332	2736	-254	203	-56
-15148	-3388	2604	-380	246	-204
-15196	-3292	2608	-409	124	-325
-15020	-3320	2700	-461	36	-329
-15064	-3368	2640	-517	-52	-274
-15140	-3280	2528	-310	81	-334
-15232	-3152	2780	-440	-79	-229
-14992	-3188	2472	-591	-140	-229
-14948	-3252	2604	-467	123	-263
-15268	-3332	2564	-431	62	-142
-15176	-3252	2352	-451	-120	-68
-14860	-3176	2548	-440	-4	-47
-15120	-3352	2512	-256	154	-106
-15120	-3140	2424	-93	174	-58
-15224	-3060	2576	-416	18	28
-14888	-3240	2584	-479	40	6
-15040	-3364	2428	-362	292	-19
-15256	-3240	2524	-322	186	43
-15084	-3284	2636	-526	94	115
-14984	-3528	2488	-207	93	-4
-15084	-3104	2604	-276	322	-41
-15412	-3468	2608	-445	88	51
-15000	-3264	2756	-262	90	86
-15008	-3184	2496	-378	339	-28
-15264	-3332	2780	-259	227	-44
-15188	-3160	2592	-444	-47	38
-15044	-3328	2584	-585	-204	74
-14972	-3452	2776	-237	93	-67
-15460	-3124	2552	-286	63	-22
-15228	-3408	2664	-425	-189	90
-15036	-3356	2480	-322	-1	18
-15064	-3248	2440	-224	89	-16
-15176	-3264	2516	-240	102	-91
-15320	-3212	2468	-434	-90	9
-14872	-3268	2480	-530	-99	-22
-14952	-3360	2412	-243	224	-77
-15276	-3156	2492	-387	132	-27
-15224	-3168	2484	-549	-98	45
-15028	-3312	2452	-450	160	-41
-15100	-3292	2248	-315	321	-114
-15332	-3060	2416	-316	280	-34
-15084	-3108	2528	-419	25	79
-14968	-3140	2332	-467	268	-34
-15200	-3304	2680	-161	303	-11
-15116	-3048	2660	-312	196	95
-15016	-3368	2580	-273	225	14
-15004	-3244	2476	80	344	20
-15392	-3096	2456	-388	65	168
-15080	-3244	2740	-430	-172	154
-15084	-3296	2528	-338	95	38
-15160	-3264	2592	-501	-9	-1
-15264	-3364	2608	-440	32	-46
-15040	-3280	2632	-335	-154	-13
-14816	-3208	2624	-407	30	-85
-15252	-3260	2468	-218	109	-70
-15216	-3084	2456	-176	-40	70
-15184	-3180	2440	-429	-47	62
-14920	-3256	2340	-145	65	-4
-15116	-3252	2496	-140	245	-110
-15184	-3148	2444	-254	73	-67
-14944	-3160	2248	-308	130	-74
-15092	-3144	2492	-165	231	-56
-15312	-3096	2352	-380	263	-6
-15144	-3060	2588	-314	92	64
-15104	-3240	2392	-542	302	133
-15112	-3468	2660	-163	214	65
-14936	-2932	2564	-208	373	-85
-15076	-3236	2564	-196	206	-155
-15152	-3104	2580	-238	91	-93
-15192	-3172	2532	-606	-93	54
-14972	-3156	2592	-499	-64	50
-15216	-3096	2588	-581	111	-38
-15324	-3048	2348	-711	-86	-61
-15172	-3140	2392	-619	92	-145
-15124	-3032	2472	-532	58	-102
-15036	-3172	2468	-431	118	-55
-15092	-3228	2420	-226	214	33
-15216	-3060	2484	-251	164	191
-15056	-3112	2408	-246	126	198
-15292	-3228	2472	-278	188	148
-15232	-3264	2432	-353	88	85
-15016	-3260	2696	-387	44	39
-15036	-3380	2328	-265	184	-57
-15068	-3208	2568	-142	94	-68
-15168	-3404	2600	-365	68	-21
-15108	-3368	2392	-165	-145	-57
-15128	-3128	2416	-472	47	-228
-15424	-3392	2652	-552	-14	-259
-15024	-3224	2632	-513	-132	-267
-14908	-3384	2640	-416	63	-504
-15032	-3240	2404	-89	105	-582
-15228	-3020	2428	-561	-135	-326
-15096	-3412	2396	-462	-312	-184
-15004	-2984	2532	-290	-9	-172
-15224	-2996	2296	-427	77	-111
-15336	-3168	2344	-135	154	-54
-15228	-2964	2272	-173	85	45
-14924	-3088	2504	-255	117	2
-15124	-3140	2396	61	301	24
-15120	-2964	2420	-118	191	253
-15036	-3100	2296	-305	117	335
-15060	-3236	2408	-86	320	314
-15184	-3028	2424	-82	357	320
-15280	-3148	2416	-365	205	301
-14924	-3300	2420	-253	266	198
-15120	-3120	2300	-212	441	103
-15248	-3300	2408	-326	392	157
-15220	-3280	2532	-118	323	232
-15144	-3124	2460	-270	356	180
-15236	-3256	2468	-102	431	141
-15260	-3252	2436	71	449	156
-15080	-3180	2560	30	251	67
-14992	-3140	2536	0	385	-86
-15164	-3040	2252	-18	341	-69
-15200	-2992	2444	-218	97	41
-15160	-3088	2448	-306	13	119
-14896	-3112	2340	-354	71	10
-15168	-3212	2256	-284	324	-103
-15288	-3124	2140	-143	73	-151
-15144	-3140	2304	-313	74	-211
-15124	-3160	2324	-296	67	-273
-15148	-3224	2360	-263	99	-314
-15328	-3084	2140	-350	161	-381
-15252	-3084	2276	-595	-35	-301
-15092	-3144	2144	-528	38	-296
-15440	-2960	1980	-408	157	-312
-15236	-2992	2236	-405	33	-297
-15016	-3032	2392	-438	131	-260
-15324	-3076	2108	-21	324	-253
-15512	-2996	2348	-7	147	-174
-15244	-2892	2248	-270	44	-77
-15152	-3116	2412	-216	146	-35
-15192	-3084	2468	-131	239	9
-15280	-3160	2640	-246	100	42
-15128	-2944	2468	-196	-38	31
-15020	-3132	2444	-279	-110	37
-15096	-3096	2428	-289	-99	39
-15340	-3072	2340	-330	-271	150
-15144	-3140	2316	-553	-339	92
-15132	-3264	2152	-485	-46	11
-15416	-3144	2172	-484	-101	41
-15000	-3072	2288	-690	-181	50
-15032	-3328	2068	-444	-101	-10
-14992	-3096	2240	-343	94	-60
-15344	-3196	2264	-315	121	19
-15064	-3168	2292	-247	2	98
-15124	-3116	2200	-270	157	4
-15280	-3224	2128	-300	231	8
-15176	-3024	2296	-367	110	112
-15140	-3180	2412	-520	127	154
-15016	-3208	2196	-342	273	64
-15400	-3140	2356	-239	339	53
-15316	-3136	2256	-400	74	139
-15180	-3340	2344	-150	221	35
-15180	-3052	2608	-116	318	45
-15188	-3228	2264	-218	299	20
-15068	-3120	2276	200	312	-21
-15144	-2860	2572	-413	4	150
-15160	-3372	2544	-419	-21	49
-15208	-3044	2412	-101	194	-89
-15472	-2812	2404	-646	-140	-103
-15060	-3140	2436	-429	-18	-205
-15280	-2952	2312	-238	162	-249
-15416	-3044	2428	-515	-115	-92
-15040	-3128	2340	-290	-52	-106
-15024	-2988	2496	-238	-46	-56
-15088	-3060	2396	-378	-150	7
-15204	-3200	2348	-187	-142	62
-15332	-3136	2568	-350	-193	37
-15188	-3124	2328	-327	-130	-64
-15172	-3164	2236	-271	-24	-174
-15136	-3164	2248	-306	10	-207
-15064	-3120	2412	-222	60	-144
-15188	-3208	2416	-133	49	-91
-15056	-2960	2476	-194	-39	-81
-15116	-3064	2356	-145	69	-203
-15388	-2824	2360	-202	12	-207
-15200	-2832	2536	-705	-121	-165
-15132	-3256	2488	-450	59	-257
-15272	-2864	2324	-427	120	-143
-15084	-3032	2424	-790	-226	-10
-14980	-3140	2416	-400	-22	-57
-15400	-2928	2492	-329	92	-48
-15192	-2972	2416	-507	-131	7
-15016	-3192	2416	-302	-25	-33
-14956	-3008	2592	-252	43	19
-15320	-3144	2456	-345	87	84
-15228	-3052	2684	-342	-159	188
-15060	-3140	2604	-523	-73	149
-15140	-3212	2332	-171	16	36
-15288	-3012	2540	-343	-22	13
-15176	-3248	2400	-407	-244	39
-14876	-3276	2324	-344	-93	14
-15160	-3184	2420	-326	-43	-33
-15040	-3172	2384	-478	-178	39
-14924	-3264	2196	-496	-83	7
-15084	-3164	2400	-374	43	-33
-15380	-3168	2344	-541	24	-25
-15120	-3180	2528	-412	-79	-21
-15000	-3152	2396	-446	154	-121
-15216	-3132	2372	-293	283	-255
-15104	-3020	2388	-424	200	-141
-15024	-3316	2560	-616	-25	-86
-14932	-3300	2456	-305	238	-134
-15288	-3068	2456	-280	280	-155
-15228	-3160	2628	-549	-91	-88
-15060	-3372	2416	-425	168	-239
-15080	-3124	2580	-167	177	-313
-15220	-3008	2372	-441	201	-278
-15168	-3168	2712	-388	9	-160
-15016	-3120	2464	-528	88	-116
-15184	-3184	2360	-498	188	-130
-15360	-3056	2472	-402	73	-43
-15088	-3008	2420	-610	-51	-17
-15016	-3228	2492	-455	118	-76
-15220	-2988	2408	-273	179	10
-15220	-3056	2332	-505	-9	137
-14964	-3160	2196	-481	-17	220
-15172	-3060	2344	-302	212	211
-15288	-2944	2412	-419	168	283
-15324	-3232	2328	-527	117	274
-15084	-3176	2464	-424	134	160
-14956	-3176	2164	-453	364	34
-15308	-3208	2384	-266	322	-1
-14940	-3100	2344	-452	117	158
-15064	-3156	2504	-566	125	205
-15184	-3192	2272	-391	275	149
-15336	-3108	2480	-418	121	163
-15064	-3136	2408	-598	175	72
-15204	-3276	2404	-258	319	-92
-15232	-2972	2336	-284	338	-77
-15292	-3084	2432	-443	142	-56
-15040	-3128	2352	-433	149	-14
-15068	-3080	2452	-412	210	10
-15284	-3080	2360	-429	195	55
-15280	-3056	2512	-459	-17	60
-14976	-3148	2416	-441	95	-51
-15296	-3136	2284	-177	252	-133
-15312	-3028	2332	-292	24	-63
-15104	-3108	2300	-440	-14	28
-15128	-3104	2256	-236	186	21
-15176	-2932	2452	-292	207	101
-15364	-3056	2212	-388	16	210
-15096	-3016	2340	-387	-11	153
-15104	-3144	2348	-389	199	39
-15192	-3264	2380	-163	278	-100
-15160	-2912	2264	-62	145	-14
-15164	-2936	2160	-456	-8	175
-15032	-3236	2240	-305	-7	173
-15280	-2880	2284	-200	209	92
-15388	-3044	2376	-503	-26	118
-15168	-3260	2348	-286	159	2
-15332	-3144	2300	-165	214	-85
-15220	-3224	2436	-264	116	-135
-15156	-3204	2312	-59	171	-268
-15180	-3140	2352	-113	124	-235
-15200	-3116	2432	-249	69	-202
-15340	-3048	2632	-195	129	-213
-15256	-3028	2444	-336	-54	-141
-15080	-3132	2492	-354	-54	-204
-15156	-3184	2368	-131	119	-367
-15284	-3056	2428	-112	-155	-271
-15072	-2972	2472	-334	-261	-213
-15020	-3160	2392	-193	-117	-188
-15288	-3000	2364	-171	-72	-146
-15244	-3156	2224	-403	-175	-53
-15132	-3232	2556	-135	-144	-65
-15124	-2980	2408	-240	-60	-138
-15148	-3360	2460	-68	-63	-274
-15200	-2988	2392	-52	-27	-212
-15148	-3088	2572	-446	-349	-64
-14952	-3324	2136	-242	-88	-117
-15384	-3004	2500	-137	10	-92
-15228	-3176	2180	-565	-206	-7
-15116	-3300	2336	-269	-27	-165
-15144	-3092	2520	-280	48	-220
-15116	-3140	2404	-269	66	-252
-15176	-3056	2256	-125	150	-238
-15256	-3016	2528	-375	-3	-147
-15092	-3268	2568	-382	8	-154
-15044	-2900	2592	-327	129	-133
-15224	-3108	2444	-559	-71	-25
-14988	-3152	2456	-520	-62	-47
-14992	-3084	2552	-451	-28	-32
-15116	-2996	2380	-545	-25	-8
-15328	-3164	2360	-405	-29	66
-15104	-3088	2472	-389	-36	113
-15056	-3384	2296	-463	138	82
-15252	-3176	2364	-136	236	59
-15256	-3012	2464	-388	143	126
-14960	-3392	2344	-383	99	30
-14996	-3200	2296	-196	273	-117
-15228	-3056	2448	-478	164	-139
-15136	-3248	2468	-650	32	-63
-15156	-3340	2404	-529	111	-53
-15172	-3180	2480	-525	73	-47
-15156	-3380	2480	-544	225	-24
-15256	-3244	2536	-323	98	-38
-15100	-3140	2656	-468	53	-52
-15088	-3272	2524	-347	169	-91
-15172	-3112	2400	-371	245	-58
-15172	-3168	2360	-431	50	79
-15072	-3100	2480	-425	27	90
-15200	-3204	2556	-379	199	50
-15256	-3204	2412	-243	223	85
-15220	-3116	2548	-375	51	108
-15012	-3308	2440	-350	-10	70
-14956	-3196	2512	-165	208	-31
-15284	-3316	2484	-249	195	-3
-15192	-3192	2344	-193	-31	71
-15144	-3120	2384	-342	120	18
-15356	-3120	2592	-226	110	-32
-15144	-3060	2396	-303	186	-51
-15228	-3196	2420	-271	122	-165
-15060	-2960	2412	-281	86	-115
-15044	-3016	2424	-509	28	-103
-15312	-3160	2264	-411	-31	-29
-15212	-2896	2384	-603	-101	77
-15108	-3072	2408	-700	-21	105
-15036	-3060	2264	-246	256	32
-15356	-2936	2400	-383	130	99
-15116	-3108	2192	-528	-23	154
-14992	-3012	2388	-156	278	127
-15388	-2916	2188	-328	314	217
-15232	-2992	2348	-400	50	215
-14984	-3224	2396	-238	301	110
-15088	-3020	2344	-361	330	66
-15192	-3096	2272	-283	208	142
-15248	-3076	2452	-395	168	211
-15040	-3032	2500	-393	-26	153
-14952	-3084	2360	-328	367	-19
-15400	-3116	2524	-198	232	-44
-15224	-2856	2332	-518	-11	-13
-15168	-3248	2276	-457	99	-28
-15104	-3036	2320	-292	199	-53
-15124	-3040	2464	-296	173	-115
-15156	-3180	2484	-117	100	-115
-15104	-3160	2488	-257	-57	-96
-15228	-3156	2264	-384	-110	-151
-15296	-3156	2420	-363	-73	-269
-15264	-3108	2464	-470	-76	-292
-15208	-3092	2288	-520	28	-337
-15224	-3156	2252	-309	55	-311
-15128	-3056	2196	-422	28	-245
-15176	-3016	2412	-356	51	-250
-15168	-3152	2296	-230	115	-282
-15148	-2964	2280	-277	162	-212
-15180	-2980	2128	-392	113	-142
-15048	-3084	2316	-314	162	-123
-15144	-3088	2324	-267	269	-98
-15244	-3048	2352	-304	185	-36
-15184	-3008	2344	-359	157	29
-15164	-3084	2336	-373	208	50
-15252	-3168	2328	-213	257	104
-15232	-3004	2344	-257	182	125
-15240	-3020	2184	-392	177	89
-15224	-3152	2408	-225	200	93
-15080	-2992	2380	-324	173	91
-15160	-3240	2388	-288	274	24
-15248	-3096	2376	-30	216	76
-15192	-3076	2540	-428	-45	212
-15088	-3272	2232	-374	-30	145
-15404	-3036	2444	-219	41	87
-15224	-3060	2532	-503	-143	83
-15176	-3456	2404	-245	-42	-40
-15048	-3076	2428	-97	15	-41
-15220	-3248	2352	-242	-58	-23
-15168	-3216	2492	-69	-147	-25
-15176	-3100	2352	-370	-208	-38
-15096	-3128	2356	-344	-153	-166
-15136	-2900	2280	-404	-32	-190
-15228	-3076	2252	-580	-129	-28
-15040	-3180	2228	-329	-94	155
-14964	-3100	2348	-168	59	186
-15260	-3092	2268	45	90	175
-15136	-3072	2256	11	54	144
-15068	-3176	2152	54	186	80
-15264	-3052	2264	145	253	66
-15220	-2872	2212	-219	221	15
-15256	-3164	2524	-200	65	16
-14884	-3016	2504	-211	187	-66
-15148	-3296	2352	-55	353	-236
-15340	-2988	2468	100	181	-216
-15136	-2968	2452	-354	-92	-148
-15132	-3268	2388	-141	20	-222
-15408	-2912	2580	-112	79	-250
-15212	-3040	2464	-530	-209	-211
-15232	-3256	2364	-127	0	-328
-15212	-2868	2580	-150	-64	-358
-15148	-3160	2328	-261	-160	-309
-15136	-2932	2584	-123	-193	-210
-14940	-2872	2244	-409	-264	-107
-14888	-3068	2284	-441	-202	-151
-15144	-2876	2404	-505	-143	-195
-15132	-3156	2348	-807	-351	-94
-14972	-3032	2156	-733	-198	-228
-15212	-2948	2116	-765	65	-257
-15348	-3040	2204	-1016	-153	-18
-14932	-3140	2008	-1026	-82	112
-15040	-3256	2164	-683	338	64
-15320	-3088	2124	-586	482	83
-15224	-3336	2400	-398	466	107
-15000	-3308	2392	-54	708	58
-15024	-3260	2488	212	823	-8
-15092	-3208	2348	549	950	-58
-15344	-3060	2524	263	741	64
-15332	-3156	2644	-71	478	131
-15416	-3096	2612	-14	587	83
-15484	-3172	2888	-104	305	-11
-15188	-3152	2812	-257	256	-117
-15264	-3308	2828	-99	138	-236
-15120	-3008	2672	-136	25	-197
-15208	-3084	2604	-224	-217	-177
-15080	-2848	2396	-662	-407	-103
-14896	-3056	2412	-861	-356	-45
-15224	-3096	2312	-686	-133	-34
-15392	-2888	2244	-958	-424	4
-15016	-3160	2136	-964	-328	-115
-15044	-3264	2156	-539	-9	-139
-15244	-3012	2104	-379	-70	5
-14992	-3152	2240	-370	-75	160
-15036	-3220	2016	-100	219	156
-15208	-3000	2088	-239	125	205
-15120	-3060	1952	-374	234	160
-15140	-3228	2348	-407	219	82
-14788	-3172	2308	-313	254	8
-15136	-3376	2292	-435	519	-79
-15224	-3216	2344	-247	300	-104
-15188	-3208	2372	-700	175	-63
-15000	-3444	2212	-534	168	-178
-15200	-3376	2364	-583	325	-244
-15248	-3364	2568	-809	67	-293
-15152	-3608	2404	-461	201	-478
-15200	-3252	2668	-407	106	-616
-15204	-3520	2544	-621	-42	-741
-15216	-3572	2508	-343	46	-798
-15376	-3220	2580	-561	-119	-756
-15304	-3376	2488	-838	-417	-721
-15104	-3380	2456	-828	-290	-808
-14988	-3392	2496	-698	-268	-862
-15100	-3356	2460	-749	-249	-857
-15212	-3388	2228	-559	-289	-817
-15104	-3284	2312	-636	-396	-581
-14980	-3212	2272	-570	-345	-469
-15152	-3296	2204	-334	-33	-431
-15196	-3008	2100	-322	-131	-353
-15244	-3332	2180	-586	-30	-314
-15236	-3408	2328	-276	6	-210
-15184	-3284	2244	-587	149	-221
-15284	-3408	2304	-270	141	-240
-15088	-3200	2508	-380	88	-46
-15020	-3500	2344	-369	187	131
-15208	-3612	2500	110	205	122
-15224	-3400	2624	10	29	195
-15040	-3532	2384	-106	-112	132
-15028	-3592	2468	147	47	41
-15292	-3524	2640	-9	-29	108
-15356	-3504	2452	-115	-233	171
-15104	-3380	2504	-279	-275	199
-15164	-3584	2404	-210	-151	150
-15196	-3568	2476	-188	-218	160
-15140	-3372	2376	-235	-293	134
-15032	-3400	2300	-336	-277	143
-14972	-3624	2164	-232	-77	182
-15188	-3364	2252	-183	-102	283
-14948	-3228	2200	-359	-165	377
-14920	-3408	2036	-426	71	395
-15212	-3240	2112	-340	171	535
-15216	-3264	2268	-560	184	705
-15104	-3600	2128	-255	262	734
-15204	-3296	2456	-48	505	741
-15224	-3332	2352	-325	382	694
-14808	-3468	2244	13	453	563
-15004	-3316	2488	-68	640	590
-15104	-3460	2288	-354	285	735
-14996	-3364	2444	-261	372	648
-15252	-3332	2640	-410	297	500
-15160	-3476	2468	-549	256	347
-15080	-3360	2428	-334	305	185
-15148	-3280	2340	-432	209	124
-15212	-3540	2480	-323	133	110
-14944	-3384	2584	-233	121	65
-15164	-3420	2540	-305	78	86
-15072	-3388	2612	-177	-30	68
-15080	-3328	2636	-171	-85	67
-15068	-3348	2420	-222	-82	18
-15168	-3428	2412	-137	-37	-166
-15268	-3252	2532	-322	-270	-239
-14872	-3232	2464	-556	-190	-333
-15044	-3368	2248	-401	37	-392
-15380	-2996	2460	-491	-12	-315
-15204	-3228	2440	-723	-262	-208
-15096	-3208	2380	-517	-24	-296
-15016	-3288	2528	-554	118	-413
-15200	-3132	2360	-397	169	-527
-15264	-3032	2496	-522	32	-474
-14932	-3044	2636	-748	-71	-414
-14932	-3036	2352	-608	209	-265
-15196	-3020	2584	-497	52	-120
-15144	-2960	2492	-846	-99	58
-15044	-3280	2576	-599	46	24
-15120	-2952	2488	-511	167	-47
-15236	-3048	2392	-689	131	-43
-15236	-3220	2508	-506	13	18
-14968	-2996	2688	-705	52	112
-15060	-3336	2620	-743	7	211
-15048	-3184	2400	-503	122	241
-15288	-3148	2620	-722	-24	268
-15112	-3392	2648	-651	-20	195
-15148	-3428	2768	-509	98	67
-15200	-3356	2540	-618	28	6
-15064	-3160	2524	-680	-27	4
-14888	-3272	2728	-595	-8	-30
-15124	-3264	2380	-538	174	-33
-15384	-3260	2304	-497	75	47
-15204	-3200	2492	-646	-93	61
-14996	-3208	2404	-429	153	-151
-15188	-3228	2376	-231	307	-230
-15216	-3112	2444	-424	53	-128
-15176	-3204	2404	-568	53	-78
-15200	-3116	2468	-339	25	-119
-15208	-3184	2420	-460	79	-76
-15264	-3244	2392	-395	91	-103
-15348	-3212	2532	-292	-28	-113
-15124	-3144	2632	-398	-112	-159
-15168	-3092	2712	-773	224	-690
-14988	-3308	2240	-230	438	-1549
-15500	-3080	2644	-1128	-392	-1410
-16112	-3572	2968	-2159	-2464	125
-13392	-4116	2064	-40	-800	-545
-14720	-3452	2544	1023	2225	-736
-14032	-3116	2356	867	595	-723
-15180	-2508	3028	-3111	695	-100
-13976	-5176	2012	-617	1068	-1011
-14208	-2904	1888	-907	2897	-1435
-15968	-3524	2012	-1788	1791	-747
-15820	-3452	1688	-1794	282	-401
-16988	-3424	2276	-674	-2458	275
-15420	-3336	2388	-569	-4729	792
