0	0	0	0	0	0
-11292	-6992	9332	-274	-136	149
-11964	-7432	8568	48	-161	-493
-12016	-6464	8900	42	-30	-637
-11568	-7036	9360	111	462	-186
-12400	-6900	10480	803	1372	1573
-9336	-8944	9624	749	7782	2032
-10688	-1952	8636	141	-1710	2605
-11800	-8580	8948	-1001	2421	-1640
-12308	-4288	7712	1012	1120	443
-12560	-6736	7788	-1414	890	-353
-11956	-6088	7412	55	481	-53
-12504	-6124	7424	-666	-108	71
-12168	-6280	7572	-574	-347	68
-12368	-6632	8136	-411	-700	24
-12348	-6832	8380	35	-694	4
-12388	-6572	8752	182	-619	41
-12912	-6368	9012	-200	-384	-41
-12908	-7016	9252	-381	-152	-147
-13112	-7244	9196	26	329	-453
-14164	-7400	9036	281	323	-456
-13404	-7404	8884	728	358	-392
-13692	-6880	9552	703	427	-682
-13148	-6512	9052	-27	265	-485
-13000	-6768	9132	-271	578	-729
-13668	-6804	9016	-319	654	-739
-12936	-6860	8856	-120	750	-678
-12740	-6620	9184	452	899	-656
-13164	-6412	8928	439	953	-632
-12432	-6568	8576	198	872	-440
-12552	-6284	8424	411	1027	-416
-12388	-6872	8764	-168	877	243
-12240	-6852	8716	-541	854	885
-12436	-7440	8000	-580	887	1449
-12520	-7016	8548	-325	800	1999
-12304	-6084	8436	780	983	2193
-13324	-6236	8488	1575	812	2049
-12660	-5268	8568	1142	598	2596
-12420	-5172	8288	-409	932	2691
-13496	-5376	8016	-925	893	2809
-12696	-5044	8516	-782	1169	2980
-12908	-6292	7292	421	1814	2287
-12452	-5072	7540	3434	2148	2234
-13424	-4144	6988	2718	2060	2308
-13776	-5044	7544	2116	2353	2349
-13092	-3240	6348	2299	2150	2726
-12744	-4268	6972	2170	1697	2718
-13492	-3832	7408	1667	1161	3124
-11656	-3056	7028	343	638	4317
-11348	-2976	7804	-1274	930	4015
-12316	-3136	7956	-1886	402	4301
-11856	-2496	7240	-1412	333	4031
-12540	-2524	7288	-2011	766	3229
-12808	-2964	7804	-1135	998	3127
-13684	-1980	7036	-921	481	3437
-12036	-2092	6804	-1850	-313	3802
-12976	-2052	7112	-3250	-471	3173
-13832	-2000	7188	-4399	-1657	4136
-13896	-2096	6672	-5100	-2273	4735
-13576	-1556	7924	-4873	-2112	4412
-12412	-2056	7268	-4741	-1596	4200
-11632	-2416	7608	-2137	-19	2436
-11996	-3512	6864	318	1198	868
-12336	-2768	7196	3327	1656	-810
-13268	-2880	7096	3368	1645	-597
-13288	-1792	7276	3010	834	194
-13372	-900	7724	420	-188	338
-13208	-2088	6836	-1002	-247	122
-12508	-2348	7700	-705	-914	131
-12880	-1812	7740	-687	-1017	-481
-12668	-3060	7308	331	-738	-1290
-12192	-2116	7632	1147	-425	-1212
-13308	-1944	8016	-61	-439	-1050
-13384	-2216	8244	-888	-1156	-118
-11792	-1572	7560	-786	-1438	-801
-12548	-1748	7524	-988	-920	-1784
-12800	-2024	7784	-314	-1147	-1255
-11676	-2212	8028	-75	-1307	-2345
-13244	-2024	8452	460	10	-2865
-12308	-1536	8192	1050	-244	-3154
-12032	-1628	8484	-72	-549	-3401
-12960	-2188	8304	-712	340	-3463
-12532	-2012	8580	-1262	-39	-3182
-10196	-2836	7704	-692	175	-3665
-12596	-3348	7292	-104	1137	-4210
-12668	-3532	7436	142	324	-3562
-11652	-3904	8132	-1215	-61	-3208
-13244	-3908	7448	-644	208	-2725
-13296	-4004	7896	-671	-196	-2434
-13728	-4192	7900	-1319	-581	-1841
-14164	-3860	7916	-1700	-562	-979
-13780	-4092	8200	-2242	-801	-700
-13968	-4376	8092	-1976	-1109	-277
-13272	-3808	8392	-1354	-1242	-654
-13084	-4180	8284	-1197	-1472	-649
-13160	-4296	8184	-724	-1395	-431
-13220	-4188	8852	-1298	-1511	-710
-12360	-4480	8236	-551	-1314	-569
-12356	-4160	7992	-179	-1087	-593
-13548	-3920	8788	-631	-1418	-837
-13368	-4628	8972	-1477	-963	-665
-12884	-4916	9084	-1208	-738	-60
-13720	-5108	8624	-147	-541	-510
-12564	-4616	8808	580	-308	-340
-12456	-3868	9488	-23	-205	-219
-13040	-4264	9020	-879	-291	-23
-12736	-4512	8340	-1044	-470	261
-12076	-4228	8856	-1091	-672	97
-12896	-3864	8912	-1522	-689	-44
-12752	-4412	8804	-2342	-302	574
-12352	-6060	8272	-1862	-117	953
-13008	-5940	9172	-67	191	156
-13660	-4852	9520	844	149	363
-12488	-4336	8784	575	341	1220
-13204	-5144	9152	-439	364	1323
-13956	-4104	8996	-1423	84	1360
-12676	-4276	8836	-1209	4	1592
-13036	-4836	7960	122	614	1367
-13336	-4592	8172	815	280	699
-12692	-3448	8872	83	247	846
-13296	-4292	8604	-324	452	742
-14464	-5400	8828	282	297	472
-13948	-3948	9180	-103	208	714
-13452	-4896	10300	-714	419	907
-13944	-4432	8972	-164	602	833
-13292	-4428	8892	33	263	1006
-12840	-4000	9416	255	240	979
-13824	-3952	9056	-429	227	963
-14276	-4744	8424	-833	42	945
-13920	-4580	9184	-465	285	686
-14408	-3868	8856	242	514	449
-14700	-4444	8668	19	408	50
-14904	-3732	9036	181	695	-352
-14984	-4304	9492	-392	456	-653
-14956	-4404	8652	131	388	-1247
-14780	-4168	9308	731	-53	-1524
-14588	-4260	9272	1013	-102	-1775
-14964	-4536	9384	785	-103	-1754
-14780	-4112	9356	81	-352	-1484
-14280	-4668	9276	-304	-362	-1570
-14392	-4396	9264	-459	-289	-1336
-14112	-4876	8708	-490	-311	-978
-13620	-4448	8648	700	124	-1266
-13780	-3952	9356	448	-108	-1066
-13612	-4228	8092	423	236	-1322
-13112	-3408	8536	-57	280	-966
-13036	-3752	9008	-1573	79	-750
-13392	-4796	8564	-1537	187	-590
-12464	-4384	8944	-691	607	-459
-12816	-3864	8540	-204	867	-445
-12412	-4560	8288	-353	1111	-459
-12696	-4172	8444	122	1386	-324
-12780	-4264	7900	514	1586	-131
-12324	-5332	7700	1322	1329	111
-12812	-4408	8304	1550	1427	640
-12784	-4012	7752	775	1114	1313
-12628	-3764	7700	336	865	1589
-12168	-3608	7828	-899	960	1981
-12108	-3888	7560	-604	1064	1994
-12612	-3992	7472	643	728	1579
-13052	-4160	8060	1156	869	1643
-12660	-3420	7720	841	904	2431
-12468	-2396	7484	-405	951	2629
-13408	-3208	8132	-569	1201	2068
-13948	-2868	8508	20	1383	2502
-12032	-2548	7684	813	1344	2145
-13444	-2080	8320	67	1094	2070
-12884	-2084	7836	-1365	863	2684
-12748	-3172	7144	-435	1013	2260
-13032	-2344	7180	3	1033	2207
-12308	-1792	6696	67	1234	2013
-12920	-1840	7264	-544	979	1632
-12088	-2900	8156	-139	868	1733
-12528	-2168	6508	370	657	1394
-12152	-3288	7104	308	102	1011
-13272	-2520	7784	-772	-197	1504
-12168	-2036	7472	-1352	-527	2333
-12108	-2880	7356	-1689	-651	1243
-12736	-3004	8040	-871	-93	644
-12460	-3200	7844	-315	-280	1501
-12912	-3328	8488	-86	169	418
-12768	-2248	7736	245	451	1229
-12240	-2536	8132	491	320	1103
-12388	-2084	7724	-347	347	501
-12772	-2016	7596	-31	507	879
-12324	-1652	7812	865	-168	-292
-12560	-812	7468	-722	-261	-945
-12512	-1864	7436	-1843	-440	-449
-12732	-2276	8264	-1649	-960	-973
-12356	-2300	7608	-422	-381	-1688
-12148	-2240	7000	2137	783	-2578
-12612	-1800	8032	2238	620	-3211
-12312	-2188	7828	1781	936	-2974
-12900	-1580	7692	944	1003	-2981
-12348	-2372	7388	257	800	-3544
-12424	-2192	6824	31	823	-3240
-14232	-3136	8212	-685	936	-2221
-12596	-3184	7056	-312	1063	-1304
-14000	-2244	6572	355	1348	-1544
-14288	-2284	6616	171	552	-993
-12676	-1652	6516	-1349	-485	-447
-14212	-1200	6840	-2262	-288	-1081
-15356	-1928	6992	-2903	-1326	-769
-13072	-2256	6848	-3940	-1990	-770
-14288	-3316	7364	-3512	-1250	-1026
-14676	-3096	7456	-2446	-1188	-996
-12612	-3780	7940	-1603	-1515	-1014
-14812	-2652	7852	-1210	-1120	-1107
-14392	-3220	7292	-1718	-1170	-686
-11904	-3584	7952	-1861	-994	-729
-13400	-3440	7284	-1301	-679	-846
-13280	-2980	6528	-972	-1120	-624
-13084	-2876	7200	-1617	-1549	-918
-14104	-4372	7612	-1799	-1662	-875
-14036	-3340	7140	-2448	-1669	-482
-13624	-3636	8532	-2304	-1764	-843
-14148	-4844	8944	-1449	-1481	-1077
-13744	-4588	8164	-304	-1007	-427
-13204	-4732	8372	-265	-971	-300
-13052	-3632	8904	-625	-1023	-13
-12384	-3012	8156	-1543	-886	206
-13388	-4552	8320	-1618	-722	-385
-13488	-4968	9180	-851	-724	-407
-12568	-5044	8576	-248	-61	-9
-12744	-5300	8348	701	230	26
-13664	-4436	8540	832	38	241
-12536	-4944	8396	-338	-519	1611
-11448	-4008	7760	-649	-367	2431
-13464	-3676	8064	-1458	-840	2356
-12256	-3656	8020	-1762	-1033	2632
-11432	-3504	7828	-652	-616	2542
-13916	-4136	7692	507	90	1440
-13572	-3460	8644	1016	272	1338
-13032	-3224	8760	1191	1380	1057
-14700	-3724	8752	1557	1297	680
-14356	-3224	8864	1521	876	686
-14212	-3536	9448	695	734	1103
-15024	-4060	9616	492	728	1215
-14756	-3776	9140	430	189	1749
-14064	-3248	9488	748	296	1627
-14060	-2624	9020	300	-123	1676
-14412	-3176	8212	-12	-307	1431
-13200	-2612	8032	129	-366	1422
-12864	-1996	8644	679	37	1145
-13432	-2416	8532	247	-29	1004
-13712	-2716	8332	492	-41	902
-13752	-2340	9796	80	313	626
-14044	-2216	9196	337	661	303
-14572	-2288	8684	871	703	7
-13900	-2088	9292	1350	433	-270
-13472	-1388	8632	1105	398	-672
-13540	-1572	8048	291	-67	-338
-12932	-1980	8592	-770	-311	-87
-13040	-2276	8796	-709	-88	-252
-13156	-2524	8664	-80	-79	-134
-13304	-2240	8692	318	123	-228
-13560	-2312	8744	-418	-6	-60
-13904	-2472	8660	-210	-50	-35
-13448	-2120	8556	59	-181	-16
-14088	-2228	8492	149	-331	-241
-13852	-2376	8488	-139	-649	-139
-13860	-1892	8544	-274	-741	-181
-13936	-2008	8640	-662	-914	-493
-13240	-2660	8452	-723	-925	-937
-12804	-1856	8868	217	-467	-1129
-12944	-2144	8832	-155	-272	-1149
-12768	-2532	8856	-443	-52	-1201
-12680	-2376	9104	-257	-141	-1064
-12432	-2412	8748	398	59	-1203
-12684	-2016	9108	189	-149	-866
-12464	-2612	8972	-417	-13	-793
-12648	-2464	9012	-397	307	-867
-13164	-3372	8956	199	436	-1014
-13344	-3648	8856	1935	849	-1208
-13792	-3096	8852	2586	1151	-1213
-14580	-2864	8756	1998	1131	-982
-14288	-2768	8884	616	719	-649
-15344	-2776	9128	-295	224	-769
-15504	-3544	9652	457	294	-1523
-15280	-2652	9404	1373	465	-2006
-14324	-3080	9708	1629	491	-2378
-14832	-2544	9272	1244	686	-2447
-14556	-2804	9440	303	554	-2344
-13816	-3472	9384	503	796	-2172
-14228	-2860	8836	449	1010	-2086
-14400	-3728	9020	127	751	-2076
-13432	-2592	9076	1028	894	-1818
-14184	-2592	8540	675	688	-1751
-13248	-3616	9220	297	519	-1740
-13476	-3036	9200	2071	1360	-2007
-13660	-2976	8952	2622	1629	-1918
-12316	-3644	8624	3804	2166	-2231
-13196	-2168	8664	4856	2521	-2265
-12184	-1168	7964	2774	2364	-1559
-12984	-3084	7660	499	2440	-1836
-12988	-3880	7788	1391	2362	-1328
-12960	-2380	7984	1290	2225	-959
-12984	-2560	8124	221	2149	-714
-13648	-2856	7232	-95	1986	-213
-12960	-3204	7508	-550	1806	19
-13652	-3000	7748	-652	1828	-34
-13712	-3424	7796	-675	2030	697
-13224	-4184	6312	393	2091	824
-13332	-2916	7500	1353	1979	592
-14072	-2252	7364	9	1487	1351
-13200	-2964	6088	-613	1750	1515
-12984	-2400	6708	-1380	1564	1980
-13364	-3320	6200	-1723	1525	2372
-12116	-3400	5504	909	1629	1480
-12248	-2420	6300	2404	1617	1239
-12332	-884	6172	272	1759	1321
-12812	-1816	6424	-3789	1290	1765
-13076	-3464	6500	-4402	376	2282
-13272	-2576	6176	-3206	-225	2486
-13128	-2604	6512	-2761	41	2325
-12284	-2196	5860	-3049	-145	2485
-12884	-2944	6612	-2546	-355	1109
-12264	-3076	5996	-1433	275	848
-12732	-3624	6512	-404	362	395
-12128	-3432	5848	134	143	-123
-12108	-3288	6412	639	-42	-233
-13088	-2816	6908	-491	-898	152
-12516	-3100	7016	-1753	-1184	655
-12380	-3084	6108	-1438	-906	418
-12884	-3140	6928	-1133	-310	-215
-12632	-3668	6052	591	-13	-157
-11836	-1584	6384	1788	-419	-1050
-13236	-1324	6688	-689	-589	-1308
-12876	-2360	6888	-1941	-477	-96
-13740	-2432	6700	-2824	-639	46
-13284	-3036	6520	-898	-539	60
-13076	-2048	6376	-112	-789	-29
-13132	-1364	6456	-509	-181	-672
-14340	-996	6792	-1952	-920	-359
-11892	-1724	5952	-2156	-1510	-539
-14060	-2108	6304	-2092	-806	-1400
-14872	-3356	6596	-1354	-873	-586
-13476	-3344	6672	-493	-422	-487
-14260	-2760	7080	798	-27	-508
-15316	-2324	6372	1356	-358	-602
-13808	-1068	6664	219	-416	-354
-13780	-2472	6624	-1541	-437	-276
-15672	-2876	6904	-1075	-689	-262
-13676	-2008	7244	-886	-1455	53
-14432	-2028	7684	-1596	-1059	-220
-14984	-3172	7620	-2289	-1128	202
-13868	-2848	7220	-2210	-1038	646
-14012	-4140	6944	-1533	-1030	508
-13236	-2620	7168	490	-749	215
-13528	-2448	7432	726	-822	91
-13656	-2312	7312	48	-995	394
-13452	-1308	7208	-1658	-1336	1023
-13768	-2396	7900	-2616	-1193	551
-14264	-2896	7996	-1589	-844	661
-14032	-3000	7772	-510	-407	868
-14368	-2796	7824	-277	-202	913
-14124	-3132	8276	-216	-380	1450
-14040	-3432	7904	-153	-576	1939
-14788	-2612	8284	-390	-340	2110
-14268	-2244	7844	-1224	-745	2767
-14124	-2164	8188	-1310	-431	2479
-14404	-2096	8536	-1217	-731	2181
-13992	-2320	7976	-171	20	1310
-13820	-1900	8556	1253	514	784
-13640	-2020	8680	1432	978	802
-14116	-2232	7380	785	1471	919
-13388	-1928	7488	765	1716	1280
-15000	-2076	8404	386	1275	1577
-14748	-2132	7592	90	996	1904
-14776	-1472	7308	727	1072	2060
-14660	-1456	8200	1045	678	1924
-14440	-812	7824	1828	764	1340
-14876	-472	7208	1874	734	1246
-14476	-516	7764	945	514	1035
-14860	-820	7712	111	467	658
-14812	-772	7452	305	384	767
-15044	-1320	7636	1239	333	243
-14968	-812	8216	1448	253	174
-14080	-732	7852	1795	370	166
-14968	-668	7980	2107	2	-235
-14332	-440	7924	1508	-106	-68
-14448	-544	7636	969	-172	-80
-14560	-748	7716	1691	-165	-408
-14248	600	7660	1614	-463	-468
-14000	500	7384	90	-760	-589
-13868	172	7468	-771	-943	-736
-14160	-972	7652	-779	-897	-1199
-13968	-880	7820	405	-509	-1501
-15056	-1252	8052	301	-201	-1786
-15360	-1636	7624	709	40	-2032
-15444	-1588	8784	503	-48	-2191
-16344	-1800	8932	326	-185	-2231
-16076	-1860	8312	919	-510	-2360
-15760	-1536	8864	1506	-856	-2582
-15876	-1104	8356	1411	-1186	-2590
-14824	-924	8788	1117	-1140	-2631
-14964	-368	8800	290	-797	-2880
-14464	-552	8408	-78	-820	-3182
-14812	-892	8944	18	-558	-3811
-13988	-1104	8632	44	-332	-3827
-14164	-880	8836	-181	134	-3869
-14008	-1372	8816	-1604	-111	-3668
-14132	-2096	8940	-1102	109	-3720
-14468	-2432	8444	-1475	117	-3310
-14180	-2420	8744	-1522	185	-2658
-13988	-3072	8240	-1565	340	-2322
-13444	-2452	8380	-1261	433	-2033
-13028	-2828	8196	-1865	614	-1503
-12568	-3124	8172	-1710	1121	-1120
-12596	-3332	7736	-1287	1407	-840
-12476	-3440	7332	-319	1587	-733
-12804	-3412	6716	-48	1863	-461
-12372	-3368	6620	-483	1967	-156
-13128	-3256	7308	-780	2215	43
-13900	-3632	6844	-1190	1820	606
-12992	-3692	6688	-741	1830	968
-13832	-2600	7076	-864	1851	1252
-14708	-3488	7204	-2264	1486	1609
-13516	-3468	6600	-365	1867	1527
-13452	-2708	7092	-488	1874	1632
-13528	-2568	6428	-979	2327	1761
-12896	-2572	5944	-1070	2278	1750
-13660	-2312	5952	-1557	1725	1992
-13992	-3224	5248	-1127	1562	2211
-12924	-2920	6816	-1022	1718	2351
-12588	-2316	5348	-642	1973	2618
-13824	-2804	6224	-819	2232	2347
-12608	-2352	6068	-641	1726	2848
-12996	-940	4784	-1091	1720	2257
-12892	-2444	5388	-1730	1258	2163
-13944	-2828	5780	-795	982	2061
-13080	-2440	4972	-323	1386	1869
-14304	-2496	4996	-83	1827	1112
-12616	-2564	5484	850	1665	756
-14192	-1948	5632	2864	1709	376
-13116	-2048	5648	1397	1467	712
-13448	-1308	5720	-63	1133	635
-14040	-2316	4964	-776	852	1040
-13096	-2540	5564	142	742	973
-14540	-1836	5380	-33	770	224
-14256	-2240	5056	111	918	846
-14864	-772	4840	313	118	483
-14196	-296	5108	-1088	-391	328
-13892	-1084	4372	-1441	-519	382
-13952	-1504	4848	-2094	-1278	-53
-14284	-2768	5612	-1227	-1013	-334
-13832	-2812	5160	489	-523	-276
-13368	-944	5368	634	-710	-720
-12916	-1176	4932	-159	-1391	-1263
-13780	-1084	5008	-516	-1681	-1688
-14464	-2080	6348	-847	-1774	-1182
-14264	-2116	6300	-59	-1153	-609
-12840	-2828	5268	810	-925	-1128
-13884	-1076	5776	974	-1214	-1362
-13548	-932	5620	72	-1852	-858
-13376	-796	6536	-1903	-2183	-923
-13984	-2284	6164	-2584	-1688	-879
-14468	-2208	6096	-952	-1132	-910
-14256	-2176	6560	-529	-1340	-472
-14460	-1588	6512	-110	-745	-993
-14404	-1192	6284	-993	-548	-1047
-13832	-2160	6156	-1397	-608	-652
-13976	-2352	6428	-95	-280	-1092
-15076	-1668	6888	-101	-206	-1013
-13628	-1584	6028	-543	-339	-628
-13944	-1644	5828	-1504	-219	-1088
-13972	-2000	6004	-1412	-634	-1339
-14020	-2192	6476	-711	-647	-1595
-14468	-2396	6412	-1015	-747	-1513
-13800	-2352	6412	-1446	-387	-1235
-15020	-3308	7172	-1572	-170	-1177
-14620	-2816	6784	-833	-649	-351
-13804	-2556	6896	-1179	-368	-261
-14752	-2776	6752	-1322	-615	176
-14308	-2936	6288	-1744	-1081	868
-13588	-2608	6260	-1750	-1249	1082
-13892	-2644	6212	-1276	-1108	770
-14368	-2316	5288	-1064	-1606	813
-13076	-2248	5512	-1698	-1983	1185
-14680	-3204	6424	-2078	-1919	997
-13920	-2700	6652	-1990	-2099	1610
-13228	-3540	7188	-1767	-1664	1711
-14768	-3416	8308	-710	-1351	1509
-13740	-2948	7560	-245	-995	2119
-13272	-2548	7176	766	-604	1952
-14476	-2184	8652	1013	-626	1444
-14020	-1624	7240	161	-479	1629
-13192	-1916	7280	338	-262	1589
-15428	-1676	8100	-194	-367	1136
-14532	-1860	7260	-376	-283	980
-13908	-2028	6848	181	99	1032
-15208	-1936	7520	759	121	295
-14388	-1680	7600	802	-126	253
-13884	-1300	8468	1340	464	171
-14556	-2064	8248	1014	488	-33
-14188	-1448	8248	1043	662	92
-14060	-1280	7264	-39	602	626
-13852	-1800	7516	78	667	726
-14312	-1304	7936	-133	469	760
-13432	-1940	7368	620	613	644
-14468	-764	7068	1505	1075	375
-14308	-1396	8420	1057	721	337
-14108	-432	7200	286	660	227
-14128	-632	7424	-510	572	465
-14900	-1768	7728	-1001	330	456
-14180	-1948	8272	12	298	480
-14172	-948	8668	592	623	579
-15388	-2068	7940	46	537	740
-14872	-2184	8340	69	536	1053
-14784	-1144	8808	529	803	1189
-15504	-632	7140	84	556	931
-14724	-1276	7036	-112	182	812
-15096	-360	7760	4	84	522
-14996	-1064	7232	-460	-341	284
-15116	-240	7360	-40	-218	-228
-14708	-356	7948	-715	-274	-500
-15520	-1000	7156	-726	-151	-865
-15704	-1344	7712	-228	-191	-1387
-15896	-760	8184	-218	-672	-1576
-16020	-1496	7528	-403	-1064	-1732
-15964	-1520	8220	-334	-1084	-2120
-15592	-1220	8376	-501	-1386	-1936
-14988	-1680	7792	-85	-1524	-2083
-15264	-1096	8512	14	-1615	-2235
-14240	-1240	8504	-1074	-1535	-2184
-14160	-1528	7788	-1362	-1673	-1992
-13952	-1244	8752	-2091	-1557	-2221
-13028	-1416	8124	-1912	-941	-2327
-13680	-1944	7804	-755	-433	-2754
-13532	-2048	8972	-314	114	-2949
-14212	-2648	8324	158	661	-2820
-14748	-2496	8076	420	536	-2671
-14232	-2532	8576	337	311	-2302
-14560	-2240	7664	53	403	-2127
-13616	-2180	7936	-834	101	-1718
-13464	-2080	8240	-1187	117	-1356
-13996	-3132	7112	-1868	-52	-1049
-12932	-2884	7624	-2412	190	-528
-13316	-3684	7508	-1569	454	-525
-13224	-3508	6916	263	553	-477
-13336	-2572	7304	275	916	-614
-12912	-2404	7200	-965	695	-333
-13396	-2620	7224	-1209	371	-237
-13208	-3452	7812	-1396	350	-69
-13680	-3032	8024	-1193	495	130
-13660	-3812	7784	-1343	571	464
-13504	-3024	8064	-702	1413	587
-13780	-3524	7940	-661	1473	717
-13380	-3464	7820	-409	1576	637
-13072	-2812	7800	705	1844	577
-13552	-2284	6992	47	1848	739
-12968	-1732	7612	-1330	2044	643
-13776	-2284	7544	-3353	1711	1122
-14460	-3900	6496	-2552	1788	1268
-13164	-3580	6272	378	2001	926
-13964	-2004	6184	2421	2232	329
-14268	-1856	6720	538	2097	738
-13700	-2388	6108	-1956	2148	1539
-14164	-2756	5336	-2074	1647	1988
-12988	-3036	6668	-1282	1738	2120
-12388	-1528	5604	-383	1958	1701
-13812	-2076	6548	-1013	1804	1730
-13332	-2644	6172	-1615	1335	3724
-12764	-2752	5532	-2287	959	3941
-12692	-3496	4644	-1480	1039	2944
-11892	-1704	4364	704	1173	2715
-12396	-3276	4280	-266	1206	1340
-13468	-2368	5072	706	1079	639
-13264	-1768	6160	1080	546	1330
-14668	-1564	5768	-815	422	1847
-14096	-2108	6008	-617	628	1092
-13692	-1756	5288	-183	96	1086
-13412	-1216	4788	186	-212	106
-13396	-1336	5956	-896	-1003	-595
-12800	-1580	6220	-1949	-1543	-794
-13736	-2492	6464	-2952	-1750	252
-12728	-3136	6096	-1827	-1794	244
-12164	-1888	7124	-1004	-1530	-1140
-13504	-2592	7364	-593	-1559	-193
-12576	-1776	7068	166	-1020	-971
-12152	-1244	6948	-277	-753	-2444
-12696	-2664	6944	-34	-895	-1699
-13676	-2228	6224	-54	-872	-2458
-13448	-1672	6284	-72	21	-2542
-14020	-1688	6580	-185	190	-1324
-13840	-2176	6420	-995	-520	-1765
-14340	-2316	5856	-774	-395	-1823
-14308	-2460	6896	-524	-713	-729
-14244	-2168	6208	-2640	-1527	-102
-13852	-2516	6476	-2637	-1069	-164
-14800	-2536	6696	-1872	-1423	611
-13896	-2276	5980	-1531	-1622	318
-14412	-1324	6736	-1800	-1536	-213
-14900	-1608	7080	-2240	-1558	16
-13612	-3244	6496	-2131	-1690	49
-14276	-2568	6332	-754	-1002	-513
-14592	-1832	6880	205	-847	-682
-13836	-2624	6328	-152	-1127	-895
-14272	-1964	6536	361	-748	-1464
-14896	-1940	7144	-1320	-1539	-887
-13000	-2988	6832	-1652	-1635	-407
-14840	-2856	6876	-1324	-1972	-657
-13584	-2428	7460	-1385	-2026	-629
-12540	-3264	8040	-1808	-1621	-647
-13620	-3556	7788	-648	-1077	-730
-13560	-2880	7944	43	-1053	-597
-12972	-3420	7264	-226	-695	-182
-13512	-3040	7824	-438	-134	-359
-14000	-3088	7652	-104	-240	-425
-13864	-3744	7400	603	-527	-193
-13844	-3140	7884	969	-478	-258
-13556	-2980	7912	724	-214	-90
-14584	-3524	8064	655	-580	234
-12464	-2712	7744	280	-716	870
-13160	-2720	7924	-7	-458	688
-14276	-2932	7820	614	-602	631
-13460	-3172	7908	808	-553	997
-13068	-2880	7964	1730	-3	759
-13824	-1904	8300	1330	302	228
-14816	-2328	8264	707	215	153
-13772	-2692	8528	281	361	481
-13604	-2776	7720	34	613	358
-14496	-2560	8528	683	485	59
-14352	-2472	8616	56	207	394
-12836	-2176	8852	626	666	826
-14332	-1932	8812	289	721	742
-14128	-2256	8608	-616	-21	912
-12656	-1476	9232	-1365	659	1171
-13656	-1996	8496	-1705	741	1302
-14180	-2868	7796	-170	1095	855
-14136	-2620	8324	450	1223	886
-13916	-2356	8036	941	1450	684
-15224	-2032	8080	746	1377	848
-15176	-2516	8356	-110	1229	1037
-14832	-2188	8052	385	1006	1131
-15156	-2284	8040	412	710	976
-15152	-1588	8492	461	478	550
-15116	-1220	8504	-20	214	504
-15704	-1708	7720	-539	182	8
-15532	-1596	7796	-455	466	-755
-15644	-1828	8376	-471	247	-1029
-15656	-2636	7808	-204	-223	-1298
-15784	-2336	7944	270	13	-1748
-16068	-2000	8356	-127	-867	-1527
-15172	-2688	8088	191	-1175	-1762
-15788	-2208	8640	341	-1160	-2281
-14060	-2548	9080	151	-1125	-1963
-14244	-2404	8172	321	-487	-1955
-14432	-2008	8308	-780	-822	-1575
-14252	-2312	8604	-1919	-759	-1259
-14304	-3716	8260	-1015	-404	-1254
-14508	-3016	8084	427	-55	-1477
-14072	-2436	8356	-59	8	-1142
-13940	-2684	7776	68	459	-1249
-14456	-2248	8068	861	400	-1631
-14416	-1944	8272	445	-149	-1515
-14452	-2520	6948	-427	-59	-1461
-14080	-2172	7780	-1278	-83	-1192
-13408	-2320	8052	-2433	-118	-678
-13908	-3352	6972	-2286	-125	-717
-13452	-3532	7236	-674	197	-998
-13184	-2596	7824	-536	636	-976
-13952	-3104	6768	-156	731	-696
-13252	-3448	7852	-1061	393	-376
-13260	-2124	7964	-1513	866	-327
-13436	-3348	6832	-1325	643	111
-12940	-3624	7588	186	842	-59
-13032	-2564	7904	108	1182	74
-13964	-3012	7604	-1258	1403	128
-13356	-2716	7420	-1313	1509	391
-14072	-2700	7036	-1645	1628	480
-13324	-3492	7320	-1720	1689	817
-13596	-2984	6992	-1403	1698	1080
-12924	-2360	6100	-871	1353	1305
-13580	-2832	6036	-1956	883	1360
-12892	-3436	7144	-2382	1422	1549
-14180	-3188	6228	-1728	1614	1863
-13064	-3976	6356	-1208	1345	2218
-13208	-2976	6968	-54	2480	1904
-12752	-3180	5960	503	2797	1800
-12808	-3112	6656	1219	3171	1856
-13192	-2340	6420	714	3684	2145
-13556	-2504	5348	-157	3435	2401
-13288	-2116	4972	-227	2594	3123
-13764	-1616	4896	266	1848	3224
-13836	-1392	4824	-597	1192	3317
-12380	-1128	5548	-2692	432	3995
-13380	-2744	4600	-3478	-389	3818
-13356	-4096	5608	-559	238	3395
-11920	-2828	5560	2608	980	3296
-12640	-2560	6280	4612	1897	1152
-12948	-1108	5928	3874	1344	532
-14164	436	6256	1808	1228	1236
-14556	-952	6592	-514	686	1130
-13836	-936	5256	-778	-31	1175
-15388	-452	5196	759	334	651
-14000	236	6300	-4	-543	313
-14376	440	5000	-894	-405	-226
-15504	-768	5808	-1523	-748	-87
-13584	-524	5648	-841	-968	-698
-14024	-364	5268	-361	-720	-1589
-13516	-876	5336	-103	-1188	-1778
-13360	-864	5356	-1038	-2197	-2648
-13596	-2104	5652	-775	-1846	-3139
-13056	-2052	6284	490	-1839	-2209
-13240	-196	6648	-1277	-2608	-2567
-12312	-524	6548	-2464	-2572	-2991
-13812	-1872	6692	-2476	-1961	-3739
-13012	-2316	7752	-1724	-2058	-3654
-12756	-3316	6184	-470	-1226	-4211
-12672	-3724	6660	1977	529	-5019
-14708	-3920	7492	2752	484	-3216
-13128	-3420	5884	2124	717	-2195
-13220	-2064	5508	634	379	-1812
-14624	-2256	6608	-878	-900	-654
-12332	-1760	5660	-2715	-2117	132
-13536	-2656	6052	-3356	-1930	-617
-14776	-2372	6132	-3148	-2480	-370
-11868	-2296	5736	-2279	-2787	-883
-14712	-2828	6816	-1468	-1512	-2024
-15064	-2672	7136	-1470	-1556	-1512
-13180	-2608	6792	-1356	-1698	-1558
-14792	-3676	7088	-1756	-775	-1862
-14556	-4208	7996	-848	-704	-1650
-13316	-2932	7432	-49	-1179	-1578
-13892	-4104	8140	-373	-477	-1943
-14768	-4036	8360	-733	-696	-856
-13692	-3980	6652	-1040	-1257	-167
-12828	-4292	6724	-921	-1157	-127
-13988	-3852	7448	-187	-1132	315
-13324	-3340	6652	-50	-1360	182
-12680	-3768	7332	-218	-1326	-207
-14040	-3548	7580	-266	-1056	-222
-12448	-3644	7300	303	-1076	-38
-12508	-3744	8200	403	-1055	-277
-15312	-3200	8196	-296	-941	-541
-13088	-3812	8304	-828	-1151	260
-13352	-4096	7384	-123	-877	340
-14408	-4924	7948	1144	-874	-52
-12924	-3360	8512	1709	-950	493
-13100	-3860	8448	690	-826	1326
-12944	-3932	7476	-113	-564	1703
-12472	-3516	8876	-103	-410	1819
-13292	-3656	8912	996	-311	1645
-13228	-2308	8784	2059	-87	1380
-13184	-2056	9160	1396	297	1252
-14236	-2976	9380	527	267	1470
-13780	-3752	8380	174	457	1554
-13456	-2780	9680	855	1164	1141
-14436	-2976	9592	1286	993	1392
-13420	-3040	8828	1318	919	1793
-13368	-2392	8788	704	1169	2112
-13360	-2100	8308	396	791	2239
-13108	-1264	7904	572	943	2279
-14204	-1980	7800	524	1057	1949
-14120	-2232	8144	1002	1193	1792
-14220	-1248	8092	1004	1363	1765
-15584	-2240	8444	239	1220	1234
-15068	-1604	8820	136	1057	1166
-16108	-2112	8648	60	961	831
-15956	-2240	8776	762	389	602
-14996	-840	9260	200	54	651
-15348	-1432	8556	-688	-146	519
-15104	-1512	8648	-641	-617	208
-15168	-1636	8912	311	-501	-520
-15204	-1388	8644	21	-535	-1007
-15040	-1596	8684	-649	-666	-936
-15136	-1524	9096	-1330	-651	-903
-15520	-1900	8224	-1184	-832	-1198
-15812	-2060	9172	86	-1058	-1795
-15312	-1552	9276	80	-1371	-1927
-15060	-1268	8520	-456	-1396	-2195
-14136	-1200	8928	-1964	-1347	-1979
-14044	-2468	8848	-1450	-1161	-2064
-14084	-2608	8016	-285	-1472	-2073
-12732	-1996	8384	-84	-1124	-1930
-13636	-1068	8568	-1606	-987	-1700
-14056	-2684	8620	-2970	-1409	-1384
-13348	-2972	9068	-2650	-958	-1463
-13996	-3148	9336	-2209	-547	-1626
-13852	-3388	9072	-590	88	-1826
-13632	-3160	9092	-367	461	-1706
-13092	-3088	9160	-585	895	-1287
-13576	-2792	8520	-213	1163	-1122
-13048	-2780	9324	-226	1275	-830
-12824	-2440	9096	-474	1992	-941
-13152	-2652	7688	-1004	1987	-616
-12696	-2860	7928	-417	1923	-347
-13044	-2788	8188	-467	1796	-249
-12840	-3192	7292	-87	1789	-281
-13484	-2652	8428	-1493	1419	376
-13464	-3496	7524	-2217	1364	1188
-13144	-3044	7492	-781	1341	1029
-13516	-2960	7424	237	1481	255
-13880	-2508	7564	64	1753	189
-13320	-1164	7724	-749	2087	144
-13716	-1836	7856	-2766	1541	581
-14832	-2692	8716	-4262	2853	916
-13984	-3356	7456	-2920	3410	1453
-11616	-3328	6420	-584	3111	1324
-9948	-2172	6208	-773	2520	907
-11080	-3124	5848	-2163	2009	1168
-11728	-4700	6592	-2499	1167	1557
-11512	-4728	5928	-2018	1113	1820
-13212	-5392	5516	-46	1583	1777
-16100	-3836	6476	1116	1790	2666
-15192	-2528	5092	2102	1833	3953
-14812	-628	5204	830	691	3968
-13984	356	5924	-2148	-545	4572
-13244	-1216	5764	-5807	-830	4266
-11524	-3116	6336	-4152	-253	2857
-13648	-3688	6248	-683	107	1593
-11412	-2284	5316	81	-413	1156
-12116	-2580	6816	426	301	202
-13516	-2712	6676	535	-139	36
-13288	-2400	6684	713	-5	446
-13980	-1500	7324	720	-69	284
-13172	-892	5960	-813	-610	39
-11836	-1908	5912	-647	-1205	-1104
-12240	-1552	6344	-775	-1571	-2113
-11512	-3704	7052	-8	-1143	-3466
-13576	-3844	8436	1832	-510	-2340
-12812	-3132	7364	1884	-573	-1567
-12212	-1776	7064	1501	-860	-2193
-12248	-624	6572	427	-1399	-2343
-12360	-700	6744	-1563	-2142	-2890
-13376	-2424	7352	-3078	-1883	-2654
-13484	-2700	6984	-3049	-1073	-2165
-13244	-3412	6060	-1337	-1488	-2552
-12888	-3200	5600	857	-1692	-3090
-13440	-2096	6408	560	-1949	-3181
-14328	-2316	6844	-2376	-2407	-2664
-13368	-3844	7268	-3433	-2695	-1614
-13528	-3980	6788	-2203	-2638	-1594
-14164	-3936	7096	-803	-2688	-1621
-13624	-3784	8120	-795	-2450	-1407
-13200	-3020	7608	-878	-2013	-1526
-13784	-3564	7276	-129	-1880	-2065
-13152	-2784	7712	-3	-1999	-1953
-12188	-3552	7740	-1270	-1823	-2170
-14140	-4888	7908	-977	-1232	-2135
-13052	-4524	8460	-1115	-1513	-1538
-12116	-6012	10140	-1407	-917	-1215
-13672	-5804	9244	-279	439	-595
-13124	-5308	8496	615	517	303
-11300	-5064	9400	1069	738	817
-12776	-4520	7888	1598	1215	419
-12824	-3768	7964	2022	531	922
-12076	-2936	7600	1106	307	720
-12256	-3712	7596	1549	454	415
-13556	-3640	7488	1928	21	-72
-12360	-2800	8236	1075	-377	228
-13444	-3848	7940	90	-305	176
-12712	-4140	8288	560	-67	57
-12516	-3832	9512	1085	286	-12
-13040	-5296	9460	1893	322	150
-13100	-4336	9352	3295	714	723
-13664	-4176	10308	2062	787	1849
-14168	-4136	9136	963	1009	2284
-13712	-3496	8884	1011	921	2887
-12968	-2940	8632	2031	1234	2725
-13680	-2380	8336	2259	1306	2231
-13036	-1856	8140	1893	1118	2299
-12604	-1396	8580	954	1427	2272
-12976	-2176	7836	779	1223	2272
-12892	-1804	8132	1909	1264	2113
-13968	-1392	8220	1643	1512	1923
-13976	-1808	8872	527	1461	2343
-13856	-1512	8308	-116	2052	2180
-14444	-2200	8672	-139	1718	2325
-14800	-2208	8188	1183	1882	1894
-15000	-1184	8560	1700	1770	1747
-14856	-1016	9020	1223	1703	1903
-15628	-1416	7944	220	1545	1907
-15544	-2012	7808	415	1214	1796
-15068	-784	8948	868	1091	1791
-15836	-700	7644	30	817	1329
-14904	-1000	7752	-100	379	1129
-15036	-256	8532	-37	382	864
-15196	-864	7928	-159	48	669
-15220	-440	7932	148	57	153
-15712	-212	8008	-69	-79	-317
-16424	-832	7596	-479	-406	-1151
-15460	-540	6980	-237	-850	-1406
-15720	-884	8704	-697	-1231	-1961
-16868	-1288	8976	-922	-1682	-2599
-15776	-1620	8416	-953	-2061	-2799
-15264	-1888	10176	-792	-1522	-3143
-15744	-1588	8964	271	-777	-3573
-14768	-1280	8416	1234	-780	-3855
-15072	-800	8620	494	-1028	-3826
-14708	-1212	8444	-353	-1411	-3450
-14696	-1592	8752	-1229	-2261	-2985
-14516	-1528	8804	-1953	-2528	-2384
-13976	-2600	8728	-1811	-2585	-2003
-13660	-3368	9160	-723	-2276	-1564
-13184	-2596	9412	-94	-1461	-670
-13136	-2028	7900	-293	-842	-439
-12900	-2224	8788	-468	-782	-286
-12592	-1684	8888	-500	17	-657
-13448	-1332	8164	-1405	119	-796
-12620	-2352	8468	-2513	347	-509
-12412	-1560	8252	-1879	1324	-1098
-13824	-2504	6976	-2382	940	-914
-12532	-2744	8104	-3242	1295	-386
-13136	-3608	8364	-1822	1813	-518
-13380	-3708	7640	1730	2180	-1229
-13272	-2864	8436	1395	2800	-1589
-13616	-1756	8924	-1150	2969	-731
-13512	-2216	7592	-3024	2311	279
-12232	-3548	7792	-1579	2241	439
-12492	-2400	7832	-826	2057	702
-12116	-3192	7116	-1422	2310	1147
-12232	-2236	7100	-1795	2472	1350
-12804	-2604	7192	-2808	1769	1887
-12144	-3468	7048	-1574	1611	1861
-12308	-2688	6896	-762	1253	1879
-12312	-2848	6612	-1592	953	2084
-11944	-3408	6784	-1841	1265	2233
-12208	-3744	5692	-998	1282	2026
-13336	-3364	6748	-53	1329	2040
-13232	-2808	7404	-1543	925	2702
-14696	-3280	6244	-805	1332	2562
-14168	-2648	6676	583	1524	2231
-14400	-2084	6640	1593	1699	1987
-13272	-1168	5556	1937	1512	1704
-11724	-1264	6772	668	1312	822
-12728	-1648	6600	-333	1413	726
-12208	-1756	6652	-498	644	366
-12324	-2584	7216	-606	549	-252
-13584	-2916	6372	-437	334	384
-13728	-2504	7044	-1096	51	1400
-13124	-2516	6860	-744	716	1588
-12960	-1468	5884	165	183	1561
-12564	-812	6480	-712	-207	85
-13176	-1504	6424	-1670	-514	307
-12872	-1244	6360	-1161	-1033	305
-11848	-688	6544	-1751	-2199	-951
-13412	-1732	6640	-3117	-2497	-1340
-11904	-2000	7184	-3445	-3047	-912
-11748	-2048	6312	-1683	-2924	-1951
-13204	-2600	6656	-1328	-2683	-2318
-12884	-2824	6940	-1087	-2826	-2003
-12476	-2612	6224	-531	-2505	-1664
-13536	-2828	6876	-853	-2157	-1936
-13460	-2972	7820	-1173	-2218	-826
-12156	-2640	7084	-1163	-2399	-256
-12796	-2304	6904	-765	-1747	-926
-14100	-1912	7652	-1234	-1252	-661
-11984	-2280	7608	-1050	-1074	-954
-12880	-2548	7636	786	-211	-2414
-13948	-2172	8508	1565	235	-2889
-13244	-2616	7880	1301	547	-2324
-13344	-2996	7292	941	1134	-2402
-14048	-2888	8016	950	1180	-2284
-13616	-3824	7948	841	1098	-1347
-12492	-3348	6824	1281	1720	-1231
-14768	-3496	7632	1889	2031	-1198
-13704	-2692	7216	2201	1563	-674
-12824	-2268	5672	2756	1457	-1027
-15192	-1712	7436	1582	514	-756
-13428	-2392	6604	-291	-214	-116
-12784	-2928	6136	289	-335	-191
-14660	-2572	7224	369	-1270	38
-13948	-3116	7224	15	-1528	323
-13476	-3656	6908	678	-1006	157
-15056	-3228	8156	3346	-425	-728
-15028	-2092	8908	2368	-934	-213
-13916	-3680	8656	1253	-752	297
-14532	-2972	8552	1298	-250	468
-14124	-2744	9932	303	-204	1213
-14284	-3136	8476	-43	-104	1375
-13816	-3184	8288	2100	25	1083
-14304	-1416	9864	1955	163	817
-13544	-1816	8748	1052	338	816
-13612	-1820	7484	1501	532	912
-13468	-1764	9104	1438	1236	867
-14580	-2132	8916	1011	1408	935
-14284	-3236	8068	1933	1791	677
-13952	-2212	8248	3277	2280	576
-13836	-684	8240	2049	1952	1198
-13872	-1080	8204	28	1572	1719
-14280	-1468	7956	-756	1501	1841
-14052	-1796	7712	231	1412	1908
-15516	-1608	7900	1343	1187	1534
-15116	-848	8288	684	1134	1385
-15140	-1308	8236	-228	962	1337
-15732	-1048	7544	-470	770	972
-14712	-1192	7676	-463	400	715
-14404	-548	7984	245	642	305
-15036	-780	7352	-323	376	219
-14468	-896	7584	64	452	-182
-14672	-492	8020	-346	109	-74
-15184	-1608	6980	-618	-87	-489
-15212	-1852	7064	-7	-146	-741
-15508	-1540	8036	175	-92	-1041
-15332	-2216	7624	942	-202	-1357
-15192	-1500	8016	2039	-416	-1544
-15128	-848	7876	1097	-803	-1400
-15444	-1240	7888	-184	-1016	-1207
-15668	-1564	8572	-1243	-1237	-1201
-15104	-2260	8464	-308	-1035	-1197
-15644	-2932	8180	1658	-560	-1743
-15380	-1940	8792	3074	-276	-1605
-16056	-780	8556	1317	-210	-1235
-14828	-872	8428	-392	-705	-531
-14780	-784	8880	-713	-596	-405
-15832	-884	8876	-1644	-742	-234
-14840	-1192	8484	-1503	-524	-422
-14808	-1308	9048	-752	41	-601
-15384	-1432	8848	-672	607	-670
-14264	-1444	8216	-697	1038	-413
-13916	-860	7088	1463	1511	-895
-14060	-388	8008	967	1539	-923
-13528	752	8448	-2971	1775	-113
-13408	-2092	7200	-5183	2470	162
-13148	-1928	6448	-2658	2743	238
-13432	-1192	6388	-1015	2975	-15
-12956	-1624	6092	754	3241	-525
-13724	-628	5768	262	2834	-433
-13368	-432	6280	-1368	2246	398
-13644	-1208	5972	-2695	1631	995
-13756	-1584	5632	-2198	1384	971
-13304	-1364	6332	-408	1214	771
-15148	-1192	6280	-840	936	696
-14920	-1180	6916	-2542	1171	1497
-13324	-1564	5712	-2686	1506	1569
-13564	-1700	5740	-1320	1464	1239
-13680	-584	6236	-2139	959	2030
-14000	-1148	5908	-3615	951	2517
-13632	-1240	5472	-4117	825	2907
-13376	-1360	5076	-2460	450	2723
-13488	-700	5652	-2472	-126	2445
-13292	-540	5916	-3751	-23	2327
-13844	-1812	6284	-4415	136	2191
-12728	-2488	6008	-2754	240	2147
-13936	-1168	5368	-1240	754	1873
-12608	-1904	5840	-1351	958	2120
-13560	-944	5152	-1756	1083	1717
-13856	-1256	4844	-1108	577	2072
-14576	-704	6108	-718	600	1761
-14796	552	5220	-1427	-35	2158
-13932	636	5896	-3612	-335	2253
-14124	-284	4892	-3055	-77	1511
-14012	-832	5208	-1667	-321	1077
-13548	-748	5920	-1257	-393	650
-14276	-1124	5508	-1475	192	870
-13628	-496	6004	-360	53	681
-13244	-84	6056	-849	-938	-382
-13408	-1032	5800	-1627	-656	-190
-13292	-716	6884	-1675	-617	184
-12684	-344	6084	-877	-1064	-636
-12200	-1012	5932	-371	-1097	-2522
-12696	-1228	5592	762	-1056	-3242
-11960	-1352	5232	1553	-1656	-3967
-11484	-2492	6488	988	-1557	-4799
-13744	-1988	6292	1096	-1697	-3448
-12584	-1896	6808	-694	-2386	-2449
-11272	-1920	6552	-1122	-2380	-2678
-14216	-1772	6792	-629	-2194	-1896
-12736	-1580	6400	-484	-2387	-1412
-12264	-1552	6084	-836	-1713	-2010
-14400	-1392	6516	-456	-969	-1716
-13420	-1640	6016	445	-1397	-1940
-13068	-1720	6680	72	-859	-2912
-14876	-1036	7624	-748	-578	-2224
-13800	-1708	6736	-2274	-1062	-1208
-13440	-2268	5952	-1782	-990	-1685
-14424	-2216	7136	62	-1088	-1946
-14396	-1804	7000	574	-1270	-2029
-12928	-1912	5908	227	-1446	-2293
-14336	-2408	6960	-81	-1085	-2753
-14292	-2212	8032	103	-1633	-2129
-14156	-2576	8068	-751	-1460	-1906
-13952	-3168	8120	-438	-706	-2008
-14708	-3748	8692	632	-583	-1780
-13616	-4132	7924	1207	-539	-861
-14468	-4060	7968	1243	-117	-377
-14260	-3536	8056	1064	-394	609
-12972	-3252	7704	404	-449	1400
-13972	-3160	8264	235	-19	1589
-14584	-3336	7760	116	-389	2071
-13120	-3276	8384	981	-161	2061
-13788	-1888	8880	1414	468	1938
-14240	-2356	8652	954	361	1927
-13656	-1996	8600	1009	638	2079
-13644	-1540	8248	157	788	2121
-14624	-2428	9012	365	857	2216
-14480	-1948	8092	1250	997	1765
-14392	-1216	8308	1680	1129	1407
-13996	-1028	8056	1029	1087	1164
-13920	-956	7672	946	1481	901
-14464	-1252	7484	631	1393	673
-13616	-2068	7892	1768	1527	286
-14280	-1176	6976	2698	2153	-9
-15328	-1736	7796	2211	1786	36
-15268	-1440	8524	801	1321	557
-15548	-1380	8172	135	1551	539
-16220	-1736	8016	320	937	824
-15016	-1248	8160	747	883	720
-14852	-1188	7608	1187	656	229
-14700	-176	7492	1735	728	37
-14128	48	6992	-242	517	461
-13820	-1220	7064	-1162	414	359
-14600	-728	7088	-718	535	151
-14928	-1540	7316	-257	291	158
-14996	-1156	7384	119	201	-104
-15012	-1076	7688	-85	44	-98
-15448	-712	7340	-170	23	-201
-15348	-624	7464	-319	-375	-315
-15432	-1056	7520	-304	-617	-700
-16244	-1208	7468	473	-597	-1201
-16080	-1128	7884	963	-953	-1533
-16260	-944	8104	172	-1451	-1722
-16064	-764	8764	-1511	-1726	-1698
-15904	-1616	8192	-2090	-1940	-1675
-15008	-1292	8332	-1256	-1922	-1961
-15120	-1120	8804	-236	-1838	-2679
-15120	-1044	8420	503	-1924	-2922
-13948	-912	8288	-31	-1901	-2834
-14104	-888	8680	-1600	-1863	-2388
-13780	-1412	8380	-3289	-1961	-1961
-14036	-2508	8512	-3772	-1638	-1823
-13980	-3256	8648	-2991	-1332	-1504
-13908	-4076	8148	-921	-669	-1563
-13460	-2132	8232	763	-365	-1324
-13668	-916	7660	-1235	-591	-966
-13696	-2400	7676	-2430	-460	-1255
-13264	-1832	8204	-2688	-456	-877
-13800	-3272	7512	-2351	-547	-1346
-13716	-3432	8164	-418	-126	-1890
-13496	-2248	8136	-269	196	-1710
-14108	-3020	8096	-1142	146	-1603
-13872	-3196	8476	-1892	504	-1367
-13140	-3472	8164	-1037	856	-936
-13228	-3296	7404	193	661	-958
-14288	-3124	9320	-1704	894	-507
-14056	-3180	7984	-2794	1230	550
-13460	-4320	7632	-2297	1293	791
-13148	-3580	7812	-417	1845	772
-12652	-3164	7112	-317	1839	1295
-12016	-2940	7240	109	2098	1381
-11892	-2548	7756	-1318	2102	2420
-12452	-3352	5580	-2830	1866	2737
-12260	-3556	6588	-1600	1728	2585
-11740	-3032	7140	-856	1758	3183
-12328	-2572	5684	-937	1850	3150
-13056	-2088	7016	-1796	2062	2712
-13332	-2396	7296	-3391	2080	3154
-13468	-3496	5996	-1650	2374	3008
-13312	-3136	6188	-27	2372	2774
-14492	-1728	6572	-349	2284	3276
-13724	-2168	5764	-1198	1898	4340
-13048	-1144	5796	-1737	1475	3913
-12536	-2540	6124	-2235	926	3350
-12936	-1436	6000	-1877	931	2870
-12324	-2324	5968	-913	550	2256
-12808	-2120	6456	-654	121	1443
-13244	-1536	6612	-1130	-171	2106
-13564	-1440	7292	-2046	-887	1971
-13156	-2024	6556	-2216	-823	1738
-13352	-2028	6632	-484	-251	1314
-13132	-1344	7204	769	-659	177
-12876	-472	6456	204	-301	-121
-13508	-880	7084	-463	-654	-122
-13592	-740	6932	-1854	-1691	17
-12780	-1404	6768	-1382	-1671	-659
-12500	-2132	6912	-999	-1201	-1050
-13872	-2896	6884	866	-114	-662
-12796	-2312	6832	2646	393	-445
-12120	-748	6244	2209	-227	-1839
-12052	-220	5644	2279	-719	-2938
-12364	888	6360	1360	-1689	-3872
-11916	-1500	7388	-668	-1651	-4948
-14456	-2716	8128	-318	-622	-3571
-14396	-2684	7568	1169	-262	-2642
-11568	-1704	8220	1718	-698	-3378
-14616	-1612	7968	564	319	-2880
-13784	-1916	7280	-246	855	-1627
-12212	-2448	6108	-814	63	-1903
-13956	-2940	6552	373	359	-2015
-14784	-1624	7068	-268	-555	-740
-13028	-1820	6660	-2561	-1505	-27
-14164	-2500	6344	-2907	-1355	232
-14800	-2228	6040	-2285	-2018	565
-12980	-1932	6348	-349	-2101	24
-14060	-1392	6208	603	-1652	-1072
-14608	-1188	6460	-593	-2349	-1015
-13784	-2364	7348	-1678	-2367	-827
-14176	-2724	7880	-1794	-1533	-1000
-14380	-3388	7944	-852	-977	-1379
-13452	-3368	8384	796	-349	-1050
-13584	-2556	7644	1382	570	-1161
-13496	-2880	7644	2104	379	-1237
-14124	-1512	7744	1629	0	-1177
-13340	-2016	8028	-784	-814	-305
-14352	-3212	7444	-1773	-223	-133
-13964	-3460	7676	-594	-480	225
-14104	-3672	8480	752	-350	-206
-14440	-3716	7992	1295	-490	-5
-13432	-2764	8428	1320	45	159
-13968	-2220	8724	486	22	396
-13336	-2828	8172	-286	223	519
-12936	-2652	7756	106	725	680
-13528	-3268	7808	987	819	46
-14572	-2544	8140	1802	379	25
-13320	-1956	8412	661	313	555
-13472	-2976	8204	608	973	395
-14652	-3448	8212	1823	1329	-130
-14272	-2176	8520	3138	1297	-174
-13856	-1836	8168	1341	1257	471
-13476	-2812	7600	874	1573	339
-14164	-1648	8080	726	1413	621
-13440	-2216	8040	586	1421	847
-13740	-2020	7228	1040	1563	768
-14740	-1644	7956	885	1124	778
-14800	-1644	8144	207	786	1054
-14796	-1984	8080	-81	670	1040
-15712	-1760	7572	-260	548	806
-14764	-1804	7752	-339	163	850
-14744	-1640	7988	-34	261	641
-14780	-2184	8060	-204	-6	572
-14368	-1652	7772	173	109	577
-14580	-1856	8416	-493	-21	730
-15320	-2240	8360	-506	340	545
-15644	-2044	7984	-610	258	615
-15392	-2148	8348	-636	179	487
-16228	-2256	8432	-270	154	52
-16440	-1936	8544	-242	-490	52
-16684	-2228	7884	-710	-704	-21
-16124	-2780	8268	-316	-1042	-95
-15940	-1796	9504	-165	-1017	205
-16280	-1752	7476	-593	-765	-536
-15160	-1616	8104	629	-976	-1127
-14584	-28	7852	760	-797	-1819
-15016	-344	7320	-684	-1411	-2171
-14316	-152	8276	-2432	-1526	-2288
-14236	-1064	7968	-4059	-1849	-2216
-14816	-2468	7948	-3234	-1967	-2403
-13752	-2332	8896	-2054	-1595	-2430
-14300	-2176	8476	-1433	-1279	-2462
-14188	-2844	7872	-2125	-1292	-2105
-12684	-2740	8532	-2939	-580	-1704
-13856	-2700	7544	-2471	-436	-1916
-12552	-3932	7596	383	-313	-2142
-12496	-2724	8208	1391	771	-2560
-13004	-2868	8116	-542	493	-1887
-13004	-3100	8256	-1758	184	-943
-12672	-4232	7784	-921	335	-641
-13368	-4048	7976	231	595	-383
-12840	-3208	8348	51	486	416
-12632	-3144	7656	-369	393	999
-14096	-3216	8320	-1412	498	1215
-12804	-2564	7548	-2272	838	1768
-12808	-3268	7656	-2428	764	1781
-12468	-3876	7784	-954	1160	1638
-13144	-2484	7076	-873	1437	1586
-12208	-2752	7736	-1735	1543	1768
-12884	-3096	7216	-1759	1936	1398
-12896	-3080	6876	-840	1329	1938
-13892	-3256	8236	-1033	1313	2577
-13856	-2156	7416	-1959	2043	3171
-12804	-2680	6388	-1070	2211	2621
-13476	-2368	6396	389	1498	2341
-13032	-1908	6632	672	1148	2576
-12180	-1096	7152	-641	1599	2498
-12792	-2392	7536	-2081	1164	2962
-11844	-1444	6588	-2988	641	2849
-11740	-1028	6492	-3389	922	2041
-13432	-2564	7304	-3815	966	2068
-13648	-3036	6036	-2644	819	1906
-13412	-1748	5752	370	1014	975
-14008	-1124	7024	370	1311	411
-14940	-2236	6524	-195	1736	601
-13808	-2012	5656	524	1545	477
-13276	-1904	6268	803	1105	210
-14452	-1800	6176	-809	311	752
-12904	-2164	6088	-2014	-257	1021
-11744	-2580	6524	-1686	-997	582
-12832	-2348	6208	-1486	-1266	371
-11432	-2524	6772	-520	-1380	-776
-12448	-2436	6816	-406	-1368	-1326
-13004	-2848	6648	237	-1355	-969
-12108	-2020	6732	796	-1777	-1335
-10436	-2144	6084	1044	-2018	-3094
-12944	-2524	6908	1698	-1490	-3422
-12184	-2436	7692	1635	-1684	-2748
-11180	-2948	6440	1499	-1713	-3069
-13812	-3016	7320	3228	-519	-3017
-13476	-2392	8232	2216	-781	-2100
-11900	-1400	6548	2239	-1008	-2085
-13792	-464	7780	888	-508	-2285
-14368	-1640	8244	-1503	-1679	-944
-11540	-2032	7292	-1794	-1786	-1259
-14532	-1840	7928	-1396	-904	-1254
-13876	-2672	8324	-833	-1298	-495
-12944	-1836	8080	-1016	-1783	-356
-14432	-2412	7572	-1898	-1474	-157
-14148	-3012	7608	-1632	-1216	289
-12536	-2392	7336	-314	-728	-318
-14108	-2288	8412	163	118	-1060
-14640	-2264	7528	-8	235	-786
-13292	-2388	7844	-51	210	-1088
-14056	-2824	7744	467	630	-1818
-14248	-2800	7904	717	609	-1457
-13716	-2996	8024	284	730	-1202
-14248	-4196	7600	149	1171	-1544
-14292	-2880	7516	900	576	-805
-13844	-2912	7504	8	-43	-55
-13584	-3292	8052	-633	244	-213
-14232	-3024	8272	-597	-28	248
-13272	-2976	7620	-118	-282	443
-13976	-3324	7760	-130	-235	80
-14012	-2344	8372	-793	-230	71
-13824	-3336	8152	-1463	-447	588
-13876	-3588	8044	-1261	-399	854
-14144	-3564	8268	-1077	-660	1341
-13164	-3864	8508	-250	-303	1557
-13836	-3052	8748	-342	113	1727
-13248	-3064	7912	-1549	-130	2506
-13824	-3724	8352	-1362	282	2452
-13508	-3532	8220	-366	469	2824
-13776	-3140	8092	932	1011	2839
-13848	-2088	7980	349	854	2785
-13876	-1532	7936	-217	982	3062
-14120	-2048	7572	-493	911	3028
-14200	-2156	7824	839	896	2440
-14516	-740	7304	729	1247	2072
-14728	-1804	7552	270	1008	1352
-15324	-676	7756	-204	623	1004
-14660	-1208	7672	-825	694	497
-14960	-1588	6872	343	625	-86
-14568	-1056	7444	984	241	-404
-13136	-620	7520	335	356	-298
-13956	-1592	7648	-712	342	-154
-14040	-1228	7720	-1588	166	74
-13948	-2144	7872	-1794	449	332
-14740	-2804	8552	-553	830	126
-15076	-2752	8672	511	870	42
-15172	-1872	8044	768	1047	118
-15560	-1744	8020	152	674	354
-15696	-1816	8628	-315	184	586
-16352	-1972	8192	-351	178	230
-17288	-2352	7580	168	-204	-296
-16220	-1296	8996	344	-993	-284
-16840	-1688	8216	-429	-695	-1068
-17196	-1736	8080	-773	-1484	-879
-15960	-2244	8528	-853	-1859	-752
-16760	-1912	7568	-459	-1657	-1407
-15420	-1164	7824	-793	-2636	-1352
-14700	-1468	8216	-1206	-2736	-1398
-14664	-1876	7928	-832	-2831	-1532
-14040	-1480	9172	-190	-2434	-1781
-13776	-720	8936	-1282	-1624	-1762
-13692	-2808	9148	-2090	-1468	-1589
-13576	-1968	8900	-167	-186	-2065
-13524	-2140	8980	308	403	-1989
-14120	-2592	8176	88	575	-1584
-12912	-2188	8512	67	951	-1445
-13444	-2100	8808	725	972	-1168
-13376	-1748	7288	1130	910	-1106
-13088	-1524	8532	592	1192	-1052
-13704	-220	7872	-2059	939	-500
-12908	-3016	6916	-2209	880	-90
-13324	-2772	7340	-680	983	-447
-13464	-2656	6860	1227	1093	-846
-13336	-1360	7492	273	1131	-226
-12632	-2356	8100	-2123	1055	459
-13424	-2624	7224	-1827	1814	31
-13320	-2856	7096	-288	1875	274
-12384	-2572	7552	645	2438	266
-13268	-1760	6816	324	2566	375
-12420	-1964	7632	-600	2142	1137
-12416	-1976	7140	-1112	1657	1974
-12408	-2164	7240	-1294	948	2208
-12444	-1392	7372	-2344	346	2545
-12880	-2192	6864	-2676	357	2057
-12912	-2588	7376	-1245	1077	1683
-13464	-1948	8040	-778	1375	1731
-12496	-1968	6704	-548	2303	1339
-12920	-2064	6864	943	3161	302
-13544	-204	7432	75	1902	1852
-13696	-1296	7168	-4327	390	3646
-12764	-1884	6844	-5761	-392	3635
-12776	-2296	6584	-6173	-1762	3969
-13392	-2964	6144	-4664	-1226	3535
-12744	-2480	6780	-2493	-685	2952
-12532	-2244	6588	-1595	-287	1755
-14444	-2688	6720	-286	659	1020
-14760	-1812	6848	2179	656	1340
-12760	-320	5972	1422	-146	599
-12624	-396	5472	-534	-849	-625
-13056	-772	7000	-2485	-2242	-647
-13116	-2284	6632	-3847	-3181	-574
-12240	-3112	6892	-2981	-3490	-813
-11568	-2836	6348	241	-2625	-2231
-12560	-1984	7768	2085	-2579	-2842
-11184	-2260	7572	2132	-2522	-3575
-10880	-1040	7492	3538	-2058	-5113
-12384	-1124	8600	2695	-2083	-5014
-10904	-2204	8080	1862	-1895	-5349
-10652	-2104	8136	2655	-1239	-6506
-13768	-2080	8740	3230	-318	-6677
-11488	-3308	8964	3330	-442	-5684
-11988	-2244	7500	3077	146	-6045
-14704	-3324	8752	1940	255	-4429
-13920	-3924	8856	-79	-618	-2452
-11208	-3764	7908	563	-783	-1999
-14772	-3480	8480	174	-597	-1722
-13488	-2852	8160	-972	-1544	-588
-11672	-3624	7672	-950	-2149	-345
-13052	-3432	8328	-246	-1621	-582
-13380	-3576	8624	-43	-1814	126
-12140	-3196	8512	-38	-1863	174
-13216	-3420	8992	-121	-1101	193
-13140	-4052	9728	17	-490	718
-12812	-3768	9704	287	23	566
-13232	-3248	9072	1045	907	322
-13996	-3408	9340	1136	590	778
-12468	-2932	9404	374	568	954
-13452	-2804	8520	980	968	592
-14388	-2260	8556	916	777	632
-13192	-2456	8892	-271	145	871
-12844	-2668	8276	-544	557	246
-14292	-2400	8568	-487	570	154
-13088	-3180	8916	-498	440	288
-12512	-3384	8404	431	1017	-163
-13536	-2648	8736	382	1334	-332
-13368	-2984	8860	32	1083	232
-12752	-3200	9240	-757	1389	755
-13928	-3772	8880	-1158	1432	1113
-13836	-2880	8604	-744	1255	1641
-13516	-3072	9260	313	1246	1527
-14028	-2864	8664	1037	1203	1254
-14124	-2192	7840	865	1029	1127
-13468	-1912	8224	-252	845	1428
-13332	-2888	8228	-47	1244	1338
-13972	-2624	8500	980	1564	1072
-14296	-2280	7704	1207	1493	1112
-13688	-2268	7680	692	1456	1499
-13716	-2064	7848	877	1621	1432
-14484	-1912	7496	943	1476	1445
-14300	-2076	7932	1143	812	1264
-14788	-1276	8524	1156	921	1281
-14564	-1404	7764	567	1181	1281
-15004	-1644	8456	175	1124	1128
-15060	-1624	8268	137	797	883
-14904	-1004	8360	1084	775	645
-14692	-796	8004	630	435	430
-14580	-952	7984	-4	259	455
-14528	-1052	7764	-886	-217	655
-14244	-1796	7436	-733	-172	513
-14852	-1328	7968	29	72	264
-14704	-1364	8172	-119	-178	251
-15128	-1296	7848	56	76	-44
-15336	-1212	8448	-622	-171	-73
-15812	-1768	8464	-593	-204	-460
-15840	-1572	8160	-308	-687	-732
-15452	-1064	8212	-81	-848	-1137
-15432	-1324	8300	-508	-1154	-1249
-15796	-1140	8168	-904	-1770	-1139
-14856	-1504	8692	-1831	-1847	-1350
-14960	-1596	8648	-1601	-1937	-1335
-14880	-2256	8788	-1089	-1954	-1445
-14080	-1884	8768	80	-1750	-1361
-14028	-1428	9168	-153	-1457	-1135
-13652	-1104	8188	-1836	-1416	-646
-13192	-1952	7800	-2736	-1508	-471
-13076	-2192	9048	-1874	-1253	-561
-13776	-2120	8472	-1087	-903	-746
-13732	-2300	8152	-724	-584	-1120
-14448	-1968	9020	-1175	-397	-1197
-13700	-2068	8900	-2038	-346	-990
-14232	-2548	8492	-1579	-44	-1133
-14188	-2532	9676	-610	136	-1118
-13628	-1840	9220	-579	245	-811
-13704	-1420	9212	-1630	534	-649
-13744	-1608	9024	-3052	354	42
-13220	-2716	8112	-2243	532	-414
-14372	-2376	8068	-677	506	-1094
-13328	-1728	8468	-449	907	-731
-13016	-2416	7844	-1264	1096	-867
-12860	-2332	8024	-1010	1320	-743
-13348	-2800	8304	-2454	1416	-305
-12988	-3980	7620	-1858	1645	165
-13652	-3344	8196	-486	1952	642
-12588	-2048	7420	295	2051	1229
-13180	-2268	7092	-316	2059	1087
-14180	-1624	7936	-1750	2275	1035
-12960	-2224	6584	-3383	2712	1678
-12708	-2864	7088	-2816	2637	1769
-11508	-3784	6796	439	2743	1083
-11388	-2464	6012	2962	2103	459
-11360	-1160	7056	1398	1548	492
-12232	-1560	7912	-1927	1082	1027
-11836	-3096	7024	-1954	835	827
-12768	-2764	7792	-871	1199	1219
-13612	-2064	6956	-664	1728	1084
-13248	-2000	7124	-529	1707	934
-12508	-1844	6524	-983	1199	1156
-11936	-3300	5856	353	1572	33
-12716	-2832	6340	1148	1506	42
-13092	-2524	7112	-666	432	895
-13392	-3872	6504	-2143	37	1677
-13844	-3000	6548	-1675	-370	2882
-12764	-3056	6812	-1594	-589	2501
-12540	-2808	5348	-517	107	1543
-13344	-2060	6876	542	-1	1118
-13340	-1444	7452	-1345	-772	1426
-12388	-2596	6384	-1145	-688	953
-13212	-2056	7016	-1143	-1319	626
-12676	-2728	7256	-1431	-1257	504
-12068	-2184	6252	-4	-839	-150
-12340	-1204	7224	1368	-863	-1558
-12096	-1144	7296	93	-1766	-1938
-12196	-1296	6848	-474	-1589	-2577
-11380	-2668	7200	1297	-1253	-3840
-13156	-1652	7292	2191	-999	-4442
-12736	-2424	7128	1948	-854	-3781
-12176	-2436	6680	584	-1166	-3529
-13332	-2516	7820	-92	-1655	-2693
-12712	-2464	7660	-1280	-2014	-1771
-12648	-2532	7212	-1515	-1979	-1469
-13220	-2796	7224	-1573	-1799	-1137
-13408	-2880	7560	-1663	-1380	-1030
-13488	-3104	7640	-1309	-886	-998
-13636	-3220	7796	-945	170	-1385
-14592	-3340	8208	-824	177	-740
-12788	-3524	7404	-527	-268	-164
-13664	-3036	7420	-568	247	-478
-14744	-3364	8484	-1250	125	331
-13512	-3104	7148	-987	-68	684
-13148	-3116	6944	-365	-519	495
-14168	-2540	7984	-652	-498	381
-13004	-2836	7616	-1017	-885	797
-14336	-4164	7216	-40	-526	-131
-14388	-2808	7956	305	-339	-118
-13888	-2864	7664	-524	-439	181
-13644	-3292	7124	-461	-6	-222
-14516	-2916	7932	-351	37	-249
-14028	-3468	7296	255	-367	-83
-13088	-3184	7444	1316	-262	-375
-14204	-2352	8036	491	-176	-670
-13936	-3032	7904	-1331	-590	-165
-12704	-3312	7876	-1693	-90	54
-13808	-4336	7244	-696	387	-247
-13772	-4260	8372	1372	138	-315
-13344	-3024	7736	1493	283	61
-13272	-3576	7608	907	182	187
-14064	-2724	7984	227	-7	546
-12468	-3452	8216	-90	-315	1501
-12736	-3524	7620	536	134	1571
-13740	-3080	8660	1188	-70	1461
-13676	-2420	8552	861	-210	1770
-13408	-2656	8436	549	214	2127
-14492	-2840	9324	203	418	1985
-14528	-2836	8528	906	661	1622
-14036	-2564	8264	1519	758	1864
-14372	-2352	8336	1726	969	1575
-14124	-1648	8380	953	1054	1480
-13216	-2204	7992	1359	1382	1397
-14096	-1524	7716	1837	1596	1011
-14048	-836	8088	1173	1329	1002
-14376	-1676	8068	404	1215	840
-14196	-1208	8452	553	1154	809
-15136	-1420	7948	216	897	707
-14264	-1292	8496	454	876	690
-15076	-1072	8920	270	960	563
-14596	-1396	8240	-555	658	724
-14352	-1552	7796	-20	577	918
-14428	-1224	8224	190	469	832
-14424	-660	7992	-130	434	741
-14788	-1188	7808	-1134	153	974
-14660	-1752	8164	-721	211	797
-15148	-1180	8120	-111	72	468
-15980	-1336	7484	63	-148	31
-15992	-1044	7892	-226	-360	-300
-16016	-1500	8396	-740	-765	-655
-16588	-1392	8068	-612	-1226	-899
-15984	-1200	8564	-1001	-1833	-1063
-16560	-1780	9116	-1276	-1906	-1342
-15696	-1336	9136	-1142	-2280	-1359
-14888	-1488	9364	-974	-1764	-1863
-15248	-1436	8776	-481	-1621	-2014
-14180	-1612	8264	-309	-1475	-2046
-14512	-1260	9196	-609	-1396	-2092
-14128	-1448	8368	-1392	-1534	-1990
-14108	-2052	8232	-991	-1738	-1861
-14676	-1572	9060	-1841	-1773	-2036
-13352	-2208	8436	-1628	-1663	-1623
-13000	-2528	7344	262	-1173	-2135
-12908	-1480	8436	888	-1078	-2203
-12592	-752	8092	-1623	-941	-1770
-12512	-2516	8284	-3224	-602	-1676
-13096	-3596	8524	-2888	-96	-1806
-12900	-3932	9528	-970	925	-1808
-14432	-3212	9008	-431	2272	-2280
-13940	-2520	9720	-666	2626	-1610
-12988	-2656	9128	-2755	2497	-535
-12748	-4544	7760	-2011	2353	292
-12820	-4076	8252	466	2429	506
-12868	-3032	8492	1848	1830	1426
-13156	-2032	7500	581	1699	1533
-13480	-1672	7240	-1859	1947	1768
-12544	-2524	7924	-2456	1517	2551
-13096	-2616	6796	-1106	1727	1954
-12868	-2692	7276	-27	1436	1963
-11956	-1896	7328	-228	1639	1900
-12656	-2312	6716	-691	2101	1705
-12992	-2748	7216	-308	1527	1517
-12932	-1412	6740	-59	1678	1347
-13300	-2028	6888	-233	1356	1508
-13380	-1320	7292	-167	1372	1405
-13300	-1684	7656	-1636	1563	1747
-12360	-3232	6480	-1488	1651	1595
-12304	-2784	6452	4	1105	1531
-12820	-2588	6512	529	1271	1618
-12172	-1868	6704	-703	1299	2203
-13212	-2732	5796	-682	950	2129
-12932	-2476	7020	-280	701	2028
-12680	-1972	7296	-724	904	2487
-13800	-1896	6612	-615	1225	2971
-14332	-1428	6432	-1148	499	4112
-13792	-832	7040	-1521	369	4032
-13504	-444	7448	-5171	-913	4793
-12040	-1560	7072	-5017	-906	4199
-11352	-1996	7284	-1996	-921	1927
-12148	-1464	6972	45	-524	359
-12160	-980	8192	833	136	-377
-11920	-676	8008	528	-190	-1275
-13320	-1700	7280	1073	-51	-1856
-12792	-1648	7356	2409	3	-2005
-11028	-728	6540	3471	-397	-3134
-11436	-192	7160	2714	-411	-4884
-11676	-772	7820	1501	-721	-4652
-12564	-1152	7796	80	-829	-4401
-12736	-1400	7148	-298	-1030	-3844
-12728	-1584	7248	-792	-720	-3618
-14216	-1644	6952	-905	-596	-2927
-13796	-1320	6944	-701	-1097	-2382
-11516	-1140	6980	-1574	-1469	-2446
-15192	-2496	6508	-2377	-314	-2319
-14288	-2744	6792	-1394	-491	-1503
-14636	-3136	6792	-668	-283	-1324
-15016	-2892	7036	23	449	-927
-15324	-2000	7452	-369	229	-123
-13904	-2592	7000	-1060	-209	435
-14604	-2320	5872	-853	353	-58
-14144	-1652	6552	-349	60	-39
-14104	-1604	6224	-1006	-499	-200
-14664	-1856	6464	-1014	-303	-578
-14604	-1804	6584	-1206	-585	-864
-14356	-2728	6748	-759	-888	-1146
-14992	-2208	7076	-288	-971	-946
-14332	-2496	7648	-1637	-1204	-471
-14460	-2972	7796	-1870	-1057	-508
-13528	-3100	7168	-1106	-1050	-509
-14132	-3000	7496	266	-652	-888
-14556	-2248	7548	-62	-1213	-529
-13112	-2624	7212	-1582	-1314	-489
-13344	-2684	7368	-2192	-698	-930
-14388	-3240	7072	-1678	-1250	-729
-12884	-3828	7292	-530	-1283	-738
-12284	-3232	8116	207	-846	-1017
-14348	-3160	8272	-225	-879	-872
-13356	-3704	8080	-1205	-1113	-418
-12456	-2856	7916	-1139	-414	-270
-12892	-4292	8512	-1218	-269	-24
-13080	-4748	7972	518	219	-31
-12476	-3320	8288	792	858	154
-12500	-3792	8628	377	1047	863
-13740	-3920	8480	247	1051	1264
-13400	-3512	8180	148	1319	1721
-13216	-3040	7712	321	1484	2142
-13692	-3412	7176	433	1392	2217
-13672	-2684	6584	1117	1277	2200
-13468	-2608	7372	1341	1056	2532
-14000	-1776	7716	756	1036	2663
-13432	-2136	6976	206	939	3053
-13692	-2476	7124	1247	1225	2770
-13944	-1412	7372	2095	1086	2508
-14708	-1264	8016	2222	1394	1926
-16308	-2132	7332	1313	1112	1794
-15312	-1912	7388	873	1176	1817
-15840	-1824	8448	894	1233	2149
-16120	-2576	7972	1423	970	1749
-15588	-1304	8260	1931	898	1551
-14760	-892	7984	1586	646	1739
-15220	-224	7484	927	306	1527
-14944	-104	7232	315	-432	1191
-14728	-92	7812	-143	-448	899
-15064	20	7600	-720	-388	720
-14588	-948	7588	-738	-485	286
-14904	-284	8148	-234	-45	-129
-15012	-860	7720	-241	-85	-329
-15256	-1144	7576	105	42	-645
-14788	-436	7740	-470	-262	-374
-16044	-1156	7328	-483	-208	-733
-16280	-964	7500	-424	-1012	-576
-15144	-572	8056	-671	-1323	-757
-15684	-392	8168	-949	-1575	-843
-15488	-632	8412	-1145	-1913	-1047
-15232	-596	8344	-840	-2007	-1610
-15740	-836	8120	-201	-2106	-2227
-15580	-1300	8120	481	-2312	-2703
-15296	-680	8476	187	-2189	-3007
-15056	-1348	7948	-1369	-2342	-3029
-14976	-1756	8520	-2170	-2285	-3066
-14336	-2048	9756	-2088	-2099	-2745
-14384	-2080	8360	-1795	-1731	-2762
-13404	-1344	8696	-1946	-1673	-2525
-13636	-1812	9532	-3199	-1682	-2070
-13716	-3124	7748	-2258	-1008	-2302
-12984	-2300	7800	-630	-503	-2815
-13332	-2540	9504	-1692	-470	-2272
-14172	-3504	7524	-3035	-316	-1427
-12364	-4172	8292	-1847	33	-1233
-13140	-3308	9140	-350	311	-748
-13408	-3348	8220	-94	346	-333
-11852	-3268	8764	66	313	241
-12620	-2176	8408	-699	554	455
-11892	-3432	7732	-663	379	739
-12608	-2640	8508	91	1072	504
-13308	-2192	8676	-1065	768	1214
-11676	-3380	8200	727	1334	539
-12532	-1968	8752	2552	2607	-36
-13216	-412	8772	-1009	2098	941
-12296	-2096	8056	-4492	1612	1637
-12824	-4220	7320	-3184	1706	1274
-13048	-4008	7228	-128	1486	1206
-12824	-3284	7124	1208	1711	1373
-12704	-1552	7664	-276	1864	1803
-13032	-3224	7084	-2358	1295	2393
-13108	-3568	7184	-1341	1310	2448
-12916	-2560	7428	623	1365	2492
-13176	-1616	7688	361	1009	2297
-13816	-1216	7780	-1170	1158	2034
-13620	-1900	7972	-2622	981	2226
-13384	-1752	7824	-3140	1020	2457
-13532	-1288	7424	-2021	861	2731
-11064	-1564	6852	-1473	867	2100
-13640	-320	7500	-1498	1222	1225
-14304	-916	7424	-3355	915	2080
-14064	-1244	7612	-3540	896	2042
-14064	-1468	6628	-2448	1258	1645
-14160	-456	6984	-1717	1581	1979
-12880	-1488	7200	-3092	1269	1820
-13212	-2248	5668	-1992	1339	1686
-11244	-1808	6744	-1055	137	603
-11176	-3036	6688	-1811	-58	-1131
-12676	-3420	6596	-14	215	-1225
-12252	-3684	6896	773	-507	-766
-12384	-3352	7056	617	-1107	-1056
-13032	-2296	7356	-371	-1153	-205
-12988	-2540	7644	-1040	-1291	3
-12084	-1888	7188	-906	-1851	-267
-12348	-2124	7040	69	-1959	-1423
-11968	-2272	7292	633	-2684	-2459
-12060	-2024	8452	-412	-2287	-3301
-13364	-3100	9060	-1457	-2247	-1246
-11800	-2944	7992	-578	-1667	-1630
-10456	-2612	8456	527	-764	-3526
-14568	-3636	8872	1801	128	-2507
-12608	-3420	8912	1422	572	-1270
-11804	-2592	7240	2187	1647	-1990
-14220	-2688	6996	2543	2034	-1971
-12852	-2668	7204	1726	774	-355
-12776	-1852	6684	-78	208	-480
-13176	-1500	6976	-1587	-480	-249
-13936	-1876	7028	-2789	-1074	241
-13116	-2948	6796	-1593	-990	72
-13948	-2028	7552	-421	-231	-599
-14508	-1560	8412	-996	-122	-424
-13944	-1892	7180	-1199	-267	-501
-13996	-2368	7504	-860	149	-1389
-15492	-2112	8332	-535	168	-1073
-13876	-2444	7680	-1353	-83	-529
-13272	-2720	7932	-1640	541	-957
-15092	-2964	8104	-1238	999	-654
-14128	-3716	7336	-279	1138	-435
-12260	-2684	7532	41	921	-390
-14684	-2320	7520	-611	1023	-254
-13432	-2408	7592	-2187	722	498
-12876	-3092	6680	-1706	544	630
-13992	-3552	7024	19	713	-79
-13532	-2084	7796	265	627	-21
-13588	-2372	6992	-850	547	-120
-13820	-2356	7136	-1635	647	-386
-14308	-3240	7116	-1558	260	-102
-14512	-3996	6512	-842	154	307
-13540	-3516	6804	-811	101	642
-14204	-3180	7576	-994	209	738
-14008	-3352	7144	-1573	-156	1236
-13512	-3932	6528	-213	208	1116
-13808	-2644	7080	1047	365	824
-13820	-1904	6680	-6	326	927
-12844	-2688	6744	-613	558	802
-14184	-3248	6488	166	836	329
-13864	-3100	6884	1813	916	67
-14720	-2324	7204	1544	809	294
-14640	-2752	6908	-109	624	756
-14428	-2936	6424	-427	649	1003
-14440	-3172	6932	469	499	1257
-14064	-2992	6936	1411	381	1459
-14464	-2280	6440	2163	678	1085
-14676	-2356	6152	1361	330	1130
-13736	-2372	6536	2529	943	674
-14492	-1328	6620	3436	1216	771
-14956	-1752	6748	2546	755	691
-14320	-988	7096	2090	1193	344
-14776	-808	7308	771	798	829
-14984	-1652	6712	318	610	762
-14756	-1552	6832	838	708	643
-14964	-1672	7336	1442	493	642
-15320	-1692	7136	1149	333	396
-15028	-1640	7080	1014	681	202
-15736	-1616	7724	1047	663	-40
-15408	-1544	7200	673	488	279
-14976	-1928	7252	737	497	407
-14944	-1716	7912	711	685	529
-15044	-1520	7252	732	753	832
-14596	-1444	6496	647	677	1002
-14588	-1332	6372	1262	626	989
-15008	-752	6380	1307	374	858
-14404	-312	6480	1275	305	679
-14920	76	6692	494	44	694
-14976	184	6232	-899	-230	469
-14660	-604	6444	-790	-313	194
-14864	-580	6540	-139	-392	-81
-14448	-800	6556	448	-233	-187
-14412	-644	6500	41	-252	-380
-14172	-396	6856	-26	-366	-273
-13888	-508	6700	-448	-401	-98
-14184	-988	6596	-104	-240	-153
-14032	-668	6660	290	-72	-173
-13876	-452	6704	-10	-44	88
-14020	-828	6108	-479	99	174
-14236	-816	7124	21	94	64
-14256	-464	6576	133	56	121
-14440	-148	7000	-277	-81	186
-14560	-756	6060	-162	-74	-72
-14280	-404	6816	113	-123	-353
-14312	-464	6512	43	-44	-435
-14244	-324	6432	199	60	-572
-14396	-344	6824	97	-179	-481
-14096	-324	6788	-345	-388	-346
-14692	-764	6660	-172	-500	-702
-14552	-600	7048	-450	-507	-672
-14100	-860	7440	-611	-487	-578
-14156	-920	6968	-1129	-230	-357
-13696	-1748	7164	-463	-76	-153
-13904	-1000	7368	-17	487	-43
-13936	-856	7192	-507	520	383
-13948	-1056	6924	-200	544	481
-14072	-688	6604	-168	750	618
-14380	-832	6364	-269	525	687
-14404	-804	6644	-196	383	643
-14636	-652	6844	273	288	456
-14656	-372	6352	103	339	252
-14884	-600	6456	-58	108	43
-14364	-452	6516	95	73	-200
-14576	-472	6580	101	-27	-452
-14364	-336	6824	73	-172	-416
-14268	-508	7028	-62	-240	-303
-14428	-580	6908	-458	-280	-319
-14192	-624	6800	-416	-302	-68
-14160	-640	6964	-380	-274	-125
-13980	-472	7088	-128	-77	-26
-14396	-348	6500	-232	-1	87
-13960	-616	6900	-212	72	65
-15060	-1772	6868	28	-857	-273
-14832	880	6580	3663	1235	-3385
-15052	2000	5996	-756	-637	-896
-14360	704	6656	-3828	-1617	1023
-14320	-3216	7712	-2661	-1255	975
-13192	-792	9172	-439	-2595	2195
-14360	-3336	6300	-7299	2869	2198
-15132	-3680	7944	588	169	-361
-14104	240	7032	4873	-2540	-973
-14992	2836	6380	-2102	-3647	2988
-12000	44	6452	-5487	-1127	2602
-12264	-3360	8404	-2100	-1155	-614
-13560	-544	6920	-14	-1321	-3622
-15196	-404	8952	1611	1203	-53
-13000	-2400	8144	1986	-1565	-695
-15384	-188	7804	1586	7634	-2493
-15952	-88	6592	414	753	654
-14588	-460	4660	1622	2736	148
-13320	-8	6440	463	-2723	-247
-15692	424	6660	-5896	1845	-2804
-15016	-128	7104	-2602	-1000	-1796
-13676	-972	6480	-2641	-1117	58
