0	0	0	0	0	0
16204	5164	-2728	32	2706	-524
14076	4888	-2532	1366	5073	-2430
17588	4580	-4524	-1024	3352	-5102
13940	5796	-2732	-599	5842	355
12164	6304	-820	-262	5342	5121
12828	5564	-4468	-6728	-8020	-1058
17884	11096	-8100	805	-10050	-1655
19368	6568	-7456	-5036	-2031	5297
15896	-716	-4036	15	3221	-401
13624	6980	-4584	840	-962	-932
16696	3276	-5224	-424	-822	6
15436	4592	-4844	579	768	-981
14920	4552	-4804	-476	-403	-144
15888	3856	-4760	-169	-371	-445
15720	4244	-4792	-115	-69	-407
15916	4004	-4900	66	-306	-448
15896	3952	-4732	298	-60	-467
15752	3896	-4560	743	45	-593
15588	4196	-4512	928	72	-1043
15632	3820	-4068	2258	365	-1890
15684	5824	-4892	2217	1321	-1951
16440	6108	-4076	1440	2017	-1762
15788	5708	-4084	1876	2059	-2965
15044	7056	-4420	1427	896	-4119
15420	6548	-4420	78	625	-4299
15700	6840	-4620	359	1736	-4856
14912	7740	-4068	-426	1618	-5434
15112	7356	-4452	-786	378	-5862
16248	7384	-4316	-428	1375	-6874
14716	8500	-4168	-543	1096	-7968
15544	9180	-4016	-1065	317	-9261
15392	8800	-3868	-1162	989	-10149
14360	9256	-4400	-686	321	-10853
14680	10928	-4576	-987	-47	-11744
14352	11228	-4420	-1722	-184	-12646
13696	11768	-4860	-2780	-920	-12912
13152	11840	-4556	-4190	-1434	-12983
14076	12160	-5084	-4107	-959	-13764
12888	12308	-4168	-4082	-503	-14370
11876	12940	-4200	-3267	-1577	-15507
11724	14000	-4164	-2788	-1197	-15927
10260	14260	-3332	-3206	-1081	-15464
9912	15056	-3720	-4444	-2411	-15327
10208	15288	-4216	-5397	-2310	-15534
9148	15708	-3796	-5254	-2175	-15853
8484	14412	-2820	-4569	-2339	-16026
7440	16220	-3004	-4761	-2283	-16437
6232	16232	-2584	-5999	-2119	-15907
4808	15360	-1424	-6883	-2337	-15057
4668	16008	-1600	-5212	-2499	-15255
3168	14888	-1860	-5452	-1883	-13981
1508	15200	-1408	-4001	-2388	-14077
1624	15332	-724	-5146	-2758	-13251
600	15244	-668	-5187	-2118	-13077
-528	14560	-124	-4812	-2099	-12594
-800	14040	-56	-4154	-1524	-11765
-1520	14360	280	-3157	-1396	-11757
-1840	14952	112	-3444	-1179	-11181
-2852	14348	36	-3409	-783	-10725
-3948	13920	672	-3713	-739	-9676
-3964	13484	820	-2580	-1037	-9522
-4432	13796	1104	-2091	-622	-9169
-5460	13684	1440	-2337	-889	-8398
-5940	13492	1596	-3006	-1024	-7442
-6284	11816	2492	-3152	-935	-6194
-7092	12160	1252	-2140	-1087	-5815
-7388	11448	1468	-1428	-1220	-5085
-6784	11524	3156	-363	-939	-4398
-7560	12008	2160	-551	-291	-3457
-7396	11900	1532	-1295	-490	-2468
-7352	11900	2732	-1148	-223	-1471
-7620	12108	2480	-408	-69	-1067
-7896	12004	1944	-789	-211	-341
-7712	12136	2580	-424	56	404
-7924	12288	2496	-189	261	1049
-7936	12240	1276	65	-35	1131
-7800	12248	2700	-212	411	1832
-7844	12116	2444	340	680	2169
-7356	12656	1292	800	882	2318
-7096	13092	1980	794	1057	2941
-7516	12756	1624	758	1001	3485
-6756	13248	1472	326	623	3957
-6480	13256	2100	19	863	4624
-6220	13400	1568	1299	1048	4605
-6124	14008	1372	1154	1052	4914
-5912	13788	1608	1215	1274	5338
-6132	14012	1312	1011	1246	5803
-5248	14068	720	1311	405	6273
-4724	15112	592	1332	783	6512
-4964	14188	1160	1497	773	6643
-4732	14948	720	1412	641	7003
-4160	14152	-76	1587	398	7405
-3152	15188	740	1997	254	7286
-3364	15516	-152	2818	556	7054
-3056	15352	-612	2237	387	7525
-2052	14784	-8	2135	551	7610
-1672	15256	140	2555	939	7905
-1800	14668	-628	2911	745	8255
-548	15720	-512	2834	371	8719
268	15796	-380	2892	1251	8739
240	15824	-1268	2221	1169	9313
1360	15616	-764	2427	916	9604
1724	15904	-1188	3088	1261	9766
2184	16220	-1388	2271	1073	10500
2988	16188	-1336	955	1015	11109
4044	15024	-1008	2063	1050	10976
4744	16268	-2344	2864	1000	10576
5088	15924	-1680	2447	1581	10751
5328	15992	-1472	2395	1965	10942
6112	15968	-2332	1910	1453	10954
7028	15712	-2268	1545	1450	11032
7240	15204	-1872	1940	2183	10795
7608	15228	-2788	2689	1763	10325
8864	15192	-3044	2506	1820	10023
9056	15100	-2732	1778	2214	10019
9264	14168	-2880	1490	1951	10103
10124	13556	-3076	1808	1394	9952
10532	13900	-3356	1842	1170	9630
10632	13552	-2952	1191	1584	9648
10952	12680	-3116	1560	1668	9191
11532	12440	-2892	2460	1845	9016
11948	12224	-3368	3242	1821	8769
12352	12556	-3508	2790	1457	8341
12840	12244	-3496	1050	1150	8417
13028	11560	-3460	476	1745	8307
13096	10352	-2720	1060	1814	7843
13452	10784	-3356	2231	1226	7091
13884	10432	-3112	2422	1611	6478
14448	10656	-3180	2300	1861	5933
14048	9612	-3244	2098	2323	5668
13584	10484	-3456	1773	1465	5107
14400	9812	-3692	663	1097	5001
14196	9268	-3300	228	1577	4450
14000	8944	-3460	331	1328	4020
14204	8860	-3252	891	1107	3130
14340	8996	-3464	1441	891	2295
14160	9060	-3320	1224	1285	1735
14104	8728	-3328	1089	1187	1062
14012	8828	-3500	1158	820	526
13948	9432	-3540	627	206	128
14260	9884	-3768	-182	245	-924
13896	9452	-3732	-662	-131	-1487
13448	9852	-3568	-589	-505	-2365
13664	10540	-4008	-1015	-1185	-3488
13868	11124	-3796	-1412	-1148	-4264
13916	11132	-3664	-2037	-1631	-5687
14068	11272	-4108	-2136	-1636	-7509
13972	12020	-3520	-1942	-2060	-9025
13624	12700	-3504	-1724	-1767	-10474
12628	12852	-3180	-2898	-2652	-10669
13128	13400	-3652	-3783	-3464	-10956
13448	12528	-2876	-4646	-2741	-11360
12812	13252	-3084	-4572	-2921	-11806
13280	13084	-3660	-4424	-2613	-12587
12236	13652	-3372	-3827	-2194	-13386
10964	14836	-2956	-4095	-2646	-13367
11724	15276	-3444	-5300	-2734	-13330
10824	14900	-3548	-6238	-2200	-13381
9768	15480	-2740	-5722	-2196	-13769
9756	15120	-3364	-4896	-2261	-14346
8912	15152	-2520	-5112	-1384	-14739
6936	15540	-2024	-4754	-1475	-14993
6688	16044	-1824	-4548	-1940	-14675
6400	16148	-1828	-4488	-1556	-14963
4812	15584	-1856	-4298	-853	-15010
3552	16700	-1932	-4078	-1875	-14945
3848	14968	-1400	-4394	-1766	-14697
1912	16216	-1028	-4462	-1032	-14540
796	15024	-756	-4195	-1489	-13908
444	15068	-692	-3582	-1902	-13530
-16	15252	-556	-4177	-2156	-13144
-1444	14428	-60	-4972	-2016	-12093
-1820	13736	736	-4832	-2229	-11141
-2700	13288	528	-3241	-1630	-10934
-3204	13020	1464	-2281	-1993	-10380
-3548	14656	936	-1836	-1600	-9877
-4580	13428	1060	-2976	-1055	-8902
-4800	12964	2024	-3118	-1734	-8112
-5056	12840	1744	-2297	-1243	-7564
-6248	12032	2048	-1340	-1121	-6890
-6192	12516	2284	-1486	-1327	-5678
-6496	11028	2192	-1561	-1173	-4432
-6396	11844	2712	-939	-1063	-3520
-6744	11892	2368	-980	-685	-2100
-6620	10792	3132	-235	-60	-1398
-7016	11876	2868	478	554	-971
-7340	12996	2148	521	562	-122
-7064	11816	2452	-488	661	1163
-6836	12372	2608	-515	511	1928
-6952	12632	1792	526	748	2531
-7024	11944	1896	727	543	3280
-6456	12596	2396	901	833	3847
-6512	13056	1488	1118	1220	4303
-6244	12452	1376	1181	773	4929
-5608	12788	2256	1475	1088	5559
-5568	13524	1536	1810	1300	6208
-4424	13164	1112	2085	862	7324
-4752	13068	820	2252	1036	8163
-4628	13468	740	2037	262	9363
-3208	13732	520	2139	156	10254
-2204	14356	360	2496	639	10506
-2688	14080	384	2871	1377	11175
-1308	14496	-312	3904	795	11365
-640	15292	-636	4123	1958	11803
-1360	14960	60	3577	1610	12740
984	14792	-272	3556	1350	13350
1708	15916	-1192	3858	2008	14073
2360	15728	-856	3670	1486	14656
3560	16272	-1448	3749	1447	14482
4732	16200	-1876	4272	1979	14661
5020	16548	-1624	3542	2456	14751
5504	16008	-1928	3661	2243	14394
7212	16564	-2992	4384	1817	13645
7548	17016	-2476	3336	2676	13484
7624	15880	-2480	3463	2640	12589
9160	16704	-2652	3204	2519	12378
9220	15912	-3232	3233	2634	11929
10064	15456	-3316	2901	1697	10979
10824	15884	-3672	1850	1927	10236
9996	14200	-3168	1625	2240	9967
10616	13772	-3652	1684	1900	9713
11376	13264	-3404	1849	1869	8982
11556	12808	-3532	1698	2290	8488
11800	12576	-3080	2027	2280	7970
12016	12128	-3100	2162	1980	7677
12300	12028	-3572	1844	1647	7421
12564	11832	-3076	1263	1976	7428
13032	11000	-2792	948	1854	7473
13176	10472	-3360	1390	1573	6920
13856	10772	-3660	1618	1291	6582
14144	10028	-3408	1909	1616	6121
13692	10548	-3464	1585	1566	5549
13772	9928	-3284	1117	1368	5343
13916	10244	-3992	614	1223	5034
13856	9152	-2928	732	1224	4337
14076	9376	-3152	1005	1025	3676
14032	8984	-3428	983	1253	3083
14556	8596	-3348	1201	1492	2465
14372	8736	-3120	1256	1141	2118
14232	9032	-3700	798	529	1713
14460	8600	-2912	-410	720	1839
14900	7792	-3068	-386	546	1390
14600	7568	-3192	231	883	955
14692	7756	-2940	751	492	722
14704	8192	-3180	273	551	352
15124	7548	-3684	-152	436	252
14988	8076	-3304	-338	414	-55
14776	7316	-3000	144	373	-620
14208	8172	-3280	358	469	-738
14416	9612	-3236	-502	329	-348
13916	9672	-3312	-956	374	-1312
13860	9812	-3816	-1502	-1024	-2673
14732	9240	-3764	-1499	-1113	-4116
14344	9784	-3808	-1232	-886	-5142
13700	9924	-2728	-1492	-1220	-5630
14612	10700	-3168	-2112	-1440	-6406
13804	9632	-3684	-2574	-1169	-7022
13916	10424	-3100	-2372	-1720	-7155
14012	11196	-2900	-2629	-1632	-7821
14080	11764	-3480	-2791	-2107	-8857
13496	11816	-3624	-3473	-1868	-9466
12528	11088	-3232	-2475	-2154	-10075
13108	12396	-3932	-2744	-1984	-10276
11704	12628	-3320	-3227	-1809	-10030
11836	13716	-3124	-3664	-2540	-9973
12076	13720	-3676	-3562	-2267	-10842
10756	14288	-3620	-3446	-2538	-11322
10908	13096	-2656	-3606	-2198	-11360
10640	14936	-2936	-4007	-2078	-11646
9272	14992	-2748	-4012	-2078	-11821
8624	14988	-2352	-4003	-2814	-11834
8936	16312	-2632	-4314	-2477	-12100
7424	15704	-2680	-5222	-1867	-12489
7616	16024	-2024	-5239	-2256	-12614
7276	15420	-1708	-4223	-1586	-13258
5488	16176	-2288	-3387	-1525	-13413
5692	16680	-1516	-4114	-2096	-12860
5180	16108	-1452	-4572	-1272	-13408
2468	15668	-1200	-4529	-1268	-13271
1752	15468	-612	-4298	-2434	-12573
2412	16492	-188	-4335	-2011	-12183
972	15924	-508	-4114	-1510	-12572
432	14920	-1028	-4099	-1822	-12379
-92	15632	-76	-3758	-1418	-12161
-1320	15632	324	-4175	-1238	-11699
-1924	14396	536	-3726	-1729	-11462
-1560	15280	980	-3366	-1632	-11225
-3164	14532	636	-3696	-993	-10613
-4852	12984	1984	-4110	-1465	-9368
-3324	12152	2204	-3290	-2149	-8499
-3940	13396	976	-1512	-1072	-8722
-4736	13988	1396	-2024	-1094	-7707
-4972	11496	2616	-1873	-508	-6791
-5532	13104	1920	-1545	-853	-6405
-5856	12752	1804	-1934	-621	-5386
-6668	12144	2268	-1644	-460	-4591
-6712	11108	2616	-1135	-501	-3636
-6908	11240	2768	-1274	-404	-2401
-7248	10840	3132	-1020	300	-1006
-6784	10400	3208	-466	68	426
-6188	10616	2288	235	853	1537
-6856	10692	2396	971	936	2726
-5644	11252	2132	1892	875	3641
-5956	12104	1744	2271	1633	4683
-5932	12144	1776	1649	1374	5747
-4896	12064	2040	1725	1294	6842
-5200	11960	1416	2041	1831	8345
-4276	11908	1508	2091	1194	9737
-2432	12428	936	4166	1693	9969
-3508	14856	296	4439	2345	10702
-1988	13184	572	4033	1117	11743
-952	14676	-268	5915	2235	11393
-2508	16592	-896	4828	2662	12953
-1732	15400	-272	2732	1670	14224
-444	15048	-624	3703	1525	13603
240	17004	-1788	3346	1187	14004
2288	15892	-588	4228	806	13553
2408	17624	-1176	5130	2619	13106
2420	16964	-2144	4650	1728	12945
4340	17860	-2728	3765	1439	12634
5092	17876	-1816	2856	1732	12543
4236	17968	-2504	2070	1508	12482
4928	16340	-2032	1214	640	12432
6672	16380	-2416	1672	203	11792
7500	15996	-2280	1078	984	11668
7472	14904	-2820	1528	1185	11249
8924	14004	-2604	3021	985	10570
9424	15764	-3288	3458	2473	10129
8860	14272	-2796	3144	2727	9920
9996	13940	-3240	3697	2110	9362
10288	14552	-3868	2729	2001	9042
10824	14176	-3520	1224	2131	9178
10732	12360	-3184	1549	1967	9334
11252	13008	-3184	1901	1745	9165
11636	12464	-2724	1457	2117	9212
12396	12128	-3588	1744	2557	9181
12588	12228	-3988	2113	2606	8750
12628	11444	-3468	1487	1919	8525
12952	11600	-3876	1447	1204	7860
13268	11164	-4192	207	1116	7856
13604	10240	-3604	51	993	7678
13768	9260	-3568	962	1159	6942
14216	9400	-3548	1252	1017	6487
14248	9608	-3568	1746	1149	5878
14804	8692	-3428	2265	1474	5248
14736	8348	-3372	2234	1658	5034
14672	9040	-3572	2076	1429	5131
14464	8780	-2988	1340	1532	5017
14340	8564	-2808	1043	1154	4869
14644	8048	-4020	942	984	4669
14944	8432	-3944	825	1017	4092
14752	7768	-3464	723	1324	3295
14700	8236	-3536	913	456	2512
14832	7572	-4052	849	484	1661
15060	8388	-3612	568	451	893
14836	7668	-3240	407	175	170
14728	8008	-3452	-367	-284	-310
15060	7888	-3564	-157	-164	-892
14532	8172	-2812	-273	142	-1733
14932	9100	-2980	-580	-856	-2694
14936	8812	-3488	-1156	-569	-3615
14468	9004	-3840	-1247	-306	-4889
14660	9528	-3472	-694	-718	-6117
14164	9736	-3584	-795	-900	-7016
14280	10344	-3592	-1098	-1213	-7841
14980	9948	-3992	-1419	-1240	-8519
14248	11332	-3344	-1847	-1441	-8964
14136	10152	-4072	-2317	-1893	-9597
14000	11996	-3944	-3053	-1664	-10303
14032	11140	-4100	-3323	-1586	-10882
13628	11804	-4240	-2673	-2022	-11488
12600	12252	-3960	-3467	-2092	-11531
12284	12536	-3908	-3689	-2836	-11388
12764	12944	-4700	-4157	-2702	-11853
11808	13128	-3240	-4346	-2699	-11869
11276	13912	-4028	-3471	-2892	-12153
11716	13388	-3620	-3584	-2425	-12637
9840	14352	-2960	-3168	-2120	-12971
9364	14320	-2912	-3195	-3058	-12199
9444	15264	-4052	-3752	-2846	-12143
7940	15432	-2496	-5459	-2419	-11557
7568	14168	-2832	-5267	-2678	-11598
7828	15084	-3232	-3574	-1921	-12574
5580	15752	-2496	-3068	-1488	-12501
4892	16024	-1768	-3813	-2476	-11778
6032	15292	-2300	-4953	-2134	-11423
4760	15928	-1940	-4324	-1613	-11751
3436	16408	-1312	-4121	-1952	-11750
2984	16504	-1856	-4519	-1638	-11800
1548	15472	-724	-5356	-1399	-11372
460	15424	-988	-4479	-1717	-11367
352	15840	-560	-4279	-1824	-11072
572	16000	-652	-4192	-1346	-11364
-816	15532	264	-3975	-1064	-11222
-1076	15324	260	-3246	-1376	-11395
-1056	15352	232	-2726	-1224	-11231
-1876	15644	120	-3464	-871	-11285
-3928	13540	1240	-3672	-862	-10499
-4416	14020	876	-2882	-1429	-9714
-3884	12876	1468	-2648	-1171	-8919
-4716	13084	1196	-2808	-882	-8353
-5556	12744	1460	-2687	-749	-7446
-6264	11536	2204	-2302	-1006	-6182
-5668	12520	1504	-1476	-798	-5340
-6288	10808	2264	-1301	-674	-4067
-6052	12552	2048	-48	-594	-3752
-7088	12560	2236	-908	-175	-2874
-7304	12304	2568	-1534	-133	-1899
-7536	11464	2700	-1283	89	-921
-7368	11232	2320	-1027	126	-51
-7120	10988	3024	-305	441	922
-6864	11688	1580	186	309	1878
-6860	11728	1664	-65	448	3116
-6460	12160	1928	194	4	3885
-5536	11116	1692	358	563	4823
-6236	12600	1724	1581	787	5204
-5548	12532	1676	2125	786	5911
-5724	12908	1288	2029	960	6590
-5376	14220	1576	1377	222	7628
-4320	12772	1404	1345	381	8567
-3788	13524	1088	1687	376	9418
-3124	14380	1308	1763	462	10167
-2540	13716	836	2560	790	10376
-1488	13844	288	3641	876	10450
-1680	15224	-16	3969	1676	10842
-1288	15044	-264	2794	867	11894
1108	14856	-200	3090	256	11999
208	17424	-1148	3106	1568	12389
396	15180	-288	2665	600	12762
2580	15392	-672	4053	987	12164
2844	17840	-1408	4454	1308	11773
2876	17656	-624	2599	1563	12241
3396	16524	-1096	2624	1004	12098
5024	17144	-968	2525	1089	12139
5556	15812	-2164	2208	1421	11925
6120	14824	-1848	3350	1156	11667
7260	16976	-1980	2805	1280	11268
7360	15264	-2236	2094	2165	11243
7616	14360	-2376	3080	2020	11471
8920	14428	-2484	4048	1682	10919
9260	15732	-3048	3053	1698	10882
9084	14636	-3204	2148	1799	11133
10384	15004	-2476	1813	1650	11132
10536	14440	-2840	2175	1988	10408
10624	13540	-3004	2726	1712	9595
11640	13960	-3012	3286	1616	8995
11812	13760	-3208	2478	2328	9092
11532	12764	-3172	1978	1791	9113
11920	12540	-3236	1216	918	8800
12796	12500	-3192	1463	2154	7962
12180	11428	-2948	3124	2517	7118
12956	11556	-3340	3969	2067	6605
13396	12448	-3328	3636	1677	6033
13716	11612	-3924	1378	1547	6137
13528	10604	-3292	213	1670	5798
13788	9960	-3168	359	1038	5592
14232	9428	-3088	777	1169	5301
13924	8936	-3036	974	1287	5032
14088	9124	-3032	1217	1405	4799
14256	9072	-3160	1040	1347	4620
14508	8500	-3324	530	1288	4413
14656	8520	-3360	512	1188	3675
14944	8356	-3412	862	1369	3082
14336	8652	-3016	1134	1016	2549
14368	8588	-3368	553	351	2095
14676	8096	-3448	377	1019	1698
14116	8324	-3148	282	712	1166
14600	7968	-3124	242	246	558
14220	8332	-3596	519	-136	-171
15020	8676	-3708	69	24	-712
14156	8468	-3176	-587	-97	-1112
14264	8696	-3328	-842	-925	-1609
14276	8780	-3124	-1248	-870	-2470
14972	8708	-3552	-1280	-892	-3125
14416	9024	-2916	-655	-546	-4201
13908	9504	-3460	-581	-973	-4607
14468	8672	-3064	-69	-526	-5531
13372	10248	-3700	-272	-1048	-6047
14000	10452	-3880	-806	-1280	-6295
13444	10484	-3276	-903	-867	-7386
13336	11348	-3740	-881	-1875	-8083
13316	11248	-3796	-1556	-1695	-8140
13524	11696	-4116	-1427	-2230	-8680
13208	12452	-4096	-2194	-2096	-9287
12712	12512	-3424	-3166	-2616	-9221
13088	13240	-3956	-3559	-2879	-9532
12764	12116	-3516	-4489	-2335	-9990
10988	12768	-3192	-3449	-2792	-9834
12172	13056	-3516	-3307	-2178	-9894
10672	13364	-3136	-3214	-1536	-10218
10288	14040	-3728	-3228	-2348	-10364
10708	13980	-3808	-3437	-1720	-10695
8872	14420	-3260	-3318	-1768	-10494
8944	14676	-3356	-3653	-2493	-10276
8892	14796	-3888	-4716	-1922	-10605
6772	14536	-3156	-4219	-2251	-10290
8576	15196	-3260	-3834	-2006	-10393
6868	14596	-3052	-2967	-1298	-10962
6348	16028	-2928	-2877	-1754	-10986
6804	16116	-2624	-3686	-1415	-10914
5344	14988	-2136	-4040	-954	-10822
3368	15596	-1408	-3091	-1419	-10719
4372	17676	-1876	-3374	-2244	-10600
3224	15684	-1228	-4838	-946	-10299
1384	15984	-1212	-4001	-1679	-10502
2804	17176	-1208	-3587	-2052	-10991
1332	17744	-1852	-3637	-1410	-11888
-112	16944	-456	-4976	-1920	-11861
-236	15888	-772	-4785	-1900	-11712
-672	16656	-632	-4551	-1950	-11924
-1156	15720	-436	-4240	-2278	-12203
-1668	15548	496	-3991	-2182	-12540
-3056	15516	12	-3644	-2287	-12565
-3152	15144	700	-4303	-2803	-12172
-3808	13396	1268	-4315	-2172	-11997
-5496	12900	2088	-4032	-1828	-11316
-5464	13396	1528	-3405	-2280	-10590
-5436	11020	3028	-3414	-1632	-9028
-6568	10324	3016	-2999	-1402	-7564
-6256	10960	2052	-2708	-1768	-6330
-6456	11124	3024	-2034	-931	-5189
-6604	11264	3080	-1414	-806	-4544
-7764	11648	2276	-1736	-100	-3679
-8516	9692	3604	-1208	-423	-2412
-7512	10152	3288	-443	-52	-1281
-9288	9776	2784	-140	493	-12
-8412	10464	3040	-437	-525	1324
-7704	10584	3452	334	454	2516
-7804	11004	2628	910	370	3413
-6408	11356	2524	818	641	4113
-7232	12436	2572	1366	1252	4650
-6876	10936	2332	1986	1084	5376
-6356	11628	1964	2467	914	6237
-6416	13080	1484	2476	988	7042
-5640	13340	2784	1876	995	7765
-5108	12860	1004	2289	1383	8002
-5256	11732	1712	4052	1084	8662
-4196	14388	1284	6117	1416	8728
-3792	14908	276	4870	1779	9543
-3672	13904	588	4039	2010	9873
-3304	14620	280	4306	1681	10619
-1996	15240	-588	3491	1401	11343
-1672	15384	-492	3282	1982	12168
-1444	16276	-132	2220	2191	12678
-512	15212	-1068	704	1464	13224
1164	15748	-1000	3430	1174	12693
1192	17380	-684	3499	2044	12757
1144	16156	-2004	2924	1420	12539
3232	16968	-1012	2650	959	12215
3916	18188	-1908	3111	1768	11958
3392	16288	-2580	2158	1743	12041
4824	16288	-1552	2957	1112	11138
5468	18044	-1932	2921	1979	10471
5352	16636	-2600	1642	1983	10516
6412	15208	-2468	1829	1666	10293
7312	16260	-2216	2608	1507	10051
7700	16048	-2676	1949	1589	9704
7940	14708	-2200	1589	1855	9499
8404	14744	-2716	2676	1706	9412
8872	15408	-3348	1984	1447	9467
9440	13888	-2920	1038	1824	9348
9700	13676	-2408	1562	2175	9200
10112	14108	-3408	2182	1465	8640
10756	13740	-4384	1507	1113	8445
11208	12952	-3020	972	1579	8163
11064	12632	-3264	1500	1625	7949
11392	12824	-3572	1002	1382	8402
11776	11488	-3088	2181	1618	7642
11844	12116	-3272	2561	1438	6874
12536	12420	-3440	2549	1537	6357
12952	11776	-3120	2429	1985	6195
13176	11228	-3048	1975	1998	6216
13124	10960	-3124	2000	1801	6169
12888	10224	-3120	1163	1658	6657
13192	9736	-3392	1013	1753	6453
13812	9504	-3048	1131	2027	6559
13816	9260	-3296	1906	1808	6190
14288	9176	-3972	2001	1616	5954
14476	9440	-3848	1683	1721	5248
14612	8924	-3532	1485	1355	4728
14640	8668	-4104	1674	1454	3984
13924	9080	-3604	1481	1383	3408
14524	8288	-3248	1460	848	3057
14556	8640	-3628	1659	907	2411
14252	8368	-3688	642	467	2258
14560	8820	-3396	-165	399	1619
14296	8680	-2780	-607	48	1181
14784	8636	-3748	-634	-135	528
14668	8316	-3612	-624	-136	-463
14764	8400	-3204	531	-112	-1729
13980	9140	-3612	758	-233	-2584
14248	9620	-3484	-302	-663	-2972
14184	9428	-3300	-1595	-660	-3563
14244	10084	-3752	-1513	-1109	-4916
13976	10008	-3516	-1879	-728	-5471
13908	10180	-4064	-776	-910	-6094
13648	10456	-3172	-1668	-797	-7284
13016	11464	-2852	-2084	-1841	-8181
14736	12036	-3864	-2714	-1842	-8821
13836	11872	-3272	-2954	-1275	-9842
13096	12140	-3464	-3250	-2320	-10426
14164	12796	-4392	-3187	-2488	-11580
12876	13548	-3484	-3862	-2064	-11810
12088	13752	-3340	-4196	-2501	-12034
12312	13140	-4136	-4568	-2471	-12508
11348	13848	-4256	-4044	-2604	-13113
10776	14924	-3776	-4114	-3143	-13254
11304	14564	-3512	-4550	-2915	-13729
9564	14084	-3324	-4028	-2581	-14037
8424	14948	-3196	-3953	-2762	-13565
8716	14708	-2204	-4396	-2691	-13254
7372	15016	-2956	-3861	-2442	-13187
6360	15800	-2380	-4975	-2953	-12280
6176	15672	-2256	-5576	-3140	-11849
6748	15912	-1980	-5495	-2892	-11601
5488	14916	-1824	-4503	-1936	-12074
4860	15936	-1660	-4217	-2185	-12558
3720	15672	-1772	-3651	-1590	-12552
2660	15656	-1384	-3473	-1526	-12132
2028	15864	-900	-3687	-1411	-11848
1192	14776	-448	-3940	-1513	-11469
1060	16048	-776	-2669	-1739	-11814
908	16576	-692	-3203	-1205	-11580
-808	15064	308	-3695	-889	-11403
-2060	15664	-132	-3896	-1921	-10890
-1588	15732	616	-4907	-2235	-10004
-2388	14120	952	-3931	-1751	-9933
-2900	14860	848	-3767	-2123	-9852
-3412	13884	636	-3107	-1684	-9787
-4500	13528	1148	-3652	-1360	-9140
-4992	13284	1420	-3327	-1516	-8675
-5304	12892	1560	-2742	-1585	-8177
-6092	12180	2212	-1812	-1494	-7640
-6580	13144	2212	-2061	-1539	-6814
-6840	12544	2424	-2042	-1631	-6073
-6900	12316	2512	-2183	-1559	-5680
-7716	12148	2816	-1411	-877	-5307
-8540	11976	2364	-602	-1072	-4855
-7764	11828	2260	-327	-1357	-4604
-8612	11988	3808	-1415	-795	-3797
-9424	10900	3364	-1410	-687	-2915
-8860	10012	3608	-1578	-891	-1378
-8444	9136	4392	-503	-233	-119
-8184	10952	3032	-60	-266	891
-7544	10644	3144	-667	10	2245
-7060	10636	3260	140	588	3050
-6832	10932	2348	1349	1230	3499
-6936	11388	2804	1544	1626	4367
-6776	11076	3096	2312	2001	5006
-7136	12752	1660	2280	1770	5621
-6300	12256	2480	988	1524	6988
-5780	11660	2188	1915	2142	7499
-6060	12000	1684	2757	2596	8206
-4752	13360	1636	3290	2052	8852
-4276	13216	576	3538	2981	9716
-3992	13256	532	2944	2460	10450
-3400	13048	896	4378	2824	11019
-3276	14212	296	4555	3092	11713
-2416	14452	-32	4191	3034	12569
-952	15276	-880	5557	3474	12354
-1468	15352	-1852	5023	4008	12872
-652	15496	-1116	5172	2155	13272
1880	17276	-2116	5399	2328	13173
1480	17396	-3140	4378	3310	13377
900	18860	-1588	2048	3001	13748
2536	16508	-964	1292	2149	14127
3820	16848	-2400	1961	2083	13381
5004	16792	-2140	2593	2308	13011
5624	16708	-1516	3378	3238	12724
5276	17012	-2020	2544	3030	12558
6732	16536	-2528	1336	2547	12332
7948	15748	-1940	1676	3387	11847
7720	16176	-3084	3043	3472	10788
8476	15468	-3396	3125	3046	10414
9092	14888	-3320	3082	3017	10124
9456	15760	-3988	2313	3042	9562
9280	14512	-3428	1220	3071	9633
9488	13744	-3464	1536	2296	9462
10452	13668	-3460	1317	2041	9550
11172	12388	-3376	552	2544	9164
11224	12220	-2600	1448	2715	9247
12140	12704	-3476	1937	1789	9019
12808	12020	-4048	1764	1990	8970
12332	11508	-3036	112	1810	9131
13248	11508	-3452	-152	998	9041
13256	11116	-3332	-173	1612	8848
13148	9560	-2548	1028	1620	7988
13544	10420	-3004	1696	1387	7870
13996	9984	-3028	2254	1864	7718
13788	10608	-2960	1464	1752	7723
14228	10408	-2972	-26	1157	7420
14532	9540	-3300	-774	850	7080
15036	8872	-3156	-547	1057	6350
14840	8136	-3044	795	1233	5321
14708	8448	-2876	1347	1212	4412
14548	8352	-2908	1308	776	3826
15020	8696	-3076	216	494	3605
14760	8140	-2832	-266	719	2946
14508	7568	-3248	-557	197	2912
15024	7400	-2940	-173	168	2395
15132	7236	-3032	34	244	1769
14664	7512	-3068	88	109	1089
15340	7324	-2764	-92	-82	647
15044	7340	-2672	207	-9	-383
15348	7908	-3044	57	-537	-1287
15716	8040	-3232	109	-77	-2141
14676	7536	-2836	-197	48	-2979
14856	8124	-2868	208	-912	-3930
15108	8700	-3768	66	-340	-4637
14452	8864	-2948	225	-48	-5487
14268	9200	-2912	475	-1293	-6933
14420	10920	-3940	-186	-1835	-8204
14836	11756	-4376	-931	-2095	-9625
14112	11652	-3824	-1274	-1747	-10725
13308	11912	-3388	-1288	-2877	-11565
14620	12192	-4116	-1691	-3629	-13228
14288	12420	-4768	-1748	-2397	-14407
12148	13100	-3876	-1895	-3618	-14568
13744	13444	-4640	-2968	-4488	-15302
12144	14224	-4640	-4233	-4104	-15333
10708	14548	-3748	-5565	-5067	-14556
11892	14144	-3968	-5784	-4782	-15297
9768	13640	-3508	-5340	-3794	-15000
8596	15004	-2692	-4305	-4797	-14907
10248	15256	-3740	-4640	-4221	-14879
8304	15028	-3156	-4766	-2725	-14900
6692	15216	-2796	-4726	-3646	-14147
7648	15108	-3208	-4750	-3310	-14116
5412	15404	-2128	-4961	-1712	-13626
3136	14548	-1748	-4304	-2739	-13405
5272	16284	-2868	-4007	-3291	-13263
3496	15664	-2072	-4242	-754	-12569
804	15020	-1052	-4258	-1623	-12561
1468	16080	-1960	-3649	-3210	-12464
1880	15560	-1604	-4090	-1797	-11827
-584	15400	-764	-3707	-1460	-11724
-1476	14688	-812	-4377	-2256	-10859
-2684	14512	-956	-3690	-2291	-10586
-1804	15460	148	-3479	-3279	-9829
-1984	14404	-508	-3651	-2065	-9518
-4008	14428	-192	-3336	-2243	-9300
-3832	14368	380	-3848	-2939	-8345
-3932	14064	1276	-3589	-2550	-7931
-4648	13960	936	-3245	-2468	-7869
-5016	13752	1484	-2767	-2175	-7510
-4912	14316	2016	-3188	-2062	-7033
-6032	13680	2080	-3558	-1218	-6622
-6380	12232	1900	-2875	-1917	-6439
-6200	13516	2044	-1954	-1091	-6327
-7660	13512	2240	-2296	-840	-6037
-7408	12252	2196	-2592	-1286	-5658
-7980	12080	2352	-2334	-600	-5260
-8488	11236	2700	-2043	-865	-4518
-8228	10724	2860	-1401	-562	-3632
-8788	10828	2700	-1462	-608	-2388
-8536	9608	3000	-1807	-673	-669
-8288	9608	3560	-838	-288	478
-7276	9736	3424	186	-228	1582
-7488	11124	1880	539	645	2570
-8004	10612	2980	434	649	3708
-6744	10964	2744	1388	837	4212
-7340	10852	2092	2008	1357	5089
-7236	11640	2352	2158	1410	6199
-6396	11136	2832	2278	1534	7193
-5816	12208	1488	2145	1888	8320
-5204	12124	1748	3036	1726	9334
-3932	12604	1064	3694	1670	9996
-4976	13428	32	3436	2023	11017
-3876	12484	1392	2394	703	12314
-1996	16080	680	3015	811	12394
-2264	13784	204	3592	2155	13177
-2868	14400	-436	5216	1400	12720
-944	16492	656	4687	1902	13522
84	16852	-592	4673	2679	13084
-112	17624	-932	2456	2651	13639
852	15528	-1096	3462	1961	13419
2704	17512	-684	4919	1753	12502
2684	17928	-1380	3691	2714	12447
2908	16776	-1464	2582	2367	12442
4684	16560	-1704	2537	2384	12233
4632	16796	-1844	3078	2795	11832
5044	16628	-2156	2734	2026	11859
5936	15924	-2452	2814	2616	12157
5952	16608	-2488	1905	2054	12019
7132	15872	-2896	803	1610	11741
7672	14732	-2536	1875	2511	11040
7824	15356	-2692	2955	2123	10438
9044	14696	-3460	3129	1394	10312
10228	15476	-3004	2818	1945	9589
9556	14392	-2472	1966	2443	9496
9924	13420	-2580	2441	1721	9438
10980	13732	-2840	3179	2192	8979
10980	13308	-2552	2398	2077	9291
11632	12768	-3336	1594	1461	9507
12372	12664	-3592	773	1742	9635
12624	11872	-2804	940	1979	9203
12872	11472	-3160	1552	1472	8699
13484	11060	-3768	2657	1781	7900
13180	11248	-3408	2117	1798	8047
13280	10792	-3944	1052	957	7810
13632	10580	-3732	-316	1049	7930
13536	9264	-3096	-145	1225	7816
14096	9028	-3156	791	968	7566
14440	9124	-3656	1175	908	7108
14700	8972	-3580	1453	699	6450
14936	8664	-3680	904	892	5904
14696	8404	-3488	1181	1254	5375
14712	7852	-2980	1733	1030	4860
15104	7920	-3304	1618	637	4169
15164	7800	-3712	1466	592	3741
15304	7776	-2924	603	776	3677
14900	7240	-3168	116	426	3566
15044	7208	-3196	-234	533	3030
14816	6864	-2960	80	41	2604
15808	6728	-3396	397	552	1970
14908	6896	-3036	176	524	1446
15492	7060	-3180	452	37	836
15228	7124	-3368	160	585	158
15016	6972	-2752	32	180	-418
15460	6928	-3384	364	-85	-1034
15724	7344	-3512	-75	187	-1487
15412	8232	-3288	-64	274	-2140
15000	8460	-2916	-211	8	-3324
14828	8344	-3780	-669	-539	-4807
14768	9884	-3764	-878	-371	-6205
14192	9028	-2956	-420	-506	-7117
14428	10356	-3408	158	-518	-8312
14672	9624	-4252	-60	-855	-9550
14444	11088	-4004	-494	-1014	-10563
13928	11752	-3856	-1895	-2140	-10528
14732	11500	-4164	-3269	-2361	-11645
13352	11368	-3900	-4654	-1970	-11445
14024	11056	-3664	-3553	-2867	-11793
14144	12380	-4068	-3239	-1967	-12665
12500	12116	-3464	-3750	-2084	-12592
13116	13192	-3540	-3894	-3150	-12612
12672	12492	-4064	-4285	-1927	-13503
10812	13312	-3224	-3676	-2584	-13446
11484	14088	-4040	-4016	-3133	-12630
10816	14924	-3460	-5380	-2932	-13183
10124	14088	-3232	-6427	-2765	-12830
9408	12940	-2348	-5028	-2635	-12758
8488	14404	-2380	-3039	-2631	-13212
8524	16560	-2888	-3544	-1913	-13386
6044	14644	-2272	-4626	-571	-13271
4836	15984	-1584	-3801	-1936	-13350
5820	16724	-2740	-3243	-1986	-13320
4808	17132	-1916	-4398	-889	-13250
2420	15428	-1748	-4654	-1111	-13424
2232	16508	-1312	-4748	-2477	-13106
2088	15680	-1200	-4567	-2064	-13102
1324	16172	-980	-4798	-2016	-12984
584	14476	-440	-4001	-1520	-12677
-884	15796	-244	-2824	-1634	-12794
-1244	15128	-100	-3300	-2022	-12087
-1044	14996	-56	-3686	-1858	-11915
-2508	14212	-96	-3313	-1381	-11609
-4024	14316	420	-2994	-1971	-10925
-4392	14152	936	-3457	-2590	-10029
-3948	13460	1104	-3717	-2879	-9194
-5172	13296	840	-2210	-2126	-9131
-6148	13252	2404	-1543	-2701	-8371
-5964	12956	1852	-1784	-2544	-8045
-7052	13404	1524	-3135	-2214	-7347
-6100	12160	2800	-2821	-2714	-6716
-6252	12000	1804	-830	-1884	-7103
-7452	13932	1824	-1045	-1721	-6511
-7548	11448	3812	-2549	-1733	-5032
-7960	10136	3736	-2508	-1176	-4270
-8252	10024	4088	-1753	-1102	-3069
-8036	10108	4112	-862	-497	-1852
-8268	9456	3340	-788	226	-345
-7868	9792	2924	-809	321	1215
-7304	9408	2892	46	605	2664
-7064	9684	2848	1122	855	4005
-7108	11440	1988	1800	1034	4786
-6876	11384	2596	1139	1484	5938
-6764	11528	2740	1443	1837	6713
-6396	11292	1700	2098	1734	7283
-6356	12364	2112	2767	2121	8197
-5728	14084	1784	2906	1709	8875
-5432	12620	1804	2143	2037	10077
-5432	12956	1396	2485	1641	10802
-3952	14112	1136	3717	1514	10992
-3056	14660	868	3985	2235	11179
-3496	14404	-220	4259	2945	11178
-2488	14672	176	4523	2297	11900
-1000	16172	-452	4151	2507	11979
-1428	16084	-1288	3069	2596	12441
-796	15256	-328	2787	1818	13186
1136	15944	-548	4597	1629	13026
1664	17116	-1500	3973	2164	13012
1864	16280	-1096	2866	2271	13131
3108	17264	-1172	2582	2032	12899
3900	16616	-1844	2482	2156	12979
4068	16232	-1604	3027	2352	12660
5424	15956	-1992	3257	1883	12372
6572	17068	-2904	3228	1960	12283
6348	16144	-2332	2438	2526	12590
6600	15740	-2832	1123	2019	12280
7880	14772	-2236	1342	1855	12112
9056	14904	-2692	2525	1705	11757
9052	15156	-3992	2528	1793	11947
9396	14348	-2444	1695	1818	11901
9836	14368	-2960	1230	1644	11832
10728	13608	-3120	2062	990	11598
11720	13788	-3320	2242	1482	10953
11700	13348	-3192	1989	1753	10315
11772	13020	-3384	2204	1528	10099
12256	12572	-3092	2908	1769	9298
12212	13196	-3180	2090	1775	8924
12560	12156	-3164	1157	1325	8873
13308	11448	-3284	550	1239	8697
13360	10988	-3068	84	1480	8783
13752	10244	-3252	-294	499	8768
14848	9644	-3856	-420	182	8181
14672	8904	-3384	-793	1002	7772
14256	8316	-3012	808	1016	7065
14780	8008	-2984	1970	878	6618
14940	8432	-3388	2418	828	6343
15384	8628	-3312	1541	938	6305
15212	7516	-3168	911	1003	6099
14996	7648	-3204	440	377	5956
15820	6812	-3608	199	52	5636
15872	6888	-3324	397	683	4926
15232	6624	-2840	448	167	4457
15652	6424	-3436	546	368	3872
15348	6128	-2672	647	600	3333
15468	6460	-2860	1074	310	2638
15556	6992	-3120	1163	691	2115
15604	6532	-3120	1043	713	1530
15992	6500	-3028	1059	846	743
15228	6736	-2788	425	367	274
15952	6844	-3412	73	253	-469
15424	6324	-2872	-13	925	-1196
15188	6836	-3032	224	174	-1952
15640	6956	-3448	197	49	-2859
15932	6680	-3132	543	279	-4134
15404	7652	-3232	1133	1111	-4837
14024	7564	-3148	1798	777	-5935
14420	10148	-3520	627	-660	-7165
15520	9280	-3484	-568	-792	-8239
15588	10080	-4068	-884	-1017	-9441
14876	10344	-4200	-1868	-1518	-10190
14484	9580	-3816	-2542	-2308	-11048
14676	10456	-4176	-2852	-2157	-11974
13884	10916	-3636	-3702	-1861	-11919
14864	11020	-4032	-3029	-2730	-12643
14416	12272	-4324	-2858	-2554	-13983
12772	12932	-3456	-3317	-3244	-13907
13940	12108	-3592	-3592	-2841	-14129
11516	12144	-2868	-3178	-1892	-14018
10984	12632	-2736	-2700	-2495	-13237
12292	13092	-3728	-3041	-2154	-12936
11004	14016	-3592	-3343	-1507	-13141
9192	14672	-3196	-3775	-2040	-12538
10876	15572	-4076	-3742	-3151	-12469
9904	15480	-4052	-4902	-2191	-13343
7852	15096	-3260	-5002	-2473	-13835
6804	16388	-2620	-4765	-3050	-14216
7560	16612	-3268	-4967	-2372	-14688
4660	15308	-2340	-4481	-564	-14785
2832	15168	-1784	-4336	-1823	-14096
3840	16040	-1832	-4936	-2231	-13473
3376	15812	-1332	-5418	-1400	-12947
2232	15488	-2236	-3938	-1856	-13059
2160	15764	-808	-3765	-1730	-12676
504	15540	-700	-3074	-1856	-12509
-12	15440	-416	-4321	-2799	-11686
-524	14480	-484	-3904	-2325	-11429
-1392	14784	756	-3581	-2387	-10783
-1600	14768	96	-3088	-2364	-10743
-2052	14812	196	-2664	-2207	-10667
-2736	15132	364	-2437	-1920	-10534
-3656	14312	736	-2946	-1737	-10029
-4392	14484	1312	-2981	-1865	-9931
-4936	13248	1892	-2710	-2060	-9345
-5188	13612	1620	-2565	-1905	-9032
-5836	13600	2088	-2877	-1732	-8443
-6568	12040	2128	-2862	-1356	-7572
-7400	12064	2168	-1917	-1347	-7166
-7212	11912	1760	-2118	-1221	-6456
-7916	11020	2944	-1302	-776	-5892
-8072	11668	2436	-620	-803	-5178
-8892	10712	2080	-1433	-680	-3674
-8188	11268	2748	-1397	-1419	-2550
-7392	10424	3004	-1327	-812	-1494
-9324	9600	3256	-810	-238	-456
-8600	9040	3384	-531	-307	1330
-7984	9088	3444	247	593	2730
-7580	9944	2608	919	1009	3860
-6932	10600	2352	1958	1202	4991
-6996	11132	1616	2362	1062	6446
-5732	11420	1676	1500	920	7944
-5364	11564	2300	1486	1429	8914
-5920	12064	1544	2349	1485	9949
-5744	11184	1884	2836	1420	11342
-4020	13232	1780	3081	1328	12060
-3356	13532	400	3248	2197	12618
-3676	12884	124	4312	1735	13406
-1888	14252	980	5079	2088	14185
-1272	16096	-588	3745	2822	14473
-1428	13960	-1012	3353	2773	14856
-20	16616	-604	5115	2185	14242
956	17244	-1280	4465	2562	14705
1080	15904	-1952	4217	2630	14524
2832	16960	-1656	3782	1057	14605
4792	16996	-2248	3934	1178	14713
4124	17720	-2360	2172	1979	14948
4708	16076	-1512	1493	1604	14801
5992	15788	-1644	2189	2137	14305
6196	16084	-1680	3259	2279	14177
7364	15788	-2744	4605	1861	13193
8700	17476	-3184	4445	1971	12056
8852	16340	-2660	3397	2653	11913
8744	15664	-3776	2386	1884	11568
9800	14252	-3272	1746	1557	11520
10248	13756	-2836	2207	1863	11569
10432	13096	-3288	2644	2107	11446
11280	13196	-3260	2812	1622	11143
12264	12332	-3992	3193	1684	10514
12352	12644	-4144	2570	2107	10375
12704	11676	-4240	2835	2158	10152
12776	11676	-3500	2869	2226	9839
13116	10192	-4072	3085	2012	9518
13720	10436	-3844	3906	2096	9117
14520	10420	-4012	4490	2072	8279
14252	10580	-4684	3819	2114	7887
14232	9720	-3732	2423	1776	7525
14148	10012	-4072	1496	966	7505
14652	9784	-4492	519	833	7905
14792	8164	-3448	223	1244	7659
14828	7832	-3640	760	688	7073
15488	7816	-3752	1056	354	6692
16020	7088	-3836	1662	1008	5772
15600	7388	-3328	1780	1358	5110
15196	7716	-3532	784	407	4695
15676	7496	-4112	-718	437	4623
15616	6260	-3572	-1425	915	4324
15060	6152	-3460	-981	453	3737
15372	5996	-3464	-448	319	3301
15432	5840	-3616	221	643	2751
15300	6084	-3276	84	705	2237
15452	5892	-3836	84	347	1447
15724	6188	-3976	64	576	501
15356	6016	-3204	286	517	-421
15220	6436	-3412	376	-48	-1053
15752	7008	-3912	-62	-320	-1927
15524	7136	-3492	-742	-50	-2573
14904	7420	-3500	-409	-168	-3667
15344	7684	-3488	-1314	-753	-4258
15136	7372	-3448	-865	-506	-5308
15084	9756	-4204	-761	-595	-6030
15976	9272	-4160	-1582	-89	-7639
14728	9500	-4124	-920	-1550	-9610
15032	10128	-4964	-1307	-1867	-10730
15316	9804	-5068	-1365	-1354	-11958
14624	10244	-4008	-1373	-1662	-12827
13104	11252	-4688	-1869	-2800	-12585
15224	11864	-4792	-3773	-3476	-12478
14860	11740	-4056	-4721	-2388	-13267
13300	11980	-4020	-5320	-3467	-13636
13468	13248	-4444	-5372	-3806	-14147
13872	11916	-4640	-4898	-2899	-15089
12604	13740	-4100	-4252	-3430	-15422
12504	14868	-4536	-5241	-3763	-15578
12320	14548	-4172	-6005	-3720	-16077
10616	14340	-3788	-5848	-3415	-16369
9248	14736	-3128	-5425	-4189	-16317
9424	16108	-3988	-5896	-3993	-16282
7564	14908	-3068	-6442	-3150	-16005
5272	14328	-2512	-5756	-3367	-15691
5124	15044	-2188	-5297	-3954	-14629
5464	15044	-2400	-5461	-3287	-14209
4220	15340	-1896	-5869	-2382	-13791
3000	14992	-1848	-5017	-2283	-13475
2788	15172	-1772	-4314	-2502	-13752
1224	15092	-1520	-3870	-1950	-13652
48	15124	-132	-3890	-2280	-13156
0	15372	-128	-4056	-2357	-12575
-1368	14524	448	-4316	-1825	-12051
-2340	13948	504	-4361	-2428	-11311
-2544	13704	44	-4247	-2168	-10458
-2824	13012	1856	-4031	-1903	-9692
-3400	13612	824	-2899	-1538	-9357
-4604	13444	1104	-2741	-1285	-8749
-5020	13272	1132	-2213	-1485	-8188
-4680	13144	1028	-2318	-1494	-7856
-6144	12940	1236	-2011	-1012	-7462
-6900	12592	1832	-1645	-1540	-6794
-6600	13052	2396	-2013	-1867	-5967
-7472	12792	2364	-2083	-1483	-5736
-8908	13060	1716	-2293	-1616	-5140
-8084	11672	3360	-2735	-2046	-4371
-8196	10536	3500	-939	-544	-4140
-9136	10536	2780	-1119	-836	-3308
-8608	10332	3224	-987	-598	-2088
-8428	9832	4440	-970	-118	-229
-7644	9540	3424	81	-104	949
-7524	10528	2720	-244	292	2719
-7244	10380	4024	664	695	3864
-6928	10116	2524	1360	1119	4946
-6604	11772	2580	1310	1871	5865
-6772	12476	3280	1744	2180	6647
-6252	11196	1864	2669	2516	7259
-6664	13476	1216	3368	2820	7549
-6204	14364	2468	2222	2308	8814
-4636	12816	2176	1625	2260	9652
-4408	13360	76	2195	2694	10082
-3972	14156	1204	2469	2497	10581
-2812	13476	804	4051	2136	10816
-1888	14996	-1224	4901	2523	10893
-1420	14840	288	3345	2890	11759
-1260	14588	-180	3930	3080	12090
-1448	15760	-464	4223	3120	12898
-336	14916	-408	3418	2205	13842
1780	16068	-1032	3791	1999	13789
2532	16424	-2168	3142	2772	14078
2696	15656	-1948	3458	2673	14121
3236	16072	-1892	4156	2344	14121
3912	16600	-2912	3971	2267	14007
4840	16976	-2688	2490	2232	14327
6096	15632	-1976	2589	2600	14454
6600	16104	-3132	3202	2364	13783
7472	16256	-2844	2935	2160	13664
8320	15748	-3144	2871	2602	13022
8660	15288	-3004	2864	2063	12733
9856	14200	-2844	3763	1838	11865
10312	14144	-3464	4442	2344	10950
10920	14572	-3924	4404	2686	10986
10932	15132	-3940	3396	2662	11290
10880	14416	-3860	1886	1683	11444
10988	13200	-4852	470	1106	11778
12232	11948	-3900	-340	1504	11966
12652	10716	-3520	967	1770	11158
12768	11516	-4172	2480	1329	10641
13788	11388	-4548	3326	1738	10276
13820	10800	-3476	2924	3259	9815
13436	9744	-3304	3034	2547	9240
14680	10264	-4280	3168	1457	8563
15580	9488	-4228	2753	2329	8013
14628	8240	-3880	2398	1803	7546
14852	8532	-4188	2420	455	7180
15208	7972	-4104	1586	162	6933
15340	7704	-3972	917	796	6468
14840	7400	-3992	306	967	6490
15036	7132	-3692	178	809	6546
15328	7048	-4292	574	836	6123
15508	6928	-3720	-245	805	5603
15588	6700	-3456	-593	408	5185
15448	6928	-4512	-492	631	3888
15156	6480	-3748	-690	607	3116
15632	6236	-3112	452	527	1735
14716	7388	-3368	758	384	748
15576	7100	-3660	198	162	-283
15720	6804	-3524	193	679	-1818
15352	7280	-3684	390	168	-2731
15504	7200	-4100	175	-132	-3786
14888	7680	-3592	-742	-461	-4803
15284	7624	-4308	-1246	-509	-5659
15056	8548	-4116	-1519	-548	-6703
15320	8188	-3956	-577	-851	-8264
14812	9428	-3660	-256	-1411	-9269
15000	9948	-4144	-1019	-1522	-9996
15220	10488	-4508	-2053	-951	-10853
15212	10256	-4008	-2036	-1001	-11146
14884	10996	-4908	-1098	-1930	-12632
15036	11800	-5588	-2491	-2518	-13374
14916	12052	-4384	-4362	-1917	-13857
13180	11480	-4700	-4630	-2759	-13892
13248	13052	-4632	-5099	-3741	-14039
13036	13160	-4888	-5575	-4023	-14576
12916	14020	-4916	-5787	-3398	-15049
11632	13920	-3900	-6086	-3218	-15239
10596	13960	-4164	-5352	-3805	-15697
11352	15180	-4160	-5389	-4524	-15991
10360	14320	-4176	-5640	-3155	-16176
6796	14944	-3016	-5883	-2554	-15833
4312	15364	-2340	-6716	-4747	-14656
6748	16440	-3860	-7665	-6557	-13622
8272	16264	-3020	-7752	-4902	-13417
6888	15828	-2900	-6808	-4101	-14161
5188	15388	-2248	-5687	-3931	-14817
4892	16924	-2008	-6151	-4207	-14581
4256	14848	-1140	-6258	-3145	-14535
2336	15264	-664	-5853	-3326	-14641
2544	15260	-292	-5226	-3613	-14591
932	14828	76	-4017	-1844	-14570
-636	13944	1348	-3345	-1825	-14323
-1356	15084	616	-3756	-1449	-13987
-3144	13980	1160	-3929	-1124	-13308
-3260	13788	1388	-3662	-2057	-12551
-3736	14296	748	-3416	-1778	-11833
-4916	13068	1768	-4828	-1756	-10728
-5328	12100	1956	-4608	-2332	-10065
-5564	12304	2292	-4268	-1837	-9091
-6688	11656	2360	-2961	-1305	-8705
-7000	10744	2484	-1973	-1418	-8248
-7552	11684	2940	-1656	-1047	-7654
-8732	11020	3540	-1705	-813	-6209
-8396	11360	3268	-1746	-1731	-5376
-8740	10796	3280	-1943	-947	-4427
-9400	10624	4108	-1320	-1393	-3902
-9316	11100	3464	-875	-905	-3548
-9220	11188	3876	-1234	-554	-2734
-9460	10212	4156	-1373	31	-2356
-9784	10132	3992	-1192	123	-1751
-9728	10340	3568	-1235	204	-856
-9688	9216	4904	-938	459	133
-9296	9512	4012	-562	850	1254
-8872	8992	3600	-215	966	2572
-7828	9124	3932	239	1303	4003
-7848	9776	4016	897	1763	5184
-7084	10080	2824	755	1360	6328
-5848	10032	3632	1773	2643	7678
-6460	10292	2628	3274	3488	8409
-5516	9704	2364	2004	2701	10194
-4840	13592	1660	3932	4089	10737
-5404	13196	2764	3501	4778	12601
-4688	10448	1480	3424	4394	13681
-3592	12724	796	4993	3836	14270
-2152	16336	1280	4449	4634	15502
-2788	14100	196	2503	5139	17399
-1776	11716	516	3803	4104	17536
500	16008	-1560	7335	3574	17296
1828	18360	-1412	5277	5391	18405
1144	15360	-1244	5757	5915	18345
2012	16852	-2424	4653	4573	18012
4340	16672	-1980	5023	4073	17940
6388	19360	-2888	5166	4527	16723
5924	16788	-3412	4465	5004	16740
6804	17592	-3128	5257	3677	15758
8188	19024	-3856	4468	3631	14715
7880	16692	-3976	2528	3513	14593
8476	15916	-3752	3691	2201	13504
9624	16592	-4320	3053	2312	13025
9020	14992	-3548	1345	1746	13007
10072	15084	-3584	734	957	12491
10600	13488	-4036	119	1045	12562
10900	12572	-4060	762	924	12458
12092	12840	-3344	2813	1665	11150
12368	12844	-3948	3627	1524	9645
13124	12544	-4056	3733	987	8763
13648	12548	-4108	3290	1535	7909
13304	12004	-3296	1575	1419	8442
13016	10688	-2916	211	1027	8689
13272	9648	-3344	-1002	902	8961
14628	8760	-3180	414	1736	8375
14308	9228	-3392	2260	1774	7904
15124	8832	-3952	3058	1396	7521
14960	9100	-3932	2631	1850	6823
14564	9404	-3520	1107	1475	6487
14740	8056	-3788	493	1146	6013
14764	8116	-3576	382	975	5566
14932	7328	-3524	898	1465	4812
14800	7632	-3808	1067	1337	4225
14964	7784	-3556	1387	1055	3686
14764	8036	-3744	427	730	3205
15160	7688	-3472	-487	406	2370
15332	6628	-3528	-85	700	1529
15060	7056	-3396	589	950	627
15144	6876	-3148	802	368	-119
15528	7900	-3584	689	294	-1286
14844	8332	-3240	-30	109	-1847
14856	8396	-3428	-534	-405	-2442
14756	8492	-3908	-1401	-876	-3444
15428	9220	-4268	-1350	-980	-4510
14844	9584	-3784	-1611	-901	-6239
13828	9304	-3536	-2346	-1738	-7082
14448	10052	-3196	-2049	-1332	-7611
14236	9676	-3468	-1974	-665	-8910
15292	10812	-3636	-1161	-1414	-10136
14960	12368	-4748	-1422	-1627	-11417
14520	12356	-5060	-2483	-1829	-12632
14300	11692	-4188	-3176	-1603	-13489
12792	12116	-4084	-3257	-2293	-14131
12956	12932	-4212	-3639	-2687	-14417
12884	13056	-4080	-4464	-2508	-14336
12912	13576	-3988	-4786	-3001	-14818
11964	13892	-4188	-4927	-2961	-15283
10768	14432	-3032	-5046	-3031	-14748
10792	15484	-2984	-5765	-3137	-14532
10632	13832	-2712	-5832	-2216	-14706
9264	15652	-1972	-5207	-2417	-14998
9552	15588	-3240	-5572	-2314	-15093
7896	14896	-1920	-5476	-1023	-14992
5244	15760	-1736	-4936	-1026	-14966
5156	15720	-1976	-5049	-2206	-14705
6060	15144	-2004	-4729	-972	-14893
3256	14892	-1836	-3433	135	-15123
1816	16076	-1444	-3012	-1491	-14921
2928	16404	-1820	-3866	-1600	-14329
832	15660	-1320	-4537	-361	-13770
-900	14732	-276	-4670	-2011	-12876
284	14852	-996	-3819	-2462	-12831
-1120	15164	-196	-3913	-1533	-12412
-2136	15060	400	-4435	-2070	-11798
-2540	13836	68	-4211	-1770	-11016
-3832	12772	996	-3181	-1527	-10542
-4460	13880	644	-3235	-1935	-9956
-5236	12492	1488	-3421	-2051	-8542
-4484	13336	1524	-2617	-2709	-8094
-5096	13112	1224	-2345	-1373	-7831
-6560	12024	1532	-1809	-1763	-7477
-6168	12624	2188	-472	-1593	-7097
-7252	12396	2168	-156	-1421	-6548
-7320	13064	1796	-620	-2169	-6125
-7492	12640	2336	-983	-1928	-5511
-8156	12136	3624	-1549	-2357	-4822
-7500	11884	3168	-935	-2361	-4375
-8316	12256	3236	-997	-1380	-3549
-8920	10780	4240	-1784	-1287	-2401
-8524	10188	3364	-1693	-599	-1491
-8684	9960	3708	-1831	-149	-58
-7864	9200	3576	-254	180	886
-8148	10236	2864	577	1059	2065
-7660	10572	2592	540	821	3207
-7416	11544	2088	582	1208	4283
-7772	10960	2220	1130	1394	5269
-6868	10852	2436	1508	988	6121
-6292	12180	2080	2262	1665	6880
-6792	12324	2116	2382	1766	7647
-5848	11856	2220	1842	1283	8332
-5180	12676	1448	2565	1365	9192
-4068	11812	1772	5747	881	9331
-4452	14152	-84	6552	955	9440
-3500	15464	1200	3846	1613	11203
-2960	13356	404	3956	2040	11533
-2368	14064	-1432	3388	1613	12553
-1212	14996	-180	3941	2178	13347
-1120	15988	-532	3953	2889	13365
-516	14584	-1264	3266	2868	14204
612	15768	-584	4089	2765	14658
1932	16364	-1056	3647	3269	15053
2152	16304	-2616	2922	3637	15281
3320	15620	-1200	3205	2601	15459
5032	17552	-2764	4374	2359	14931
5524	17256	-2852	3641	3207	14644
6112	16688	-2464	4073	3442	13776
6324	17052	-3628	4493	3514	13231
6652	16856	-3560	4420	3074	12572
7292	16632	-3248	2721	2497	12623
8308	16688	-3104	1431	2095	12092
9000	15160	-3292	1094	2020	12179
9444	14412	-3028	2664	2166	11153
9928	14784	-2852	3253	2425	10553
10676	14932	-3928	3194	2502	10039
10676	14092	-4184	2249	2189	9919
11164	14384	-4008	1482	1398	9494
11548	12680	-3788	153	1495	9817
11524	11684	-3436	535	1763	9596
12152	11692	-3480	1803	1260	9200
13184	11020	-3852	2337	1502	8934
13180	10944	-3540	2589	2299	8228
13152	10564	-3384	2044	1936	8227
13868	10364	-3460	1919	1658	8384
14168	9940	-3420	2032	2066	8317
13940	9792	-3156	1206	1829	8520
14464	9000	-3764	866	942	8261
15068	8956	-3968	274	1578	8040
14844	8176	-3388	243	1625	7744
14652	8172	-3324	682	823	7181
15116	7876	-3780	960	612	6512
15792	7688	-3544	876	1436	5844
14912	7732	-3120	631	1522	5372
15228	7392	-3448	776	635	4842
15556	7216	-3916	502	1069	4209
15148	7424	-3456	109	737	3557
15124	7248	-2956	16	605	2583
15128	7524	-3696	-406	-165	1859
15432	7296	-3576	-832	359	650
14940	6876	-3124	-247	166	-830
15480	6860	-3600	526	-47	-2138
15152	7740	-4112	822	-323	-3116
15336	8672	-3600	444	-67	-4326
14684	8372	-3332	-72	-422	-5928
14944	8124	-3620	271	-1093	-7109
14552	9772	-3804	1312	-557	-8576
15436	9616	-4516	1312	-963	-10126
14360	11172	-4332	914	-1334	-11966
13936	11616	-4028	-759	-2911	-12580
14152	11864	-5096	-2912	-3002	-12597
14760	10984	-3844	-4300	-3064	-12605
13804	10996	-4248	-3851	-2854	-12602
12364	11700	-3916	-3933	-3235	-12466
13276	12496	-4096	-3690	-4073	-13116
12748	14056	-4544	-5852	-2337	-12831
12124	12028	-3424	-5331	-3447	-13271
13748	12536	-4892	-3494	-2829	-14436
11432	13612	-3676	-2307	-1882	-14685
9956	14884	-2760	-3046	-2301	-14160
9264	15848	-3660	-4745	-2629	-13328
9948	14968	-3460	-5801	-2563	-13171
8692	14260	-3576	-5552	-1813	-13345
7860	15268	-3404	-3386	-2193	-14007
7932	16196	-3512	-3497	-1200	-13995
6120	16272	-3208	-4085	-1025	-14513
5404	15752	-2848	-5202	-1467	-14124
4468	14424	-2252	-4840	-1401	-14046
3852	15796	-2724	-3525	-1859	-14074
3600	16196	-2240	-3949	-1415	-13588
1380	16100	-2376	-4109	-952	-13709
64	15904	-1576	-5316	-2412	-13044
232	14016	-856	-4614	-3110	-12577
-732	14124	-992	-3357	-2397	-12386
-1352	14764	-736	-3607	-2965	-11693
-1552	14176	160	-3487	-2383	-11128
-2580	13720	4	-2477	-1999	-10844
-3404	14064	508	-2460	-2159	-10156
-4068	13300	700	-2518	-1770	-9257
-4952	13448	1396	-2031	-1922	-8507
-4972	13396	988	-1534	-1966	-7951
-5604	13436	1212	-1286	-1507	-7454
-6200	13436	1508	-1424	-1255	-6698
-6328	12496	988	-1462	-1415	-6195
-6532	13264	1348	-1512	-1471	-5805
-6920	11924	2052	-1275	-1162	-4801
-7284	12164	1652	-1035	-871	-4053
-7296	11448	1764	-1479	-841	-3160
-7384	12480	2076	-1351	-263	-2234
-7796	10352	2604	-1039	101	-1233
-7452	10844	2244	-356	670	-183
-7552	10260	2412	-264	1260	1371
-6876	10776	2024	28	1064	2480
-6144	10636	1532	709	1966	3683
-6076	10576	816	1559	1622	4462
-5992	11604	1208	2003	2088	5964
-5212	11524	1164	2446	2048	7171
-5712	11664	608	1838	2725	8593
-5284	12580	360	2100	2063	9529
-4216	13056	-392	3385	2864	10530
-4828	13748	264	3020	3000	11721
-3740	13128	-1048	3533	1339	12189
-1748	16456	-576	2182	1264	12787
-1248	14708	-1044	1465	1679	13550
-776	14324	-968	2363	945	13776
540	16952	-1976	3578	872	13867
1236	15740	-1220	2559	2411	14701
440	15336	-2192	2794	1980	14977
2020	16316	-1376	1861	1147	15610
3216	16116	-1936	1782	891	15615
4168	16652	-1988	1711	2354	16077
4472	15592	-1324	2019	2481	16070
5924	15340	-2184	3666	1077	15429
7828	17732	-3596	3837	1243	14981
8748	16784	-2388	2948	2898	14663
8612	16592	-2924	2593	2923	13921
8968	16124	-3408	2394	2243	13743
10052	15928	-2924	2458	1876	13490
10388	14480	-3236	2338	2877	12369
10056	14400	-3264	1862	3061	12080
10412	13304	-3284	2683	2688	12263
11092	13940	-3640	3270	1825	11706
12192	13296	-3924	2293	1178	11193
13068	12872	-4064	1247	1534	10719
12660	12208	-3424	937	1547	10090
12768	10884	-3196	1506	1401	9546
13380	9724	-3348	2467	1680	9238
13436	10232	-3492	2799	1540	9028
14008	10516	-3672	1994	647	9011
14808	9292	-3964	1177	1143	8785
14920	9016	-3088	1422	1790	8693
15328	8344	-3024	2126	1432	8156
15552	8288	-3732	2156	1414	7446
15068	8348	-3172	833	1358	7022
15500	7716	-3380	644	837	6311
15804	7564	-3700	234	1246	5631
15252	7008	-3068	231	1048	4958
15580	6744	-3200	697	760	4058
15548	6604	-3156	771	1477	3358
15096	6876	-3304	1036	924	3047
15796	6928	-3216	360	857	2462
15220	6612	-3164	-26	912	1787
14944	6644	-3108	-144	290	1290
15424	6112	-3408	-73	102	648
15504	6368	-3344	-175	318	-168
15344	6308	-3324	-1	-153	-1027
15432	6960	-3528	-50	-131	-1830
15300	6528	-3184	-87	-102	-2385
15140	7236	-3316	-325	-414	-3059
15448	7604	-3764	-398	-968	-3593
15516	7968	-3468	-1457	-382	-4148
14440	7964	-3236	-1462	-1169	-5528
15484	8572	-4256	-1737	-2053	-6757
15840	8660	-3828	-2224	-1387	-7455
15244	8712	-3532	-1312	-1428	-9253
14576	9784	-4104	-1131	-1847	-10457
14720	9624	-3368	-866	-2336	-10633
14880	10684	-4164	-1087	-1972	-11266
14604	9624	-3964	-1880	-1614	-12022
13992	11836	-3776	-1867	-2323	-12616
13804	12264	-4140	-2624	-2598	-12627
13508	12972	-4352	-2948	-2884	-13140
12940	12144	-3760	-4518	-2381	-12575
11684	12508	-3724	-4105	-3036	-12581
12340	13652	-4244	-3814	-3615	-12591
12496	13900	-4476	-4384	-3186	-13405
11408	13096	-4036	-4170	-2195	-13521
9872	14328	-3364	-3467	-2359	-13391
10008	14588	-3576	-3896	-2687	-13631
9016	15032	-3428	-5047	-2445	-13753
7692	15012	-3372	-5479	-2457	-13524
7236	15936	-2628	-5152	-2586	-13226
6880	15980	-2680	-4564	-2286	-13562
5328	15128	-1952	-4844	-1203	-13489
4268	15844	-1504	-4191	-2369	-14011
4764	16696	-2060	-4244	-2348	-13699
3624	16228	-1864	-4133	-881	-13635
1696	15160	-1100	-4197	-1060	-13352
1880	15916	-1676	-3567	-2105	-13317
1828	16132	-1772	-3746	-1342	-13306
60	15320	-824	-3841	-924	-13094
-528	15100	-916	-3605	-1965	-12555
-992	14376	-928	-3659	-1853	-11917
-2532	14128	24	-3248	-1531	-11481
-3496	13600	-256	-2965	-1819	-10734
-3944	12772	240	-2645	-1960	-9836
-3956	13524	180	-1919	-2118	-9411
-4408	13572	628	-1207	-1539	-8754
-5520	13292	752	-1419	-1922	-8000
-5452	13332	1040	-2048	-2217	-7195
-6348	13220	1172	-1936	-1690	-6716
-6424	13560	1408	-1508	-2149	-6586
-6708	13096	1268	-1484	-1309	-6243
-7536	12596	1932	-597	-1292	-6250
-7500	13636	1516	-1091	-1199	-5706
-8032	12468	1888	-1293	-879	-5371
-8580	12108	2188	-1610	-1125	-4719
-8552	12136	2000	-1365	-1088	-4342
-8736	10960	2780	-1709	-548	-3388
-9112	9952	2760	-1337	-183	-2401
-8792	9760	2528	-1740	-406	-770
-8044	9748	3156	-1048	-53	691
-8024	9628	2104	-331	653	1972
-7376	9716	2020	-144	557	3420
-7096	10316	1976	82	987	5060
-6940	10628	1428	689	1365	6110
-6280	10560	2008	1252	1650	7023
-6284	11564	1268	2009	1878	7734
-5992	11636	1412	1756	2079	9849
-4836	11284	812	1221	1564	11648
-3668	11736	1292	1744	2426	12516
-4440	12104	1044	3575	2962	13474
-3228	13844	-620	4217	2049	14687
-1044	13216	504	4023	2293	15376
-1220	15464	-820	4439	3607	15331
-1320	16600	-1140	3724	3364	16066
752	15340	-684	4232	2570	16327
2224	17360	-2336	4815	2626	15194
1764	18604	-1624	4259	3349	15001
1620	17996	-1708	2969	2811	15184
3516	17460	-1960	2521	2325	15155
5048	17696	-2396	2607	1773	14101
5164	17768	-2664	2481	2532	13438
4848	16680	-1792	2286	2200	13400
6700	16596	-2072	2323	1460	13032
7796	16588	-2924	2357	2657	12201
7304	14988	-2740	2058	3176	12180
7600	15372	-2952	3265	2233	11872
8828	16316	-3164	2631	2163	11614
8612	14852	-3720	1366	2239	11484
9708	13836	-3108	1291	1783	11243
10808	14456	-3652	2376	1794	10552
10920	14012	-3824	2121	1926	10206
11172	13124	-3436	1628	1630	9945
11584	12756	-3048	1235	1634	9659
11764	12204	-3112	1212	1208	9871
12348	11392	-3248	1806	974	9665
13368	10968	-2948	1769	1440	9453
13228	10904	-2860	1687	1913	9112
13476	10244	-3428	2014	981	9038
15016	9904	-3640	1839	990	9211
14596	9412	-3064	1801	1797	9050
14412	9308	-3100	1916	748	8831
15092	8476	-4260	1406	835	8658
15100	8132	-3636	1414	1400	8126
15156	7864	-2884	1790	1346	7323
14996	8280	-3800	1946	616	6844
15924	7892	-3936	1025	959	6775
15604	7036	-3292	776	1425	6241
15308	6816	-2888	407	559	6011
15892	6672	-3580	429	211	5547
15656	6304	-3320	314	1136	5293
15404	5972	-2832	571	813	4842
15696	6092	-3356	28	425	4671
15840	5280	-3460	-5	443	3953
15768	5432	-3108	44	1055	3105
15384	5144	-2932	497	643	2562
15916	5604	-3524	481	407	1886
15536	6316	-3460	460	594	732
15776	6120	-2892	10	-62	-633
15660	6876	-3668	223	-3	-2539
15448	6804	-2896	12	-30	-3734
15656	7280	-3048	238	-301	-4945
14996	7608	-3444	-139	-309	-5872
14960	7372	-3452	-438	-748	-6441
15884	8248	-3500	-824	-399	-7400
15012	7592	-3556	-766	-511	-8030
14860	9472	-3664	-866	-1355	-8521
16800	9236	-4660	-1950	-1701	-9498
16312	8612	-3844	-1925	-840	-11973
14528	10820	-4996	-1336	-2629	-13163
15588	11844	-5116	-2270	-3575	-13466
15576	11744	-4552	-3483	-2443	-14671
13812	10412	-3496	-4106	-2452	-14746
12536	12192	-4340	-3038	-4297	-14938
14476	12300	-5068	-3821	-4125	-15216
13044	13184	-4000	-3948	-2828	-15492
11328	13744	-3720	-4123	-3645	-15326
11324	14152	-4244	-5022	-3966	-14983
10480	13304	-4372	-4539	-3323	-15458
10184	14852	-3428	-4169	-3414	-15580
10144	14264	-3464	-3613	-3316	-15965
9276	15500	-3880	-3336	-2903	-16189
8048	15348	-3392	-3651	-2419	-15668
6732	15836	-2520	-4157	-3198	-15120
6432	16136	-3192	-5132	-4080	-14797
5720	16776	-2872	-6610	-3240	-14208
4492	14700	-1992	-6276	-2864	-14078
3948	15044	-2252	-4685	-2937	-14844
2712	15612	-2320	-4020	-2198	-14561
1280	16180	-1420	-4317	-2347	-14127
252	15060	-636	-5444	-2846	-13310
-408	14872	-1132	-5388	-3013	-12851
-1176	14344	-568	-4942	-2606	-12242
-2156	13464	324	-3522	-2095	-11904
-2288	14264	284	-3049	-2261	-11680
-2880	13992	128	-3209	-1390	-11046
-3744	13852	960	-2826	-1111	-10254
-4276	12948	1308	-2597	-1388	-9420
-4908	13580	460	-2226	-1190	-9034
-6048	12932	1076	-2464	-1242	-8172
-6260	13188	1464	-2393	-1609	-7546
-6736	12400	1216	-2192	-1412	-6865
-7280	12056	1932	-2144	-1360	-6076
-7328	12372	1272	-1537	-1376	-5736
-7732	11932	1896	-1659	-1131	-5156
-8104	12612	1752	-710	-1250	-5027
-8320	12260	2104	-1335	-1085	-4361
-9112	12200	1716	-1461	-1123	-4028
-8968	11228	2716	-1308	-1212	-3480
-8768	11980	2832	-342	-1124	-3648
-9488	11776	2380	-610	-620	-3211
-9872	11968	2188	-976	-957	-2867
-9216	11492	3260	-790	-1032	-2642
-9452	12452	2580	-501	-397	-2592
-10440	10108	2112	-1029	-566	-1914
-9984	10060	3204	-859	-537	-1455
-9720	10212	3772	-861	-48	-373
-9468	9856	2736	-373	-64	372
-9288	10440	2872	-210	348	1410
-9092	10500	2628	151	455	1879
-8816	11464	1752	16	791	2365
-9116	11544	2688	21	868	3038
-8928	10840	2200	880	1102	3152
-9252	11376	2128	605	1288	3816
-9000	11988	2568	598	988	4220
-8732	12288	1848	407	881	4632
-8304	11752	2020	596	992	5336
-8072	11748	1964	1443	1421	5763
-7728	12468	1216	1651	861	6100
-5972	12780	2084	1129	679	6788
-6624	13740	1040	1729	1649	6793
-7280	12340	940	1168	1390	7713
-5920	12768	1672	1788	1193	8071
-5424	13196	460	3004	1484	8334
-5604	14516	172	2527	1481	9086
-5320	14532	1140	2441	1114	9684
-4168	14104	544	2929	944	9785
-4008	14880	-636	2079	1549	10374
-3420	14788	984	2028	1402	10696
-2192	14176	128	3590	1605	10635
-1364	15516	-1212	3466	1581	10809
-1080	16064	-404	2565	2408	11520
-1052	15420	-188	2907	2512	11897
216	15236	-1924	3406	1651	12026
1876	17296	-1216	2904	1402	11837
1920	17564	-1032	2825	2456	11761
2004	17152	-2168	2031	1862	11521
3196	17180	-1556	1654	1802	11134
3852	16808	-1756	2768	2030	10246
3880	16916	-2436	2133	2126	9974
4088	16564	-2776	2116	1816	9845
5060	16748	-2760	1609	1267	9534
5880	16204	-2792	1542	1351	9019
6068	16000	-2872	1721	1615	8624
6072	15212	-2824	1813	1771	8760
6884	14996	-2456	2039	1693	8249
7736	15388	-2892	2031	1691	7602
7752	15076	-3292	2135	1812	7403
8016	15284	-2980	2062	1335	7440
8852	14548	-2988	1589	1153	7002
8828	14548	-3184	1206	1416	6787
8716	13472	-2776	1540	1506	7091
8960	14024	-3332	2040	915	6881
9636	13772	-3560	1311	1154	6959
9692	13316	-3420	925	1157	7031
10220	12512	-3368	1045	878	7059
10908	13100	-3416	1317	844	6666
11164	12556	-3988	1528	653	6191
11868	12600	-3752	1254	1135	6156
11812	12952	-3508	1246	1176	5454
12124	12356	-3976	708	737	5150
11936	11804	-3732	564	710	4571
11932	11592	-3236	439	948	4260
11964	11320	-3256	798	716	3940
12236	11176	-3568	815	803	3770
12580	10812	-3500	857	1031	3642
12764	10604	-3680	1486	1213	3313
12652	10600	-3564	1237	1004	3329
12960	10536	-3892	1092	478	3192
13172	10392	-4000	318	485	3222
13360	10056	-3756	35	362	3157
13504	9524	-3464	80	365	3267
13080	9596	-3736	718	-183	2850
13160	8964	-4840	-272	-156	3255
13804	8748	-4404	-276	592	2970
13896	8464	-3060	130	1486	2995
13908	8872	-3804	1915	907	2162
13820	9332	-3920	1518	777	2374
14028	8932	-3580	1080	275	2018
14312	9012	-4172	403	-74	1755
14404	8884	-4176	17	380	1732
14404	8348	-3180	-361	359	1953
14132	8756	-3620	378	293	1160
14068	8892	-4008	-165	-263	1328
14112	8364	-4004	-113	-470	1177
13956	8044	-4352	-827	-575	1219
14472	7736	-4168	-676	-251	1035
14240	8020	-3880	-422	257	654
14264	8068	-4252	-55	-198	672
14532	7900	-3880	-147	152	638
14284	7964	-3960	-247	-54	452
14588	7672	-4228	-149	-216	165
14416	7976	-3916	-502	398	22
14160	7756	-3652	-624	173	230
14380	7664	-4072	-613	-160	207
14560	7628	-4176	-616	-76	136
14620	7480	-3732	-545	173	237
14320	7428	-4004	-170	2	-23
14372	7604	-4196	-159	-279	34
14592	7700	-3976	-180	55	57
14668	7008	-3880	124	427	-74
14408	7652	-4388	422	263	-196
14376	7344	-4300	17	219	53
14524	7316	-3856	-327	528	281
14212	7348	-3536	46	297	169
14596	7988	-4336	-512	-538	604
14992	7572	-3956	-523	32	620
14816	7424	-3776	-438	347	613
14436	7652	-4164	-435	-22	266
14528	7492	-4008	-437	-103	170
14784	7768	-3788	-263	130	313
14584	7568	-3936	-275	198	199
14644	7528	-4128	-419	0	178
14732	7556	-3836	-450	-20	-18
14708	7476	-3804	-334	365	-63
14392	7492	-4020	-411	116	144
14572	7500	-4024	-483	-12	137
14728	7344	-3964	-457	439	-42
14376	7332	-3892	-301	482	-155
14412	7708	-3800	-444	-130	-20
14212	5840	-4208	130	-241	118
15932	10092	-5312	423	1754	-1267
13372	7376	-3188	-2563	2513	-731
14624	7916	-4176	-3157	1368	262
13252	5420	-2472	-780	-1303	2483
16124	8792	-4636	-986	-1804	424
15772	7976	-5512	-3545	1360	1225
12756	7016	-3388	-4324	960	1153
