0	0	0	0	0	0
17144	4020	-4060	246	823	-1607
14708	3348	-4368	-386	-941	321
16276	5108	-5932	-102	-855	592
16436	5620	-5604	-1885	1473	1007
16240	-1604	-3756	-3778	5630	-4414
17228	2672	-5980	-4196	8747	-6940
14188	2152	-3832	1614	1037	39
15456	5728	-5472	421	-268	-583
15668	4736	-5388	-1447	789	492
15200	3996	-5188	-1205	-274	622
15684	4504	-5284	-1345	-38	736
15300	4100	-4760	-954	-107	608
15292	4316	-4940	-136	-535	193
15552	4392	-5256	79	-193	153
15596	4600	-4852	364	-70	-101
15564	4364	-4748	682	-504	-472
15604	4628	-4764	759	-226	-394
15680	4656	-4744	349	-258	-61
15816	4508	-4596	165	-155	-295
15592	4700	-4460	-208	-38	-158
15820	4416	-4368	-359	102	73
15872	4372	-4412	-403	417	166
16172	4456	-4784	-20	767	171
16380	4616	-4608	-562	2341	333
16928	4232	-3544	-864	2901	225
16248	4724	-1808	-1117	2890	173
16420	4784	-2512	-1204	1919	137
17844	4628	-2824	-2057	3251	296
17264	3888	-1184	-1960	4404	619
16680	4644	-488	-1692	3847	613
17852	3744	-1916	-1251	4409	465
17812	4556	-1116	-1307	6458	160
17772	4868	-260	-1935	7004	888
17744	3748	-148	-900	6915	554
17824	5232	-1204	-1142	6781	559
18296	4944	328	-2573	8047	1209
17616	3668	712	-1426	8814	721
17812	4940	20	-1088	8079	532
18368	4148	796	-989	8814	411
17936	4860	584	-138	8843	-466
18272	5752	1052	-1684	9219	-73
17900	4332	1884	-1504	9508	-334
18216	5088	2052	-920	9557	-447
18052	5840	3072	-2163	9818	-147
17380	4584	3400	-1864	9854	-1004
17968	5476	3520	-1811	10544	-1412
17804	4960	5056	-1137	10793	-1386
16852	5828	4492	-650	9936	-1980
17192	6436	4640	-1944	10324	-1994
16924	6056	6688	-3053	10586	-1749
16600	5252	6084	-2080	10529	-2674
16448	6228	7012	-2192	10626	-2661
16308	6060	8076	-2147	10866	-2862
15716	5848	8028	-2797	11177	-2857
15784	5836	8316	-2595	11121	-3032
14912	5860	8948	-2612	11753	-3093
13832	5776	9224	-2871	10710	-2824
14140	6492	8640	-3608	10906	-2896
12632	4864	9768	-4069	11318	-2654
12544	4696	9708	-2393	10302	-3328
12160	5220	9568	-2146	10521	-3198
11000	4400	10416	-1962	10702	-3215
10480	4812	11156	-1867	9177	-2934
10632	5144	11340	-2379	9158	-2689
9676	4388	11688	-1845	9428	-2831
9412	4640	13444	-1791	8856	-2357
8092	4568	12312	-1419	9077	-2605
8544	4852	12932	-1239	8120	-2410
7308	4964	13600	-1799	8505	-2033
7560	3984	13200	-1344	7942	-2357
6312	5052	13664	-716	8354	-2244
5996	5068	14048	-1123	7545	-1790
5676	4800	13552	-1074	6790	-1821
5620	4492	14204	-1652	7188	-1520
3624	2928	12696	5	7452	-1863
3384	4468	12232	1059	5965	-1885
4028	4812	13176	-9	5344	-1296
2000	4044	13180	-189	4917	-1153
2768	4196	12652	-326	3675	-860
2408	4044	13324	1285	3369	-1274
1928	5316	13632	1435	2684	-1104
1764	4460	12480	863	2122	-572
1320	4640	13972	-284	1457	85
1696	5880	13160	-1067	-74	664
2360	4664	12988	-31	111	-153
1284	4708	13200	409	-655	-117
2148	4240	13192	1113	-983	-340
1612	5672	13248	245	-2357	393
2372	5216	12872	-478	-2699	914
2600	4488	13544	763	-3322	253
2976	5868	13368	565	-3797	366
3232	4392	13444	873	-3988	568
3496	5156	13332	2168	-4825	66
4000	6956	13652	1213	-5420	267
4320	5596	13888	848	-5477	122
4460	6428	13980	896	-5880	909
5512	5128	14860	1472	-6062	983
5528	6748	14064	1283	-6025	781
5888	7112	13424	221	-6433	1219
6724	6188	14216	588	-6375	1028
6664	6300	13956	729	-6545	1168
6848	6448	14228	949	-6622	1300
7588	6660	12952	1874	-6484	1138
7792	6900	13480	1076	-6565	1305
8308	7140	12764	1306	-7145	692
8640	6364	12536	1068	-6899	1333
8824	6544	13172	1847	-7121	1211
9380	6952	12208	1926	-6992	1079
9968	6528	12484	2481	-7142	1213
10236	7564	11464	2521	-6788	1153
10328	7464	11928	1188	-7765	1598
11340	6884	10864	1977	-7055	1270
10976	7284	11080	2438	-6892	1427
11404	7812	11344	2074	-7838	1230
12224	7668	9548	1671	-6969	1586
12212	7060	10696	1723	-7115	1592
12448	7416	10732	1770	-7781	1518
13400	7440	9492	2203	-6600	1278
12952	7160	9832	1897	-6348	1607
13224	8364	9408	1622	-7003	1808
13828	7952	8304	57	-6653	2214
14044	6788	8632	1432	-6165	1569
13456	7992	7996	1474	-6438	1439
14232	6884	6884	1645	-6722	1442
14232	7720	6812	1714	-6248	1634
13916	8124	6736	853	-6986	1926
14920	6136	5760	609	-6933	1761
15060	7084	5704	2057	-6659	1732
15460	7840	5488	956	-7199	1910
15744	6468	4780	1084	-6849	1317
14952	7220	5600	1259	-6511	1757
15788	7536	5060	-34	-6846	2291
16228	6340	4336	315	-6226	1690
15640	8164	4508	53	-6579	1653
16012	7344	4572	-1227	-6457	2006
16348	5572	2988	-136	-5394	1280
15684	7708	3380	-429	-5905	1812
16608	6192	3728	-943	-7046	1480
15944	6164	1748	-21	-5288	1067
15676	6932	1764	-332	-5574	1480
16720	6708	1528	-415	-6560	792
16204	6092	648	-875	-5712	774
15976	6784	-140	-1244	-5451	1218
16468	5468	624	-1332	-6469	998
16532	5780	528	-1496	-6753	918
16328	6156	-400	-1845	-6221	979
17104	4108	256	-237	-6108	285
16188	6012	-32	-49	-6396	417
16524	5684	556	-271	-6289	617
16204	5884	-548	101	-5752	219
17556	5296	-1332	-501	-5719	690
17868	5832	-1808	1291	-5180	-309
16064	6292	-1124	1055	-4633	-382
16300	6080	-1016	296	-4805	-132
16356	4860	-1228	1427	-3900	-967
15996	6396	-1796	1022	-3022	-953
16772	5116	-2144	1219	-2897	-909
16680	6788	-2928	829	-2201	-1066
16240	6592	-2240	-1359	-2254	-35
16256	5436	-2396	-1642	-1900	268
15436	5672	-3356	-1944	-982	574
15344	5124	-3288	-1952	-1542	847
16380	4296	-3928	381	-849	-688
15284	6388	-3604	-15	-631	-45
15752	4512	-3532	366	-1013	24
15416	5724	-4088	768	-252	-561
14980	5684	-3340	756	-938	-224
15720	5836	-3712	695	-691	-271
15616	6296	-3440	100	161	-54
15792	6236	-3376	-210	-568	327
16560	5516	-3388	86	407	-23
15688	6444	-2712	-391	801	41
16268	4968	-2468	361	889	-558
16232	6576	-1884	282	1949	-421
16860	6568	-1308	-638	2001	61
17724	5400	-1584	-141	3391	-513
16904	6876	-508	-675	3928	-169
18540	5420	-876	-708	4152	-291
17860	6300	-672	-430	6169	-733
17476	6872	420	-2133	5389	334
18612	5416	-292	-2097	6456	162
17860	7016	-160	-2109	7801	109
17880	6060	564	-2948	7404	1009
17868	7112	-212	-3015	7929	378
17980	7112	-496	-4779	8756	1152
18104	5584	1120	-4627	9431	956
17856	5940	1312	-3609	8920	205
18400	5388	864	-2173	9940	-373
17760	7128	1724	-3031	10656	-5
17164	6612	2296	-3161	10951	-346
17532	6112	2340	-3519	10379	-65
17704	6644	3012	-2931	11186	-615
16772	5536	3932	-1968	11214	-1395
17176	6576	3780	-2451	10328	-1339
16948	6028	5032	-2278	11762	-1639
15960	6920	5368	-2408	11164	-1615
16816	6036	6132	-2549	11236	-1676
15704	6256	6616	-2337	11407	-1817
15784	6808	7168	-2849	11245	-1471
15256	6608	7816	-3100	11813	-1441
14364	6852	8288	-3274	11789	-1594
14228	6192	8012	-3079	11280	-1662
14296	5928	8672	-2890	12014	-1756
12928	5704	9332	-2184	12052	-2044
12040	5980	9140	-1857	11127	-2280
11988	6380	9648	-2401	10939	-2098
10792	5684	10248	-2247	10935	-2188
9944	5904	10204	-2512	10045	-1831
9936	5524	11512	-2942	9251	-1255
9852	5860	11928	-2332	9766	-1822
8936	5080	12328	-1714	9306	-1978
8584	5652	12544	-993	8791	-2647
7716	6932	13068	-3110	8596	-1543
7608	4996	12736	-2820	8304	-1535
6728	5068	13388	-2691	8163	-1392
6480	4908	12640	-1964	7441	-1453
5860	3936	12988	-815	7952	-1823
4688	4936	13000	-304	6590	-1809
4692	4780	12516	-594	5814	-1804
3984	5084	12860	-945	5559	-1587
3340	4700	12960	-475	4329	-1724
3532	3564	12776	227	4091	-1622
2588	4788	13656	599	3573	-1437
2680	6440	13292	-335	2008	-592
3700	4792	13960	-2009	1954	-744
2848	3504	15624	-808	1549	-1126
2660	4596	13784	911	1740	-1041
2852	4080	13816	1437	1568	-1182
1348	5148	13648	828	1135	-536
2996	5392	12136	144	-1147	529
1864	4848	13220	71	96	-61
2436	4156	13684	1119	-2319	287
3036	5392	12440	1627	-1846	-569
2224	5928	13244	993	-2888	-173
3060	4784	13396	489	-3565	484
3460	4920	12480	1722	-4125	55
3820	5424	13076	1503	-4607	375
3924	5124	13052	2971	-5457	-601
4344	6528	12240	2405	-5939	387
5556	5260	12340	2436	-5916	959
4424	7056	13024	2095	-6496	879
6144	6872	12768	1440	-8173	1241
6952	5756	11824	2847	-7330	514
7092	7816	13244	2583	-7939	955
7812	7336	13072	2825	-8138	487
8044	7792	12664	2391	-7624	662
8636	8000	13264	1630	-7989	1631
9740	7260	13120	1905	-7220	1189
8956	8052	12220	1922	-7056	1230
9932	7840	12808	1550	-8061	1338
10284	8168	12188	2228	-7708	550
10516	7344	10724	2424	-7576	730
10708	8112	11392	2462	-7179	817
10552	8000	10668	2877	-8104	818
11492	7980	9004	2193	-7627	1424
11332	7980	9760	2428	-7872	1408
12084	8208	9208	2680	-8175	1142
12484	7588	9324	1929	-8024	1762
12908	7932	8480	3087	-7753	1865
12896	9408	7904	2341	-7469	2037
12908	7428	8008	1736	-8482	2280
13612	7872	7332	2114	-8449	2207
13612	9416	6532	1841	-7727	2360
14428	8184	7668	1013	-8964	2579
14976	8992	7176	922	-8438	2417
14484	8564	5712	896	-7180	2166
15268	7556	6144	1101	-7811	2090
15324	9144	6188	1499	-8393	1510
15872	7860	4136	1938	-7064	1155
15536	8296	5204	1655	-6380	1457
14508	8600	4588	527	-8267	1954
16752	5632	3408	1692	-7234	1532
15060	8736	3504	2256	-5618	1508
15728	7384	2868	1134	-7997	1915
16880	8336	1716	398	-7542	1330
15600	7212	1764	89	-6347	1603
16396	6856	3040	-236	-7176	2175
16888	7800	1340	988	-7159	1036
16040	6948	896	930	-5735	1232
15948	7384	796	1224	-6270	980
16452	6312	44	2347	-6450	120
16116	8328	-128	1162	-6178	772
15852	7764	276	-148	-6261	1203
16668	7208	-1448	-830	-5820	1122
16524	6652	-1148	-1072	-5490	1409
16324	7012	-404	-1091	-5985	1462
16432	6916	-1308	-1381	-5775	1302
16440	5968	-1696	-331	-4522	533
16344	6324	-964	60	-4510	337
16192	7108	-992	266	-4914	-80
16852	6240	-2028	-48	-3601	307
16392	7592	-1796	-768	-2913	718
16440	6076	-1416	-1147	-3412	584
16440	6488	-2916	-721	-2886	513
15928	6172	-2960	-193	-1542	302
15508	6052	-2376	561	-1459	34
15336	7148	-3340	538	-2062	-325
16004	6248	-3524	-139	-1369	-308
15568	6432	-2864	-783	-841	130
15444	6736	-2996	-441	-1070	2
15972	5740	-2900	-316	-809	-181
15716	6004	-3164	-179	-82	-159
15600	6504	-2916	29	231	-168
16052	5844	-2784	403	689	-303
15644	7492	-2248	-778	567	264
15980	5604	-2864	-653	846	205
15952	6744	-2844	-628	2167	-48
16120	6384	-1888	-959	1884	329
16640	6560	-2040	-15	2092	-488
16952	6260	-2848	64	3153	-736
16748	6588	-1440	-819	3935	-380
16608	5360	-1672	24	4230	-813
15976	7604	-1364	-1763	4584	-8
17056	5440	-1304	-1996	4592	402
16648	7280	-1060	-2202	5824	422
16492	6260	-208	-2611	5134	724
18028	5892	-500	-2165	5864	614
16932	6944	472	-2509	6846	594
17152	5592	460	-1881	6560	565
17840	7464	776	-2282	7376	673
17980	6316	1244	-2458	7731	541
17948	6036	1692	-1805	8825	376
17676	8188	1628	-2472	8624	750
18660	6488	2624	-2379	9306	22
17204	6872	2512	-1143	10362	-1127
17312	7296	3228	-922	10178	-1056
17896	7808	4200	-1963	10822	-1065
17404	7608	3932	-2032	10826	-1545
17572	7336	4232	-3283	11410	-1130
16836	6740	5488	-2888	11745	-1154
16964	7408	5444	-2246	11677	-1514
16396	7460	5476	-2867	12333	-1463
16376	7432	7256	-3142	12165	-1431
15800	7884	6600	-3702	12563	-1428
15340	7016	7316	-4269	12485	-1124
15396	7564	7544	-3684	12623	-1682
13980	6988	8276	-3725	13509	-1924
13632	7256	8556	-3328	12699	-2169
13440	6924	8872	-3583	13062	-1870
11616	6784	9536	-2869	12697	-2268
11368	6940	9524	-4027	11503	-1591
11264	5884	10100	-3264	11881	-1979
9672	5044	10740	-2778	11745	-1814
9444	5548	11188	-1421	10643	-2012
9076	5636	10652	-950	10896	-2208
7780	5724	11528	-1008	10735	-2233
7160	6308	12260	-2443	9275	-1573
7504	5376	12148	-3317	8396	-1639
6380	4228	12780	-3058	8999	-1706
5340	4156	12820	-1706	8089	-1088
6056	3840	13084	240	8140	-1745
3756	6664	12980	-405	7917	-1595
4492	5340	12508	-718	6389	-1351
3048	6084	12488	-1673	6184	-1459
3480	3900	13160	-321	5221	-1790
2368	4908	12564	-296	4518	-1184
2940	4596	13728	1060	4081	-2299
1728	5668	13488	-246	3477	-1008
2596	4456	13300	373	2980	-1349
924	6796	14012	195	2105	-1351
2384	5044	13604	-514	1533	-607
1852	3304	13520	1079	2082	-1357
668	5396	13712	1394	1507	-591
2008	5304	12812	2436	419	-679
920	7000	13592	873	-43	-450
1496	5296	13380	-522	-1505	360
1868	4752	13056	580	-1181	-316
1200	5276	13096	1053	-2584	256
1968	5852	12724	1565	-2844	109
1852	5936	12352	363	-3808	768
2624	5240	12764	283	-4491	463
2332	6348	12692	1160	-5363	322
3972	4496	13248	1649	-5513	690
3860	6132	13452	2202	-5303	703
4260	6108	13488	3100	-5715	1122
4668	6296	13272	2848	-6255	1482
5188	8452	12424	1865	-6669	1593
5424	7472	12976	1471	-6643	1524
5640	7820	12536	2038	-7661	1175
6936	6816	12328	2079	-8024	1374
7220	6936	12528	3637	-7214	882
7240	9136	13020	2976	-8043	1437
8608	7500	12424	3675	-8195	1068
8628	9324	12872	2880	-7772	1658
8784	8876	12560	3026	-8203	1502
9644	8220	11920	2815	-8063	1578
10088	8568	11696	2913	-8194	1451
10008	8600	10560	3124	-7704	1415
10112	9296	11368	1754	-8781	2216
11324	7888	9540	2294	-8771	1590
11212	8468	9068	2069	-8330	1634
11152	9528	10172	1461	-9277	2155
12944	7284	9148	2945	-9531	1593
12716	9848	8968	1897	-8101	2058
12588	8664	9772	2203	-8666	1954
13684	8744	7776	2741	-8268	1713
13324	9020	7568	2078	-7909	2397
14268	8728	7300	2526	-8133	2291
14088	9608	6832	1271	-7410	2397
14100	8316	7376	1750	-7665	2119
14836	8420	5776	2599	-7308	1636
14752	8172	5380	2672	-6698	2019
14180	8788	4656	3277	-7034	1776
14820	8992	3796	2948	-7038	1758
14472	9952	4784	890	-7071	2508
14860	8104	4120	934	-7576	2301
15104	8472	2708	1099	-6987	2234
15280	8316	2800	1235	-7330	2263
16124	7248	2920	2453	-7557	1109
14928	8828	2044	2476	-6817	958
15240	9068	2196	321	-8087	2504
16808	7224	1712	283	-7334	2088
15492	9064	1008	-570	-6444	2563
16592	7268	1172	-860	-7691	2652
17468	7632	992	-34	-6701	1757
15972	7472	256	336	-5543	1530
16324	7716	496	53	-6065	1830
16424	8112	576	-153	-5923	1549
16556	7452	-624	-707	-5670	1705
16904	7088	-1112	-702	-4986	1452
16016	7256	204	-993	-4502	1335
16176	6420	-888	22	-5295	842
16648	6964	-1860	-31	-4160	667
15696	6448	-1568	316	-3168	187
15672	6920	-960	590	-3963	221
16444	7324	-2060	764	-3759	-51
15800	6616	-2340	898	-2171	-196
15532	7872	-2168	151	-2886	230
16600	6780	-2476	35	-2987	-242
15828	6864	-2508	-76	-1876	-276
15340	7476	-2272	-347	-1774	87
15760	6448	-2804	-366	-1603	-497
15628	7712	-2800	-749	-1331	-622
15648	7440	-3052	-1054	-1414	-380
15772	6552	-3064	-1125	-710	-253
15236	6768	-2996	-809	-154	-387
14580	6548	-3024	-1187	-514	-72
15484	6348	-3064	-726	-339	-341
15792	6236	-3460	-150	184	-543
15160	6004	-3120	-35	201	-358
15228	7032	-4060	-120	289	-181
15064	6460	-3156	9	942	-197
14628	6880	-3060	-554	461	60
15392	6256	-3092	-177	467	-181
15816	6820	-3168	23	1235	-222
15936	7180	-1748	-830	1138	277
16404	6092	-2020	299	1305	-750
16316	7088	-2256	-433	2528	-67
16912	6904	-456	-699	2588	359
17368	7112	-952	-1003	3357	271
16612	7780	-264	-2045	4014	540
17388	6860	-52	-2579	4391	1193
17612	6864	-4	-1392	6207	613
17168	7424	360	-2167	6759	1340
17840	7512	476	-1867	7110	1031
17572	7980	260	-2475	8078	648
17740	8160	596	-3247	8404	988
18032	8068	1472	-3612	9072	1151
17740	8008	1324	-3356	9612	460
17976	7604	1844	-3280	10039	497
17864	8248	2332	-3365	10884	145
17436	7676	2548	-4018	10641	-19
17924	7748	2620	-3322	10894	-766
17380	8236	4100	-3765	11424	-325
17232	8076	4112	-4391	11265	-648
17208	8032	4720	-5219	11829	-851
16860	7720	5632	-5216	12103	-845
17472	7204	5676	-4879	12238	-1031
16352	7712	6436	-5234	12814	-1302
15996	6580	6564	-3822	12797	-2199
15608	7120	6992	-3558	13402	-2269
15108	7384	7860	-2917	13286	-2992
14328	6672	8684	-3425	13376	-3217
13908	7340	9336	-3714	13504	-3090
13512	6716	9604	-4512	13195	-2577
12840	5764	10020	-4084	13406	-2891
11692	6064	10372	-3981	13135	-2377
11084	5208	10532	-3199	12861	-2271
9892	5244	10168	-2595	12821	-2250
9292	4328	10436	-725	12347	-2806
8460	6260	10540	-348	11652	-2563
6652	6156	10528	-301	11228	-3169
6040	5832	10788	-872	9819	-2895
5216	5964	11932	-1582	8817	-2735
5076	5784	11788	-1183	7717	-3057
4580	5740	13116	-2639	7091	-1804
4304	4248	12816	-1605	7007	-2137
3268	5192	12792	-1394	6570	-1861
4000	3364	13348	-309	5446	-1725
2444	5888	12504	160	6214	-1665
2468	5344	12892	239	4731	-1318
2304	4788	13540	-761	3898	-1368
2332	5436	13656	-750	3212	-1311
1724	4540	12308	199	3508	-1053
1304	3320	14184	1598	2379	-1365
1888	7856	13808	113	1638	-738
1724	3728	12896	-179	1809	-449
528	5144	12612	422	873	56
1192	4396	12096	662	-532	288
676	4512	12536	1401	-693	-290
1024	4760	11500	1680	-2115	978
1016	6436	11516	922	-1999	1192
1040	5984	12488	83	-4907	1632
2336	5424	11764	-391	-5188	1694
3048	4412	13024	227	-5163	1490
3044	6128	13216	1713	-5699	1399
3768	6164	13000	1959	-6016	1564
3872	6624	13004	1537	-6332	1867
4744	6864	13024	1339	-7254	2379
5524	6500	12488	1761	-7205	1967
5348	7652	12612	2213	-7573	1205
6500	7056	12956	2468	-8305	1263
6888	8028	13280	2244	-7748	1839
6980	7816	12700	2794	-8041	1625
7804	7736	12556	2755	-8401	1465
8456	8228	12988	2399	-8990	2052
9428	7820	11956	2934	-8177	1466
9024	8412	12172	3408	-8001	1241
9576	8708	12580	2320	-9343	2205
11336	7816	11312	2947	-8950	1920
10200	10268	10512	2370	-7192	1987
10456	7528	11428	1932	-9329	2236
12420	8816	10072	3133	-8480	864
11316	9212	10932	1904	-7889	1982
12564	7888	10192	3027	-8366	1263
12656	9668	9908	2366	-7756	1476
13120	8500	9312	2291	-7618	2003
13312	8492	8624	2325	-7089	1484
12716	10004	8788	2255	-7586	1509
14264	7852	7696	2074	-7917	1594
13764	8496	6952	3098	-6057	824
12304	9284	7624	2577	-7398	1568
14708	8784	6388	2284	-8141	1345
14044	8480	6064	2363	-6508	953
14060	8988	6520	1613	-7493	1935
15616	8068	6052	1695	-7348	1628
15100	9012	5504	2379	-5997	911
14664	9424	6084	1179	-6592	1850
15812	8848	4652	1474	-6374	1414
15188	9252	4404	954	-5874	1267
14664	8920	3996	583	-6131	1560
15456	8260	3312	368	-5425	1311
14320	8960	2948	158	-5714	1305
15656	7056	1368	987	-6586	867
15252	8328	1572	1057	-5680	770
14784	7964	2308	880	-6709	831
15780	7620	1320	1085	-6000	733
15412	7440	1672	1614	-4751	1073
15388	8044	1452	1886	-6054	1363
16152	8584	192	1664	-5558	843
15780	7768	-144	1206	-4772	1041
15920	6976	-264	1021	-5299	1302
14920	8284	-12	723	-5520	1381
15360	7776	-1308	122	-5323	1658
15852	7200	-1400	-97	-5050	1367
15360	7292	-352	778	-5586	733
15796	7936	-1644	349	-5810	1425
16300	7504	-1940	-562	-4607	1575
16480	6492	-488	262	-4620	852
15976	7568	-1396	452	-4724	706
16240	6780	-1816	125	-3555	904
15620	7416	-1544	-148	-3076	1376
15872	6976	-2160	-205	-3740	1399
16120	7452	-2824	-318	-3118	1281
15612	8024	-2396	-933	-2192	1183
15732	7112	-2680	-814	-2526	590
15536	7608	-2916	-458	-2113	-1
15672	7372	-2960	-296	-1906	-149
16168	7456	-3060	-833	-1709	4
15372	6980	-3192	-851	-1354	-609
15440	6340	-3176	-1064	-1430	-431
15700	6228	-3008	-437	-653	-408
14732	6864	-3324	-448	-305	65
15212	6544	-3360	-1431	-606	620
15604	6724	-3524	-1212	-90	259
15024	6392	-3220	-1555	144	953
15540	5612	-3760	-283	490	454
15384	6244	-2700	-542	1536	537
15416	6380	-2040	-333	626	759
16784	6384	-3184	-513	1671	815
15816	6684	-2032	-974	2357	916
16628	7508	-840	-1963	1586	1325
17756	6212	-960	-1298	2812	871
17240	6464	-324	-1565	4163	1219
17844	6624	124	-1894	4728	1274
17840	6928	428	-1467	5941	782
18428	7344	556	-2466	6374	1664
18684	6900	576	-3528	7962	2235
18428	7008	992	-3996	8516	2243
18560	5924	1900	-3558	9001	1721
18824	7904	1308	-3360	9365	1407
18932	7132	1464	-4891	10712	2094
18608	6316	2348	-4373	11588	1744
18692	6000	1820	-3334	11606	1355
18856	6804	2428	-2290	12260	360
18544	6144	2688	-2150	12602	-398
18044	6712	3472	-1824	13324	-1159
17616	7068	4296	-1891	12820	-1220
17768	6644	4108	-2245	13513	-1371
17160	6712	4832	-2865	13632	-1339
17028	6728	5544	-2413	13477	-1634
16224	7060	5588	-2804	13371	-1674
16368	7196	6804	-3879	13779	-1482
15352	6116	7556	-3167	14201	-1884
14688	6028	8204	-2521	13826	-2107
14720	7020	8168	-2566	13389	-2261
13556	6944	8648	-2986	14257	-2464
12148	6384	9840	-4112	13286	-1622
12064	6472	9852	-4287	12537	-1609
11484	5044	9808	-3464	12413	-1766
10548	5584	10624	-3002	12744	-1625
8924	5356	10636	-3196	11676	-1405
9048	5000	10772	-2479	11021	-1830
8188	5528	11700	-3240	10708	-1174
6932	3508	11136	-937	10108	-2336
6552	5808	11252	-981	9723	-2272
5944	3708	12760	-1571	8341	-1537
5896	4344	11724	-589	8574	-2381
4280	5272	12664	-703	7763	-1797
4388	4216	12684	-307	6617	-1841
3980	4732	13140	-775	6167	-1541
3244	5552	13280	-1617	5490	-886
3180	3944	13688	-817	4717	-1198
3268	4196	13016	-1246	4187	-897
2660	3436	13804	-12	4656	-1532
2072	3964	13676	1071	3573	-1146
2092	4272	13628	2001	2882	-1330
1572	5840	12508	595	2371	-833
820	4480	11988	159	1280	-534
1448	4028	12940	122	-139	-55
1824	4368	11896	840	-509	-120
792	3968	12188	1345	-1050	-155
1280	4684	11812	2093	-2790	401
1868	5860	12248	-499	-4132	1478
2404	5108	12504	272	-4760	679
2992	4544	13008	177	-5039	1424
3288	4224	13908	2246	-5475	996
3956	7240	14008	2596	-5978	1123
4580	6460	13828	1871	-5484	877
5284	5388	13968	2450	-6081	445
4536	7596	13312	1754	-6585	1281
6752	5664	13552	2269	-6890	1013
5648	6236	13056	2132	-5631	624
6252	6800	13284	2542	-8295	1050
8044	7844	12216	2860	-7088	868
6568	7440	13040	1262	-7679	930
8368	7128	12452	2405	-8429	8
8468	7032	12304	2945	-7777	133
9012	8144	12560	2992	-8522	507
9744	7784	11988	2716	-8070	443
9348	8332	12496	1756	-7870	1135
10584	8092	12652	1816	-9003	1944
11164	8080	11552	1924	-7824	1585
10772	8544	11756	1067	-8200	2330
12200	7652	11580	1513	-8139	1635
11760	8540	10540	1894	-7299	575
12244	7188	10648	1468	-8216	966
13080	7672	9328	2619	-7200	653
11968	7464	8916	2685	-6661	752
12520	8088	8596	2882	-7628	313
13024	8396	8796	2723	-7874	651
13592	7620	7112	2651	-7111	1152
13064	8400	7744	2227	-7003	1216
13564	8212	7120	2451	-8175	1202
14204	8348	6684	1456	-8064	1610
14412	8016	6460	1361	-7227	1587
14240	8188	6980	882	-7882	1698
14668	7704	5400	1296	-8190	1237
14808	7180	4900	1891	-7220	932
14444	7748	4440	3493	-7437	803
15276	9336	4468	2177	-8402	1708
15812	7980	4104	1446	-7850	1324
15332	8236	3532	882	-6809	1566
15764	8108	4540	-78	-7298	2384
17072	7656	3892	937	-6997	1875
16276	7756	2336	1480	-5559	1464
15552	9028	2676	330	-5968	1958
15652	8336	2932	-742	-6828	1661
16380	7912	1124	-1015	-6310	1195
16028	6888	1160	-687	-5197	1409
15808	7420	1664	131	-5995	1322
16380	7136	192	477	-5801	889
16168	7184	496	137	-5115	977
15572	7256	524	-472	-5457	1339
15932	6532	-660	174	-5577	778
16392	6592	-456	196	-5189	984
16032	7072	40	328	-5013	624
16328	7040	-596	-99	-4970	522
16160	7472	-868	-612	-4322	600
15880	7196	-444	-1076	-4409	1101
16804	7072	-1452	-1108	-4349	1033
16964	6904	-1960	-1001	-3183	653
16036	6080	-520	-615	-3117	364
16024	6740	-860	611	-3505	-283
16208	7084	-1692	-111	-2330	-136
15936	6468	-1452	-119	-1949	-264
16164	6536	-2048	673	-1885	-493
16000	7256	-3084	757	-1583	-470
15948	6600	-3052	449	-975	-467
14896	6944	-2308	979	-1291	-787
15236	6716	-2868	615	-1662	-792
15528	6764	-2968	379	-783	-959
14972	7260	-2584	-181	-1201	-543
15820	6428	-3240	177	-969	-705
15268	6784	-3588	113	-139	-863
15044	6720	-2980	88	-680	-857
15504	6436	-3256	289	-439	-633
15300	6588	-3020	-154	125	-28
15340	7056	-2536	-211	106	-97
15624	6684	-2372	-509	532	11
16172	6104	-1940	213	1286	-439
15780	7808	-1340	-502	1090	-22
17132	6196	-1452	-229	1832	-85
16856	7716	-1200	-783	2890	307
17460	7504	392	-2971	3300	1584
18012	6276	-120	-1893	4289	849
16964	7908	200	-4137	6053	2115
18012	6380	1044	-4045	5940	2693
18308	6340	292	-2630	7670	1775
17996	7300	812	-2591	8315	1751
18232	6956	1232	-2266	8536	1398
18100	8572	1128	-3130	9089	1372
18844	6968	1628	-3903	9425	1563
18680	7144	1984	-3862	10773	1406
18704	6988	2612	-3678	10905	1220
18876	6800	2712	-3522	11583	891
18248	6588	3248	-3032	12370	473
18232	6716	3304	-2246	12672	-196
17596	6820	3584	-1966	13204	-680
17340	6788	4016	-2462	12747	-602
17388	6796	4548	-2801	13338	-410
16540	6640	5524	-3459	13483	-32
16380	6444	5932	-3256	12989	-256
15932	6364	6000	-3197	13254	-339
15372	5936	6896	-2586	13732	-501
14504	6576	7660	-1824	13360	-1115
13988	6900	8060	-2221	12973	-1270
13780	6384	8516	-2276	13240	-1424
13144	5964	9284	-1654	13377	-1720
12256	6516	9364	-1146	12587	-2123
11356	6756	9688	-1733	12510	-2270
10512	6424	9808	-2406	11411	-1995
10172	5932	10868	-3126	11447	-1649
9000	5652	10972	-2642	10826	-1669
9004	5192	11364	-1847	10030	-1929
8044	6336	11624	-2287	9843	-2171
7976	4900	12444	-2311	8903	-2381
7056	4492	12480	-741	9609	-3041
5888	5196	13420	-96	8270	-2557
6640	4752	13180	169	8214	-2575
4920	5548	13000	-160	8533	-2452
4100	5576	13104	-1240	6530	-1463
4960	4760	12840	-1365	6217	-1777
3000	4148	13304	-1703	6189	-1489
3612	3912	12652	497	5020	-1864
2912	4020	13184	876	5115	-1966
2176	5552	13688	734	3635	-1844
2664	4676	13068	-106	3580	-1449
1460	4024	13228	311	3056	-916
1772	5600	13032	878	1723	-1133
1668	3516	12108	613	1923	-467
740	5528	12244	815	902	-40
1516	5664	12596	238	-796	2
1508	4448	12740	76	-1370	-346
1712	4792	12852	1121	-1926	244
1948	5336	13132	1855	-1938	92
1628	6448	12780	1194	-3725	584
2568	6592	12460	84	-3873	697
2448	5868	13580	-747	-4972	1494
3836	5548	13376	1278	-4910	670
3616	6036	13552	1308	-4987	948
4036	6892	13872	2210	-5751	754
5064	7720	13916	1136	-6298	1327
5500	6920	14012	806	-6081	840
5660	6236	14040	1436	-6040	454
5712	7412	13484	2512	-6087	562
6580	7508	13496	2987	-6228	452
6420	8604	13476	1878	-6285	385
7192	8276	13108	1249	-7079	381
8052	6216	12688	2254	-6576	-77
7860	8148	13448	2802	-6868	198
8912	7196	12748	2765	-6526	211
8148	8432	12088	2832	-6290	-75
9032	7360	12712	2682	-6906	351
9344	7392	12140	1821	-7075	975
9748	7448	10920	3310	-6312	777
9388	8736	12040	2802	-6651	1530
10192	8812	10996	2222	-7344	1294
10692	8072	10344	1200	-6801	1485
10516	8216	10248	2881	-6299	1023
10736	7720	10932	2565	-7192	1909
11892	9292	9244	2090	-7435	1571
11476	7440	9112	2475	-6312	1161
11128	9580	9264	2408	-7658	1930
12596	9028	8924	1787	-8050	1828
13328	7600	8344	2391	-7019	1538
12648	9760	8424	2008	-6656	1887
13356	8144	8808	2079	-7513	1755
14312	9448	7812	1672	-7123	1658
13900	8672	6992	1995	-6080	1319
13312	8376	7356	1851	-6562	1867
13980	9308	6044	1599	-7552	1907
14788	8924	5440	912	-6266	1638
13964	7404	5484	1505	-6252	1574
13780	8904	5400	1438	-7366	1979
15264	7908	4276	1514	-7156	1889
14236	8956	3432	1131	-5846	1956
14452	8556	5252	614	-7379	2019
15500	8688	3024	1082	-8007	1376
15552	7812	2824	630	-6339	1332
14804	8648	3992	1937	-6659	1213
15464	8484	2916	2263	-7257	1156
16108	9540	2348	568	-7092	1373
15972	8288	2944	316	-6257	970
15396	8612	1824	-107	-6564	1554
16464	7484	2288	415	-6752	1562
15948	7580	1296	1562	-5578	1101
16056	8400	772	1246	-5924	913
16320	7692	-596	1738	-5752	115
15692	7648	-204	1731	-4913	279
15152	9272	-268	307	-6124	699
16668	7708	-1188	-1521	-5982	1280
16036	7176	-492	-1966	-4683	1274
15112	7392	-760	-1802	-5632	1449
16352	6636	-1408	-1856	-5523	1764
16096	6092	-1644	-396	-4597	1028
15360	7712	-1752	-637	-4902	1103
15784	7640	-1968	-513	-4378	799
15440	7032	-2624	319	-3850	-227
15956	7404	-2076	403	-3469	-487
15816	6868	-2568	1540	-3592	-1333
15392	7560	-2644	1098	-3464	-1195
15248	8520	-2788	17	-3612	-617
15640	7896	-3392	-1855	-3488	379
15288	7400	-3408	-2181	-2950	27
14908	5620	-2696	-1870	-2950	84
15432	6872	-3596	-817	-2486	-90
15616	6092	-3104	-69	-1466	-320
14804	7372	-3144	405	-1389	-517
15308	7132	-3524	296	-1180	-186
15504	7512	-3556	-128	-470	-2
15104	7060	-3432	-14	-448	-155
15092	7608	-3976	-310	-213	21
14820	7144	-3424	-180	325	11
15108	6976	-3844	-204	135	176
15212	7304	-3836	-127	1220	36
15296	7420	-2756	-147	791	113
16004	7244	-3312	109	1646	-299
15652	7120	-2532	26	2582	-283
16116	7476	-1284	-1188	2084	555
16940	6684	-2560	-169	2831	-190
17316	8692	-1048	-3660	4770	1807
17160	5952	284	-3129	4762	1522
17196	6916	-1136	-2929	5424	1374
17408	7372	-920	-2767	6217	1928
17892	7096	-528	-2801	7587	2328
16976	7868	24	-3246	8003	2108
17564	8016	-144	-4020	7068	2281
18564	7476	564	-5195	8632	2740
17792	6724	832	-4134	9253	2195
18292	7892	1512	-4236	9808	1980
18356	7944	2172	-4171	10140	1822
18644	7400	1112	-4068	10667	1375
18128	7176	3444	-4654	12234	907
17568	7048	3892	-3981	11199	23
18328	6976	2440	-3185	12642	-504
17220	7152	4284	-3579	12842	144
17108	8068	3940	-3953	12940	-173
16592	7012	4516	-4639	12961	-186
16296	6288	4860	-3584	12723	-336
16068	6604	5900	-3005	13103	-775
14896	7140	6212	-2703	12754	-1263
15592	7000	7028	-3185	12542	-1111
14712	6616	7736	-3174	13701	-1183
12888	6756	8472	-3745	12491	-905
13580	6240	8284	-4010	11513	-904
12964	5096	8948	-3244	11958	-1430
12008	5916	8800	-2324	11154	-2193
11632	5624	11000	-3236	11211	-1872
11160	5548	11880	-3450	10767	-1449
10992	4112	10880	-2529	10702	-1403
10464	4984	11216	-1715	10794	-1834
8996	4696	12516	-1919	10245	-1530
9488	4784	12100	-1663	9459	-1606
8416	5436	11960	-2646	9916	-1387
7252	3360	12428	-1951	9500	-1384
7284	3676	12732	-180	8306	-1290
6868	4848	12584	83	8632	-1244
4892	6168	12368	-1273	8510	-1001
5724	4816	13500	-1799	6229	-545
5460	4132	12648	-997	6660	-1578
3184	3672	12924	10	6326	-1492
3772	4628	12636	566	4684	-1190
3496	4948	13228	148	4960	-1561
2180	5364	12652	-473	3569	-648
2376	3872	12080	-337	3201	-799
1780	3476	13248	1134	2288	-1253
1952	5780	11760	513	1176	-343
1804	3384	12216	1179	1449	-632
628	6308	12304	1540	-791	-237
3176	5592	11728	19	-2529	208
1412	4832	12840	-173	-2324	-522
2780	4968	12104	166	-4036	248
3480	3296	12540	929	-4177	-233
3276	5464	13140	1442	-4805	-196
4036	4700	12912	1731	-5530	332
3764	5820	12828	1229	-5425	283
4980	4340	13464	1600	-6888	571
5624	4932	12392	2448	-6172	561
5876	6448	12964	1808	-7163	1255
6344	5752	12764	1987	-7702	1046
7256	5832	12348	2298	-7699	1352
7328	5824	12492	2870	-8256	1706
8568	7260	12032	3429	-8551	1190
8708	8420	12872	2030	-8926	1519
9568	7052	11976	2520	-8543	855
9400	7940	12032	2955	-8301	527
9648	8168	12336	2627	-9382	1065
11328	6056	10836	4038	-8681	81
9984	9452	11176	3976	-8383	263
12304	6776	11192	4792	-10076	136
12228	8584	9212	4238	-7797	0
11020	7780	10436	3690	-8190	880
12176	8488	10336	3372	-9490	1285
13428	8732	8296	2614	-9223	1420
13428	8560	9092	2334	-8067	1495
12724	8496	9064	2084	-8731	1483
14464	8164	8028	2635	-8809	1222
14296	8580	8144	2368	-7688	1258
13832	9840	7236	2645	-7581	1182
14468	8424	7468	2269	-7913	883
14488	9032	6336	2544	-7828	610
14920	8612	5656	2135	-7482	843
15036	8556	5628	2735	-6863	331
14372	9028	5472	1741	-7899	1119
15884	8476	4368	1882	-7593	971
15124	8644	4288	1061	-6502	1242
14876	8108	5336	1574	-7112	1079
15348	8744	3352	1782	-6990	945
15644	8248	2872	1765	-6438	1165
15564	8200	2672	1901	-6367	1190
15976	9108	1944	1373	-6526	967
15536	8148	1288	343	-6398	1305
15548	7180	1644	313	-6252	1476
15188	8156	796	1345	-5686	1364
15420	7276	128	1486	-5862	1497
16264	7276	-220	2396	-6237	592
15576	7572	-836	3372	-5473	277
14984	8728	-792	2381	-5902	1127
15864	8384	-880	1408	-6575	1032
15532	7828	-160	1184	-5435	887
15424	8792	-1136	1527	-5741	835
16368	8672	-1652	1060	-5842	801
16424	8404	-856	481	-5276	369
15736	9292	-1648	89	-5447	189
15904	8260	-1808	-806	-4714	602
16004	7708	-1404	-874	-4033	521
15508	7716	-2260	-668	-3969	7
15516	8112	-2444	-1192	-3877	285
15448	7876	-2464	-1417	-2983	513
15204	7948	-3124	-1515	-2824	314
15556	7216	-2964	-1800	-2945	277
15128	7404	-3060	-1651	-2789	-198
15420	6684	-3140	-108	-2504	-924
15360	7088	-3412	-285	-1166	-711
14868	7384	-2976	-719	-1173	-458
15436	7472	-3092	-965	-1365	-633
15420	7084	-3136	-1101	-813	-433
14844	7404	-3560	-1146	-541	283
14852	6560	-3548	-557	318	-142
14608	6940	-3180	-191	250	-208
15148	7212	-3608	368	-240	-193
15004	7404	-4292	-283	708	-4
15080	6192	-3344	-306	1150	126
15412	6996	-2404	448	1113	287
15536	8444	-2768	-362	959	449
16140	6636	-2448	-1434	1399	927
16472	8436	-2064	-2508	2618	1690
16836	6348	-132	-2929	2512	1873
17256	7432	-1088	-2766	3654	1362
17080	6948	-24	-3430	5027	2672
18192	6848	1404	-3413	6326	3469
18188	7392	260	-2402	7340	2939
18468	7340	588	-3098	7819	3152
18928	6828	996	-3301	9400	3281
18060	7928	1340	-3244	10158	3053
18940	7320	1524	-3555	10355	3247
19596	7392	1384	-2627	11336	2466
18688	6896	1464	-2157	12621	1554
18812	7660	1860	-1088	11623	675
20240	7688	2216	-931	13552	-269
17004	7324	4064	-1929	13790	-440
18272	7468	3176	-1576	12521	-951
18064	7028	3572	-2528	14727	-732
16216	7332	4752	-1688	13853	-1281
17164	7740	4740	-2866	13435	-665
16700	8180	6008	-4587	14638	-100
16404	7152	6572	-4142	13842	-363
16720	7224	6440	-3765	14507	-876
15096	6692	7796	-2997	14977	-1615
14688	6316	8228	-2950	14257	-1727
13564	6812	7504	-2602	14408	-1748
13280	6712	8688	-3120	13526	-1666
12572	6704	9076	-3341	13586	-2050
11100	6736	9588	-4335	12914	-1671
10868	4636	9380	-3159	12409	-1987
9572	5452	10664	-2965	12188	-1763
9388	4972	11764	-2422	10659	-1925
8740	5380	10896	-2196	11094	-2358
7508	4780	12144	-2465	10916	-1999
7100	4116	12144	-979	10092	-1976
6496	4728	12128	-747	9382	-2014
6252	5144	12700	-674	8876	-2093
4744	4164	11884	-148	9038	-2419
4664	3980	12044	172	7379	-1827
3804	5040	12384	888	7161	-2689
2764	5312	12892	16	5959	-1754
2896	4824	12740	163	6138	-1595
2128	5340	13668	321	4890	-1187
2700	5076	13468	336	4223	-1228
1576	6892	13140	476	3164	-1366
2456	5340	14240	-535	2941	-1275
1480	3772	13164	119	3188	-1430
1028	5816	12908	1597	1653	-1589
1520	4580	12976	518	836	-656
660	5128	12416	252	707	-668
988	5664	11828	-5	-769	-300
1168	4256	12076	600	-1779	-644
644	4624	11960	1717	-3051	-700
1732	6088	12188	895	-3647	332
1792	5224	12600	1094	-4097	111
1928	6232	12772	124	-6084	1097
3436	4280	12220	1584	-5532	518
3088	6052	13008	1821	-5969	838
4352	6028	13212	1933	-7386	770
4740	6872	12952	2316	-6881	130
4800	6524	12764	2320	-7797	915
5876	6428	12984	3295	-7347	276
5368	7436	12860	3838	-8118	3
6916	8248	12276	3728	-8584	861
7088	8188	12904	2619	-7891	1227
7196	9184	13376	1823	-9365	1512
9324	7252	12140	2234	-9308	897
9000	7284	11824	3538	-7437	150
8296	9072	13656	2924	-8952	1092
11004	8212	11648	4392	-8643	181
9656	9660	10900	2991	-7311	903
9684	9328	12364	1779	-9031	1517
11072	8180	10484	2450	-8474	1121
11416	7888	10112	3755	-8081	961
11040	9352	11232	2755	-8964	1987
12696	8968	9732	3397	-8622	1105
12360	10752	9436	2399	-6908	1315
12120	8788	11152	998	-8155	1895
13668	9204	9128	2314	-7483	1171
12944	9552	8608	2560	-6110	1227
12572	9640	9220	2233	-6656	1207
13464	9088	7148	2628	-6407	607
12584	10688	7012	1374	-6215	1283
13988	9080	6672	1604	-6988	892
13712	9288	5908	1168	-6047	362
12696	9340	6356	1106	-6450	652
14320	8236	5800	1443	-7238	881
14500	8184	5284	2106	-6034	475
13984	8912	5684	1890	-6374	1021
14544	8908	4736	1898	-6460	937
14272	8216	4056	2287	-5663	918
13796	9756	4456	827	-6358	2006
15312	8464	4052	1832	-6395	1219
14568	9360	2608	1253	-5517	1180
14052	9472	3340	1106	-6099	1415
15664	8248	2816	1935	-6176	1238
14960	9552	1468	1434	-5373	1058
14468	9220	2124	1618	-6316	806
15416	8564	1076	1251	-6294	839
15212	8552	820	1571	-5522	732
14688	8608	740	1629	-5688	1049
15816	8700	1324	1034	-6504	1247
15596	9100	-116	60	-5807	1289
15408	7672	520	-198	-5550	1364
14956	8232	-20	1097	-5608	1394
15532	8920	-920	359	-5878	2054
15616	8228	-1052	106	-4911	1572
14948	9060	-1556	-418	-5318	1537
15728	8860	-832	-1190	-5641	1457
15716	7968	-1444	-587	-4908	600
15360	7848	-1504	78	-4651	438
15400	9056	-300	-457	-4796	732
16016	8244	-1200	-368	-4346	377
15888	9260	-1616	-1706	-3179	261
15912	7304	-1124	-1839	-2874	501
15464	8020	-1988	-1325	-2928	359
15376	7308	-2604	-1142	-2686	454
15416	7636	-2880	-766	-1916	636
14708	7184	-2640	-511	-1409	532
14496	7540	-2892	-525	-1969	52
15120	6936	-3300	-252	-1584	-372
15024	7120	-3004	610	-1060	-400
15252	7768	-2948	948	-607	-176
15012	8176	-2932	855	-622	-444
14908	8532	-2296	-391	-702	-286
15752	6912	-2224	-256	-82	0
15928	7340	-2284	597	1225	-187
15640	8040	-1528	265	1468	-212
16104	7648	-1444	181	1670	-168
16164	8504	-1632	-130	3263	-111
15976	7752	-180	-1303	3643	656
17328	6756	-488	-1094	3262	432
17584	7748	-616	-714	5704	-136
16484	8128	1348	-1700	5936	1002
18064	8308	252	-1449	6412	1008
18276	8616	416	-3412	8659	1330
17580	9048	1448	-4336	8458	1718
18380	8796	764	-3473	8993	1411
18400	9084	1052	-4957	10468	1613
18200	7980	1860	-4122	10398	749
18760	8240	1872	-2701	11505	-64
17876	8668	2264	-2771	12149	136
18060	9736	2376	-4329	12682	173
17436	8604	2996	-5266	12665	403
17712	8192	3216	-5280	12997	174
16756	7148	3292	-4116	13102	-357
17284	7940	4564	-3924	12781	-377
16128	9348	4208	-4411	13735	-884
15732	7032	6096	-5714	13494	-166
16072	7548	5852	-3633	13361	-946
15036	8456	6480	-3410	13657	-973
14312	7876	7176	-4120	13313	-1132
13904	8872	6908	-5713	13150	-1004
13376	6860	8552	-4743	13246	-1204
12812	5980	9512	-3469	12811	-1611
11892	7896	9504	-2539	12447	-2412
11376	7016	9596	-3670	12489	-1901
10696	5948	10768	-3919	12031	-1643
10192	5716	11084	-3156	12032	-1813
8664	5588	11452	-2627	11486	-1569
8692	6476	10288	-2421	10844	-1658
7172	5676	11076	-2712	11109	-1726
6676	5544	11856	-2265	9360	-1916
6372	5388	10560	-1475	8892	-2497
5440	5916	12920	-1737	8144	-2191
5280	5664	13000	-2425	7121	-1797
4708	5320	11872	-2006	7344	-2053
3368	4800	14004	-1481	6720	-1612
4488	4332	12696	-174	5664	-1849
2692	5896	13564	-1726	6197	-1800
2536	3356	12120	-33	5477	-1776
1724	4264	12792	802	4847	-1916
1588	5852	12320	686	2531	-1718
2176	4448	12696	-780	2838	-1365
900	3952	12268	866	2123	-1211
1976	3772	12824	1044	625	-684
700	5160	11852	1022	899	-816
1496	4240	12736	687	-1330	-80
2168	5264	13204	746	-1429	-180
1944	4728	13772	27	-2072	786
2084	4244	12572	1359	-2599	533
2248	5512	12832	1156	-3440	985
2684	4976	13244	1724	-3724	719
2976	5988	12504	1906	-4399	1038
3404	5580	12892	1819	-4845	1166
3944	5372	12856	2769	-4803	799
3020	6904	12784	2306	-6048	1597
5280	5992	12716	3250	-7059	1024
4468	7824	12712	3628	-5699	637
5208	6784	12384	3994	-8059	1356
6948	7032	11808	4460	-7004	780
5276	10076	12636	3018	-7704	1439
8008	7956	11912	2743	-9059	1326
7728	7564	11936	3933	-7051	478
7484	8600	13052	3671	-8620	1685
9612	8884	11552	4354	-8582	1265
8908	10008	11696	2678	-7626	1449
9996	8488	12472	2283	-8657	1897
10588	8568	10936	3756	-7690	900
9988	9960	11840	3580	-7888	1127
11324	9064	10572	3700	-8287	1270
11260	8952	9868	4163	-7386	660
10788	10504	10472	3873	-7855	1235
11640	9096	9048	2459	-8308	2166
11876	8676	8436	2815	-7637	1720
11804	10248	8720	2424	-8043	2345
13396	7768	7232	3852	-8073	1788
12604	9404	6852	4437	-6836	1203
12376	11220	7300	2790	-8670	2383
14416	7076	6452	4442	-7876	1412
13272	10820	5920	5126	-6538	947
13480	9544	6404	5078	-7647	1509
14544	11364	5452	4494	-7520	1445
14244	11192	5688	2655	-6840	1981
14028	11000	4928	1369	-7115	2360
14524	10092	4112	1492	-7163	2017
14944	10300	4528	707	-7151	1957
15408	8696	3852	1482	-6374	1524
14448	8940	2372	2601	-5632	1192
14356	9544	3316	2012	-7228	1447
15048	9916	2488	1462	-6980	958
14788	9764	1512	-37	-5988	1269
14800	8148	1980	807	-6044	1335
15284	9004	2132	1464	-6344	1855
15784	10248	652	972	-6292	2231
15428	9056	892	608	-4909	1856
15040	9080	980	512	-5299	1681
15372	9392	-76	639	-5700	1407
15460	8616	-272	388	-5353	1486
15268	8904	-680	479	-4583	1446
14812	8664	-768	249	-5127	1524
15732	8572	-984	310	-5748	1062
15052	9016	-1280	369	-4176	781
14592	8116	-1140	-50	-4313	1210
16000	8400	-984	580	-5073	745
15464	9208	-2504	-121	-4777	686
15052	8176	-1944	-1098	-4596	897
15096	8152	-1944	-1248	-4071	1003
14684	8720	-2360	-1365	-3943	1033
15544	7744	-1300	-1356	-4239	1003
15576	7960	-2632	-784	-3544	233
15492	8568	-2144	-1387	-2724	121
15472	7832	-2028	-757	-2411	-200
15364	8040	-2480	127	-2252	-569
15068	8208	-3068	-704	-1772	-81
15184	8320	-3300	-1526	-1336	395
14720	7860	-2948	-2063	-933	508
14476	7488	-3640	-1791	-1265	291
14656	6872	-3748	-1229	-935	1
14776	7008	-3648	-132	-329	-173
14392	7108	-3128	932	62	-230
14592	8112	-3796	882	-200	-305
14920	7548	-3064	204	444	-224
14632	7596	-2648	577	467	43
15192	7880	-3132	1089	940	139
15060	8752	-2532	204	1547	97
15432	7956	-1804	-243	1534	103
16124	8392	-2052	352	2245	-38
15888	9012	-1244	-535	3186	410
16176	8656	-732	-1683	3168	562
16904	8684	-816	-2061	3996	5
16816	8736	304	-2989	5216	602
17224	8220	712	-3544	5145	1101
17976	8332	-24	-3075	6872	689
16932	8916	892	-3961	7912	1476
17700	9124	2164	-4428	7359	1973
18488	9076	1124	-4564	8723	1619
17748	8772	1124	-6067	9863	1965
18804	7724	1500	-5108	10650	1403
18488	7012	1400	-2809	11804	199
17732	8456	1632	-2525	11934	-293
17868	8612	2332	-3109	11770	-544
17452	8332	2692	-3836	13018	-394
16240	8660	3248	-4172	12408	-175
17788	7492	3572	-3620	12159	-325
16912	8436	4000	-3589	13492	-575
16072	7628	5408	-3939	13256	-500
16368	8264	5216	-3864	13194	-965
15792	7652	6144	-3070	13623	-1318
15176	8544	6332	-2714	13901	-1542
14808	8428	7576	-3285	13596	-1481
14096	8420	7548	-4301	13326	-1427
13452	7548	8524	-4491	13285	-1500
12752	7432	9204	-3334	13377	-1956
12612	7360	9452	-2376	13086	-2472
11104	7824	9252	-2363	13549	-2758
10356	7580	9900	-2433	12204	-2912
10088	7480	9900	-2718	12219	-2908
8476	7164	10916	-3501	11695	-2698
7884	6452	10484	-2909	10306	-2687
7340	6976	11096	-4001	10437	-2015
6476	5256	11892	-3069	9715	-2265
6216	5968	11408	-2520	9382	-2329
5520	4176	12408	-1477	9074	-2210
4656	6096	12180	228	8357	-2934
4288	6192	12428	-764	7290	-2074
3636	6280	12744	-1610	6760	-2165
4008	4796	13220	-1888	6427	-1688
2676	5208	13224	-116	6179	-2265
2476	5152	12740	-865	4444	-1098
2552	6116	12860	-112	5351	-2100
2032	4864	13024	-369	3704	-1009
1528	5524	12888	52	3434	-1783
1692	5292	13228	-347	2605	-1109
1172	4312	12040	1393	2845	-1500
32	5588	12748	1727	996	-1116
1096	6176	11676	-1103	-97	740
672	4784	13212	-54	-54	194
616	5924	13048	876	-1165	597
1744	5388	13016	952	-1865	274
852	7116	13980	1851	-1407	-202
2560	6852	13960	361	-3017	1700
872	6740	13168	671	-2047	402
2228	7192	13780	0	-4277	1252
2668	6532	13412	1028	-2818	261
1832	7900	13968	1720	-3691	16
3448	6712	13192	1036	-4712	494
3100	7564	14192	1324	-3900	-257
3472	6936	13076	620	-5875	597
4828	4776	12732	3015	-4294	-929
2312	8988	14040	2823	-5737	367
6064	7208	12208	3133	-5929	-149
4028	7928	12772	2398	-5016	-472
5080	7392	12612	2537	-7395	525
6344	7368	12580	3069	-6198	476
4856	8612	12348	2749	-6486	993
7248	8080	12056	3180	-7698	945
7596	8344	11820	2935	-6764	839
6552	8760	12580	2733	-7189	1263
8232	8096	11852	2994	-7949	2027
8144	9364	10532	3431	-6495	1270
7528	9708	12112	2416	-8252	2211
9736	9792	10152	3194	-8149	1555
8968	9772	10048	2611	-6932	1654
8536	11292	10592	362	-9446	3145
11196	7472	11328	238	-9452	3107
10616	10612	9780	1408	-8053	2478
11484	8492	11316	652	-8269	3563
12124	10180	9520	3129	-7814	1317
11964	10280	9220	1925	-7515	1608
12284	10356	8888	2001	-7356	1564
12976	9072	9232	3032	-6751	988
12224	11044	7812	2438	-7094	1120
13164	8212	6900	2763	-7155	959
12652	10152	6048	2803	-6255	749
12500	9448	6520	2304	-7230	791
13036	9716	5972	1525	-8092	1218
13632	8748	5640	2235	-6844	1122
13080	9272	4940	1524	-7251	2234
14228	9408	5244	2700	-8094	1220
14320	9424	4496	2723	-7506	1225
14112	8048	4084	3306	-7074	1651
14028	8744	4376	4923	-7175	1194
14752	11008	4732	4153	-7487	1410
15312	9904	3204	2765	-7597	1773
15268	11052	1896	1241	-6082	1862
15068	9884	3868	-732	-5962	2884
15128	9556	2212	362	-7149	1855
15692	8732	904	11	-5959	1898
15132	8216	1588	794	-4676	1951
14540	9060	1112	1680	-5432	1603
15012	9616	-184	642	-5877	1617
14904	8560	-760	503	-5560	1423
15104	8212	-556	1059	-5396	1616
14956	9612	100	606	-6434	1700
15724	7988	-600	-96	-6198	1724
15528	8712	-808	-85	-5409	1497
15712	8324	176	-139	-5415	1669
15560	8192	-108	174	-5377	1471
16112	8372	-1596	522	-4827	808
16232	8116	-1100	25	-3777	973
15544	8476	-1092	873	-3912	647
15584	8680	-2400	-101	-3703	1037
15520	8340	-1780	-1039	-2975	981
15176	7044	-1724	-227	-3145	454
15416	7900	-2572	868	-2971	-114
15596	7144	-2320	1013	-2013	-112
14980	8640	-2868	781	-2115	-116
15392	7576	-2644	809	-1662	-299
14484	8264	-2972	575	-1791	-546
14784	8144	-3148	81	-1487	-261
15032	8064	-3000	770	-958	-469
15108	7528	-2720	226	-804	-464
15112	7696	-3356	50	-1395	-535
15256	7484	-3972	-310	-309	-272
14476	7624	-2912	-13	523	-179
14336	7328	-2996	351	-155	-84
14860	8068	-3304	-312	-133	-94
15316	7508	-2552	-1135	411	391
15836	6972	-2656	-693	927	461
15944	7560	-2420	-66	1899	417
15600	7248	-2004	450	2081	213
16132	8100	-1620	-108	2295	-15
16160	8200	-1704	-623	3334	-67
15964	8172	-532	-1781	4080	558
16360	8164	-528	-1923	3730	918
17336	8328	-1284	-2507	4763	904
16988	8444	-268	-4061	6166	1496
16820	7252	604	-3773	5904	1372
18008	7112	112	-2433	6859	1207
17792	8472	116	-2346	8198	1407
17128	8820	1460	-3266	8920	1112
17664	8696	1588	-3749	8212	1048
18524	8596	1520	-4383	9921	1240
18344	7696	2540	-4170	10702	1212
18464	8092	18032	9336	3304	-3561
11904	514	18840	8168	3436	-3810
12342	315	18244	7872	3760	-2903
13828	-517	17696	8180	3844	-2548
13266	-835	17520	8556	3528	-2386
14170	-1403	16144	8732	4212	-3049
14164	-1282	16208	8628	4944	-3639
13897	-1146	16072	8912	5204	-3899
13948	-1420	15244	8396	7036	-4696
13901	-1547	14804	7496	6768	-3871
13191	-2316	14520	7084	7528	-3275
14302	-2666	13376	6736	8396	-1859
14055	-3192	12832	8536	8400	-1927
13144	-3443	11712	8248	8400	-3569
13495	-3086	10612	6384	9460	-3800
12853	-2548	9964	7348	9288	-2501
12175	-2900	9748	6684	10128	-2224
11378	-2893	8092	7756	10232	-3782
10809	-2520	7960	6440	11160	-4261
10633	-2346	7356	6420	12300	-3565
9904	-2095	7308	5536	11440	-1694
10070	-2849	5400	6512	10728	-1522
9746	-2870	5264	6188	11684	-1773
8058	-2674	4828	6352	11656	-2094
7816	-2666	4636	5244	12168	-1499
6961	-2400	3452	6052	12420	-113
6530	-3186	3852	5632	12832	-370
5493	-3036	3068	5708	13796	-655
5638	-2838	2676	5992	14060	-394
5047	-2512	2696	5264	13592	-1149
4903	-1608	1964	5076	13608	258
4609	-2230	1724	6576	13380	-757
3424	-915	1756	4024	12676	15
4021	-1342	368	5384	12424	1550
3150	-1091	716	5836	11548	1729
1695	-1020	-88	6456	11672	541
1000	-498	644	6000	11960	421
-295	-302	160	5448	12032	966
-536	-404	148	6588	11928	1108
-2027	204	1268	4952	12300	797
-2431	436	504	6300	12536	642
-3239	839	1800	6496	12000	1288
-4362	1320	1628	7284	12520	1262
-3815	1162	2348	6304	3208	6904
12432	1756	-4874	615	2840	7664
12764	1171	-6121	1867	4220	7096
12500	2349	-6155	725	2708	8536
12892	1334	-6924	1210	5872	6376
12488	2235	-7724	1269	4904	8600
12868	3617	-6182	689	5572	8600
13516	2387	-8056	1579	6916	6932
12408	3523	-6989	606	5592	10368
12948	3075	-6995	1049	7112	7856
12464	3102	-8119	1027	8140	8824
12020	3569	-7489	560	8448	8660
12772	2691	-7742	1577	8668	7972
11376	4843	-6904	442	7660	10244
11688	3817	-7566	1538	10712	8840
11008	4853	-8257	1251	9300	10812
9312	4336	-6256	1093	8936	10200
11424	2914	-9116	1823	11004	8496
9448	4983	-7930	866	9976	9996
8768	5191	-6432	1882	10468	10176
9792	4898	-8928	2103	12112	10296
7312	4434	-7877	1508	10580	10304
7912	4123	-6283	2337	11024	11288
8252	3681	-8325	2681	12852	10916
7036	3354	-8189	2076	11888	10840
6140	2907	-7321	2682	12572	10624
6652	2896	-8029	2887	13092	11004
5980	3241	-7800	2030	13012	10248
5420	3397	-7378	2007	13144	11612
5684	2907	-7702	2249	13452	11552
5748	2355	-8209	2154	14192	10776
4892	869	-8021	2699	14604	10448
4184	1645	-6997	2408	14440	10484
5100	1713	-6894	2226	14376	10708
4220	2150	-6973	1965	14904	10344
2628	1359	-6123	2146	14552	10440
3180	744	-5547	2508	14020	10072
3332	1367	-6522	1854	15160	10092
1768	809	-6311	1492	14872	9380
884	1262	-5165	1393	14188	9260
2164	2260	-5424	1241	14764	10396
332	1990	-6538	1159	15088	9720
-908	1264	-5270	1133	14240	9928
880	-167	-5290	1798	14580	8232
36	1160	-6489	1707	15164	10132
-1212	-6	-5658	2204	14784	8612
156	-1209	-5604	2851	14788	8540
-132	-921	-6181	2403	15688	8868
-1432	-933	-5803	2072	15884	8368
-1216	-784	-4952	1954	15244	8004
-696	729	-4986	1331	14780	8932
-1880	563	-5499	1441	15412	8112
-2156	304	-4344	1680	14620	7952
-1884	549	-4175	1567	14416	8808
-2456	70	-5274	1592	14956	9640
-3184	-964	-4552	1552	14828	8272
-2924	-1482	-4054	1476	15204	8248
-2636	-493	-3969	932	14984	9264
-3124	-674	-4074	769	15548	7988
-3244	-1027	-3450	601	14776	9116
-3136	-1598	-3407	592	15004	8120
-2784	-1504	-3441	519	15364	7732
-3272	-1228	-2694	575	14968	8056
-2776	-1263	-1624	408	15064	7712
-2708	-709	-1965	-43	15352	7944
-2984	-549	-1163	-416	14980	8108
-2916	-850	-636	96	14984	7912
-3204	-1420	-98	305	14688	7276
-2848	-1226	388	163	14984	7112
-3228	-491	302	23	15104	7396
-2992	-289	1156	58	15228	7628
-2620	246	1655	-237	15448	8276
-1936	125	1901	-414	15756	8460
-1608	-751	2219	-52	16536	8132
-1840	-900	3082	7	16616	8948
-608	-1854	3944	438	17464	8352
240	-3229	4473	1156	16952	8628
-292	-3291	6054	1192	16856	8724
736	-4509	6891	2310	17692	8500
636	-4512	8101	2252	17352	7648
328	-4209	8557	2004	18352	9168
176	-4091	9058	1988	17972	9428
924	-4736	10879	1888	17416	8276
1560	-4042	10809	1135	18248	8212
692	-1905	10883	-285	18024	9112
1164	-2453	11983	-724	17468	8640
1948	-1799	12169	-1574	17124	8504
2300	-2607	12614	-1446	16940	8844
2596	-2986	12148	-1490	16612	8644
2668	-2807	12743	-1836	16312	8204
3744	-2861	12241	-1826	16408	8508
3504	-2413	12403	-2212	15644	8824
4780	-2594	13054	-2286	15020	8356
5496	-2971	11940	-2626	15308	8892
5620	-3559	12027	-2573	14320	7848
6520	-3614	12864	-2331	13776	8116
7084	-2826	11969	-2625	13652	8420
7144	-2285	12157	-2930	12696	8984
8588	-3627	12161	-2328	12424	8728
8848	-3673	11588	-2466	11796	7764
8924	-4111	11986	-2329	10812	7820
9892	-3099	11373	-2562	10500	7812
9708	-3055	11234	-2526	9384	8092
10444	-3424	11538	-2598	8876	7788
10944	-3757	10438	-2337	8616	7604
10468	-4653	10018	-1970	7696	6164
10752	-3428	10331	-2526	6956	6980
11376	-2737	9464	-1909	6860	6712
10740	-1535	8976	-2316	5524	6816
11276	-1243	8808	-2665	4768	7760
11636	-1782	7236	-2226	5000	5656
11240	-1802	7039	-2189	4096	5588
11900	199	6229	-2536	4792	7900
12404	-609	4969	-1750	2468	5156
12228	-462	6131	-2474	2696	7588
13232	-306	3474	-2003	3608	7604
12876	-1526	4114	-1239	1340	5036
12476	-601	4191	-1588	1528	7624
12708	-436	2407	-1098	2368	5156
12268	169	3070	-1539	248	6380
11488	429	2235	-1465	1616	5408
11952	1323	-68	-865	920	7080
11632	302	728	-426	880	6020
12168	597	-913	139	1436	6348
11516	739	-1515	243	1764	6464
12204	1508	-2535	-14	1956	6520
12204	1093	-3014	504	1760	6788
11872	1368	-3700	917	2600	7324
11932	1199	-4486	1382	3900	6508
12532	1356	-5268	1567	3592	8052
12484	2259	-5047	401	3672	7048
13108	2250	-6318	1088	5584	8036
12476	3631	-6141	982	4092	9528
12640	2592	-5212	1258	5312	7756
12724	2690	-7013	1957	6136	8780
11612	4106	-5840	1328	5656	8860
12136	2799	-7022	2353	7828	6940
10756	6536	-7060	359	5824	11968
12228	6585	-5083	567	7032	9020
11768	5981	-8485	2639	8824	10296
9044	6728	-5531	1094	6232	12400
11872	3946	-6572	2431	9164	10400
10456	4503	-8753	1594	9440	10256
8732	4906	-5641	1284	7772	12840
11232	2606	-7436	3407	10712	10840
9256	3037	-7945	1978	10080	10232
8592	2817	-5970	1985	9364	12248
9816	1787	-7282	2938	11324	9472
8384	2434	-7589	2449	10808	10696
7648	2243	-6206	2894	10836	10292
8424	1148	-7797	4128	12196	10560
6796	2454	-7232	2278	11364	9592
7124	2562	-6574	2453	11312	11276
6808	2872	-7631	3125	12912	10444
5976	2596	-7722	2909	12484	11404
5812	2201	-6674	2732	12336	11072
6428	1725	-7566	3229	14496	10736
5700	2200	-7737	2692	13748	11392
5172	1174	-6220	2691	13136	10728
5752	1217	-6563	2525	13940	10112
4988	1625	-6809	2350	14652	10636
3924	1311	-6285	2569	14444	9768
3796	1758	-5612	2380	14164	10544
3700	2058	-6031	1762	14116	10692
3028	1044	-5642	1895	14036	9864
2568	601	-5850	2138	14752	9084
2016	472	-5831	2677	15196	9304
1452	1153	-5795	2002	14584	8580
1380	972	-5359	2182	14024	8528
1272	1856	-5264	2072	14160	10056
52	1980	-5546	2144	15364	9476
576	276	-6182	2244	15068	9052
-220	1867	-5797	1182	14664	9724
-524	708	-5454	2336	14680	9256
-752	-285	-6151	2879	15676	8480
-32	-21	-5759	2267	14588	9868
-696	-930	-5628	2287	15508	7804
-412	-403	-6222	2024	15852	8356
-688	1249	-5161	1199	15492	8956
-884	2254	-4765	881	15548	10124
-1644	1542	-5246	637	15632	9564
-1800	545	-4430	191	14668	9860
-1708	-507	-3926	252	14548	9292
-1716	-1503	-4581	653	15064	9292
-3212	-648	-4599	1	15320	8976
-2684	-1046	-3939	421	14656	9144
-3544	-1709	-3831	624	14588	8196
-4140	-3187	-4224	390	15236	7208
-3828	-2161	-3707	-789	14924	8020
-2592	-1413	-2561	-724	14392	7384
-2856	-75	-3558	-755	15332	8076
-3392	-805	-3077	-353	14864	7976
-2672	-1665	-1890	-184	14580	7964
-2660	-1715	-2071	223	15148	7392
-2596	-2271	-1622	732	15008	7272
-2820	-1909	-928	622	15488	7056
-2644	-724	-394	356	15244	7344
-2696	84	790	540	14600	7856
-2816	641	1162	63	14856	7944
-3080	503	1601	-51	14848	8932
-2176	-302	2247	247	15080	9352
-2152	-883	2075	612	15680	8976
-2240	-2142	2493	683	16524	8796
-1464	-2752	4028	239	16040	8732
-532	-2631	4354	-47	16436	9408
-264	-2921	4495	-104	16828	8224
-232	-3152	5755	239	16520	9584
-56	-3624	6806	949	16952	9640
-92	-5171	7081	1684	17368	8092
468	-5291	8365	1448	17044	8300
812	-3179	8871	735	17292	9460
780	-3910	8724	1218	17932	8768
540	-4182	10037	668	16372	8804
1704	-4510	10981	819	17132	8672
1380	-3283	10016	787	18400	9244
1352	-3450	10894	221	16292	9976
2188	-3355	12027	-500	15656	8668
3084	-3623	11025	-373	16556	9972
3220	-4482	11018	-405	16556	7808
3788	-3521	11895	-1090	15744	8864
4396	-2972	11593	-1366	15488	9268
4904	-2812	12195	-1675	14516	9404
5780	-4407	11583	-1134	15408	9324
6340	-4736	11316	-1489	14592	8880
6640	-4921	11566	-1314	14336	8092
7244	-4621	11684	-1549	13608	7616
8184	-3404	11831	-2352	13364	7964
8980	-2623	11391	-2597	12832	8428
8672	-2597	11944	-2699	11836	8120
9544	-3009	12124	-2376	11336	8516
9560	-3697	11337	-1972	11000	7216
9772	-4056	11013	-1710	9952	7740
9760	-4053	11179	-1506	9380	6656
10384	-3966	10371	-1355	8816	6876
9980	-2751	9845	-2061	7596	6912
9696	-2701	9630	-2029	7172	6592
11164	-2362	8793	-1831	6264	7628
11620	-2421	8126	-1868	6044	6588
11648	-3746	7137	-1289	6240	5732
12224	-3689	6960	-1233	5504	6036
13544	-2877	7078	-1083	5340	5320
12972	-2549	6033	-906	5404	5432
13224	-2265	6336	-963	4052	5872
14008	-2808	5640	-48	4584	4148
12736	-798	5509	-922	3452	6848
13160	-1462	4992	-323	3916	4312
13528	-437	4543	-379	2440	6684
12180	-613	2400	4716	13020	372
3123	-439	1780	7208	12940	557
2561	-840	1840	4716	11720	144
2118	-557	1404	5856	12764	584
890	-462	1624	6520	12048	1222
-1	-740	1952	4304	12808	53
-643	-54	2004	5888	12192	2437
-1347	-450	2584	6864	12828	1094
-2256	308	2440	6544	12480	1011
-2767	-119	2580	6532	12772	762
-3531	532	3492	4820	12760	1584
-3957	438	3148	6304	12300	3310
-4012	-265	3352	6656	12280	2703
-5312	696	4292	4816	11516	4220
-4317	-502	2864	8952	13464	2320
-6839	1132	6516	6364	12500	3213
-7381	409	4504	8672	12544	2432
-5652	877	5808	7916	13872	2158
-7768	1875	7600	7868	12528	3104
-6894	1377	6804	8432	12692	2666
-6431	1669	7520	8604	12536	3812
-6852	814	7656	10136	13068	2436
-6936	1280	8540	8200	12592	1881
-7295	1286	8568	9612	11400	2721
-5679	616	8276	8400	12840	1307
-7266	2054	10280	8116	10412	4884
-7607	60	9268	9748	10068	3536
-5919	1047	9076	8856	10168	3453
-7274	1452	10132	8684	8440	4520
-7444	782	9896	9824	8816	3567
-7984	1749	10640	9128	8416	4011
-8721	1881	11224	9672	8004	4571
-7620	1271	10152	10256	8860	3876
-8543	2089	11904	10948	7904	3147
-10205	2531	13804	10756	6108	3417
-8390	1933	12144	11060	8048	1547
-7788	2878	12800	10288	6728	2494
-9819	2082	14008	9888	6104	2180
-8138	1889	12656	11168	6792	1596
-8048	2628	13764	9804	5720	1339
-9798	2615	14832	8860	4956	2392
-8200	1675	13344	11096	3904	2059
-7360	2285	14696	8932	5020	2010
-8987	2531	15360	10516	3348	1684
-8502	1750	14588	9528	3116	1657
-7118	1680	14240	9732	4140	1404
-8388	2205	15768	9924	2836	1612
-8567	1731	15836	10356	2492	95
-7513	2071	15656	9060	1920	84
-7138	1879	15788	10304	1548	-692
-7350	2110	15424	8368	1728	-210
-6965	1669	14988	9492	772	147
-6510	1703	15712	9372	132	-296
-6392	1502	15324	8096	1524	298
-6516	712	15004	8860	120	558
-6301	812	15492	9248	-896	470
-5339	897	15644	8644	-952	705
-5657	803	15540	9628	-700	-259
-6771	622	15184	8616	-1612	-576
-5768	865	15092	9584	-1872	-1201
-4951	1205	15332	8080	-1536	-1190
-5264	781	15556	9040	-2324	-928
-5903	-68	15876	8716	-2780	-1414
-5382	31	15316	8012	-2128	-2001
-4427	464	14612	7080	-1736	-780
-4429	-64	-2372	-269	-4174	19
15268	8144	-2404	-221	-3400	29
15192	9044	-2472	-132	-3462	-619
15384	9212	-2784	-1703	-3833	-337
15524	8788	-3204	-3010	-3162	6
14600	7836	-2516	-2807	-2486	-204
14736	7120	-2532	-2578	-2427	-5
14992	6920	-2564	-1409	-1450	-296
14728	7264	-2516	-34	-744	-391
14840	7580	-3192	741	16	-435
14732	8040	-3008	670	522	-380
14520	8040	-3132	278	101	-226
14812	8204	-3684	-291	527	234
14492	7664	-3556	-69	1584	481
14248	7880	-3068	376	1058	381
14948	7680	-3256	-14	985	397
15148	7524	-3192	222	2078	456
15396	7916	-2128	226	2357	855
15588	7728	-2376	130	2556	664
15424	8700	-1516	-1559	2565	1443
16848	7000	-872	-789	3442	1874
15760	9628	-976	-1974	5334	2607
15972	8216	48	-2901	4873	2712
17136	8396	-880	-2545	5364	2025
16848	7172	-76	-1494	6794	1735
17392	8056	-404	110	7605	1589
16920	9776	112	-1648	8274	1607
17140	8632	604	-2254	8060	731
17560	8436	-8	-3013	9573	429
17136	8364	1704	-3503	10087	780
18348	7216	1248	-1282	10981	-392
16372	8972	1796	-1057	10799	-354
17696	9376	1208	-1854	9815	52
18240	9004	1648	-3722	11536	419
15868	8440	3660	-3796	11814	109
16972	8140	18064	8924	3224	-3184
12304	-627	15544	7388	4908	-2864
12475	-1039	16248	8352	4344	-2001
10972	-1467	16184	8440	4776	-2754
12374	-1087	14964	8612	6032	-3531
12279	-986	14448	8648	6500	-3967
11704	-1077	14948	8140	6888	-3830
10994	-1089	14180	7940	7256	-4534
12023	-954	13084	7168	8220	-3599
11301	-1354	13904	7936	8448	-3468
11098	-1416	12684	7112	8752	-3806
12213	-1456	11636	6836	8960	-2900
11735	-1638	11660	7140	10052	-2820
10837	-1610	11184	7628	9860	-3497
10903	-1809	10104	6784	9884	-3671
10879	-1623	9556	6780	11136	-3888
10715	-1154	9204	6256	11476	-3505
9670	-1031	8444	6776	11212	-3489
9989	-1183	7924	6424	11988	-4227
8768	-785	8020	6704	13256	-3875
8918	-1052	6896	5848	12048	-3743
8802	-989	6900	5400	12404	-2769
5132	5412	13608	-2379	7651	-1505
6008	5648	12444	-1723	6753	-1871
4884	4804	12940	-3339	7773	-1193
4136	3456	13724	-909	6329	-1840
3512	5832	12512	-1024	5667	-1503
3956	3428	12568	-1292	5788	-1208
1796	4808	13740	-266	5072	-1482
3676	4588	13552	-1499	3074	0
2468	2780	12624	1004	5215	-1613
2288	4672	13800	3268	3383	-1391
956	6928	13608	2482	2868	-1753
932	7280	12812	-537	1438	-306
2284	4260	12708	-1573	1877	143
-36	4472	13632	1175	1135	-864
1304	4764	11408	2426	-556	-638
908	5404	12140	1767	-467	-456
652	6608	12268	489	-2710	-6
1772	4420	11672	223	-3296	59
1096	6296	12964	228	-3693	446
3052	3440	13040	1444	-5143	692
-8166	-7634	18697	3055	22528	-29685
-30693	23346	31490	5094	-4091	17425
-30699	20783	-21498	21478	17408	25612
-10213	-29902	6658	-8475	-6142	16405
-17390	-11725	778	22241	-16381	25620
-25572	7215	16912	21222	31746	-19434
2076	2870	22796	-26146	7540	8396
12460	4119	-7816	-27	6180	8736
13184	1680	-7423	1176	7860	6520
13248	3052	-9275	1284	9088	7860
7304	9116	12548	3806	-7996	1065
9368	7584	11404	5093	-8585	290
8344	10076	11608	3825	-8213	811
10044	7708	13308	3742	-9736	1907
10868	9416	9216	5937	-8003	348
9888	10656	10436	2382	-8138	1818
11280	7520	10648	4056	-8623	1294
11024	11608	9336	3392	-7679	1523
11360	9536	12144	9960	8888	1853
-8089	1342	11872	9752	9516	1270
-7852	1249	12348	8340	7604	2343
-8747	910	13212	9652	7240	3057
-8072	321	12480	8976	7476	2825
-8228	743	13444	8860	6708	3166
-9325	949	13984	9700	5764	3434
-7584	1586	13508	10640	7016	1396
-7905	2996	14344	9724	6144	1634
-8773	1968	14648	9788	5768	807
-7520	2259	14468	9016	6100	1400
-7001	2382	14456	9524	5544	2494
-6902	1616	14584	10188	4488	1132
-7409	2018	14580	9516	3568	174
-6771	2479	14524	9540	3736	-515
-6657	2767	14816	8636	3500	-539
-7113	2329	15056	7764	2688	994
-6915	1656	14928	8508	1644	1962
-5808	1506	15428	8668	15264	9136
912	1452	-6644	1725	15572	7964
-164	1145	-6339	1486	14852	9360
740	198	-6126	1885	15108	7508
1184	957	-7154	1591	16168	9260
-384	1040	-6580	1324	16052	8136
-464	227	-6073	1714	15996	7612
-728	136	-6902	1580	15912	7240
-1144	1006	-6569	1039	15528	8048
-1496	918	-6090	1437	15388	8124
1192	-78	-5828	1934	15624	8324
0	246	-7111	1554	17552	8832
-1052	-453	-5398	1146	16848	8388
-92	-476	-4067	787	16256	8468
-1184	-202	-4433	377	16084	9640
-2228	-1643	-4328	175	15508	8128
-2672	-2639	-4025	-158	15416	8316
-1928	-3116	-3675	-140	14216	8440
-2860	-3558	-4228	-236	15044	7172
-3876	-4143	-4723	667	15780	6708
-3856	-2463	-1509	352	13648	7420
-2480	-1799	-1869	85	14916	7188
-3272	-1106	-3790	-670	15792	7412
-3948	-1085	-2553	-1335	15088	7388
-3216	-972	-1905	-1466	15004	7104
-2684	-398	-2555	-1459	15516	6952
-3480	210	-2249	-1439	15240	7336
-2968	-712	-751	-722	15060	6424
-2552	-145	6	-394	14740	7380
-2676	40	144	-235	14996	7268
-2932	140	-89	-63	15168	7044
-3612	-578	702	304	14956	6052
-3216	661	1472	332	14744	6852
-3412	2045	1414	251	14912	7104
-3828	2287	1757	333	15248	6916
-3268	2466	2688	233	14616	7672
-2988	2061	2399	523	15728	7008
-3056	1415	1799	378	16520	7488
-2272	753	3171	-119	15808	9016
200	-1532	2581	1977	17812	6600
-2388	-335	4168	1159	16576	8808
920	-2175	7390	2392	17068	6912
332	-300	4802	1652	18612	8836
-1804	-791	7950	1401	17008	9116
172	-2698	8740	2181	17660	7804
-56	-2543	7827	1411	17588	7572
-480	-2721	8456	779	17784	7352
-56	-1976	9471	648	17540	8080
1112	-2062	10236	1112	17940	7640
1040	-1349	10433	140	17748	8668
944	-1976	10738	203	18088	7860
2028	-2771	11476	522	17292	8364
2488	-3456	11638	466	17756	7896
1868	-3421	11708	12	17092	7832
2724	-2632	12474	-271	16688	8208
3460	-2576	12315	-499	16276	8260
4032	-3013	12053	-945	16516	7740
4684	-3725	11671	-1242	16144	7664
5960	-3568	12517	-1114	16036	6888
6600	-2442	12670	-1292	15024	8124
6020	-2715	12396	-1627	14840	8804
6932	-3682	12038	-1554	15164	7284
8784	-4749	12321	-1052	14104	7056
8380	-3888	12751	-1900	13612	6804
8832	-2976	12044	-2186	13936	6660
8940	-2304	12984	-2594	11692	6488
9280	-1720	13024	-2866	11348	7240
9280	-2139	11596	-2655	10800	6876
10060	-3059	11908	-2210	9720	6112
10100	-3352	11479	-1837	8788	7116
10560	-4390	10290	-1069	8592	4980
10396	-4300	10082	-327	8052	5864
10996	-4147	9975	24	7604	5212
12168	-2710	9317	-977	7224	5652
6804	4836	12144	-851	8948	-2135
5476	5452	12956	312	8179	-2500
5704	6408	13892	-1043	6395	-2003
5472	5348	13144	-1987	7526	-1639
4416	4884	14616	-1799	7247	-907
4944	5160	14064	-994	5752	-1159
4116	5996	13932	-1623	6532	-1646
3756	5172	15036	-1619	5891	-1072
3952	4296	13960	-51	6732	-1458
1908	5836	14464	396	5295	-1290
3232	5064	14048	-393	4836	-839
1376	4576	12500	1860	5992	-1666
876	6512	12940	793	3392	-645
1332	4688	1100	6600	13088	-1421
2283	-151	1296	3764	13996	842
3162	-1125	108	5432	13760	1024
746	-714	232	6080	12584	552
1959	-280	-88	5640	14448	841
-333	147	1792	6424	12880	582
-241	-274	-1048	5580	12884	-16
-23	-429	224	5664	12816	1152
-2542	-8	1068	7536	12984	-98
-2538	211	692	5516	13248	61
-3085	-280	1256	6440	13660	790
-3307	-74	1428	6388	14160	1153
2240	5948	13776	1141	-4226	-343
2012	7380	13912	284	-4279	149
2400	6144	13848	949	-4224	-170
3096	5928	14400	1276	-5506	104
3600	7284	13560	622	-4952	542
3620	4904	13452	2136	-4997	179
3536	8016	13572	3184	-5515	-212
4876	7092	12996	2039	-6536	475
4464	6532	13300	3064	-5136	-357
5036	7960	13884	3045	-7021	1030
5364	8060	13688	1439	-6907	833
6152	8064	13132	1791	-7156	1003
6988	7680	12804	3038	-6673	134
7044	8848	13060	1682	-7176	600
7472	7852	12488	3116	-6803	-6
7412	8596	12640	2425	-7072	647
8168	9260	12252	1764	-7538	1026
8912	8116	11860	2249	-6968	719
8600	9324	11968	2083	-6926	744
9552	8800	12016	2429	-7494	523
9792	9428	11372	2259	-6639	479
9864	9044	11624	1710	-6885	1361
10508	9284	11408	2142	-6489	845
10276	9752	10900	1335	-6857	793
11108	9112	10540	2084	-6298	456
10744	9436	10152	2353	-5983	526
11100	9452	9744	2439	-6703	694
12076	8568	9220	2291	-6004	681
10840	10452	9644	2663	-5033	559
11408	8724	9056	2185	-6796	1154
12636	9876	7852	1859	-6278	862
11980	8736	7800	2841	11484	9596
7900	1724	-6301	2117	12884	9268
7436	1611	-6428	1307	13176	9324
7216	1373	-5348	1443	12652	9296
7424	1762	-5626	1909	13276	9628
6376	2327	-5686	1330	12972	10236
6408	1265	-5441	1529	13324	9196
7012	1486	-5648	1566	13660	9436
5992	2054	-4698	1366	13500	9748
5768	1777	-4782	1689	14080	10076
4756	1873	-5614	1424	14284	9596
4312	1335	-4957	1361	13340	9172
4212	1506	-4397	1495	13348	8672
4356	1379	-5381	1659	14668	9332
32525	19719	10729	27653	7225	23586
19468	-8440	11756	-29692	-22473	6177
-2291	19978	494	-13308	-25546	3108
4363	-23541	747	28677	-10181	-17372
27400	-6390	11755	25605	28730	31781
15114	-10492	-10003	20486	-31688	-29663
5385	24323	-18452	-25593	15296	9088
1888	1054	-3939	1989	14908	8764
1640	1094	-4176	1539	14688	9296
1340	744	-4064	1623	15400	8800
704	724	-3960	1755	15188	9276
200	-255	-3950	1857	15068	7928
440	55	-4016	1450	15024	8504
-112	314	-3639	1404	15264	8060
-596	271	-3702	1437	15340	7800
-8	536	-3672	1310	15276	8052
-672	832	-3835	1558	15372	7928
-1312	1090	-3156	1194	15564	7580
-1284	1469	-3135	904	14924	8880
-1072	983	-3423	543	14968	8028
-1668	-67	-3898	1046	15380	8160
-2212	-1170	-3330	1538	15364	6944
-1744	-516	-3533	1534	15444	7184
-2104	26	-3612	1324	15472	7348
-2316	1082	-2926	828	15104	7608
15012	6796	-1648	1368	-2934	562
15340	8120	-2488	1256	-3245	651
15576	8200	-2832	-5	-2507	1058
15372	7320	-2168	-623	-1986	1160
15256	8168	-2044	-371	-2259	793
15500	7884	-2748	-939	-2322	779
15828	6836	-2632	-833	-1538	719
15584	7136	-2564	-93	-855	516
15076	7476	-3072	335	-755	78
15048	7180	-3128	663	-853	-437
15272	7048	-3152	284	-488	-322
14904	7612	-3500	210	-290	-138
15124	7136	-3676	-573	-265	237
15200	7140	-3824	-1041	-179	353
14700	6784	-3992	-848	-398	273
15024	6804	-4064	-1156	-529	445
14980	6260	-3984	-500	25	3
14736	6676	-3812	-179	-108	-209
14896	6548	-3904	174	-266	-146
14984	6852	-4076	-41	-117	10
14840	6640	-3664	353	-270	-62
15024	6632	-3980	764	-268	157
15212	7212	-4156	798	-118	87
14844	7088	-3828	370	249	-16
14556	7448	-3744	31	-282	-51
14700	7012	-4648	-373	-601	514
14544	6840	-4968	-991	42	525
14816	6292	-3940	-1000	472	293
14384	6784	-3792	183	-112	-298
14908	7188	-4668	1	-509	-35
14796	6704	-4256	-204	261	-38
14560	6680	-3964	-150	-60	24
14672	7276	-4488	-512	-544	1
14828	6624	-4412	-751	-734	172
15056	6504	-4096	-98	-535	-80
14932	6560	-4336	-23	-359	105
14548	6644	-5104	-482	-450	267
14992	6820	-4292	-864	-34	133
14808	6264	-3860	-765	69	319
14820	6708	-4312	-171	-138	165
14808	6836	-4488	-622	-281	334
15000	6536	-4288	-684	-182	208
15092	6296	-4008	-510	231	273
14624	6848	-3944	-439	76	452
14860	6572	-4268	-629	-255	500
15100	6484	-4364	-932	307	405
14880	5960	-4004	-313	317	265
14824	6664	-4704	20	-40	292
15040	6636	-4748	-333	223	364
15136	6404	-4396	-565	301	444
14808	6704	-4176	-254	208	182
14660	6492	-4716	-534	-132	443
14944	6376	-4400	-318	191	362
15144	6216	-3972	-62	476	357
14720	6504	-4660	347	78	32
15152	6812	-4760	-192	32	46
14956	6340	-4324	-518	355	201
7808	7332	-1844	2560	-13455	1942
17672	6960	-7656	-211	-7300	1803
15944	4524	-7152	-913	-2933	234
15208	6604	-6952	161	-518	-287
15384	5944	-6044	431	2739	-147
15028	5960	-5756	1989	4099	-429
14864	6180	-5412	2801	4659	-1196
14228	7560	-4468	2029	2183	-1099
14288	4584	-3580	2894	731	-2108
13948	6072	-4952	4169	-2029	-3332
13684	7396	-5060	3388	-2982	-2743
15116	7976	-6624	-272	-1457	-1066
15204	5068	-6512	434	347	-1191
