0	0	0	0	0	0
-13152	-4148	11296	95	1039	-1037
-13876	-3260	7660	-399	-337	-975
-14340	-2940	8004	80	-1005	-1128
-13616	-2880	8104	-462	-2323	-1260
-12956	-3368	8316	1057	-888	-568
-12040	-3420	8984	3049	2908	3516
-12864	-3320	7108	4839	10909	6876
-18672	688	7348	-7275	-2475	624
-10404	-8012	6860	-2526	-1556	2406
-14824	-1144	6624	1680	2897	-228
-14884	-1760	7144	-1543	-1832	778
-13184	-3108	7304	-147	-102	255
-14312	-1880	7212	-704	-488	254
-13660	-2568	7368	-878	-431	325
-13888	-1936	7540	-457	111	122
-13744	-2440	7520	-462	-40	-10
-13688	-2588	7392	-173	225	-85
-13952	-2356	7304	-263	142	-130
-13912	-2328	7448	-601	-98	-46
-14092	-2644	7128	-516	-41	-164
-14332	-2624	7416	-551	-278	-186
-14332	-2780	7224	-155	-170	-360
-15728	-2480	7088	743	-22	-742
-15804	-2372	7364	-79	-1049	-941
-14860	-3068	8088	165	-855	-1217
-16120	-2564	8064	-345	-693	-1511
-14880	-2592	8436	-603	-1109	-1176
-14480	-2552	7948	80	-236	-1522
-14732	-2788	8092	736	-113	-1787
-14724	-2196	7828	963	224	-2106
-14480	-1748	8092	-133	377	-2327
-15228	-3040	7744	-471	624	-2497
-14476	-4016	8504	-575	236	-2277
-15032	-3032	8276	-13	889	-2700
-15192	-2624	7636	-733	240	-2546
-14644	-3500	7584	-755	380	-3103
-15080	-3444	7716	-80	164	-3186
-14012	-3012	7344	-46	104	-3418
-14392	-3000	7572	-110	194	-3475
-14280	-4348	7676	-1564	-151	-3230
-14056	-5920	7296	-1428	-190	-3199
-13640	-4384	7776	216	-116	-2699
-13080	-4180	8008	-339	-587	-2262
-13736	-5300	7200	496	-89	-2005
-12652	-4284	7816	421	-262	-1661
-13380	-4112	7984	-1200	-42	-1203
-13972	-5132	7264	-750	-82	-998
-12000	-5000	7668	1057	32	-1447
-13060	-4452	7812	1897	610	-1497
-14112	-3340	7296	-569	258	-852
-12700	-4648	8348	-1996	286	-679
-13988	-4732	7432	-587	631	-904
-11940	-4148	7808	-197	462	-876
-12908	-3676	7792	-834	1075	-1361
-12596	-4000	7652	-1459	720	-973
-12432	-5544	7512	-1467	640	-1372
-11992	-4728	8620	-439	1123	-1501
-12136	-5216	7820	-1002	1364	-755
-12384	-6332	7836	-1946	1093	11
-11192	-6348	5792	410	1707	-187
-12400	-5876	6564	1888	1650	-83
-11996	-6160	7100	871	1653	891
-11588	-5036	6992	-684	1334	1483
-12492	-7272	7212	-689	743	1549
-11704	-5116	7024	-1139	582	2371
-11840	-5044	6096	-2322	293	2408
-12980	-5620	5972	-1533	-176	2038
-13052	-4300	6456	-1197	104	2861
-11792	-3976	6200	-4439	-433	2747
-11824	-4896	4716	-4321	120	1950
-13140	-6788	7500	-1527	755	1762
-12924	-5544	6412	1056	554	1410
-11336	-6176	6752	-654	707	1081
-12684	-5188	5720	171	1192	1075
-13012	-7380	6244	1211	1248	1372
-12604	-6380	5896	2096	987	958
-12916	-5380	4200	1842	311	910
-13172	-4132	5820	-439	333	1483
-12652	-5808	6664	-876	-326	1155
-14216	-3780	3844	225	-16	879
-14628	-4032	6952	1457	-40	1672
-13084	-4300	7856	-53	-1255	563
-13420	-3640	5096	-1263	-580	272
-12628	-4996	6892	-2691	-908	771
-13584	-5528	7204	786	277	391
-14420	-5596	5968	1440	-938	-230
-12328	-3180	6900	1165	342	105
-13332	-4976	7168	-1233	-434	-107
-12924	-4732	5300	-2851	-815	342
-12648	-5724	6436	-2553	-335	714
-12700	-4876	6660	608	-73	-791
-13272	-5896	6508	-167	-404	-1193
-12412	-4224	6108	-953	-271	166
-12936	-5220	6904	-1404	-708	-575
-12400	-5284	7156	-3138	-1164	-958
-12800	-4940	6320	-1777	-148	289
-12796	-5820	7000	18	-537	-417
-12636	-4576	7264	-843	-299	-711
-12660	-4236	7368	-1429	242	203
-11688	-5096	6676	-1604	-222	-435
-13424	-5048	7140	-2835	61	-515
-13132	-5264	7344	-1114	528	635
-12156	-4796	5992	184	103	-189
-14440	-4356	6376	-294	271	432
-13280	-4340	6908	99	333	1652
-13092	-4604	6404	-75	-225	430
-14016	-2088	6320	-239	-444	1004
-13200	-3228	7328	-1894	-1020	1281
-13020	-4344	6872	-1825	-1113	606
-13620	-2024	6488	-837	-407	97
-14016	-2860	6952	-712	-800	23
-13736	-3336	7392	-396	-802	-779
-15016	-2868	7324	-1355	-964	-538
-12552	-3224	7360	-1409	-1009	-642
-12920	-2836	7924	-2068	-784	-1209
-13560	-4492	7652	-1411	-507	-796
-12420	-4236	7872	-1286	-253	-833
-13092	-5268	7316	-916	450	-1339
-13668	-4752	7168	-26	545	-821
-12108	-3468	6724	-345	602	-642
-13508	-4944	7180	-745	555	-857
-13776	-4044	6736	-449	269	-317
-12672	-4192	6420	-1345	-101	-90
-14496	-5928	6676	-1249	-55	-203
-14736	-5024	6648	-955	-342	747
-12356	-4448	6372	-520	-1050	1147
-13100	-5352	6720	-262	-875	439
-13552	-4396	6580	637	-834	811
-11344	-3472	6196	1263	-782	1016
-13484	-4328	7040	534	-296	101
-14436	-4584	7496	480	-531	753
-13492	-4496	7204	302	-381	1169
-13876	-5140	7080	1312	-230	1164
-15052	-3608	8168	1719	-392	1407
-13708	-3784	7596	994	-678	1284
-13292	-3776	8044	927	-106	879
-14396	-2704	8276	783	-254	1282
-14068	-4536	7636	718	-140	1388
-14128	-3716	7272	1338	343	1112
-14088	-3116	8208	1448	59	1251
-13824	-2152	8424	518	199	1202
-14196	-3472	7036	482	167	747
-14296	-3324	7292	-497	-205	670
-12988	-3264	8712	-652	261	1160
-14768	-3264	7832	101	404	1170
-13312	-3556	7420	1290	334	1094
-13572	-2232	8892	1078	615	1108
-14300	-3216	8588	-545	441	1364
-14176	-2800	8156	-818	828	1694
-14660	-3112	8064	-923	501	1685
-13880	-3312	7900	145	419	1617
-14052	-2640	7808	565	441	1778
-15540	-3120	7612	-247	390	1826
-14420	-3000	7700	-342	110	2070
-14756	-2168	7720	-292	-9	1857
-14392	-2580	6632	-47	-163	1626
-14008	-1896	7580	330	-179	1384
-14004	-2096	7404	-188	-267	1472
-13840	-2024	7088	-157	-55	1209
-14436	-1652	8232	87	54	979
-14256	-2156	7272	141	316	1102
-14008	-2028	6600	1332	526	780
-14972	-1176	8684	1104	303	570
-14708	-976	7940	-194	-53	764
-14648	-1524	7344	-853	-100	511
-15504	-1704	8408	-741	-208	-1
-15076	-1680	8292	84	-287	-40
-15032	-1452	7880	437	47	-339
-15940	-1156	7728	-145	408	-605
-15076	-1744	8452	-1112	-90	-594
-15300	-1192	7704	-714	-28	-1135
-15052	-1716	7764	-585	-277	-1312
-14120	-1988	8040	-229	-127	-1337
-14612	-1092	7724	-369	37	-1675
-14244	-1588	7772	-620	-240	-1822
-14556	-1688	8100	-1056	145	-2145
-14516	-2148	7652	-1382	104	-2093
-14704	-2916	7428	-994	-98	-2299
-15544	-2520	8008	-305	350	-2433
-15100	-2560	7968	-185	-84	-1953
-14600	-2648	7640	-109	-160	-2032
-15132	-1812	7924	-343	-188	-2082
-14640	-2760	7552	-1853	-626	-1823
-14572	-3096	7740	-750	-212	-2124
-14328	-1752	7984	-762	-305	-1819
-13604	-4032	7688	-315	-18	-2239
-14216	-2580	7876	1317	700	-2642
-13824	-2452	8496	737	469	-2165
-13832	-3548	7772	935	1070	-2532
-13496	-1768	8244	1437	1126	-2357
-13596	-2692	7700	845	1113	-2575
-14356	-3332	7896	871	1406	-2747
-13604	-3340	7684	338	779	-2284
-13208	-3360	7772	323	800	-2622
-13336	-2104	8192	164	773	-2064
-12896	-4048	6892	-1997	213	-1523
-12780	-4452	7232	-1387	1087	-2172
-11636	-2940	7880	121	1197	-1736
-13144	-4804	7444	376	1458	-2207
-13280	-3980	7660	392	1924	-2025
-12780	-4632	7076	-606	1636	-1284
-12952	-4772	6532	-522	1763	-1157
-12664	-4240	6348	1100	1981	-1122
-13136	-5076	7564	1205	1655	-1201
-14212	-3448	6736	-164	1280	70
-12460	-4592	6132	-2094	288	223
-13564	-4648	6328	-1035	173	143
-12880	-3248	6352	-1967	-308	741
-11464	-5032	5664	-2649	-579	263
-13120	-5556	6328	-2383	-367	212
-12532	-4920	6772	-1459	-6	846
-11912	-6720	7340	-1303	-110	653
-12168	-5760	6168	2170	1023	-131
-12524	-3932	7580	1894	900	431
-13148	-4716	6648	-236	1092	452
-12840	-4548	5736	-398	886	240
-12804	-5864	6840	-369	938	62
-12412	-5652	6072	1553	1888	247
-12896	-5400	5696	1151	631	68
-12508	-6084	5508	94	9	-25
-12520	-5152	6776	-724	297	503
-13628	-5172	6456	-1194	-505	893
-13796	-6248	5948	-359	-412	555
-11956	-4976	6760	331	-392	879
-13300	-3816	6400	0	-189	293
-13300	-4980	6648	-2094	-777	334
-12976	-5068	6648	-1141	-5	-159
-13748	-5228	6780	-459	-547	34
-12932	-5860	6456	-964	-406	217
-12720	-5544	6720	-563	-27	59
-12428	-5680	7072	-1222	-664	-239
-11700	-6468	6148	-2047	-267	56
-12128	-7060	6356	-2040	-364	-26
-12580	-7796	7280	-1355	-362	438
-12364	-6852	5976	-18	-17	587
-12344	-4976	6344	-82	-4	628
-12588	-5572	6968	-1114	-313	923
-12196	-4872	6364	-1512	-79	614
-12812	-4792	6516	-2077	-51	381
-12876	-5552	6920	-2016	-30	547
-12196	-4256	5768	-1675	-48	619
-13792	-5772	6700	-2505	-196	1298
-14116	-5816	7328	-969	7	2615
-12644	-4300	6912	-35	-98	2933
-12576	-3608	6844	561	271	2206
-12608	-3616	6948	307	459	1735
-12620	-3192	6388	-465	299	1808
-13960	-3240	5984	-906	465	1634
-14412	-3460	6536	-1179	238	1993
-14040	-3252	6444	-869	77	2308
-15044	-2548	5540	-200	26	2287
-13976	-1952	6536	-745	-191	2292
-13640	-1892	6336	-1516	-559	1924
-15196	-2344	6268	-1223	-838	1129
-13476	-1396	6784	-1621	-1177	1242
-14164	-1788	6608	-2398	-732	367
-14120	-2916	6532	-2141	-866	104
-13532	-2132	6700	-436	-725	-63
-13620	-2328	6600	-405	-339	-1145
-15240	-3544	6952	-114	-58	-1262
-13372	-2232	6596	-200	-415	-491
-13128	-3864	6536	-605	-78	-1285
-14968	-3132	6904	685	143	-1425
-13672	-1756	7128	337	-413	-1000
-13252	-3000	6272	-1176	-491	-1005
-15300	-4836	6640	-597	99	-947
-14444	-3800	7580	-91	-514	505
-12592	-4064	5832	600	-652	218
-15732	-4800	7328	1857	-448	-23
-13428	-2580	7308	1280	-794	1239
-12532	-3240	6336	-70	-681	1370
-14764	-2652	6472	-48	-1076	1309
-13496	-2908	6688	390	-1256	1163
-11904	-2216	6552	1113	-998	613
-14068	-1892	7012	704	-769	-48
-14992	-2256	7972	-619	-887	626
-13352	-3408	7552	-1194	-622	957
-14392	-2908	8032	-442	-145	423
-14204	-2728	8300	326	-339	780
-12576	-3324	7452	1038	199	915
-13008	-2924	6940	1744	450	865
-13928	-1780	7832	322	492	1125
-13408	-2396	7756	-974	221	1433
-14444	-2144	6892	-1386	99	1688
-14260	-1968	7480	-1244	76	1667
-14032	-2496	7392	-643	-65	1545
-13884	-3736	6776	984	-175	1521
-14348	-2188	7596	1860	-198	1866
-13116	-2196	7888	1301	-52	2855
-13312	-2452	7564	218	-82	3186
-14164	-1748	6924	636	-161	3282
-13804	-1332	8140	1397	-156	3386
-14744	-1368	8984	1967	273	3093
-16028	-40	8684	1444	588	2788
-15292	268	8156	308	867	2520
-14540	-148	8504	334	838	2427
-14972	-316	7096	1415	538	1645
-14516	1108	6560	1610	5	1388
-13776	-88	8072	757	87	965
-14968	712	7640	-189	-107	1224
-15160	-464	6736	-866	-564	1400
-14864	-536	7904	-442	-264	870
-15180	432	8408	243	-43	908
-15260	-512	7736	235	88	859
-14628	-12	8176	872	562	511
-14812	992	8644	-139	297	618
-14500	472	7224	-954	159	671
-14404	520	7736	-796	168	313
-14608	460	7836	-573	-125	357
-14768	360	7104	-419	-117	-120
-14676	936	7228	-653	-159	-546
-14488	580	7796	-1009	-205	-566
-15224	-284	7132	-670	-485	-675
-14632	212	7756	-350	-303	-1040
-15176	20	8008	-414	-54	-1152
-15224	68	7304	-345	-336	-1331
-14924	680	7472	92	-210	-1865
-15632	884	8276	-398	-352	-2054
-15016	-220	7972	-711	-637	-2644
-15100	364	7832	92	-445	-3306
-16764	300	9184	-903	-542	-3444
-15412	-1072	9000	-2153	-824	-3244
-15376	-1120	8588	-2206	-515	-3570
-16024	-668	8684	-1756	-527	-3543
-14672	-1308	8584	-1355	-336	-3836
-14824	-1012	7808	-874	213	-3970
-14784	-1596	7232	-755	229	-3542
-14300	-1964	8284	-954	491	-3828
-14608	-1120	7516	-601	231	-3654
-13640	-1812	7240	-477	-33	-3819
-14772	-1536	7976	-1155	217	-3733
-13248	-2856	7592	-1466	-423	-3005
-13128	-3220	7064	6	-221	-3706
-13912	-2136	7876	-205	91	-3564
-12880	-3376	8404	-957	-106	-2885
-13060	-3996	8016	-245	47	-2841
-13240	-2340	8312	423	347	-2372
-12888	-3816	7328	46	162	-2270
-13260	-3440	7560	926	880	-2893
-13160	-1576	8432	-1035	631	-2129
-12856	-4324	8464	-1455	613	-2414
-13680	-3500	8064	667	1279	-2681
-12112	-2824	8792	21	1280	-2454
-13028	-3672	8072	-1700	1799	-2515
-12468	-4876	7420	-816	1940	-1938
-13280	-4812	7800	190	1920	-1774
-12448	-4136	7812	-168	2342	-991
-11344	-4320	6476	-485	2054	-907
-13396	-6124	6284	1009	2121	-1206
-12500	-4152	7220	973	1897	-620
-12052	-4468	6676	467	1350	-545
-13772	-4896	6520	52	1063	10
-12700	-3744	6080	-2032	646	819
-12352	-5468	6036	-2452	98	621
-13148	-4628	5732	-1478	-750	575
-12944	-4408	6476	-3194	-1332	1120
-12912	-5160	6864	-4301	-997	1323
-11880	-5220	6596	-1472	-424	993
-11768	-5788	5592	23	-164	-134
-12844	-3908	6816	47	1056	-88
-13608	-4676	7596	-1219	375	854
-13312	-4808	6036	-964	956	340
-12872	-4620	7000	146	1169	-130
-13012	-4136	6324	722	1361	-732
-14196	-4216	5864	-993	817	-102
-13700	-5852	5740	-1984	307	16
-11208	-6664	4740	798	631	-811
-13556	-5004	4128	1003	-112	-1536
-11764	-6668	5068	-2175	-804	-1233
-11628	-5972	6072	-3414	-1480	133
-13216	-7880	6412	-2439	-1817	-614
-12788	-7004	6180	-355	-1172	-598
-13584	-4988	9100	-274	-991	768
-13832	-7216	9252	-2151	-990	-279
-10704	-5856	5952	-657	298	128
-12072	-7004	7948	209	201	-830
-11636	-7456	6804	-1402	227	-1177
-12688	-7200	5284	-1800	481	483
-12360	-10040	6776	-741	-458	857
-11292	-7656	5816	-11	-238	1871
-11652	-7008	6188	235	-212	1880
-11556	-7192	6292	-790	44	1388
-11740	-6528	6572	-638	-357	1880
-11568	-4852	5860	-202	-533	1333
-12056	-6704	6360	-1248	-614	74
-12212	-6204	7232	507	215	1377
-12768	-4192	6408	886	548	1321
-12668	-6176	5684	-321	3	-210
-14988	-4784	7048	1203	933	1587
-14136	-4560	7252	-21	-162	3583
-12100	-5200	6344	749	-457	2184
-13460	-2080	7064	432	79	2125
-12552	-2836	7840	-1852	-624	3091
-12704	-4132	6332	-971	-404	1796
-13372	-2384	6632	-496	-13	1882
-13224	-2720	7256	270	185	2176
-14572	-3724	6360	-209	321	1137
-13972	-1568	6244	-243	-111	1952
-12016	-1552	6472	-1601	-1167	1667
-14748	-2776	6820	-1277	-1014	629
-13740	-784	7292	-1476	-1404	1011
-13216	-2996	7212	-2102	-1483	426
-14080	-3564	6800	-1036	-1109	73
-13232	-2680	7360	-55	-472	-95
-13536	-3004	7448	358	-119	-206
-13748	-3176	6564	665	348	147
-13848	-2812	7284	925	1155	18
-13588	-3116	7436	1261	1352	201
-13672	-3036	7004	2044	1298	383
-14812	-3516	5936	2320	1531	207
-14572	-1700	7236	456	513	1041
-13392	-2180	6504	-494	-371	1035
-14464	-2668	7612	263	-220	312
-14972	-1500	7480	-369	-675	737
-13684	-2852	6460	-775	-884	834
-14836	-2548	7200	-302	-262	368
-14560	-2504	6948	345	-488	752
-13444	-1964	7072	324	-577	545
-13964	-2240	7508	552	-428	325
-13044	-2288	7208	692	-277	422
-12876	-1476	7256	-558	-183	344
-13952	-2600	7260	-1608	-218	478
-13704	-2956	7836	-1429	-151	1114
-13648	-3084	7556	36	340	1109
-15464	-3168	7356	1255	293	894
-15380	-2180	7812	722	15	1094
-13208	-1496	7928	-411	168	1757
-14652	-944	7632	-1810	40	1808
-14692	-2528	6784	-990	-661	1445
-13404	-1748	7028	282	-387	973
-14052	-1376	7600	242	-258	641
-15688	-1964	7804	444	-534	858
-14416	-1980	7924	-442	-489	1145
-14224	-1552	8284	-592	-196	1649
-14288	-2764	6992	377	-329	1565
-13484	-1556	7776	1221	358	1350
-13400	-856	7472	979	586	1453
-15348	-1948	6948	581	-136	1305
-14528	-1028	7304	854	-229	1009
-14656	-516	8220	592	-285	1007
-15696	-1544	7856	82	-537	1237
-14996	-1700	7448	341	-546	1214
-14588	-692	8416	-9	-289	1009
-15288	-1348	7900	-434	-495	1190
-14076	-1248	7608	699	-14	840
-14292	-128	8764	378	154	874
-14484	-680	7676	-345	-19	793
-14192	-260	7520	-203	-47	416
-14196	-504	8872	-508	-208	438
-14636	-532	7996	-483	17	209
-14004	-748	7616	-371	165	-132
-14336	-320	8148	-127	348	-242
-14288	-604	7964	-211	442	-488
-14876	-404	7592	-4	579	-932
-15132	-288	8136	-118	331	-979
-15712	-940	8084	-669	280	-1042
-15932	-1200	8540	-997	216	-1100
-15972	-316	8976	-1235	373	-1316
-16036	-452	8672	-1354	158	-1300
-16340	-1788	7984	-917	-609	-1559
-15180	-296	8256	-952	-370	-2301
-14516	316	8088	-1484	-431	-2490
-15236	-732	7048	-2557	-96	-2996
-14016	-2000	8348	-1649	-270	-2974
-14380	-940	8076	-1279	199	-3379
-14516	-1244	7628	-977	241	-3544
-13640	-1832	7444	-958	-138	-3357
-14364	-2488	8132	-2338	137	-3836
-19556	-2264	9784	-1283	253	-4379
-16660	-2944	7776	-2079	-2276	-3491
-14144	-2676	7796	-1918	-1532	-3959
-12364	-1124	7584	-2934	-1597	-2960
-10500	-4296	5724	-2357	-838	-3404
-11336	-3944	7356	-405	241	-4140
-11584	-3528	7516	-184	383	-3406
-12944	-5108	7220	408	1030	-3043
-14488	-5712	7708	925	1320	-2367
-12284	-5016	7896	1817	796	-1114
-14216	-5516	8552	3055	1268	-2005
-14496	-2916	8296	2754	1651	-698
-11440	-3772	7992	117	1240	-191
-12488	-4260	7428	283	1991	-976
-12244	-2940	7828	-684	1882	-397
-12720	-3924	6892	-656	2183	-586
-12740	-4412	6672	1025	2189	-1336
-13512	-2540	7276	603	1766	-696
-13664	-2880	7004	-911	1469	-479
-14652	-4180	7740	-913	1158	-909
-13628	-3388	7788	446	1479	-953
-12596	-3304	6904	-463	1094	-1324
-13812	-3248	8040	-2232	282	-1207
-12924	-4316	7008	-4745	-108	-87
-12628	-5140	6576	-4268	68	467
-13044	-6340	6156	-1923	36	199
-10600	-5524	6424	-350	506	199
-11864	-4516	6696	-215	1014	-217
-12280	-5096	6976	-1713	905	723
-11808	-6492	5780	-697	1528	253
-13768	-5584	6784	20	1435	-325
-11696	-4376	5348	227	519	-53
-12420	-6408	6328	-1134	416	-387
-13204	-5564	5604	-1621	627	870
-13032	-7196	5524	317	707	365
-12584	-5296	5660	2631	248	-470
-13028	-3804	6112	2153	58	-536
-13444	-4320	6080	-563	-182	-571
-13384	-4632	7008	-1443	-136	-917
-13632	-5624	6332	-1437	-590	-784
-13192	-6148	5992	538	-97	-602
-12816	-4780	6168	730	-74	-825
-13476	-5840	6208	-662	-402	-620
-13324	-5292	6052	-358	-530	114
-12264	-5792	7432	-627	-795	-563
-12632	-5928	6232	-555	-226	-1022
-12684	-5744	7564	-1716	-934	92
-13344	-7656	7224	-1864	-369	-355
-12688	-6728	6488	-599	-486	326
-11848	-6584	6892	1094	397	264
-14584	-5028	7172	772	495	90
-13028	-6588	7432	-1455	-604	248
-12196	-6084	6356	-1934	-150	805
-11760	-5344	6732	-883	116	1087
-12096	-8828	6460	511	831	-280
-12424	-7244	6692	1058	487	203
-11772	-5472	6576	-547	187	1303
-13548	-8048	6248	-1965	-318	1759
-11520	-7620	6232	-387	-190	2350
-11528	-6132	5676	1204	64	1323
-12160	-4464	5372	-65	-1090	1209
-12172	-5444	6532	-2335	-829	2115
-12976	-4892	7732	-3544	-993	1860
-12264	-5720	5164	-2623	-583	952
-13136	-5412	6196	1246	753	1231
-12956	-4108	8428	2378	856	1390
-12056	-3420	6916	1586	1114	1304
-12648	-3040	6584	89	1543	706
-14724	-3796	7884	-634	1629	1402
-14064	-4592	6824	-13	1321	2128
-13284	-4576	6184	1197	1059	1693
-15252	-2732	5932	1402	1422	2288
-15028	-2572	5548	174	575	3506
-13724	-2280	5540	-1285	-797	3207
-14464	-1844	5972	-2118	-929	2904
-14764	-836	5944	-2352	-1067	2487
-12328	-1676	6124	-2647	-2075	1150
-14268	-1380	6956	-2620	-1591	454
-14064	-2144	7152	-3779	-1541	553
-12480	-3884	7836	-2467	-830	-118
-14776	-2976	7376	-731	82	267
-13592	-3844	6796	-87	466	564
-12732	-2276	6996	-267	1002	165
-14640	-3648	6312	-880	1309	819
-13296	-3416	6036	957	1344	929
-13916	-2532	6040	722	1252	153
-14640	-2960	6408	-356	522	1052
-13464	-2332	5292	-596	-101	1244
-12964	-2452	3112	369	6	598
-14608	-2048	6092	494	-615	281
-13988	-1704	4908	139	-1358	491
-13216	-2172	5444	-410	-1459	121
-14564	-2404	6304	-392	-1699	461
-14352	-3228	6352	-1265	-1638	672
-14540	-3896	7124	-274	-821	1005
-14348	-2908	7640	580	-982	1956
-13528	-3280	6844	1493	-749	1970
-13084	-2060	6464	2051	-358	1637
-14124	-1336	7424	1998	-148	1623
-13884	-880	6996	1023	-915	2013
-13144	-852	6884	536	-357	1510
-14736	-1016	7528	179	-32	862
-15376	-828	7156	263	-366	998
-13984	-1060	8220	81	-288	968
-14568	-532	8008	-293	283	593
-15104	-1220	6944	-110	-263	211
-14196	-968	8120	572	92	-6
-14600	-672	7824	80	261	-252
-14972	-1040	6956	-988	-245	-142
-15092	-2620	7780	-322	-486	48
-16060	-2156	8476	454	-109	-37
-15220	-1892	7736	786	110	-36
-14988	-796	8244	96	-163	274
-13764	-1152	8172	-994	-333	714
-13584	-1524	7360	-908	-427	482
-13476	-964	7532	-1025	-243	435
-13828	-1052	7764	-1698	-48	589
-14652	-1968	7684	-1912	-302	856
-14868	-2724	7220	-935	-208	375
-14632	-1332	8704	-587	49	739
-15060	-2292	7548	-673	110	880
-14576	-2220	6940	-158	-15	998
-14564	-1148	8524	-655	-71	1329
-14424	-1412	7504	-1110	-286	1428
-14796	-1624	7436	201	22	893
-15112	-696	8240	-516	-44	618
-15020	-856	7256	-469	220	414
-16556	-1668	7220	182	131	-322
-17068	-1176	8196	-183	-273	-84
-16060	-1352	7928	451	-11	-131
-16720	-1484	7864	-288	-497	-152
-15592	-1616	8920	769	-247	-307
-15348	784	8448	711	-70	-785
-15048	372	7572	93	-104	-1917
-15052	732	8952	-176	115	-2624
-16012	240	8128	-1261	434	-3339
-15312	-1284	7224	-1288	232	-3673
-14440	-844	8192	-939	334	-3950
-15480	-736	7420	-508	280	-4147
-14788	-2528	6596	-884	-234	-4266
-14764	-2712	7016	923	-220	-4758
-13904	-144	7968	-91	-739	-3865
-13292	-2588	6532	-1772	-679	-4252
-14048	-2896	7760	-239	-145	-5090
-13744	-1236	8804	-935	-287	-4492
-12988	-4072	7660	-2060	220	-4436
-13944	-4388	8348	-469	1085	-4576
-12716	-3224	7776	-37	782	-3608
-12400	-3952	7320	-40	890	-3622
-12832	-4176	7480	-854	1155	-3276
-12976	-4496	7500	-1119	927	-2424
-13592	-6204	6624	-720	824	-2507
-12676	-4988	7404	1028	1056	-2278
-12456	-3932	7792	286	1059	-2053
-12688	-3588	6284	-656	606	-922
-11816	-6364	6736	-1645	179	-1185
-13112	-5032	6912	-416	987	-1363
-13416	-4220	6940	-36	1757	262
-12448	-7712	8392	1074	2251	-605
-12536	-4496	6492	2922	2395	-796
-12344	-3492	6872	943	1473	-208
-12724	-5364	7276	-1685	556	73
-12396	-5636	6396	-2367	454	785
-12716	-5092	6248	-550	362	835
-12300	-4496	6544	-825	-121	951
-12892	-3524	5572	-508	461	764
-14552	-3888	6132	-2505	-757	592
-12840	-4212	6120	-3295	-1542	663
-13012	-4068	7320	-5342	-1557	871
-12232	-6740	6576	-5178	-710	714
-11664	-6992	7156	-2378	180	484
-11964	-7260	6864	1737	1106	-691
-12900	-5432	6220	1775	777	-439
-11420	-5444	7096	-976	1065	-118
-12296	-6400	6240	147	1618	-388
-13892	-5780	5616	2532	1009	-457
-12272	-5156	6164	1919	1163	-658
-13652	-3572	6740	464	1435	-9
-14084	-6204	6924	-1179	634	-255
-12348	-6408	5444	908	1191	-177
-12840	-4572	6220	241	903	-335
-12984	-5576	5712	-1218	552	-211
-13216	-5676	6508	-1665	-108	664
-12780	-6480	5332	-420	-18	307
-13404	-6376	5952	-360	106	-146
-12464	-6176	6204	-714	122	628
-14232	-5076	6688	-549	-446	516
-12660	-7008	5464	-1636	-845	-44
-12020	-5588	6192	-518	163	36
-14464	-6396	6884	-1017	-501	-223
-11340	-7768	5196	-1300	-617	-302
-11808	-7196	6368	-1763	-216	-225
-11672	-7996	6568	-1539	-290	-166
-12488	-9404	6724	-589	-150	774
-12508	-7656	6640	469	7	2088
-10808	-6460	6812	824	-124	1993
-11244	-6328	5864	-1081	148	323
-12768	-5780	6812	-835	335	1216
-12828	-4548	5788	-632	-609	767
-11152	-4548	5612	-600	-255	-486
-12828	-4244	6780	-396	587	-674
-12272	-5056	6156	-662	91	-1446
-14472	-6312	6556	-442	271	-1062
-14556	-4916	6596	-548	314	1382
-13508	-5336	6796	540	41	2163
-12856	-5208	5940	158	-217	1123
-13748	-3696	6196	-233	557	1654
-12896	-3572	6848	-1621	323	2705
-13040	-5792	6420	-1945	77	1544
-14836	-5016	6536	-598	1010	2512
-14040	-4112	6940	-740	789	4001
-14000	-5328	6248	324	880	3578
-13892	-2244	6216	974	1511	3752
-13552	-1652	6356	-165	1011	3537
-14756	-3300	5540	-810	435	2504
-14680	-1880	5692	-457	607	2544
-13336	-1464	5584	-1298	208	2261
-15320	-3372	4916	-784	666	792
-15692	-2584	5512	2085	-33	1480
-13572	-588	5488	1902	-791	1141
-14656	-1548	4764	-361	-802	466
-14104	-584	5136	-1170	-1041	496
-14620	-1884	5888	-939	-1464	107
-13784	-2936	5956	73	-1338	-262
-14504	-2344	6312	144	-1217	-412
-14616	-2336	6496	-880	-1442	-207
-13552	-3132	6932	-2179	-1539	590
-13632	-3896	6488	-948	-1274	731
-14388	-3880	5888	320	-1337	813
-13868	-2392	6640	253	-1247	1246
-13324	-3192	6600	315	-1057	1557
-13912	-2840	6152	1351	-1212	1305
-13680	-792	6432	1374	-1506	1476
-13844	-1644	7084	878	-1138	767
-14844	-1084	7480	1276	-1255	269
-14680	-1764	7464	647	-1386	186
-14272	-2104	7868	538	-808	54
-15616	-1956	8044	278	-1094	413
-14320	-2940	8104	370	-1306	462
-13644	-2008	8392	1246	-525	464
-15408	-2184	7136	1025	-463	542
-13560	-1860	7480	884	-91	610
-12604	-776	9076	787	172	977
-14872	-1220	7744	-320	243	620
-14384	-2040	6628	-19	166	159
-14136	-1032	8544	1402	-126	208
-14948	-756	7944	-45	-247	-66
-14720	-1940	7400	-687	-331	-25
-14812	-1440	8392	-1559	-292	145
-14800	-2832	8248	-1147	-478	200
-13848	-2480	7740	911	-61	-168
-13352	-1208	8580	1540	284	-95
-13584	-1512	8008	-155	432	162
-13604	-2068	7268	-93	667	35
-14388	-1644	8360	-38	407	97
-14548	-2136	7796	414	404	304
-14744	-2328	7408	458	442	162
-15880	-1400	8416	-276	54	640
-15236	-2420	8180	-772	-244	866
-15560	-2164	7692	1	-292	458
-14704	-1364	8356	333	-428	365
-14844	-696	8168	-168	-150	10
-14732	-1268	7468	-113	26	-352
-15296	-1156	9176	-159	145	-314
-15364	-716	8944	-927	423	-565
-15592	-740	7228	-871	669	-1192
-15288	-1324	8064	-272	450	-2137
-16556	-2572	9096	-143	586	-2675
-15952	-2372	7716	-755	642	-1973
-15008	-2712	7864	-465	619	-1782
-14608	-1720	7760	608	514	-1980
-13840	-940	7444	-73	126	-2322
-14392	-1088	7144	-1305	199	-2840
-14016	-1152	7540	-2605	-120	-2331
-14204	-2976	7644	-3155	-339	-2261
-14732	-2684	7424	-1347	-246	-2850
-14136	-2052	7796	-473	-611	-3001
-14256	-2260	7128	-754	-398	-3212
-13600	-3068	7540	-1112	-311	-2938
-13628	-3800	7852	-1321	-20	-3099
-13552	-3772	6992	-642	338	-2351
-13472	-5116	6756	460	34	-2279
-13236	-3280	7992	1854	628	-2759
-14436	-2940	7852	825	550	-2285
-13468	-3140	7168	-681	202	-1544
-12324	-3848	8360	-1611	192	-1629
-14880	-3272	8168	-1876	482	-1790
-12976	-4020	7812	-2209	55	-1142
-13072	-5492	7300	-394	834	-1621
-13744	-4112	7024	-806	1123	-1007
-11800	-3632	7664	-1284	1293	-785
-12624	-4092	6824	-1430	1682	-1091
-13508	-4376	7116	-1277	1802	-1094
-12896	-4700	6416	-1259	1880	-951
-13280	-4876	6784	-249	2026	-1323
-14128	-4632	6720	382	1696	-610
-13732	-4744	6204	-339	1444	-373
-14160	-4280	6292	-797	991	323
-12772	-3388	5812	-1775	-468	850
-13640	-5592	5044	-1941	-550	83
-13496	-3840	6976	-1930	-82	-59
-12376	-4832	6236	-2183	-319	-428
-12524	-4944	5628	-1387	-169	-18
-12096	-4540	7240	-1389	288	64
-12932	-5368	7556	-2346	317	-333
-13340	-6336	6232	-642	573	-61
-12384	-5596	6828	605	440	32
-12892	-4624	6552	-158	888	197
-13236	-4812	5996	-1223	691	-8
-13260	-5648	5820	-783	204	-634
-13380	-4752	6028	1165	1103	-457
-14508	-3912	6348	758	230	-862
-12992	-5400	5208	-89	-51	-958
-13376	-4172	5728	-1303	-670	-498
-12532	-5520	6664	-2729	-1368	-668
-12652	-6244	6604	-937	-559	-1053
-13228	-5472	6304	195	-140	-1004
-12936	-5360	6708	-814	-116	-516
-12704	-6704	6920	-1362	-90	-1342
-12188	-6172	5960	-1578	-268	-1238
-12856	-6348	7568	-1307	-296	-717
-11816	-8516	6612	-1288	-34	-456
-12160	-7544	5760	-870	363	-479
-11928	-6404	5708	430	312	794
-13764	-5712	6864	1107	69	-697
-11076	-6456	5992	-1436	-691	-628
-14644	-5620	6788	-517	187	-688
-11564	-7504	6168	-1658	-1148	-457
-12232	-7628	5820	-294	74	-347
-13076	-7224	7640	-318	-966	168
-10740	-8028	7108	-2295	-629	156
-11228	-9360	7024	-2049	-72	1280
-11620	-9296	7204	-233	296	974
-10608	-7976	6312	-30	550	1021
-12792	-6948	5988	-229	1075	1280
-12420	-7400	5924	-263	146	2162
-11396	-6556	5272	-63	-301	1626
-11696	-4308	4780	260	206	327
-12856	-4704	7024	-1798	-297	90
-12248	-6252	6540	-1395	-95	1065
-14012	-6112	5472	-90	-279	1332
-13024	-5676	6828	-167	-100	1306
-13572	-4944	6896	-236	-22	2430
-14276	-6004	6264	43	-146	2695
-13908	-3840	5904	486	137	2970
-13204	-3768	6480	-444	-33	3133
-14148	-4340	5924	-548	-211	2700
-14260	-3852	6860	-469	-298	2930
-13360	-3420	6492	-257	-722	2310
-13412	-2616	5920	-740	-625	1546
-12748	-2760	6896	-1788	-1166	1636
-12604	-3248	5792	-1321	-1454	167
-13540	-2868	5888	-1281	-1138	-719
-14176	-3264	8352	-1302	-1128	-57
-13940	-4328	7504	-1873	-1736	67
-15068	-4852	6948	-1174	-1268	566
-14532	-4188	7888	-637	-1002	1298
-13096	-4200	6944	-524	-874	1568
-13692	-4948	6464	239	-603	1418
-12392	-2344	6776	923	-198	1043
-11444	-3216	6996	305	21	44
-13464	-3864	6152	744	105	-20
-13020	-3632	6540	531	-47	427
-13884	-4296	7016	269	-104	437
-14148	-4396	6936	1240	-277	727
-13868	-3344	6612	1470	-508	1215
-13656	-3332	6964	868	-1260	1953
-13912	-3284	7048	1123	-1058	1840
-13420	-2468	7392	1064	-1655	1932
-14148	-2408	7292	672	-1598	1484
-12300	-1796	7132	790	-1522	1500
-13560	-2016	7224	503	-1632	1087
-13576	-2600	7036	-136	-1531	678
-12880	-2216	8092	-59	-1205	589
-13592	-1632	8396	31	-1146	741
-13652	-3412	8148	639	-872	618
-13260	-2408	9664	1348	-223	517
-14560	-2364	8928	423	-90	538
-13780	-2152	8520	132	338	870
-14324	-2368	8928	494	971	640
-13856	-1948	8340	293	737	1002
-14032	-2232	8128	672	1041	563
-14332	-1572	8872	-223	997	585
-14060	-2248	8044	-164	521	775
-14104	-2732	7660	790	693	435
-14344	-2140	8036	985	390	1021
-13976	-1860	8216	100	718	1024
-14472	-1336	8168	-205	561	847
-13988	-1488	8564	-403	96	852
-13748	-1568	7936	720	605	609
-14324	-1564	7808	588	703	271
-13820	-1328	7976	354	851	107
-13392	-1800	8052	127	1100	320
-14616	-1768	8212	189	1371	307
-14768	-2464	7736	321	1022	442
-14432	-2096	7508	289	1056	594
-14636	-1872	7788	-42	892	744
-15244	-2192	7468	-146	345	828
-14836	-2168	7620	54	246	873
-14692	-832	8264	-435	334	655
-14940	-1444	7280	-642	204	742
-14976	-2304	7592	-171	126	474
-15148	-1124	8380	-67	243	206
-15616	-1616	7728	502	-79	-21
-15152	-1000	7164	791	147	-300
-15596	-1288	8320	378	265	-360
-16544	-1092	7920	-158	298	-793
-16408	-2460	7716	-876	531	-1053
-15816	-2028	8704	1511	953	-588
-15908	-1044	7200	2086	733	-479
-14936	536	7096	1720	774	-1642
-15440	1556	7472	-858	397	-2335
-15016	296	7508	-2717	-410	-2957
-15188	-860	6816	-2631	-505	-4053
-14464	-1564	7584	-2528	-860	-4188
-14856	-1448	7808	-3224	-909	-3805
-15924	-2656	7044	-3749	-986	-3739
-14492	-3200	7432	-1800	-865	-4138
-14844	-2776	7460	-1331	-635	-4606
-13552	-2412	7648	-689	-604	-4356
-13344	-2872	7600	-1314	-524	-4470
-14228	-3700	7360	-1984	-418	-4434
-13360	-4044	7440	-1974	-382	-3877
-12932	-4536	7304	-1091	56	-4264
-13960	-4244	7200	-1201	12	-3562
-13068	-5616	8028	-721	337	-2882
-13632	-4588	7812	-919	182	-1782
-12976	-6444	6308	-1619	-259	-1694
-11996	-4448	7740	-258	584	-2042
-12208	-3740	7404	-522	682	-1219
-12116	-6272	6440	-600	482	-1267
-12400	-4664	8104	1281	1182	-1602
-12720	-3888	7716	-1294	1094	-949
-11816	-5996	7180	-1572	1109	-789
-12380	-6000	7332	911	2189	-982
-12108	-5516	7016	656	2061	-766
-10784	-6336	6700	1973	2777	-1179
-12504	-4176	6808	1695	2795	-519
-12492	-6144	6540	290	1983	-56
-13228	-6324	6420	1523	2067	-586
-12720	-4404	7260	2725	1571	-73
-13584	-3700	6732	-1047	735	323
-12256	-5064	6212	-2773	11	913
-13420	-4640	6500	-2108	-598	443
-13644	-6252	6172	-555	-1216	410
-13252	-5504	5640	29	-1229	1023
-13268	-4676	5772	-990	-913	1201
-12232	-5040	7204	-3408	-1096	1035
-12628	-5988	6004	-2084	-245	419
-13292	-5436	6236	-1084	167	188
-12440	-6312	7524	-932	184	-417
-13256	-4384	6644	-223	983	-191
-13164	-4388	7068	-1089	552	517
-12652	-6876	6284	-1274	834	-109
-12792	-5372	5912	-244	876	-6
-12380	-6564	6936	-1910	-227	-15
-12088	-6468	5444	-784	793	783
-12084	-5740	5796	-77	430	443
-11332	-8220	4976	-425	147	-1544
-14056	-6144	5528	499	659	-826
-13300	-5524	6384	-1227	-1040	220
-12760	-6332	5152	-1681	-755	623
-14160	-5984	6084	-1420	-655	477
-12124	-7268	7204	-993	-733	-95
-12780	-5860	6032	714	-172	534
-13268	-6200	6112	-163	-634	242
-12016	-6560	7644	-1174	-752	-275
-11564	-7288	6208	-2502	-641	-166
-12168	-8284	7096	-1788	-138	-84
-11276	-8740	7672	-1383	-118	-32
-11460	-8636	6832	443	607	808
-12144	-7464	6848	812	725	1412
-12312	-6924	6908	330	431	1492
-11748	-6004	5508	-226	584	1655
-11412	-5024	5700	-703	361	-406
-12784	-6592	5744	-1452	295	-448
-12736	-5156	6440	629	348	421
-12952	-6544	5828	-708	-817	-188
-12452	-6748	5192	722	-450	1074
-12488	-3852	7620	677	-122	1591
-11400	-4892	6788	-1034	-279	270
-12852	-6240	6364	56	1069	-650
-13272	-4660	7508	2403	1436	-49
-13724	-4104	6780	1834	1238	416
-13944	-5264	5112	2145	1359	650
-13676	-4372	6172	1665	696	1022
-13512	-3704	5756	176	1	1050
-14216	-3724	5192	-575	-768	1296
-13476	-4632	6404	-1413	-1915	1661
-13096	-3980	6396	-1375	-2138	1783
-14328	-3496	5100	-1080	-1829	1525
-13308	-3404	6520	-567	-2358	1350
-12948	-3412	6396	-539	-1955	391
-13776	-3336	6548	-563	-1744	373
-13448	-4200	7228	-1028	-1896	463
-13856	-4676	7756	-347	-1297	534
-14040	-4112	7752	241	-1222	1435
-12968	-4152	7596	624	-330	1032
-13896	-3600	8144	1095	660	831
-12768	-2576	8092	96	775	1428
-13540	-4348	6276	-1219	1659	500
-14160	-3628	7436	-696	1123	999
-13320	-3104	7336	115	601	1114
-13896	-4224	7008	1346	935	390
-14172	-2612	7180	1685	840	427
-13124	-2564	6944	401	-270	938
-13008	-3524	6348	-168	-369	613
-14144	-3000	7080	291	-663	306
-12948	-3020	7328	-209	-1318	782
-13572	-3448	7016	-488	-1148	570
-13992	-3652	6720	-380	-1108	502
-13864	-3696	8732	111	-1124	751
-14240	-3016	7624	-96	-769	985
-13980	-3064	8028	123	-672	1672
-13616	-2472	8232	-251	-378	1970
-12976	-2304	7656	-647	-450	1789
-13760	-3232	7508	194	-85	1293
-13512	-2084	8512	1014	-126	1464
-13748	-2400	7752	1211	-355	1577
-14004	-1896	7360	1553	-622	1420
-14284	-1332	8964	-164	-361	1164
-15152	-1792	9276	-1315	-818	1171
-14776	-2492	7616	-679	-871	1104
-14616	-2544	9368	-742	-637	805
-13912	-2520	8648	-441	-502	1209
-13336	-2760	8580	-291	-86	1416
-13832	-2556	8868	-225	626	1167
-13212	-2776	8864	110	342	1914
-13184	-2464	8100	624	778	2116
-14680	-2360	8400	-280	889	2124
-13984	-2220	7420	-634	469	2807
-14620	-2016	7364	-375	423	2522
-14952	-1680	7564	163	98	1939
-13832	-980	8792	879	141	2166
-15332	-440	7684	-351	224	1786
-14208	-1412	7560	-457	124	1475
-15272	-668	9152	-594	72	1212
-15468	-688	8032	-447	142	702
-15892	-1344	7944	492	105	59
-16232	64	9488	-1675	-202	130
-16384	-888	8180	-2028	28	-421
-17832	-1284	8296	83	-568	-1109
-15952	-1236	10524	1054	-641	-1607
-15844	924	9556	108	357	-2218
-15612	-608	8524	-1427	-3	-2868
-15128	-892	9136	-1264	414	-3566
-15796	-960	8344	-1939	78	-3912
-14372	-2036	8300	-882	143	-4204
-15708	-1444	8312	-39	268	-4452
-15324	-1612	8052	-1493	-711	-4308
-14272	-3432	8108	-1172	-844	-4364
-14424	-1524	8196	89	-360	-4369
-13512	-2588	7892	-2515	-665	-3537
-12940	-3112	7364	-2655	-32	-3444
-12288	-2472	7928	-1575	-728	-3247
-12912	-4636	7436	135	-635	-3746
-12532	-2412	8204	-89	-343	-3188
-12044	-3400	8292	-2680	108	-2858
-13636	-5016	7088	-1530	1071	-2767
-12516	-3604	8444	1669	1926	-2932
-13536	-3236	8564	2130	1865	-3323
-14716	-4312	7740	278	1824	-3042
-13580	-2008	9128	-1612	1184	-2288
-12204	-4336	8676	-1760	872	-2027
-14016	-6564	6916	871	1237	-2814
-11524	-2848	8768	2029	1965	-3044
-11200	-3544	7860	-1213	2043	-2560
-11716	-5160	6872	-2202	2120	-2220
-11452	-7360	7588	1168	2248	-2557
-12616	-5160	7140	2869	2658	-2664
-12260	-4368	7044	1085	2299	-1979
-12740	-6404	7700	-805	1847	-1178
-13312	-6548	6816	401	1535	-394
-12508	-6576	6760	1427	776	-153
-11904	-4372	7148	439	186	346
-12036	-4316	5740	-2752	-135	982
-12044	-6020	5848	-4195	-887	947
-11884	-6004	6184	-2023	-808	927
-12824	-5184	5768	-2120	-1134	951
-12104	-6064	6548	-2927	-985	736
-12776	-5436	6724	-2786	-440	990
-12280	-7064	6504	-1689	-620	91
-11684	-5424	7396	13	282	-158
-12640	-5392	8284	-336	580	-376
-12380	-6256	7580	-2303	194	517
-12536	-6784	6624	-1713	1265	-53
-13148	-7272	7620	-671	783	-134
-12076	-5880	6928	-769	1057	611
-11312	-5972	5976	-1399	1289	917
-12532	-7820	6144	-163	2169	-439
-13472	-5768	6192	498	1983	-40
-14052	-5732	5568	-515	1071	519
-12220	-7196	4936	-1568	438	827
-12632	-6140	4648	275	396	655
-12748	-7312	4408	-139	-165	56
-12588	-5516	6276	-1350	-254	539
-12748	-6480	6848	-3770	-937	841
-13640	-8288	5032	-1473	-21	1668
-14564	-6736	7388	1601	-118	983
-9816	-5576	6764	-388	-743	422
-12040	-6168	5324	-987	528	555
-12132	-7760	6448	-1000	74	-224
-12104	-7976	5660	349	597	-1406
-13228	-8092	5640	727	41	472
-12360	-7196	6456	-147	-604	1618
-10640	-6140	5580	-1222	-611	430
-11996	-6468	6356	-1251	-411	-366
-12684	-6356	6948	-827	-404	-43
-12616	-5760	6556	-1032	-446	157
-13316	-7188	6236	-368	-74	802
-13144	-6568	6628	2177	104	660
-11716	-3604	5644	3157	92	-775
-13304	-3848	7064	815	288	-136
-13528	-5280	7144	-1467	116	552
-13564	-6348	6652	-1554	-485	660
-13204	-5968	5652	-7	-250	830
-13664	-4176	6696	-155	-315	1655
-12632	-5952	5936	-46	-812	1460
-13204	-4772	4732	934	-796	1388
-13616	-3720	6884	608	-1080	1861
-12780	-4692	6516	-337	-1462	1764
-13656	-4408	4868	-261	-1602	1769
-13344	-3792	7112	-311	-2081	1930
-12784	-3500	7196	-1971	-2831	1784
-14456	-4320	5644	-2171	-2584	1106
-13604	-3628	7632	-2122	-2262	1341
-12508	-3776	7832	-1135	-1215	781
-13364	-4852	6656	556	-753	84
-14796	-3352	7572	1730	-361	294
-13364	-3772	8356	774	-473	1201
-13380	-4388	7572	782	-55	917
-13976	-3460	7632	1389	144	970
-12224	-3004	7688	1267	-107	1118
-11324	-3264	6756	1164	198	394
-12900	-3136	7084	1754	779	-517
-12832	-2924	8564	-1411	-359	870
-12508	-4344	7492	-1421	192	661
-13160	-4440	6484	253	-73	954
-12964	-3876	7900	2405	-376	1052
-12676	-2524	7880	2693	-638	1395
-14376	-2876	7524	1374	-596	1088
-14320	-2684	8220	-361	-1157	1884
-12340	-2688	7892	-1308	-851	2551
-14108	-4004	7428	-76	-329	2188
-14136	-3428	7928	1523	-628	2728
-12884	-2356	9416	1240	-274	3364
-13336	-2276	8096	1302	591	2996
-13652	-1652	8468	1648	462	3039
-13972	-1064	8864	749	483	3012
-14084	-604	8276	-1063	359	3149
-14500	-1400	8052	-1862	294	3030
-14384	-1664	8000	-964	253	2602
-14688	-1916	7956	754	274	2220
-14832	-1248	7844	1734	533	2010
-14104	-520	8008	1166	383	2211
-13812	-1016	8316	1152	391	2284
-13616	-164	7404	1508	623	1567
-13208	1200	8004	1168	1038	1106
-14244	448	8484	-672	797	1184
-14840	-1172	7940	-1246	766	1211
-14584	-652	8004	-575	922	1080
-14664	-484	8240	-380	1109	1075
-14632	-824	7948	93	888	1137
-14624	196	7436	1059	1306	868
-14956	-84	8044	631	600	945
-14756	520	7772	-340	905	710
-15220	52	7544	-1802	768	608
-15744	-696	7384	-2023	366	708
-15524	-1128	7776	-539	498	492
-16420	-500	7516	338	209	250
-15176	-696	7576	66	-249	687
-15912	-12	7332	149	100	356
-15000	316	7172	121	-486	155
-14872	924	7792	375	-523	-464
-14760	884	7548	-804	-489	-1081
-15676	200	6884	-444	-599	-1695
-15456	1028	8148	-886	-846	-1919
-15772	228	8252	-3090	-909	-1922
-15544	-1752	7212	-2210	-977	-2279
-15496	-796	8384	-636	-1054	-2759
-14828	16	8088	-754	-756	-2908
-14700	-616	7892	-1092	-835	-3321
-14456	-1548	8484	-476	-634	-3685
-14176	-912	8628	-1304	-554	-3138
-13760	-1784	7820	-1366	-342	-3186
-14704	-2040	7576	-96	-218	-3459
-13660	-884	7972	492	-220	-3260
-13988	-912	8652	-1599	-433	-2939
-14528	-3644	7044	-2133	-704	-3008
-13140	-2644	7620	-21	-479	-3401
-13428	-1508	8864	55	-457	-3178
-13704	-1732	7900	-1243	-266	-2649
-13368	-4276	7588	-1771	-780	-2540
-13264	-2860	8332	-49	205	-3129
-12968	-2296	8588	-576	-335	-2453
-14876	-4120	9208	-915	321	-2525
-14244	-3324	9372	-2036	-538	-936
-12868	-4428	8024	-1450	-373	-1467
-13960	-2256	8424	5	-229	-1897
-12084	-2136	7992	-1206	-708	-1459
-11928	-2540	7496	-2600	-116	-1961
-12960	-3000	7728	-2316	435	-2420
-12580	-4164	8652	-1239	890	-2677
-13172	-4660	7556	-992	1263	-2535
-12756	-4576	7772	-758	1106	-2048
-13016	-3792	8416	-857	1250	-2430
-13452	-4368	8336	-200	1411	-1783
-13192	-5796	7240	387	1478	-1919
-12720	-3584	8228	866	1825	-2330
-12660	-4084	7772	-1360	1211	-1392
-12584	-5796	6776	-282	1468	-1819
-12260	-4848	8120	823	1813	-2249
-13496	-4612	7684	462	1804	-1554
-12556	-5636	6892	-529	1317	-1013
-13600	-4976	7772	76	968	-758
-15312	-2716	8268	-878	264	341
-13592	-3284	7740	-4100	-912	285
-12088	-5060	8368	-5269	-1238	695
-11304	-4936	6512	-4839	-516	787
-10980	-6748	6528	-3007	-271	-757
-10968	-5624	5832	-1503	158	-1195
-11436	-5964	6256	-2896	179	-729
-11396	-7816	6160	-1927	353	-1098
-12324	-8220	6404	552	596	-932
-12052	-6836	6748	1221	423	-265
-12300	-7148	6596	-1063	300	329
-12472	-6164	6544	-1517	144	1678
-12800	-8072	6424	-36	240	826
-12492	-5856	6524	502	861	1304
-13364	-5136	6196	437	587	1103
-11664	-6492	6492	-392	49	-117
-12900	-5524	6340	-73	379	73
-13072	-7008	7204	-1588	-636	519
-11836	-7220	6012	-2076	-11	966
-13084	-6928	7112	274	220	1360
-12888	-6472	7500	1719	285	863
-12100	-5580	6348	144	587	641
-13184	-5240	6704	-953	59	1566
-13192	-6284	6956	-970	-317	1331
-13072	-4796	5672	373	68	1366
-12780	-6648	7084	-310	-629	329
-11968	-5072	6744	-1114	-730	296
-12436	-6888	6168	-1730	-757	711
-12080	-7644	6768	-348	-659	382
-11316	-6924	7372	615	-513	-103
-11228	-7208	6492	-91	-522	-129
-11864	-6660	7244	-570	-267	-187
-12196	-6520	8040	-657	-547	525
-11692	-7060	7280	40	-331	113
-11784	-5128	6080	1851	634	-951
-13064	-5980	8276	989	751	-644
-12644	-6228	7460	1163	224	-22
-12856	-4884	5824	2015	378	165
-12420	-4356	8564	-453	513	309
-12872	-5100	7268	-1244	286	876
-12840	-5308	6188	-1008	-191	882
-12608	-4632	6936	-645	44	432
-13024	-4172	7160	-858	-429	776
-13064	-4772	6388	-1406	-778	1126
-13556	-5028	7236	-819	-218	978
-13540	-4676	6808	-540	-438	1577
-13436	-5392	6576	36	-751	1463
-12852	-4700	7016	631	-521	1583
-13236	-3236	6976	200	-726	1458
-12760	-3924	7200	-1081	-1447	1768
-13456	-3688	7108	-1775	-1608	2085
-13528	-3596	7428	-2056	-1714	1741
-12688	-3448	6980	-817	-1970	902
-14500	-4108	6488	-59	-1747	906
-13316	-3628	7676	-741	-1762	1454
-12760	-3808	8360	-342	-1409	973
-13660	-3744	7488	634	-1161	796
-12604	-3456	8760	1277	-779	927
-11504	-3504	9664	141	-123	285
-13416	-3336	8556	1121	704	268
-12572	-3288	7996	1364	506	578
-12904	-3640	8480	1480	651	193
-13684	-2992	7660	193	472	477
-12476	-3572	6972	323	618	751
-13260	-3672	8600	1278	940	64
-13588	-2560	7412	1924	485	834
-13328	-3864	7252	934	-261	739
-12688	-2140	8736	857	137	50
-13808	-2384	8212	506	-233	448
-14124	-3580	7144	-313	-925	1409
-12920	-3076	8132	-586	-785	1492
-14228	-3176	9160	-1004	-864	1616
-14084	-3088	8648	90	-547	1791
-12916	-3292	8724	1966	290	1541
-13204	-2424	8952	3202	1262	1266
-14220	-1576	9096	1993	1097	1538
-13452	-1820	8324	267	829	2051
-12944	-2268	7964	-286	909	1643
-13456	-1472	7932	1010	1428	961
-14116	-812	8160	1608	1222	1155
-13936	-1844	8244	1294	1233	903
-14096	-1184	8268	618	1031	557
-14232	-1492	8244	139	636	325
-14628	-1648	7736	532	441	606
-13604	-1056	8308	-49	55	1473
-13444	-2592	8208	-120	236	1391
-13744	-1988	7992	290	244	1604
-13084	-1736	7776	907	459	1834
-14196	-1360	7660	843	443	2043
-13480	-2028	7312	846	-109	2473
-13500	-876	7664	1343	74	2602
-15260	-412	7588	707	-469	2608
-15224	-468	8212	400	-839	2454
-15256	-160	9240	93	-830	2321
-15640	-484	8580	822	-94	1377
-16084	284	8768	769	-634	1346
-15820	-324	9700	227	-309	939
-15496	220	8856	-350	-193	660
-15276	700	8884	235	-6	373
-15564	696	9240	56	243	-10
-14752	464	8904	-484	588	-702
-14352	1072	8132	-186	830	-1370
-15608	904	8140	-1201	827	-1717
-15340	-1072	8312	-1688	453	-1975
-15176	204	7800	-482	782	-2733
-15560	572	7812	-813	-61	-2574
-15116	-964	7648	-1115	-461	-2573
-14780	-1740	8100	-1779	-707	-2924
-14276	-292	7748	-714	-483	-3280
-14072	-100	8336	-830	-782	-3230
-14256	-2744	8580	-176	-768	-3546
-13480	-1860	8660	202	-501	-3366
-13752	-1048	7920	-1640	-182	-2961
-13984	-2312	8040	-2014	-47	-2875
-13776	-2428	8500	-621	-77	-2627
-14280	-2180	8268	133	24	-2763
-14400	-3296	8384	1114	-84	-2925
-14436	-1332	8080	851	161	-2864
-13388	-1748	7796	-1441	-100	-2432
-13956	-2400	7644	-1587	-196	-2617
-13672	-2440	8192	-1027	-406	-2667
-13440	-2452	8168	-1196	-376	-2309
-13108	-3572	7868	-1544	-135	-2300
-13068	-2580	8144	-1239	-5	-2344
-13020	-3616	8028	-972	-96	-2526
-13396	-3840	8004	578	73	-2760
-13580	-2696	8960	123	-74	-2494
-13264	-3720	8324	-2277	-289	-1931
-14196	-4312	7680	-3150	-141	-1598
-13272	-3832	8376	-3267	-435	-966
-13288	-4968	6956	-1528	-165	-1009
-12432	-4456	7684	1291	-100	-1333
-12196	-2504	8300	1539	325	-1769
-12828	-3092	7816	-1153	800	-1707
-12996	-4412	8032	-1776	910	-1501
-12848	-4272	8616	-2576	932	-1373
-13136	-5272	7876	-1696	1333	-1140
-11712	-5088	8300	617	1968	-1149
-11988	-4292	7984	1277	2242	-1500
-12376	-4392	7420	583	2367	-1196
-12348	-4892	7800	-436	2268	-1484
-12876	-5036	7416	-56	2067	-992
-12324	-5136	7392	798	1610	-1213
-13140	-4452	7476	1634	1250	-1312
-12872	-4324	8088	-4	1180	-733
-12780	-4740	6720	-2678	942	-276
-12464	-5872	6608	-1661	423	-449
-12608	-4788	6764	-387	-166	14
-12556	-4676	6404	-2061	-665	379
-12880	-4516	6852	-5177	-1241	811
-12532	-4984	6876	-5820	-1552	922
-13344	-6356	6388	-4020	-1179	626
-11932	-6464	6440	-2050	-508	-246
-11924	-5824	7164	-1247	256	-320
-12368	-5988	6516	-1628	641	-163
-12500	-7040	6888	-2291	600	84
-11732	-7264	7564	-1435	1491	474
-12916	-6340	7272	-189	1281	746
-11636	-7040	6948	-1384	1359	542
-12612	-6836	6936	98	2466	527
-12384	-6068	5768	1724	1756	989
-12388	-7588	5032	1376	1563	14
-12888	-4612	5500	226	1144	586
-12892	-6208	5700	-2065	-81	1045
-12952	-6988	4964	-1530	-46	230
-12864	-5704	5536	-551	-602	233
-13448	-5700	6292	179	-361	394
-14072	-5556	6020	-905	-725	283
-12468	-5296	6388	-1115	-659	285
-13524	-5128	7284	-876	-973	-82
-12436	-6572	6528	-1857	-693	-513
-12932	-7228	6856	-1125	-24	66
-12316	-7948	7340	-355	-420	442
-11588	-6896	6516	-480	-53	-82
-11728	-7064	6644	-531	395	424
-12576	-7604	6712	-212	317	805
-12748	-7416	6104	-180	-87	692
-12276	-6712	6284	-471	-90	1001
-12520	-5568	5736	-985	-33	1663
-13188	-6380	5988	-60	-206	1687
-11840	-6088	6248	-403	-785	1305
-11596	-5488	5740	625	64	503
-13392	-4196	6424	1339	136	-227
-13116	-6076	8132	374	-290	126
-13168	-5060	6248	47	91	1419
-12892	-4416	6224	-1561	15	1978
-13556	-5340	6808	-396	173	1438
-12572	-4424	7192	-186	-266	1097
-12904	-4176	5516	573	-207	565
-13380	-3976	6404	-382	-167	876
-13324	-3792	6936	-562	-435	1177
-12824	-4668	6328	-1709	-1039	855
-13488	-4392	6676	-1513	-871	874
-12312	-3924	6688	-1380	-790	1119
-13324	-5524	6112	-871	-832	817
-13952	-5584	6416	-226	-620	1671
-13852	-3340	8076	119	-465	2892
-13636	-4604	6852	115	-805	2594
-13900	-3960	6912	1420	-636	2290
-13364	-1988	7396	438	-1036	2720
-12348	-2416	6768	-1165	-1138	2062
-13852	-2208	6652	-2010	-1046	1424
-13212	-2496	7560	-1680	-1076	1269
-12824	-3148	6424	-757	-943	242
-13916	-3732	7048	1148	-556	-509
-13296	-1940	7580	1373	-646	-245
-13312	-3056	7272	-241	-614	-187
-13692	-3184	7176	389	-194	70
-13456	-3416	7476	908	-84	-60
-13884	-3476	8052	1090	272	159
-14124	-3344	7768	345	274	531
-14040	-2692	7212	477	-128	1141
-14556	-3796	7372	776	-500	903
-13636	-3144	7876	1806	-864	1138
-13496	-2228	6844	1657	-762	829
-13628	-1896	7732	448	-692	932
-13516	-2344	7932	-261	-925	1323
-13140	-3064	7564	-98	-614	1015
-12956	-2352	7832	1349	-81	492
-13644	-1632	8192	1741	196	426
-13400	-2392	7984	727	45	485
-12932	-2548	7532	1087	531	113
-14560	-1900	7952	1153	777	-199
-14604	-2196	8160	508	130	458
-13292	-2784	8288	299	251	1028
-13996	-2360	7896	875	1050	789
-14220	-2016	8156	1392	804	859
-13220	-2024	8308	2130	1084	735
-13560	-712	7480	2141	1413	422
-13444	-816	7616	649	944	781
-13380	-1240	8344	-330	1194	879
-13724	-1292	7940	-749	920	792
-15600	-2244	7668	-81	693	757
-14776	-2008	8176	-313	486	1130
-14492	-1572	7980	-958	275	1928
-14288	-2340	7084	-1215	-71	2015
-13696	-1572	7740	485	347	1640
-14140	-1160	8396	246	174	1777
-13772	-1596	7380	-503	191	2075
-14236	-1972	7736	-258	692	1959
-15196	-1304	8160	264	707	1859
-14956	-1360	7372	763	536	1860
-14868	-748	7436	1158	838	1610
-15140	148	7356	362	278	1878
-15136	-1076	7204	-353	195	1446
-14652	100	7492	283	617	921
-14492	-68	7576	120	95	1115
-15268	-836	7024	383	579	448
-15256	212	7624	457	641	231
-15444	16	7736	419	81	224
-15940	-840	7024	192	28	-189
-16212	376	7864	276	149	-308
-15588	240	7760	-317	-100	-547
-15456	4	7624	56	-47	-1254
-15876	452	7896	-349	-33	-1927
-15440	192	7596	-1031	-531	-1728
-15232	-624	7524	-1580	-513	-1874
-15668	-100	7832	-848	-173	-2276
-15348	-452	8148	-613	-185	-2651
-15280	-520	7844	242	2	-3270
-15088	-424	7320	-458	-96	-3549
-14228	-1212	8476	-1351	-290	-3574
-14568	-876	7840	-1485	-242	-3819
-13952	-1372	7552	-1682	-405	-3607
-14148	-2060	8508	-1856	-28	-3500
-14816	-2548	7700	-1406	-16	-3278
-14248	-3332	6736	-1049	-465	-3049
-13796	-2720	7984	-261	-227	-2909
-13700	-1964	7232	89	-159	-2736
-13124	-2760	6612	384	-291	-2973
-13312	-2584	8056	791	272	-3343
-13944	-2196	7796	102	220	-2958
-13368	-3324	6668	-1349	6	-2379
-13276	-3608	7104	-646	781	-3174
-15156	-2428	7240	-116	1026	-3165
-13212	-4052	7044	328	765	-3093
-13192	-4224	7344	1948	529	-3359
-12644	-2852	7860	1349	-346	-2250
-12980	-4496	6536	-171	-616	-2282
-12468	-3988	7200	140	-476	-2137
-12672	-2744	7648	-1751	-624	-1501
-13000	-5132	7176	-1509	200	-2169
-13652	-4360	8040	65	427	-1927
-13412	-4724	7816	201	460	-1784
-15020	-3620	7980	-59	614	-1758
-14476	-3300	8052	-1951	-20	-1368
-13636	-4600	8696	-3045	346	-1172
-13380	-3488	7308	-1300	555	-952
-12280	-5336	7520	-1007	332	-1608
-12480	-3096	8012	-1952	825	-1152
-11584	-5448	6968	-3533	1137	-1358
-12204	-6704	6572	-1314	1612	-1869
-12544	-5232	6948	-114	1968	-1063
-12528	-6196	6036	-1303	1278	-727
-13596	-6620	6844	-1309	564	-245
-12008	-4968	6416	-2248	-256	651
-12308	-5740	6452	-3865	-1064	645
-12608	-5548	6292	-4392	-1268	1452
-12780	-6124	6236	-4505	-2085	1430
-12584	-6408	6352	-5691	-2944	1719
-12732	-5888	6376	-5843	-2157	2820
-12408	-5888	6996	-3870	-1696	2387
-11596	-7216	6128	-3031	-1130	1015
-11784	-6812	6268	-89	353	536
-12260	-6536	6856	881	390	332
-12556	-6528	5884	-266	477	844
-12468	-5932	6464	-236	842	1530
-12824	-4888	7272	368	664	799
-12928	-6132	6160	40	543	226
-13292	-4816	7200	93	929	29
-13016	-5692	7516	-123	487	36
-12940	-5672	7060	64	460	-91
-12636	-5020	7212	-611	274	355
-12520	-5576	8028	-1210	426	-19
-12380	-5916	6420	-708	383	-265
-13096	-6460	6528	-90	380	-82
-12392	-6580	7192	666	484	-170
-12792	-5776	6776	-442	-108	44
-13176	-6788	5620	-1330	-117	454
-12144	-6332	6704	-1045	-317	539
-11900	-6596	6948	-1061	-463	142
-12968	-6804	5836	-755	-287	622
-12060	-7092	6784	-609	-157	459
-11900	-6316	6648	-1230	-309	400
-12444	-6440	6968	-1508	-371	573
-12016	-6588	6812	-1744	-381	403
-12156	-6984	6360	-1586	119	386
-12760	-6540	6696	194	237	505
-11944	-5812	6916	101	100	609
-11748	-5576	5900	33	767	216
-12808	-6140	6624	400	485	-477
-12752	-4856	5416	572	-16	-722
-13812	-5884	6620	-1672	-326	972
-13240	-6408	6432	-1974	-785	1910
-12308	-6024	5380	-630	-724	1853
-12764	-5184	6496	449	-136	1467
-12744	-5616	7120	899	17	1223
-13856	-4272	5596	1106	61	1460
-12540	-3856	6580	-857	-633	1656
-13996	-5128	6656	-1162	-629	1837
-13908	-5156	5852	255	-666	2344
-12580	-3308	6692	814	-1024	1560
-13032	-3124	6892	-765	-721	1706
-13696	-4408	6144	-1322	-850	1799
-12728	-3256	6360	-396	-1202	800
-14252	-3428	7100	-86	-1278	797
-13356	-3060	7548	-98	-1058	919
-13324	-3776	6860	-520	-834	178
-14500	-3956	7044	-15	-487	622
-14064	-4436	7144	717	-394	1008
-12692	-3800	6812	2074	-64	837
-13940	-2968	7736	1662	211	1200
-13416	-3640	7648	984	103	2013
-13112	-3844	6436	265	489	1565
-14356	-3412	6844	836	-70	2249
-12736	-2592	7168	1387	-43	1987
-12948	-1500	7344	1731	28	1095
-13936	-3128	7108	1168	-571	1212
-12584	-1840	7716	1418	-146	1168
-13068	-1308	7672	133	-277	1092
-13892	-2576	7320	-426	-406	928
-13564	-2052	7892	-297	-539	1096
-11872	-1852	7604	591	-287	1016
-13648	-2160	7688	1635	-101	323
-13908	-1796	8180	219	-15	209
-13832	-1756	7916	-1031	73	937
-14536	-2372	7552	-1285	12	1257
-14044	-2808	8068	44	306	1073
-14028	-2692	8888	1683	851	1253
-15320	-1840	8456	1862	943	1480
-14528	-1848	8060	1216	723	1655
-14632	-1540	8672	777	815	1873
-14852	-1540	7920	338	311	1907
-14720	-932	7012	613	425	1736
-14172	-1420	7836	205	220	2047
-14768	-1360	7496	288	29	2037
-14268	-928	7708	398	-168	1874
-14208	-904	7508	441	-220	1496
-13824	-548	7600	504	-234	1761
-13932	-408	7296	94	-175	1559
-14384	-932	8068	-131	-123	1150
-15004	-1012	8192	-207	-116	1399
-14388	-1088	7768	93	253	1430
-14976	-1060	7772	1170	85	1363
-14428	-244	7972	1239	48	1170
-14336	288	8080	639	-46	1505
-14580	-412	7404	-418	-267	1259
-14468	244	8364	-120	-124	1010
-14988	8	8452	-259	-385	784
-15048	-456	7680	-671	-179	649
-15088	-256	8332	-742	-38	793
-15148	-368	8548	-1205	137	706
-15236	-456	7940	-324	380	600
-15220	-160	7636	-21	246	-39
-14376	1152	8508	21	98	-96
-14868	768	7808	-1010	121	-550
-15272	80	7732	-401	370	-1423
-14852	700	8176	-500	355	-1777
-15332	288	7988	-845	426	-2179
-16056	-560	7284	-662	634	-3036
-15576	132	7456	-520	77	-3054
-14940	-248	8848	-1225	-80	-3225
-15232	-468	7808	-1097	-12	-3506
-14724	-1588	7336	-808	-396	-3826
-14128	-744	9032	-1267	-137	-3881
-14324	-1140	8072	-2346	47	-3617
-14592	-2724	6768	-1972	291	-3833
-13364	-2268	8824	-553	530	-3773
-14852	-1644	8144	-883	573	-3825
-14488	-2348	7492	-1832	559	-3544
-14172	-2876	7876	-2143	440	-3057
-14764	-3444	7660	-2542	259	-2635
-14416	-3616	7308	-1390	544	-2721
-14420	-2988	7444	113	643	-2622
-14616	-2256	7392	153	193	-2114
-14428	-3500	7036	-838	326	-2499
-14960	-2552	7252	-1191	255	-2347
-14056	-2648	6752	-984	-205	-2138
-13704	-3476	6568	87	-348	-2800
-14296	-3016	8036	415	-472	-2914
-13740	-2028	7240	-1742	-1082	-2611
-13708	-4884	6296	-2386	-1303	-2595
-13864	-3792	8980	-1455	-1156	-2414
-13592	-3288	7596	-1956	-1555	-2180
-12624	-5412	6400	-1379	-1510	-2298
-12552	-4684	9992	1291	-1219	-2399
-13160	-3036	8140	16	-1029	-2678
-12300	-4376	8920	-1127	-1388	-2020
-12640	-4716	9896	-2453	-1751	-1343
-10236	-5076	8032	-2112	-457	-1297
-11244	-6220	8248	81	1533	-2448
-11760	-4296	8556	190	2511	-2408
-12248	-5840	7632	-120	2738	-2384
-13068	-6076	7400	-188	2863	-1230
-12312	-5856	8168	-408	2865	-639
-13292	-5924	7260	-671	2092	-87
-13700	-5244	6788	-1104	1191	350
-12384	-4588	7212	-3127	-45	1425
-11572	-5384	6040	-5484	-1013	1627
-11348	-5640	5540	-3770	-387	1113
-11596	-6008	6352	-3570	-632	1147
-11496	-7276	5976	-3169	-254	1014
-11916	-6852	6280	-1009	1016	821
-12288	-6744	7484	351	1022	389
-12540	-6136	5872	573	1038	834
-12792	-5456	5972	-588	622	1559
-10932	-7636	7504	-1496	175	701
-12648	-6636	6004	-613	516	86
-13488	-5788	6480	-849	-71	1127
-10968	-6876	6932	-1257	233	1576
-12208	-6708	6036	-14	588	775
-12956	-7376	5256	93	394	-258
-13288	-5136	5936	1677	929	562
-14032	-5552	6200	-469	-197	1382
-12424	-7332	5116	-1088	-736	873
-13204	-4224	6596	705	-286	175
-12280	-5464	6548	-2158	-1037	-531
-13076	-5088	6268	-2135	-797	-379
-11180	-5768	7852	-3689	-1301	-394
-12312	-8464	7108	-1805	-246	-1345
-12408	-6796	6420	-140	318	-316
-12664	-7752	7752	-411	-116	196
-12360	-7460	6004	-307	328	716
-12520	-6744	6300	106	192	1044
-12520	-6548	6660	11	88	672
-11624	-6028	6396	231	167	318
-12272	-5844	6008	-150	-111	-27
-12940	-6076	6048	-1029	-263	116
-12180	-6512	6872	-1604	-792	411
-11832	-6640	6488	-1075	-736	140
-12908	-5916	5312	-143	-291	-336
-12108	-6196	7024	-448	-218	-134
-12272	-5556	7140	269	-47	-66
-12048	-5584	5252	717	195	-609
-13388	-6120	7100	-502	-81	-684
-13692	-6632	7968	-676	9	1057
-13604	-5600	6920	438	-69	2181
-12820	-5540	5996	1497	-265	1208
-12252	-4252	7504	1307	-38	887
-12368	-4468	7456	-544	-336	1363
-13208	-5452	5768	-444	-600	1732
-13584	-5336	6748	-457	-572	1831
-13772	-4912	6784	485	-885	2880
-13288	-4712	6544	822	-1322	3224
-13160	-3760	7128	327	-1161	2561
-13072	-3448	7508	119	-1050	2815
-13060	-3384	7656	147	-1235	2503
-13228	-3252	6508	1725	-555	1034
-12748	-2056	8320	1177	-680	1086
-13360	-2520	8028	509	-276	861
-13348	-3220	6972	409	-224	167
-13540	-2540	8168	-187	-233	-47
-14000	-3624	8356	490	99	434
-13236	-3888	6644	1231	54	475
-12388	-3420	7472	2329	516	-320
-14472	-3076	7268	1513	843	569
-13708	-3404	6984	492	-251	1786
-12552	-3268	6648	732	-823	1423
-14536	-3268	7936	430	-1027	1429
-13088	-2684	7824	42	-1344	2220
-13036	-2652	6956	1	-1323	1971
-13920	-2900	7632	591	-1068	1697
-13140	-2388	8276	1176	-1206	1877
-12864	-1872	7896	1587	-598	1327
-12980	-1564	8512	1345	-143	1102
-13724	-1628	9044	332	-382	1696
-13864	-2236	8088	-365	-560	1654
-13060	-2356	9020	439	-23	1235
-13656	-1188	8904	1168	337	1143
-13032	-524	9016	690	243	1252
-12960	-1516	7772	358	655	943
-13172	-1720	8580	268	1126	166
-13660	-244	8820	263	1283	215
-13028	-1424	7480	-49	1464	360
-13580	-1440	8352	774	1404	506
-14624	-1728	8572	1043	1510	400
-13688	-1080	8004	1062	1189	693
-13420	-1308	7688	680	1155	446
-14560	-868	8436	121	1297	432
-13876	-1068	8616	-1112	810	1208
-13580	-1548	7564	-751	968	1203
-14436	-740	7436	-383	1282	948
-14204	-1308	7756	-298	796	1077
-13612	-1688	6588	520	1199	831
-14832	-1020	7932	767	1009	651
-14268	-1632	8244	-75	728	1318
-14028	-1524	7896	-682	1331	1547
-15208	-1304	7432	-280	1107	1968
-14372	-848	7820	355	1011	1883
-14688	-520	6948	876	1276	1699
-16016	-764	7064	407	465	1631
-15324	-564	8100	225	385	1596
-15832	-84	7328	-210	260	1284
-15948	-628	7000	419	-192	944
-16028	592	7880	328	-87	815
-15844	80	8744	-1554	-420	656
-16176	-332	7272	-690	105	-32
-15652	1112	7888	-214	200	-582
-15624	36	7912	-774	-243	-951
-15304	-368	6480	-394	166	-1765
-14996	1240	6900	-909	-101	-1939
-14424	0	7808	-1926	-542	-1982
-14760	-696	6900	-1577	-274	-2631
-15212	-864	7040	-806	-221	-3415
-14248	-1124	7868	-916	-378	-3299
-14588	-1332	7068	-737	-47	-3462
-14808	-1732	7712	-691	-288	-3560
-14780	-1320	8212	-934	-92	-2995
-14616	-2300	7492	-1187	-27	-3003
-14040	-1940	7432	89	24	-3370
-13984	-672	7568	144	242	-3354
-13580	-1228	6980	-546	-324	-2990
-13492	-2708	7148	-1312	-684	-2776
-13164	-2364	7424	-1915	-448	-3101
-13444	-2560	6536	-1798	-776	-3055
-13836	-3576	7240	-761	-459	-3345
-14552	-3624	8652	-769	-337	-2880
-14944	-3464	8128	-2006	-72	-2282
-14364	-4672	7940	-1618	2	-2334
-14688	-3116	8260	-465	726	-2824
-14496	-2736	7648	-724	92	-2077
-14140	-3936	7420	-1245	192	-1782
-14160	-4416	7540	-1081	214	-1711
-14092	-4220	6444	-139	269	-1934
-13136	-3796	7388	1016	249	-2327
-13700	-3520	7464	1096	503	-2119
-13472	-3920	6064	1	113	-1853
-12516	-4004	6880	-189	147	-2568
-14316	-3664	7896	-501	-35	-2267
-13200	-3456	6888	-1934	-795	-1305
-12968	-5408	6816	-1651	-684	-2105
-14072	-4100	7968	-101	-64	-2712
-12964	-3668	7256	774	-661	-2185
-13608	-5432	6912	-802	-639	-2148
-13924	-4628	8436	-2164	-767	-1427
-12888	-5044	7820	-3015	-1249	-804
-13468	-5904	7320	-589	-657	-1684
-12236	-4688	8660	1149	-332	-1496
-13344	-5640	8408	693	395	-1792
-12708	-4732	8412	975	1029	-969
-10804	-4840	8032	311	1865	-1612
-12616	-5632	7412	547	2348	-1789
-12712	-4700	8072	253	2659	-953
-10800	-6296	6376	-548	2187	-758
-11836	-5508	6020	1453	2820	-1725
-12600	-5936	7408	274	1751	-972
-11576	-6268	6524	-776	939	243
-12184	-6992	5696	-2283	406	312
-12632	-6808	6952	-1651	10	612
-11988	-5612	6784	-703	-321	1054
-12632	-6532	6160	-1316	-744	746
-13136	-5892	6748	-1022	-594	1156
-13692	-5484	6508	-2049	-1142	1787
-12272	-5656	6392	-3316	-2018	2521
-12068	-4716	6196	-4412	-1512	1837
-12308	-5972	7168	-5138	-1376	2169
-12668	-6496	6064	-3586	-81	1612
-13128	-7868	6564	1664	1027	628
-11796	-6344	7232	5405	310	-90
-12108	-5212	6372	4332	891	-492
-12600	-4552	7800	-186	718	777
-11948	-5864	7672	-2794	7	892
-12328	-7200	5736	-1627	404	414
-12888	-4848	7816	-1389	533	483
-12824	-6496	6412	-2772	1180	375
-13440	-5872	5568	-200	1379	1193
-12216	-7080	7468	287	374	406
-12956	-4564	5664	-980	1157	-54
-13892	-5328	6272	-3772	-448	1456
-12960	-7076	5036	-1886	396	1296
-13800	-6248	5208	739	-146	838
-11064	-5848	6412	1738	-316	-282
-14236	-4608	6636	-1593	-1025	341
-12704	-6808	6704	-4646	-1971	1428
-11464	-7104	7152	-3610	-1389	1214
-11312	-7204	6984	-1678	-820	279
-12572	-7348	7492	75	60	84
-12644	-6680	7804	70	-41	1297
-11980	-5848	7020	529	558	1088
-11744	-5288	6492	639	467	-562
-12684	-5540	6616	-62	284	-497
-13356	-5076	6396	-944	-102	59
-12344	-5640	5700	-1237	-535	-729
-12340	-5420	5820	-1034	-386	-34
-13276	-5848	7152	-547	-9	574
-11836	-5848	7016	-127	-500	87
-12688	-5772	5780	247	-272	-368
-13216	-4868	6856	-688	-115	66
-12932	-5332	7216	-1593	-686	688
-12988	-5184	6140	-1157	-731	1007
-13140	-5348	6500	89	-245	860
-12672	-5160	7432	-5	-389	832
-13284	-5340	6184	-23	-373	1022
-12924	-5124	6288	420	-451	1183
-12620	-5084	7964	287	-189	1067
-13080	-4604	6784	732	-19	1122
-13840	-4036	6684	1465	-101	1298
-13296	-3764	7564	1151	-84	1521
-13680	-3828	6400	478	-336	1277
-13508	-3476	6200	1018	-772	1077
-14120	-2416	8004	-160	-462	846
-14144	-3644	6892	-372	-438	862
-12980	-3560	6344	882	-321	-24
-14228	-2536	7768	1045	48	-459
-13036	-3568	7544	265	11	-68
-12208	-3660	7184	918	271	-531
-14964	-3520	7860	554	644	-709
-14204	-4244	7580	-378	268	207
-12852	-4384	8580	-1203	-386	1107
-14228	-3652	7256	2	317	661
-14608	-4692	6144	-232	-331	1473
-12868	-4136	7476	745	-345	1459
-13804	-2960	7500	396	-121	1128
-13096	-3080	6596	-28	-419	1613
-11808	-3752	6212	-11	-496	1200
-12896	-2856	7704	-631	-581	1331
-12092	-3348	7104	-1235	-1156	1845
-12416	-4144	7020	38	-445	1037
-11712	-2796	7800	455	229	1138
-13480	-3012	7892	919	784	1387
-14152	-2188	7680	558	711	1453
-13188	-3380	8604	384	781	2085
-14108	-2644	7876	130	927	2281
-14300	-2836	6076	1308	1010	2375
-13288	-1776	7968	1197	920	2523
-14260	-1416	7728	1748	1010	2227
-14960	-2764	5840	2063	655	1861
-13836	-600	7720	1704	762	1715
-14768	504	8616	-395	182	2040
-15188	-2628	6188	-976	-335	2104
-14440	-904	8144	-864	-71	2202
-14736	-1196	8248	-788	-241	2601
-14648	-1800	7252	-191	-256	2413
-15108	-1564	8168	21	68	2154
-14924	-1084	8184	-314	323	2220
-14792	-1308	8200	-223	535	2114
-15912	-1496	7608	1101	509	1584
-14996	-260	8328	1163	612	1533
-14836	104	8276	380	649	1674
-15400	464	6336	-466	702	1370
-14708	-184	7112	-1187	-177	952
-15044	-780	8348	-789	349	239
-15380	-520	7744	-641	-119	280
-15352	-1244	7720	-232	697	-207
-16428	-828	8932	-343	312	461
-15864	-2072	7956	-764	389	46
-16064	-644	7600	356	1028	-470
-16092	100	7732	189	430	-119
-15376	-972	7020	-216	882	-839
-16108	-356	7028	101	734	-1316
-14944	4	7188	-232	429	-1579
-15084	120	7216	160	641	-1828
-15860	-32	6824	-350	509	-2318
-14748	-816	6900	-764	-82	-2466
-14996	-360	7216	-1047	271	-3084
-15664	-392	6780	-1706	-516	-3294
-15024	-1840	7000	-808	-478	-4002
-15068	-1336	7424	62	72	-4282
-15732	-1752	7132	-1228	-294	-3964
-14628	-2628	6680	-580	210	-4598
-15472	-1324	8604	-422	-217	-3991
-14436	-2944	7100	-1945	72	-3928
-14592	-2572	6988	-1689	580	-4530
-14896	-1888	8092	-2447	-487	-3792
-14008	-3548	7108	-2649	-311	-3962
-14268	-3668	6892	-2014	-221	-3856
-14224	-3484	6752	-2359	-507	-3454
-12788	-5252	7560	-2083	-301	-3024
-14324	-4836	6704	142	379	-3012
-12828	-4548	6844	449	-37	-2119
-13672	-4972	7568	470	463	-1846
-14840	-2860	7372	213	65	-1405
-13572	-4292	5752	-1141	-957	-1310
-12884	-4296	7680	567	55	-1761
-14032	-2068	6520	-301	-943	-1370
-13592	-5764	5980	-1787	-984	-2178
-13120	-4704	7436	33	-292	-1634
-11748	-3328	6648	-142	-308	-1226
-13856	-5260	6416	-856	-248	-1840
-13024	-4824	7104	-505	-669	-541
-12636	-4644	6692	-1976	-1096	-64
-11628	-5684	6408	-1447	-266	-592
-11892	-4560	6728	768	326	-221
-11792	-4992	6512	-38	290	-344
-11468	-5888	6736	1163	902	-989
-11960	-4836	7296	1768	1693	-818
-12292	-5100	7168	376	1311	-288
-13632	-5976	7452	-607	993	493
-12244	-5192	7668	464	760	718
-11968	-6340	7204	63	495	207
-12096	-4512	6984	-112	792	361
-12512	-5672	7124	-1903	-372	274
-13012	-5516	6460	-1731	-1033	926
-12380	-3972	7092	-2639	-1323	1380
-14600	-4396	7888	-2677	-2241	266
-12016	-3608	7472	-4584	-2701	1387
-12376	-5544	7176	-7012	-1512	1298
-11844	-6972	6564	-4832	38	809
-11592	-6976	6796	789	216	-274
-11552	-5540	5760	2037	834	-1205
-13116	-5088	5796	-842	1120	-809
-12340	-7144	6548	-2952	9	-582
-12544	-7004	6336	-1103	2	-290
-12864	-6600	6420	268	-383	-272
-10944	-7528	6804	-552	-20	-1210
-12428	-6356	7096	-1536	754	-422
-13352	-8412	7176	-1157	199	115
-12604	-7968	6340	1592	25	177
-13060	-6268	6536	3173	729	546
-12324	-5916	7736	2423	123	398
-12444	-5540	5244	-1251	-684	-275
-12012	-6948	6900	-3371	-307	832
-12304	-7416	7948	-2065	-936	960
-11648	-7148	5584	-303	-340	466
-12876	-6416	7856	113	120	919
-12024	-6548	7596	-148	-293	771
-12168	-7024	6396	-1328	-17	691
-12184	-6008	7264	-937	-163	914
-11676	-6188	7496	-594	-265	1046
-11676	-5872	6788	504	58	355
-11980	-6356	6924	-898	162	146
-13008	-6208	7348	-662	598	1120
-13020	-5944	7168	221	-62	1373
-11696	-5600	6344	2263	-13	-161
-12732	-4108	7024	1370	839	-318
-13388	-4512	7636	-229	302	897
-12520	-5340	6116	-586	-353	517
-13312	-5276	6264	34	-209	172
-13044	-4324	8124	-500	-100	-24
-13384	-4368	6468	-1487	-562	275
-13908	-5944	6608	-1495	-1041	1053
-13672	-5860	8660	-982	-1060	2167
-13052	-4104	7316	-816	-1123	2534
-12512	-5240	6904	-433	-1139	2193
-12620	-4232	7844	342	-230	2001
-11936	-3128	7344	-65	-331	1780
-13128	-4448	6380	185	-641	953
-13968	-3384	7736	308	-240	1338
-12928	-2704	7908	399	-264	1126
-13036	-3808	7176	598	-330	-98
-13544	-2440	7844	1212	10	-750
-12716	-2152	8472	302	52	-533
-12828	-3088	7684	-635	522	-1365
-13396	-4408	8024	-257	916	-1103
-12924	-4548	8252	1127	1528	-912
-13424	-5480	7624	416	1155	-491
-13184	-4812	7284	1249	1840	135
-13140	-4892	7380	1629	1554	815
-13340	-4280	6544	1360	1039	1142
-13576	-3944	6544	1536	610	1298
-12796	-2988	7540	927	252	1748
-13396	-3900	6556	462	-111	1772
-13244	-3540	6148	944	-596	1670
-13400	-2356	7412	1122	-454	1772
-13192	-3052	7616	1512	-262	1812
-14300	-3000	6528	2346	217	1431
-13792	-2072	7724	1757	-205	1842
-14500	-3276	7900	777	-280	2130
-14536	-2916	7004	1161	-135	2197
-14820	-1976	7480	2040	-345	2413
-13780	-1908	7536	1343	-282	2467
-13396	-2104	7492	1670	-17	1973
-14240	-808	6724	2115	-34	1432
-13024	-184	7788	1167	25	980
-14032	-696	8212	764	-122	663
-15136	-492	7692	-303	-330	516
-13640	-916	8600	-1801	-197	654
-14952	-1680	8360	-2643	49	582
-14296	-1892	7976	-2144	49	673
-13692	-2476	8016	-93	443	310
-14136	-1584	7932	672	507	247
-14468	-2028	8504	-214	800	519
-14208	-1736	8052	-1151	715	1317
-14240	-1900	6840	-1749	378	1764
-14484	-2828	7984	-1371	-153	2018
-14296	-1936	8356	-330	106	2313
-14252	-2368	6832	466	-22	2475
-13752	-1400	7244	757	-111	2558
-13876	-936	8732	485	148	2603
-14484	-72	7924	289	264	2146
-15436	-892	7112	423	-78	2056
-14372	-368	8620	205	643	1558
-15136	-64	7608	92	425	1416
-15532	-1468	7140	477	216	1247
-15176	-56	8932	386	420	1280
-14764	-380	7752	-702	466	1211
-15012	-628	7168	493	390	774
-14472	492	7876	631	237	549
-14272	376	8016	255	70	427
-15032	292	7852	75	511	-252
-15376	640	7836	-521	3	-235
-15224	-276	8308	-920	-62	-77
-16200	468	7648	-610	276	-756
-15892	8	9068	-1295	-332	-936
-15088	200	8124	-1224	293	-1064
-15696	600	7168	-1829	171	-1783
-15732	168	7328	-2423	290	-2704
-14684	4	8556	-2396	186	-3012
-16280	-240	7420	-2473	562	-3695
-16772	-1756	7096	-2497	-389	-3796
-14028	-1548	8232	-2096	181	-4351
-16828	64	8108	-2771	-345	-4887
-14340	-1628	6056	-4448	-628	-4142
-12312	-3444	7744	-4086	84	-3824
-13984	-3092	7616	-1801	873	-4332
-13712	-3240	7292	-1362	476	-3527
-12988	-3960	7168	-806	860	-3154
-14384	-3420	7756	-1651	978	-3053
-14668	-3844	7964	-1233	523	-2467
-14412	-3696	7708	-148	878	-2683
-14524	-2740	8148	24	814	-2424
-13976	-3140	7156	-960	815	-2410
-13476	-2740	6764	-1379	1232	-2596
-13488	-3048	6892	-2670	704	-1561
-13308	-5560	5544	-1241	785	-1703
-14648	-3820	5652	1699	662	-2789
-13340	-2164	6648	-351	28	-1701
-14140	-4152	6308	-2082	128	-1807
-14908	-5088	5468	-1589	-876	-2027
-13308	-3640	7628	-700	-1166	-2134
-12664	-3288	5948	-2223	-718	-1568
-13688	-5484	5884	-2905	-698	-1858
-13908	-5772	7484	-766	-1260	-1888
-12664	-2920	7172	124	-669	-1666
-13716	-4668	6456	-2323	-535	-1931
-13844	-4672	7948	-1095	-638	-1344
-13144	-5352	6644	-1516	-590	-1481
-12296	-6288	8404	329	72	-1287
-12368	-5236	8316	579	922	-954
-10980	-5964	7132	1482	1534	-1119
-11000	-5640	6564	1560	1705	-1371
-11624	-5592	7900	1620	2292	-1413
-11764	-5876	6716	1032	1745	-1495
-12588	-5972	6892	877	1233	-1405
-12956	-5900	6692	611	902	-411
-11596	-6752	6092	-537	268	-232
-12640	-6224	5000	-711	-590	339
-12032	-5700	5968	-806	-739	289
-10852	-5424	5960	-1774	-1250	266
-13080	-5288	5536	-3940	-1608	699
-10968	-8160	6460	-4812	-2052	709
-13432	-7872	7008	-1685	-496	-138
-12672	-6452	6988	-666	-834	684
-12808	-5976	7360	-1489	-998	619
-10772	-7576	6032	-862	106	279
-14052	-7280	6612	2267	424	-276
-13280	-5424	6948	2592	-713	109
-12212	-6356	7636	-284	-955	466
-11000	-6412	7840	-1960	-528	-53
-11584	-7716	7508	-3109	-788	-519
-12064	-7468	6196	-901	-263	560
-13528	-7224	8100	269	-419	870
-11184	-7216	7344	425	350	659
-13528	-4480	7052	868	919	1403
-13496	-5720	8816	-30	39	1662
-11952	-6340	7164	1182	774	776
-13640	-4608	7252	1461	1043	122
-12104	-5784	7080	-1677	-105	26
-13128	-4616	6224	-2105	-197	633
-12568	-7360	6060	-3180	-914	682
-12716	-6740	7120	-700	-306	495
-12032	-6948	7256	-1334	-1016	951
-11884	-6704	6280	-794	-581	790
-11984	-6592	7352	-1340	-744	327
-12028	-6856	7260	-1537	-884	435
-12960	-6856	6852	-1736	-799	1601
-12064	-6384	8100	-1075	-402	1362
-11532	-6048	7552	-1291	37	759
-12968	-4908	6320	-512	48	1013
-11856	-6228	8188	-1543	-21	537
-12056	-5192	7424	-490	772	-46
-13724	-5664	6892	-712	656	918
-13264	-6112	7744	-1818	401	2075
-13412	-6160	7272	235	816	2396
-12452	-5148	6404	1926	1070	1684
-13112	-3868	7252	1201	971	1887
-12948	-4128	7332	-1049	649	3030
-12660	-4696	5668	-2208	498	2303
-13244	-4508	6308	-1534	475	2148
-12200	-4308	6816	-915	603	2107
-13312	-4676	6312	-244	553	1762
-13628	-3908	5620	-15	528	1436
-13540	-3708	7052	-780	-12	2631
-14180	-4776	6220	-1056	-243	2523
-14108	-5032	5816	481	90	2355
-12908	-1964	6752	1983	405	2911
-12836	-2496	6508	209	-256	2645
-14100	-3044	5924	-136	-65	1684
-14436	-2444	6732	14	50	2165
-13224	-2164	6872	1232	-152	1532
-14256	-2836	6284	2539	3	580
-14680	-1984	7312	1847	350	776
-13104	-1432	7000	-85	-30	1237
-13144	-3560	6232	-2899	-273	1252
-14300	-2836	6640	-443	50	1425
-13124	-2692	7076	1276	-555	1831
-13276	-2924	6112	3268	-186	728
-14948	-1024	7236	3157	-102	943
-14052	-1152	8124	-466	-772	2266
-13192	-1704	5720	-1153	-652	2090
-12908	-1460	5468	864	-690	1149
-13692	-1656	7344	1762	-333	555
-13336	-608	7356	1519	-95	762
-13572	-1424	7088	1135	-540	1188
-14148	-1628	7372	1112	-317	809
-13736	-760	7492	1210	34	771
-14932	8	7224	807	66	943
-14524	-1824	8024	622	-386	1137
-14192	440	7548	1220	100	1040
-13832	24	7660	128	112	802
-14492	-840	7280	-670	288	180
-14872	-972	7344	-448	-435	416
-14508	-532	6712	507	-298	419
-14144	-1624	7712	437	-450	440
-14480	-780	7468	383	-316	612
-14248	-1476	7032	131	-374	899
-14916	-1400	7924	773	-66	700
-14140	-740	8484	1220	-590	1543
-14780	-752	6876	809	43	960
-15800	-180	7692	826	-732	1023
-14540	-368	9276	284	-166	968
-15132	84	8088	666	336	203
-16080	-860	7492	1331	313	-235
-15496	-752	9212	585	356	150
-14596	160	8136	-169	598	339
-15680	-1724	6548	191	362	445
-14352	-792	7888	797	967	138
-14464	260	8356	1034	278	667
-15172	-920	6480	1711	303	199
-13740	236	7668	1505	543	-112
-14356	1128	8024	72	290	-141
-14412	-444	6628	-238	355	-408
-13792	260	7364	596	717	-724
-13988	168	7948	118	434	-825
-13928	-300	6688	437	700	-1190
-14184	-72	7008	359	643	-1231
-13368	-136	7548	-303	754	-957
-14084	-804	7212	-114	760	-1084
-14432	-1228	6440	1039	609	-1168
-13640	-232	7380	754	431	-931
-13624	-300	7412	48	130	-521
-14432	-956	6828	148	46	-465
-13876	-692	7456	-125	-93	-365
-13948	-876	7740	-369	-257	-170
-14220	-1044	6852	-40	-86	-101
-13988	-756	7484	309	6	64
-14480	-32	8152	-599	-250	537
-13776	-696	6760	-502	-35	453
-14192	-788	6612	562	-274	401
-14088	-64	7640	-28	66	-84
-13844	8	7316	-561	75	229
-14452	-928	6560	-363	-41	110
-14016	-652	7560	233	216	-83
-14456	-60	7448	316	212	-22
-13908	-452	6984	103	175	-125
-13736	-184	7120	32	92	-341
-14140	4	7608	-589	-44	-255
-13776	-432	6936	-536	-52	-277
-14232	-776	6508	-91	-122	-357
-13636	-332	7496	-264	-34	-428
-13872	-400	7572	-565	-155	-155
-14440	-980	6928	-848	92	-204
-14192	-756	7104	-578	296	-205
-13868	-720	7240	-298	-167	210
-13872	-1056	6796	-154	345	-110
-13884	8	7216	152	-118	64
-14120	-536	7224	-512	143	58
-13984	-460	7588	-439	220	32
-14024	-584	7068	-309	45	-237
-14124	-476	7016	19	44	-229
-13936	-256	7532	-600	263	-147
-13780	-532	7728	-861	128	286
-14116	-952	6464	-991	183	19
-13444	-504	7076	-567	6	186
-13760	-392	8176	-519	191	422
-13752	-508	6796	-705	424	232
-14024	-856	6884	-37	173	344
-14028	-256	7460	-259	666	25
-13584	-208	7332	-424	482	304
-14768	-712	6932	-222	501	163
-14348	-500	7264	-44	595	128
-14380	-236	7748	-840	130	424
-14568	-628	6524	-1518	240	507
-14256	-724	6528	-840	-93	437
-13940	-124	7508	-532	-222	312
-14152	-216	7632	-292	-12	201
-14416	-468	6632	-382	12	105
-13956	-312	7072	-80	131	154
-14332	168	7664	-475	1	368
-14352	-508	7260	-748	250	62
-14380	-216	6728	-510	190	19
-14724	92	7600	-366	103	55
-13996	-656	7024	-777	492	204
-14764	-2020	6300	1775	1052	445
-14720	-44	6816	4799	606	-1267
-14088	1948	6820	3645	398	-639
-14344	1508	7108	-1549	347	328
-14176	192	7016	-1975	1205	794
-14340	892	7052	-3361	1198	-377
-14600	-488	6412	-2683	-214	-37
-14352	-1880	7316	-860	-2190	-1067
-14540	-1452	8072	2585	-2737	-2639
-14592	-332	6644	3549	-3755	-1575
-14516	-668	8656	4988	-5658	440
-11304	2148	5708	386	-5715	-2670
-16040	-840	9148	-1922	-515	1354
-13480	236	7412	-51	-303	84
-13908	512	8120	605	-836	-115
-13544	-3704	6896	-2525	519	-12
-14216	-1228	7532	-90	-1183	-1624
-13920	-472	7708	-474	-259	-2683
