0	0	0	0	0	0
15448	1156	-2196	781	-892	-346
16352	4728	-5828	-25	-129	-528
15636	4844	-5236	-868	1903	-872
15872	4832	-4332	-701	3119	54
15764	2712	-2900	1320	3791	2730
15812	6012	-4500	1571	3955	114
8048	8584	348	-2567	-7421	-214
23416	-828	-8476	13	-8562	-3142
17392	5132	-5132	415	5799	789
11444	4776	-2536	-740	46	381
17568	3312	-5788	422	-1614	-96
15396	4612	-4844	-168	1972	158
14516	4136	-4208	-286	-484	359
16324	4144	-5308	321	132	-28
15160	4840	-4656	259	526	174
15768	4444	-4836	359	18	-6
15700	4324	-4656	806	367	-565
15676	4188	-4432	1824	423	-1314
15668	3608	-5704	2820	1798	-2581
15852	7096	-4500	3317	2573	-3649
15868	5468	-3448	2137	3506	-3670
15584	4588	-5108	4423	3230	-6195
15200	9004	-4436	5581	2910	-7448
14872	6588	-3972	4724	2713	-7401
14508	7900	-4464	6950	1198	-9396
14488	9340	-4804	5440	90	-9369
14556	8232	-5532	4009	-991	-9300
14384	8020	-6008	4021	-1360	-9779
13960	7996	-6124	5075	-1599	-10224
13476	7672	-5896	6370	-2997	-10505
13272	8412	-7196	7400	-4159	-10675
13120	9432	-7912	7103	-4035	-10881
12788	9212	-7744	7322	-4841	-11275
12348	9412	-8876	8236	-6930	-11463
11940	10052	-9572	8572	-7668	-11696
11680	10248	-9900	8846	-8290	-11999
10592	10824	-10812	9825	-9391	-12576
10196	11280	-11812	9968	-10994	-12369
9684	11792	-12228	8796	-12502	-11745
8924	11256	-12456	7081	-13402	-11183
8184	10616	-13452	6920	-13975	-10944
7292	10616	-13856	7867	-14353	-10610
6040	10076	-14512	8439	-15169	-10416
5088	10364	-14908	8291	-15667	-10121
4052	11276	-15032	6760	-16639	-9456
3624	9928	-14568	4394	-17088	-8618
2508	9648	-14848	3599	-17410	-8051
2140	9316	-15156	2896	-17883	-7709
824	8376	-14624	2151	-17716	-7638
-284	8944	-14560	1857	-17761	-7489
-1012	7924	-13596	1474	-17932	-6954
-2000	7696	-13196	899	-17364	-6743
-2656	7636	-13064	672	-17240	-6584
-3996	7164	-13136	557	-16978	-6352
-5192	6916	-12392	488	-16965	-5996
-5756	6892	-11504	-508	-16654	-5418
-6696	6204	-11280	-1201	-16042	-5031
-7420	5460	-10600	-447	-15771	-4908
-8144	5964	-9976	-41	-15282	-4779
-9080	5176	-8620	306	-14511	-4319
-9476	5748	-8096	534	-14333	-3855
-10064	5124	-7104	159	-13765	-3445
-11456	5084	-6524	-85	-12946	-3154
-11004	4712	-6444	54	-12388	-2887
-12152	4388	-4888	228	-12095	-2544
-11704	4600	-4620	-582	-10862	-2061
-11968	3616	-3716	-538	-9932	-1565
-12488	4224	-2504	800	-8985	-1369
-12660	3816	-1764	822	-7462	-1039
-12836	3972	-1244	820	-5999	-605
-12536	4656	-620	-47	-4364	-274
-12520	4036	20	-852	-2356	-206
-12312	3988	-332	-1389	-476	396
-11716	3896	-152	-1246	1749	878
-11684	4080	-468	-1281	3605	1404
-12148	4516	-880	-1384	5873	1694
-12552	4788	-1240	-2143	7336	2091
-11592	4636	-2480	-1388	8841	2195
-12544	4904	-3980	93	9787	2003
-12044	6628	-4620	-1826	9923	2597
-11936	6192	-5060	-5480	10058	3969
-11920	4984	-5456	-4768	10458	4477
-10432	6308	-5472	-2782	10668	4790
-10980	6868	-6892	-4839	11661	5667
-10044	6124	-5880	-5451	12449	6089
-9152	7272	-7200	-7262	12909	7256
-8912	6384	-9116	-5094	13650	7398
-8880	8760	-8580	-3634	13532	7780
-8712	8372	-9960	-6459	13867	9094
-6564	8080	-10348	-4321	13485	9700
-7012	11744	-10748	-4829	12567	10847
-6292	10124	-11248	-7568	12568	11758
-5340	9872	-12516	-6584	12421	12017
-3880	12028	-10412	-8281	12394	12799
-3364	11872	-11052	-8051	12510	13250
-1828	13144	-10016	-10046	11849	14185
-1136	13044	-9524	-11102	11654	15271
580	12552	-10884	-7350	10715	14775
1860	14912	-9120	-5743	10017	14416
2132	16792	-10972	-9098	9927	14940
2748	13920	-8976	-9050	8869	15020
3624	15488	-8160	-7811	7603	15974
5168	13652	-8348	-6757	7339	15199
6340	15780	-7440	-4054	7141	13437
5916	16240	-7028	-5469	6831	13961
6516	13496	-7672	-4535	6037	13210
8236	15912	-6284	-4752	5279	12958
7888	14016	-5936	-5726	5433	13271
9012	13980	-5852	-5024	3403	12711
10420	13596	-5244	-4828	3252	12453
10636	12196	-4652	-3833	3787	11846
11520	11000	-4536	952	3619	10536
12328	13216	-4416	2249	3402	9488
11808	13168	-4904	219	3582	9519
11728	12532	-4396	-1534	2671	9734
12636	11488	-4156	-2192	2029	9533
13096	10076	-3852	-1355	2413	9048
13432	9840	-3888	361	2368	8444
13816	9792	-3168	1463	2558	8212
13716	10172	-3520	1737	2456	7907
13948	9320	-3672	1200	2384	7907
14312	9132	-3288	855	2099	7830
14668	8828	-3580	662	2255	7765
14924	8232	-3276	1232	2024	7459
15360	8136	-2916	1330	1465	7213
15600	7952	-3552	502	1362	6945
15656	7188	-3100	191	2078	6321
15252	6996	-2708	1033	1762	6087
15548	7132	-2868	833	1056	5824
16060	6640	-3360	1027	1923	4671
15528	6388	-2856	1434	2075	3800
15100	7184	-2760	1377	1292	2899
15564	6616	-3472	955	894	1849
15512	6560	-3468	587	1148	1179
15536	5928	-2708	320	859	669
15160	5896	-3068	738	378	2
15464	5676	-2712	662	479	-86
15484	6116	-2912	547	456	-463
15744	5836	-2840	48	-12	-1126
15840	6036	-2840	284	-359	-1560
15600	6024	-3312	987	70	-2583
15172	6016	-2596	1222	-217	-3390
15384	7036	-2876	1353	-1113	-3629
15524	6784	-3360	1092	-708	-4591
15080	7804	-2728	1126	-1297	-4780
15448	7876	-3832	1387	-1669	-5717
15056	8044	-3996	2030	-1598	-7966
14968	8888	-4544	2816	-2254	-9675
15104	9248	-4420	4028	-2088	-11563
14024	10068	-4924	4240	-3156	-12569
14264	9776	-5256	3853	-3982	-12938
13792	10648	-4564	2690	-4310	-13215
13476	10360	-5244	2467	-4225	-13732
13296	10116	-6288	4688	-5089	-14897
13224	11192	-6904	6619	-5779	-15585
11780	12140	-6772	6417	-5924	-15623
11572	12824	-7156	5387	-6251	-15531
10380	12528	-7600	5308	-7185	-15486
10020	12444	-8752	5651	-8573	-15004
9000	12672	-8768	6383	-8533	-14859
7992	12724	-9204	7385	-9838	-14666
7588	13300	-9712	7671	-10147	-14453
6292	13800	-10356	6763	-10698	-13813
5568	13044	-10284	6486	-11048	-13375
5036	12772	-11004	7159	-11536	-13317
3296	12248	-12060	8200	-11792	-13102
2368	13180	-11772	7782	-12724	-12101
1804	12340	-12028	5782	-12680	-11367
36	11048	-11980	5260	-12945	-10701
-340	10480	-12492	6297	-13608	-10320
-696	10840	-12588	6342	-13116	-10001
-2528	10220	-11980	5878	-13208	-9535
-3068	10116	-12720	5057	-13770	-8788
-3756	9236	-13196	5291	-13624	-8561
-5256	9304	-11508	4597	-13849	-8098
-5448	9376	-11264	2206	-14090	-7055
-6236	7616	-11440	954	-13389	-6389
-7188	6848	-10744	2578	-13538	-6149
-7340	7140	-11372	3963	-13688	-5857
-8168	7476	-10948	3270	-13135	-5655
-8892	7192	-9656	1358	-13319	-4926
-9180	6732	-8728	-348	-13222	-4115
-9672	5644	-7928	-229	-12645	-3778
-10300	5364	-7312	1154	-12409	-3330
-10944	5260	-6840	2234	-11697	-3217
-10808	5588	-5576	2175	-11329	-2740
-11948	4644	-6196	1971	-11164	-2349
-12152	5332	-5260	1639	-10283	-2338
-12252	5816	-3800	488	-10114	-1983
-12356	5076	-3648	52	-9064	-1566
-12516	4156	-2428	1060	-7815	-1413
-12784	4684	-1668	1501	-6749	-942
-12316	4932	-1392	737	-5088	-524
-13104	4328	-1052	-612	-3718	-450
-12220	4356	-132	-807	-2232	-165
-12612	4492	-1084	-693	-164	298
-12792	3536	-1588	251	825	321
-12880	5068	-220	38	2568	349
-12660	6132	-364	-1854	4179	1227
-12264	5200	-1796	-3930	5628	1791
-11952	5028	-880	-4767	7076	2575
-11644	4764	-2500	-3935	8683	3454
-11040	4928	-3692	-3895	9811	4230
-11444	6200	-3816	-5171	11227	4703
-11440	4756	-5776	-6004	11662	5571
-10652	4872	-7220	-2678	12173	5561
-11188	6576	-7504	-1173	12581	5502
-10444	7916	-7912	-3651	12175	6095
-9552	8892	-7484	-7213	12416	7227
-9484	6896	-7936	-6093	12390	7702
-8432	7164	-8728	-943	12310	7338
-8096	10604	-7792	-2258	12582	8266
-7768	9968	-9876	-6387	12826	9387
-6452	10236	-9616	-5769	12097	9716
-6600	10260	-10956	-6226	12265	9986
-5960	9728	-10768	-4121	12556	9693
-4368	13720	-8948	-5884	11796	10363
-4788	13940	-11572	-14414	12071	12422
-3368	9116	-10704	-10507	11043	13212
-1140	12176	-10128	-3697	10505	12780
-1220	14012	-10700	-4555	10855	12541
-644	14456	-9224	-6487	10690	12926
956	14352	-9796	-5315	9361	12772
1744	14392	-10020	-5245	8895	12266
2508	14644	-9064	-3883	8703	11898
3532	15116	-8176	-3618	7779	11715
4308	16492	-8600	-5673	7205	11745
4776	15432	-7876	-7823	6176	12545
4944	16000	-7232	-10032	5329	13581
5976	14320	-7136	-10719	4484	13650
7132	13456	-6396	-6736	3672	12512
7732	15704	-5368	-6252	4086	12208
7460	13108	-5004	-7545	4591	12717
9056	13420	-5048	-5533	3335	12141
10224	13800	-4612	-5144	3006	11898
10660	12560	-4028	-4692	3196	11705
11364	11280	-3476	-2438	3047	11317
11896	12408	-3488	-758	2866	10685
11900	11392	-4472	-844	3115	10705
12824	11480	-3624	749	2539	10105
13148	12308	-3952	368	2485	9721
12980	10468	-3968	28	2538	9459
13188	11100	-3380	687	1967	9164
13572	10728	-3204	-57	1730	9329
13764	9984	-3280	-275	1387	9414
14496	9304	-2976	-171	1025	9117
15108	8860	-3192	474	1082	8614
14980	8420	-2924	284	1414	8282
15072	8380	-2092	920	1317	7958
14880	8060	-2652	840	1100	7784
15280	8372	-2800	217	845	7181
16116	7936	-2356	214	1317	6533
15400	7488	-2876	1081	1059	5574
15624	7928	-2596	1563	1120	4416
15820	7552	-2392	1509	1290	3420
15156	7944	-2632	1227	1180	2441
15380	7452	-2568	529	735	1614
15620	7212	-2492	99	1056	837
14976	7068	-2632	-208	492	113
15704	6104	-2736	690	1102	-812
14900	6308	-2368	1778	1172	-1544
15320	7020	-2972	1950	172	-2196
15104	7336	-3064	1384	338	-2889
15212	7284	-2732	868	61	-3319
15016	7884	-2996	1187	-612	-4693
15100	7752	-3036	1180	-873	-5734
15208	7880	-2800	1364	-575	-6312
14716	8148	-3260	1969	-921	-7415
14844	9484	-3652	2777	-1726	-8780
15268	9536	-4176	3305	-1993	-10352
14236	9668	-3832	3042	-1723	-11517
13456	8916	-4072	6377	-2451	-12275
14088	9716	-5176	9672	-2832	-14205
13176	10364	-6124	10359	-3203	-15762
12048	12984	-6384	9885	-4296	-15949
12320	11944	-6296	8201	-4784	-15728
11516	12272	-7384	8308	-6641	-16279
11584	12972	-7676	7843	-7309	-15895
10916	12872	-8704	8457	-7971	-16434
9792	12780	-9444	9576	-8933	-16794
8420	13356	-10436	11094	-10360	-16956
7484	13868	-10388	9603	-11183	-15843
6612	14188	-11224	7337	-12897	-14462
5732	12872	-11736	5729	-13644	-13665
5348	12252	-11840	7080	-13866	-13664
3940	12492	-11756	7220	-13835	-13160
2864	12556	-11856	6563	-13854	-12495
1876	11700	-11964	5764	-14383	-11293
1820	11268	-12932	5997	-14787	-10597
380	12404	-12524	4436	-14905	-9738
-1360	10580	-12200	2552	-15193	-9210
-1220	10432	-12400	2924	-15040	-9008
-3036	9428	-12064	3634	-14915	-8881
-4308	9200	-11864	3523	-14794	-8626
-5476	9444	-11248	2135	-14565	-8066
-5292	8832	-11552	566	-14814	-7331
-6132	7580	-10676	1185	-14348	-6928
-6876	7744	-9500	2355	-14360	-6472
-7112	8240	-8548	166	-13538	-5566
-8036	6760	-8200	53	-12800	-5201
-9056	6312	-7880	1033	-12499	-4763
-9596	6420	-7404	1240	-11919	-4485
-10184	5984	-7312	1290	-11250	-4159
-11168	6360	-6892	1399	-11082	-3811
-11240	6084	-6180	677	-11006	-3135
-11848	5224	-5616	1094	-10205	-2851
-11980	4696	-5132	2438	-9702	-2641
-12376	5696	-4520	3234	-9470	-2367
-12588	5712	-4712	2055	-9064	-2036
-13200	5496	-3552	1362	-8927	-1694
-12928	5416	-2216	899	-8594	-1164
-13192	4692	-2348	1056	-7549	-908
-12832	5408	-1116	1578	-6522	-767
-13068	5536	68	809	-5061	-699
-13008	5500	-176	-319	-4021	-543
-12804	5292	-232	-1085	-2202	-347
-12956	4852	836	-1997	-283	84
-12292	4776	928	-1948	1672	454
-12576	4728	-1524	-1913	2875	832
-13128	5356	-604	-2941	3780	1252
-13008	4532	352	-4792	4973	2586
-12012	3904	-1284	-4308	6708	3199
-12272	5496	-1400	-1904	8442	2984
-13100	5884	-3448	-1695	9025	3093
-13064	6680	-4812	-2394	9257	2834
-13040	7320	-4932	-3782	8729	3407
-12392	6216	-6076	-3632	8231	3602
-12136	8132	-4712	-3951	8611	3799
-11432	7984	-4956	-5490	8474	4848
-10940	7216	-4140	-6976	8781	5787
-10056	8268	-3900	-8518	9446	7338
-9492	6376	-6172	-6445	10280	7987
-8892	7636	-6028	-4318	10963	8288
-8364	10520	-6800	-6321	11885	8773
-8556	8412	-8184	-6605	11619	9663
-7308	9676	-7588	-4856	11594	10267
-7080	11212	-7092	-4162	11711	10786
-7668	9924	-9508	-4263	10980	11322
-5500	15260	-5628	-10070	10422	13495
-6068	9944	-6800	-13062	11260	14834
-4176	11044	-8268	-8357	9921	14683
-2052	11804	-7956	-2065	10184	13680
-1696	14448	-8336	755	10562	12856
-984	15924	-8552	-1545	10382	12792
24	16068	-8020	-3265	9605	13188
596	15332	-8744	-4081	8198	13198
1648	15776	-8568	-5288	7756	13401
3060	16100	-7560	-5363	8001	13083
3396	16232	-7312	-5965	7346	13062
4668	15864	-6588	-5505	6718	12449
4716	15004	-6228	-5177	6936	12507
5024	14104	-5952	-2472	6565	12208
5928	16204	-6420	-3076	5588	11912
6788	15324	-5824	-4373	5711	11984
7072	14388	-5452	-4019	4916	12358
9008	13888	-5504	-2601	4412	11870
9640	13580	-5232	-870	4724	10779
9500	13712	-5216	551	4305	10278
10280	13776	-5208	514	4057	9827
10600	13768	-4748	357	4247	9276
10716	13252	-4432	145	3786	9160
11280	12420	-4372	-792	3538	9442
11708	11280	-3984	-274	3671	9416
11916	12236	-4364	107	2440	9253
13052	11688	-4380	-1243	2173	9507
13348	10100	-4008	-1800	2834	9362
13140	10272	-3768	-426	2623	8979
13672	10104	-3928	276	2451	8737
13912	9904	-3372	714	2672	8448
13672	9880	-2972	251	2126	8486
14504	9348	-2808	-294	1871	8552
14636	9220	-3488	-1235	1671	8999
15088	8320	-3252	-1314	1621	8727
15176	7960	-2904	-1018	1326	7954
15388	7628	-2972	-28	1494	7082
15248	7172	-3148	476	1640	6393
15548	7400	-2364	1827	1809	5461
15244	7380	-2668	2341	1503	4537
15604	7468	-2868	1882	1216	3882
15696	7188	-2308	823	1501	3551
15484	7008	-2428	596	1302	2895
15540	6840	-2832	510	739	2286
15988	6672	-2612	379	936	1376
15512	6808	-2508	555	948	384
15428	7064	-2676	830	441	-344
15348	7340	-2804	637	727	-1266
15256	7044	-2556	1000	410	-2008
15416	7700	-2612	706	-6	-2664
15300	7552	-2756	543	-260	-4468
15200	8004	-2832	732	-528	-5947
15172	8196	-2956	1017	-714	-6964
14912	8556	-3220	1347	-884	-7767
14664	9432	-3752	1644	-1459	-9076
14820	10188	-4508	1571	-2890	-11023
14860	11296	-4836	747	-3368	-12638
13896	10860	-4660	-97	-4146	-13170
13728	9860	-4940	722	-4682	-14067
13228	10436	-5640	2198	-5038	-14822
13004	10244	-5612	4391	-5152	-15415
12672	11140	-5632	6424	-5280	-16205
11880	11788	-6604	8492	-6044	-16981
12100	13496	-8040	9870	-7678	-17795
11444	13412	-7740	9108	-7692	-17697
9728	13028	-7480	9310	-8940	-17045
9176	13508	-8048	9143	-10266	-16194
8816	13024	-9460	9595	-10433	-16351
6940	13412	-9372	10202	-10885	-16008
5808	13708	-10724	10036	-12088	-15304
5904	13052	-11452	9754	-12077	-14760
3572	13100	-11396	9079	-12564	-13574
2568	12720	-11948	7490	-13743	-12474
2040	11928	-12400	6261	-13813	-11437
544	11496	-12304	5946	-14217	-10776
-288	11156	-12920	5631	-14591	-10354
-1312	11080	-13056	5070	-14906	-10084
-2572	10552	-12880	4126	-14876	-9479
-3256	10192	-12376	3421	-15764	-8653
-3124	9660	-11700	2438	-15436	-7680
-4512	9380	-11168	2039	-15260	-7099
-5160	8420	-10660	2192	-15161	-6810
-6424	8308	-9976	2405	-14343	-6712
-7176	8372	-9528	1701	-14341	-6197
-7948	7928	-8888	711	-14044	-5718
-8536	6232	-8860	1561	-13609	-5274
-9060	6632	-7756	2906	-13033	-5012
-9320	7076	-7588	2793	-12322	-4606
-10320	7704	-7004	43	-11458	-4135
-10420	5900	-6544	-1302	-11280	-3745
-11052	5104	-6220	1704	-10582	-3718
-11272	6764	-4800	3767	-10367	-3721
-12732	6276	-5272	1742	-9944	-3229
-12324	6712	-4428	-531	-9923	-2840
-13040	5500	-5108	-1819	-9493	-2731
-13476	3780	-3652	275	-9395	-3056
-13212	4956	-2364	1789	-8853	-2891
-13388	5172	-584	-7	-8051	-2165
-12964	4328	248	-1285	-7303	-1393
-13176	3772	464	-173	-5853	-1152
-13128	4692	-284	277	-4191	-889
-13328	5168	-1000	-1890	-3472	-421
-13652	4512	-780	-2848	-2728	72
-13528	3520	-1144	-1313	-1902	230
-13684	4944	-8	167	-334	59
-13192	5060	1440	-736	667	464
-13032	5068	380	-1762	2248	782
-13000	4632	1420	-2793	3912	1272
-12680	5472	456	-3113	5206	1853
-13352	4308	-1020	-4458	6483	2468
-13024	3424	-980	-3024	7241	2703
-12912	4744	-1416	-589	7992	2930
-12988	6300	-2200	-1458	9106	3365
-12944	5580	-2560	-4544	9231	4307
-11900	5364	-3584	-3307	9807	4615
-12460	5756	-5304	-1344	10063	4744
-11496	6916	-4548	-1264	10332	4970
-10984	7720	-5364	-2917	11045	5333
-11152	6224	-6464	-1232	11102	5517
-10052	8540	-5404	-3113	11460	6277
-9272	7396	-6416	-4475	12336	7223
-8560	7664	-6900	-2565	12434	7705
-8104	10884	-6836	-4562	12811	8686
-7876	9296	-7940	-6868	13174	9686
-7496	9624	-8780	-6040	12300	10434
-6976	10344	-9436	-7003	12044	10730
-6704	9216	-8792	-3193	11715	10660
-6040	13856	-9092	-4600	10942	11135
-5276	14308	-8824	-10391	10939	12392
-4616	11228	-8844	-9891	9238	13477
-2760	12624	-8908	-4131	8592	12783
-2608	16312	-7888	-6366	8559	12988
-1372	14192	-7156	-8882	8419	13614
-500	14192	-6912	-7515	8096	13652
732	15572	-7512	-7875	7905	13622
884	15728	-6080	-9819	8622	14380
1528	13752	-6212	-8872	8016	15173
3336	13900	-6364	-6807	8160	15197
4388	14704	-4964	-5200	7911	15412
6520	16528	-6484	-4927	6485	14978
7324	16524	-6904	-5256	6310	14301
6220	16180	-5848	-5472	5232	14345
7496	15144	-5396	-5548	3595	14111
8596	15340	-4748	-6020	3501	13326
8616	13864	-4568	-4790	3411	12824
9136	12612	-4012	-1522	2855	11845
10420	14128	-3776	-547	2588	11410
11088	13972	-3812	-2233	3377	11296
11040	12980	-3708	-3206	2769	11515
11832	12092	-3068	-2400	1848	11339
12448	11732	-3272	-1500	1647	11053
12936	10768	-2856	59	1889	10205
13280	10760	-2944	1694	1761	9183
13604	10708	-3180	2908	2033	8526
13484	10724	-3036	2734	1616	8290
14080	10344	-2944	1858	1804	7874
14080	10144	-2844	1923	1541	7670
14128	9436	-3108	1572	1356	7655
14416	8956	-2936	1812	1438	7146
14524	9140	-2756	2008	1361	7074
15240	8608	-3060	2083	1057	7085
15044	8296	-3148	1929	1251	6695
15208	7568	-2296	1428	1222	6352
15232	7256	-2756	1544	1074	6570
15568	6572	-2568	1633	1477	6974
15764	6768	-2724	2017	1412	6470
16072	6928	-2996	1908	1494	5346
15572	7200	-3032	2030	1483	4292
15576	6788	-2884	1421	1138	3364
15456	7088	-2776	1371	1186	2020
15264	7076	-2420	1843	931	890
15400	7984	-2792	808	144	-161
15724	7740	-3168	-19	224	-1076
15224	7504	-2724	-159	22	-2407
15276	7708	-2640	-171	-286	-3422
15428	7616	-2564	61	-231	-4364
15328	8548	-2672	-61	-224	-5608
15392	8256	-3112	-521	-585	-7116
15224	8920	-2848	442	-1090	-8717
15008	9620	-4472	622	-1530	-9696
15524	9336	-4336	1031	-1051	-12343
14368	10580	-4592	3069	-1685	-15164
13884	10416	-5024	5167	-2758	-16536
13408	10236	-5576	7228	-3155	-17398
13224	10464	-5456	9304	-4052	-18797
12560	12332	-6564	10539	-5442	-19611
12324	12772	-7596	10735	-7313	-19920
11516	12900	-8796	10525	-8351	-19749
10572	13280	-8504	10484	-10326	-19354
10628	13240	-9688	10368	-10770	-19106
8304	13392	-9152	10314	-11122	-18410
8148	12940	-9936	10598	-12983	-17532
7760	13308	-10960	11132	-12841	-17036
5484	13136	-10792	11113	-13444	-15843
4344	13212	-11836	10584	-13997	-14924
2936	12352	-11808	9270	-13726	-13883
1936	12100	-12256	8161	-14399	-12823
1544	11756	-13516	7090	-14865	-11704
64	10596	-13112	6780	-14827	-10877
-1564	9520	-13496	6986	-15568	-10336
-1472	9776	-13176	7150	-15554	-9943
-2964	9048	-12944	6362	-15398	-9221
-4204	9088	-12664	4998	-15456	-8325
-5160	8612	-11760	2883	-15687	-7105
-5816	7600	-10904	1579	-14937	-6245
-6900	6836	-11220	1798	-15182	-5575
-7200	6336	-10772	3218	-14405	-5804
-8152	6420	-10540	3863	-14353	-5769
-9244	6508	-9048	2507	-14267	-4973
-9496	6968	-8152	618	-14284	-4045
-10752	4576	-7836	-252	-14042	-3403
-10784	3592	-8036	2892	-13168	-3550
-11368	4664	-6504	4453	-12473	-3405
-11456	5812	-6300	3433	-12380	-2562
-11672	5356	-4880	1626	-12076	-1942
-12400	4356	-5372	1423	-11473	-1566
-12516	4048	-4568	1765	-10992	-1378
-12648	3788	-4668	2706	-10051	-1568
-13172	3684	-2784	3730	-9781	-1177
-13360	4932	-1652	3361	-8600	-809
-13832	4992	-1640	1969	-8048	-601
-13412	5204	-988	306	-7226	-111
-13516	3564	-1588	-144	-6460	131
-13080	2888	-796	1654	-5540	203
-13216	4720	1016	2710	-3597	25
-12364	5160	1648	77	-1959	314
-11684	5100	2244	-3145	625	839
-11492	3184	844	-2642	3983	717
-12108	3172	-464	975	5987	40
-12484	6736	-576	19	7700	-67
-13436	5924	-1140	-3969	8548	303
-12588	5052	-1932	-5681	8931	981
-12920	2960	-2632	-3389	10483	987
-12988	3344	-4008	513	11257	657
-12372	6728	-4464	-2242	11539	1221
-12804	4744	-4772	-7813	11978	2568
-12240	3200	-4716	-6091	12116	3171
-10680	3888	-7384	-3345	12863	3443
-11324	4892	-7692	-1023	13246	3017
-10468	7228	-7380	-2389	12962	3456
-10708	5476	-9536	-4622	13312	4441
-10868	4240	-8412	-2104	13824	4411
-9488	7548	-9224	-2072	13683	4615
-8704	7052	-10412	-4726	13701	5552
-8972	5868	-10120	-2652	14052	5633
-8116	7808	-10520	-1631	13569	6055
-6860	7872	-10688	-2318	14038	6368
-6240	9548	-11184	-3334	13427	6906
-6188	9456	-11392	-6904	13111	7905
-4628	7928	-11392	-6562	13254	8491
-3304	8172	-11604	-2634	12893	8612
-2152	11984	-11840	-3889	13388	8688
-1880	12396	-11264	-9185	13716	9478
-768	9788	-11916	-8529	12875	10373
796	9868	-12468	-4322	12839	9825
1248	13452	-11080	-3976	13250	9742
1476	13828	-11604	-8769	12659	10952
2716	13992	-11040	-11739	12283	11767
2612	13296	-11072	-16205	12043	13994
3620	10900	-10840	-15120	10794	15365
5572	11800	-9888	-11553	9763	15521
6940	14576	-9972	-10651	8906	15359
7820	13444	-9816	-9697	8366	15293
8324	14444	-7864	-8926	7254	14719
8492	14092	-8236	-9376	6785	14586
9032	13328	-7312	-8416	5398	14225
10156	14304	-6324	-8363	4148	13546
10588	13684	-5572	-10201	3703	14145
11288	10780	-4716	-8131	3522	13769
12248	11384	-4308	-5118	2540	12857
13252	12036	-4700	-4791	2743	12512
13136	11116	-4024	-5535	2884	12309
13524	10172	-3256	-5112	2260	12065
13736	9780	-3472	-3647	1384	11930
14320	9556	-3256	-2845	975	11659
14904	8940	-3076	-2058	1509	10916
15588	8256	-2784	-1127	1135	10227
15464	8216	-2912	-173	709	8967
15668	7860	-2564	-30	608	8282
15796	7340	-2812	119	1625	7822
15096	6968	-2100	363	1570	7770
15624	7052	-2852	494	745	7268
15908	6952	-2980	280	1326	6529
15932	6076	-2284	-296	1227	6136
16016	6388	-2448	-8	1078	5171
15984	6308	-2516	-130	1225	4231
15556	5848	-2164	210	1084	3006
15656	5572	-2592	768	617	1850
15864	5840	-2584	806	1076	1363
15320	6348	-2520	823	957	688
15292	6532	-2616	1132	132	-1088
15788	6476	-3028	1363	-144	-2873
15312	6604	-3244	2382	1	-4742
14996	7016	-2888	4699	118	-7006
15072	7880	-2972	5909	-1070	-9183
15136	8492	-2948	6876	-953	-10739
15436	9368	-3592	6674	-1159	-11935
15048	10228	-4032	5790	-1962	-13266
15272	10312	-3576	4349	-3339	-13845
14972	11004	-4780	3100	-4561	-13892
15164	10584	-5412	1926	-4234	-14645
14584	10548	-4972	1793	-4765	-15503
13960	10636	-6096	3073	-6602	-16444
13884	10972	-7296	4661	-7110	-17426
12604	11232	-7092	5780	-7388	-18080
11724	11960	-7360	7712	-8356	-18567
11260	12588	-8864	9183	-9532	-18699
10764	12944	-9396	10165	-10484	-18946
9536	12920	-10064	11217	-11280	-18895
8320	13364	-10288	12819	-12303	-18421
7148	13484	-11116	12968	-13696	-17726
6552	13168	-11756	12627	-14341	-16592
4724	13328	-11784	12300	-14953	-15311
3584	13112	-12984	10495	-16172	-14062
2368	12044	-12680	8530	-15822	-12746
744	11272	-12684	7648	-16656	-11847
380	10012	-14076	7610	-17099	-11056
-1424	9536	-13648	7847	-16917	-10310
-2232	8668	-13900	8718	-17310	-9942
-3788	8904	-13256	8212	-17179	-8986
-4204	8260	-12288	6371	-17765	-7817
-5268	8036	-12136	4875	-17485	-6938
-5640	6644	-12316	4468	-17552	-6218
-6976	6568	-10972	4449	-17044	-5740
-7648	6620	-9728	2597	-16680	-4689
-8400	6196	-9048	209	-16278	-3705
-8672	4996	-7708	-1093	-15602	-3044
-8948	4596	-8060	361	-14322	-2835
-10212	4108	-7220	2275	-13521	-3010
-10212	5124	-6556	2094	-12772	-2767
-11108	5860	-5968	-779	-11808	-2115
-11384	4120	-4288	-648	-11385	-1784
-12244	4072	-3924	532	-10454	-1703
-12708	4072	-3216	673	-9731	-1574
-12928	5592	-3052	-242	-8921	-1378
-13256	3900	-2332	-1712	-8322	-1261
-13328	3416	-2332	-366	-7286	-1244
-13540	4516	-1620	664	-6142	-1276
-13328	4064	-628	-562	-5031	-793
-13220	3320	-1384	-985	-3940	-636
-13292	4332	-1564	-72	-3002	-672
-14012	3476	-412	-188	-1648	-973
-14044	3288	236	1277	-700	-1239
-13320	5640	256	-261	271	-371
-13740	4288	776	-3591	1782	558
-13756	3092	-304	-2790	2783	964
-13972	2824	-1968	-314	3841	568
-13208	5212	576	-562	5040	673
-12336	6428	196	-5374	6255	1964
-13028	3072	-1820	-7976	7297	3121
-12196	2660	-1908	-4646	8715	3385
-12176	4416	-2996	-1535	10080	3641
-12224	5168	-3448	-1803	11319	3834
-11520	5948	-3640	-3842	11917	4472
-10728	6364	-6356	-5512	12470	5220
-11352	4436	-6932	-4420	12928	5298
-10340	5780	-6128	-1686	13235	5477
-9424	8732	-8148	-4136	13725	6158
-10020	6644	-8768	-6389	13924	6708
-9556	8236	-7732	-6765	13761	7608
-8692	7828	-10636	-7314	13739	8645
-8456	7320	-9944	-5741	14384	9025
-6948	9740	-7908	-5440	13494	10158
-6360	9268	-10848	-7459	14300	10934
-6032	8352	-10188	-4622	13894	10657
-4788	11784	-10340	-2442	13214	10394
-4552	11800	-11824	-4292	12854	10876
-3836	10348	-11720	-2278	12152	10553
-2860	14024	-10488	-3178	11591	10447
-2172	12684	-11748	-5810	11483	11370
-280	11940	-11596	-3516	9924	11357
772	15988	-10428	-4979	9372	11376
672	13436	-11488	-7797	9219	12422
2388	12992	-9948	-5578	8139	11888
3300	16084	-8724	-7781	7790	12215
2880	13768	-9208	-11380	8584	13904
4144	12020	-8856	-7581	6878	13778
6000	14292	6264	14608	-8380	-7169
6836	13822	6492	14052	-7436	-7436
7444	14236	-7076	-7203	5587	13582
7636	13596	-7168	-7951	5537	14017
8872	13900	-5956	-8341	4541	14328
10012	14056	-5812	-9367	3887	14723
10580	12788	-4748	-9966	3746	15311
11200	11472	-4860	-8966	3033	15736
12476	11152	-4024	-7031	2241	15302
13276	10780	-4116	-5277	1725	14893
13876	10244	-3924	-3816	1018	14459
14796	9892	-3788	-3361	1509	13773
14784	9920	-3520	-3209	2210	13001
14712	9020	-3028	-2025	1562	12160
15304	8576	-3220	333	1243	11263
15372	8776	-3736	1512	1424	10215
15608	8480	-2744	2297	2015	8861
15604	8356	-2824	2818	1885	8005
15628	8520	-2828	2852	1290	7338
15420	7868	-2736	2588	1462	6669
15132	7664	15704	6764	-2780	2191
1455	5626	15712	6944	-2940	2521
1730	4849	15308	6940	-2416	2663
1406	3729	15676	6884	-2728	2406
1242	3048	15392	6668	-2640	2155
1235	2557	15664	6580	-2644	1786
1107	1607	15280	6796	-2816	1266
886	398	15532	6460	-3200	1004
158	-569	15924	6440	-3008	907
476	-1560	15424	6000	-2848	1491
629	-3050	15152	6788	-2684	2476
-49	-4281	15360	6944	-3244	3165
-141	-5448	14708	7872	-3020	3707
-34	-6860	15092	9096	-2924	2407
-1201	-7613	15308	9884	-3764	1028
-1695	-8797	15468	9356	-3872	-683
-2238	-10032	15656	9088	-3748	-1112
-2529	-10816	14864	9532	-3892	-23
-2895	-12381	15492	10108	-4384	410
-3048	-13512	14632	9276	-4492	1720
-2977	-14888	13668	10216	-5332	4261
-3875	-16288	13928	11188	-5608	5497
-4204	-17060	13412	11668	-5756	6181
-4802	-17965	12720	12408	-6560	6669
-6290	-18577	11940	12364	-7112	7642
-7115	-18685	11280	12388	-7536	9362
-8166	-19160	10656	13276	-8468	10211
-8406	-19379	9116	14632	-8280	8665
-8606	-18393	8256	13856	-8196	7081
-10205	-17196	7808	13488	-9760	7065
-11073	-16583	6228	12788	-10116	8011
-11099	-15905	5080	13036	-10804	9842
-12204	-15597	4172	12788	-11692	10162
-12380	-15357	2696	12716	-11752	10243
-12813	-14891	968	12616	-12636	9526
-13669	-13991	456	11736	-13156	9451
-14514	-13542	-408	12276	-13108	8562
-15392	-12529	-1900	11512	-12548	6440
-15818	-11483	-2880	10144	-12284	5395
-16410	-10269	-3976	9552	-12072	4624
-16422	-9533	-4748	9144	-11020	3758
-16318	-8950	-5752	7848	-10676	4321
-15988	-8385	-6400	7916	-9672	4702
-15564	-7606	-7536	6984	-9948	3887
-15159	-6469	-7360	7112	-9344	3535
-14844	-5631	-8276	7616	-8900	2145
-14313	-5190	-9032	5792	-8432	1194
-13753	-4916	-9524	5156	-7628	2541
-13049	-4616	-10468	4960	-7828	3974
-12455	-4419	-11304	5708	-7112	3506
-12376	-3971	-11564	5928	-6188	2181
-12166	-3441	-12240	4712	-6516	2105
-11801	-2976	-12456	5356	-4852	2497
-11606	-2372	-12996	5184	-12608	3800
-2644	1007	-10819	-1636	-13480	5428
-3556	1096	-10013	-1769	-13384	5136
-1440	-698	-9554	-1477	-13128	4112
-840	-1330	-8480	-1149	-13492	3216
-1088	-721	-7281	-563	-12492	2912
36	1008	-6015	-620	-13336	3164
612	1735	-4205	-217	-12456	4748
-8	1448	-3032	232	-13356	4392
1464	-1030	-919	666	-12980	3564
2068	-1270	664	745	-12500	5024
472	-159	2818	473	-13688	4340
-76	-482	4565	156	-13568	5724
-136	-1217	5247	132	-13888	5204
-920	-4698	5973	848	-13896	3664
-1276	-5711	6223	1635	-13164	3888
-1528	-3410	6833	2067	-13464	4568
-2884	-3111	7893	2389	-13160	5284
-2396	-4266	8578	2777	-11848	5788
-2708	-4185	9442	3179	-12712	5368
-4112	-4362	10268	3169	-12096	6612
-3952	-5384	10373	3678	-11544	6552
-4620	-7252	10773	4412	-11824	4988
-5400	-7255	11352	5153	-11488	6368
-10348	6840	-6964	-7389	11796	7227
-10100	7416	-7068	-8456	12490	8111
-9444	9292	-6720	-9660	12089	9419
-9000	6956	-7820	-7727	12043	10058
-8260	7840	-7448	-3506	11921	9910
-7652	11940	-6648	-4925	12413	10476
-7348	9044	-8116	-5766	12913	10978
-7036	10248	-8748	-3633	12672	11047
-6144	12276	-8648	-3702	12075	11342
-5244	11932	-9456	-4369	12154	11814
-4240	12524	-9704	-4130	11339	11961
-2628	13404	-9864	-3592	10655	11765
-1472	12788	-10720	-1092	10629	11213
-2220	14748	-9808	-1748	10621	11119
-1112	16464	-9508	-6677	9722	12237
288	12880	-9004	-6637	8846	12376
728	13200	-9944	-2266	7999	11573
1820	13588	-9420	335	7804	10548
2744	15504	-8808	697	8327	9443
2876	15952	-9124	-1568	8641	9223
3456	15108	-8924	-2631	8006	9191
4100	13620	-8732	-2133	7449	9279
4648	14000	-8316	-1853	7423	9535
5252	14912	-8212	-2904	6775	9794
5980	14956	-8076	-5705	6138	10467
6388	13676	-7540	-7213	5534	11598
6832	13116	-7228	-6790	4490	12197
8132	13116	-6768	-6260	4011	12314
8756	13832	-6652	-6822	4111	12258
9288	12960	-6140	-7172	4172	12787
10016	12236	-5208	-6331	3958	12858
10392	12808	-5252	-6295	2604	13161
12048	11488	-5316	-7169	2158	13403
12652	10804	-4912	-5967	2262	13002
13348	10480	-4300	-3983	2221	12420
13448	10388	-4140	-2785	1953	11941
13756	9868	-4080	-2163	1406	11421
14384	9292	-4252	-1482	1754	10562
14284	9196	-3476	-253	1648	9725
14636	8564	-3720	1157	998	9015
15136	8164	-3580	2138	897	8339
15400	7844	-3636	3137	1144	7654
15340	7556	-3444	3640	2006	7137
14884	8096	-3472	3199	975	7024
15608	7408	-3560	2281	880	6853
15704	7716	-3432	749	1442	7076
15672	6988	-2972	-167	1681	7087
15480	6516	-3116	-245	1232	6818
15464	6040	-3132	283	1008	6065
15768	6656	-2936	-200	958	5855
15696	6212	-3156	-502	1325	5008
15640	6244	-3316	-315	925	3708
15544	6272	-3200	588	919	2344
15788	6300	-3132	1605	1169	437
15292	7180	-3036	2403	1240	-1069
15224	7296	-2808	2902	681	-2529
15400	7748	-3448	2414	570	-3839
15380	7588	-3456	2289	536	-5325
15680	8056	-3392	2036	-110	-6576
15348	8244	-3780	1944	-551	-8065
15316	8852	-4032	1684	-1365	-9517
15220	8496	-4264	932	-2094	-11090
15372	8628	-4444	680	-2703	-12260
15136	8700	-5160	1771	-2939	-13542
14372	8852	-5892	3122	-3691	-14783
14480	8736	-5820	4547	-4029	-15545
13668	9616	-5812	5980	13740	10696
-6704	7369	-5732	-18257	13616	11152
-7532	8995	-6826	-19061	12348	11776
-8452	10652	-7903	-20101	11412	13496
-23375	-16344	-17355	23514	2085	-1833
-32588	-11230	-28620	-12584	8236	13528
-10960	8860	-13905	-17629	8124	13556
-11588	8611	-14295	-17491	5868	13100
-11208	8075	-13803	-16640	4616	12552
-11732	8463	-15298	-15691	5168	12180
-12448	8752	-15714	-15044	3464	12152
-12340	8546	-14997	-13842	1676	11320
-12256	7888	-15663	-12515	1012	10876
-13048	7315	-15916	-11953	-696	10516
-12820	6603	-15841	-11109	-1876	9740
-13176	6237	-16700	-10355	-2524	9300
-12968	5513	-16483	-9595	-3896	9860
-12612	4095	-16882	-8800	-4784	9424
-11860	757	-17016	-7788	-5532	8076
-10984	-701	-16657	-7027	-6536	6788
-9796	17	-16312	-6494	-7172	6424
-9832	1392	-15674	-6112	-8016	7132
-9504	1427	-14773	-5957	-8568	7492
-8708	-232	-14320	-5491	-8972	6216
-28446	17403	-3127	2283	6362	12308
10722	-6657	-30517	-1811	-15144	-28651
-18204	7428	14032	13550	-18219	6166
-14358	-17663	20944	-5904	-17195	13333
20463	-27905	26836	26864	-13104	-23532
-27408	1232	19480	3823	515	-13095
20719	-4914	9238	-20489	21243	-807
243	8396	3089	-32271	-3081	-3109
2295	1228	8203	24055	-29957	11485
14586	10444	-32754	-31747	21251	31459
-30470	26826	-21485	-10499	17668	-4635
-31493	28872	9231	-1285	-32003	16870
10493	17609	-29679	-2562	-18441	8681
10494	9418	25613	29948	2299	-15380
-12035	-3896	-9199	-28163	25854	30703
-771	-14130	-7142	12553	2037	25076
28672	205	-12271	-25078	11498	32507
31748	-31538	-28664	14339	6129	30466
-19451	-1843	2059	-3324	30721	-18677
9218	14541	-11243	12033	-13307	-19183
7169	-29495	19476	12801	-25352	12819
-7164	-19252	28689	-29691	24048	-32488
12297	-3892	21516	30209	-19718	12827
14348	25805	26642	-262	-20223	-480
-13301	25803	3094	15611	4604	16164
10252	-20276	29719	-22796	14067	2852
-32753	-32563	-31724	18157	31731	-19676
3087	-20273	5144	8437	-11273	3364
-6127	26832	-9192	-5904	-18952	-7899
-26606	-14127	-995	-15634	24305	20520
21524	9428	28697	19440	20460	-16342
-24555	-20266	-14313	23786	-28428	-21204
12312	-30504	-18403	-18968	-1549	-26834
31771	-13093	7201	-17940	-22805	-1232
17437	-3875	7197	4066	16619	31793
25633	4319	-25571	11486	-4107	-461
26655	-31521	16415	-21790	-257	-16587
28702	-3869	4134	12248	-13827	15158
-11235	-21276	24610	-16934	10237	11062
-14307	23782	-9179	-9511	23555	29237
13342	11498	-10199	-7978	-29438	15412
-27617	-5906	-28631	28632	19969	25142
27680	8434	-20435	-9260	13826	-8650
27681	12532	45	24532	20996	-3531
18466	-26378	-2002	23248	25599	14133
12323	18682	-12242	-14128	15875	-9421
21538	-25348	4146	13265	-24835	-16332
-8157	14336	10284	-12593	3581	-20943
-4061	-19452	-5072	19151	28672	817
-26590	-1018	30769	-4913	30715	-6609
2764	12308	-12368	-1665	11581	9141
3892	13504	-12060	-3558	11040	9355
4164	13464	-12032	-6616	10410	10062
5352	12896	-11116	-8950	9781	11057
5832	13308	-10632	-9922	9446	11496
6116	13312	-10820	-12500	8702	12395
7104	12208	-9624	-13381	8235	13227
8380	12492	-9036	-12073	7134	13319
9312	13516	-8768	-12275	5762	13482
9532	12864	-8056	-14112	5573	14018
9820	11840	-6612	-13712	4788	14329
10752	11576	-5788	-12846	3801	14720
11096	10964	-5496	-12196	2845	14964
12552	9280	-4792	-9075	2186	14479
13616	10248	-4024	-6067	2392	13718
14188	9964	-3888	-4616	3067	13551
14440	8724	-3284	-3587	2927	13174
15324	8812	-3300	-1434	2138	12236
15692	8352	-3800	30	2179	10864
15824	8280	-3124	259	2622	9971
15228	8252	-3024	60	1884	9066
15584	7972	-3148	-178	1627	8501
15660	7228	-2948	-63	1737	7861
15628	6904	-3124	746	1330	7249
15708	7404	-2852	883	999	6530
15872	6828	-3160	545	530	5956
15688	6808	-3104	-305	681	5239
15632	5708	-2388	-571	573	4962
15920	5952	-2852	-121	-118	4498
15996	5512	-2560	-450	448	4132
15776	5280	-2112	-123	487	3567
15984	5828	-2048	30	45	3570
16340	5732	-2076	166	394	2991
15904	7008	-1564	554	986	2033
15260	7368	-1656	-617	770	1155
15964	6752	-2552	-419	-78	-756
16144	6944	-2560	-1147	246	-2520
15596	6156	-1852	-213	332	-4386
15664	6472	-2544	745	-650	-6213
15816	6472	-2592	1310	54	-6881
15896	6008	-1556	1976	438	-7320
14900	7508	-1720	3461	16764	8036
-3472	2216	-1955	-10374	16664	7696
-3416	3669	-220	-11955	14908	8580
-3464	5117	-526	-13272	14952	9184
-4808	7768	-2415	-15852	15444	10764
-5804	8311	-3596	-18056	14420	11164
-6504	7976	-4365	-18917	13368	11852
-6460	7241	-6006	-19268	13524	11516
-7256	6452	-8073	-19406	13200	12032
-7668	5812	-9333	-19222	12512	11764
-8120	5776	-10305	-18864	11788	11856
-8416	6120	-10779	-18263	10400	12080
-8596	6509	-11168	-17590	9760	12552
-8708	6870	-12382	-16745	9176	12408
-9436	7288	-12590	-16239	7352	12416
-9632	7478	-12728	-15297	5864	12452
-10972	8463	-13671	-14545	5400	12740
-11088	9102	-13537	-14246	3440	12960
-11584	9561	-13597	-14029	1728	13024
-12400	9435	-14513	-13555	1300	12640
-12532	9108	-15452	-13035	184	12660
-12608	8530	-15836	-12122	-1396	12536
-12876	6880	-2260	11684	-11920	4359
-16795	-10080	-3024	10432	-11800	3477
-16901	-9285	-4360	10424	-11104	2099
-16675	-8496	-5048	8868	-10680	1138
-16652	-8153	-6024	8088	-10604	1938
-15922	-8042	-6908	7552	-9848	2723
-15505	-8014	-7444	7496	-8776	2749
-7976	7708	-8736	1747	-14893	-6546
-8420	6448	-8440	746	-14333	-5998
-9448	6088	-7368	1187	-13753	-5120
-9916	5808	-7716	2347	-13314	-4658
-10588	6756	-6016	1636	-12766	-3906
-11080	5840	-5312	-239	-12058	-3037
-11192	5344	-4936	389	-11701	-2778
-12244	5188	-5184	1119	-11199	-2832
-12432	4988	-4392	2864	-10672	-2966
-12812	5900	-2840	2681	-10355	-2679
-12580	6240	-1988	721	-9927	-1856
-12664	5304	-620	-1306	-9105	-964
-12804	5260	616	-1727	-7272	-1071
-12732	3680	-336	-223	-6416	-1257
-12640	3644	-1096	1305	-4704	-1474
-12900	6020	-404	1031	-3912	-1143
-13600	4608	-1364	581	-3487	-685
-14356	4844	-700	2017	-2870	-792
-13896	6316	356	489	-2640	-278
-14520	4624	104	-1049	-1927	-562
-13884	4680	544	-2139	-1390	-247
-13036	4284	2024	-1596	238	365
-13248	4768	-40	-1299	1838	1187
-13164	5704	1288	-3016	3441	1138
-13040	5332	2760	-3942	4620	1817
-12656	4172	-1200	-3138	6396	2296
-12536	5988	224	-4483	7794	2597
-12232	6740	-340	-5999	8674	3805
-12876	4200	-3368	-7127	9352	4505
-11748	5724	672	-4281	10659	4176
-11260	8884	-2024	-4887	10941	5449
-12480	6036	-5432	-8973	11513	6369
-11024	5276	-2152	-7630	11911	6492
-10828	7780	-3636	-5287	12977	6936
-11592	4656	-6140	-4679	12824	7771
-9360	6544	-4740	-552	12717	7832
-8800	8604	-7336	150	13690	8032
-8768	8248	-8068	-540	14211	8190
-8068	9480	-6708	95	14500	8449
-7264	11056	-8672	-1308	14268	9023
-7056	9504	-9904	-2829	13839	9946
-5736	10932	-7732	-1490	13743	10132
-5316	12820	-10360	-4697	13777	11622
-4060	9880	-9984	-4096	13914	11856
-3492	13040	-9572	-2165	13541	11748
-3248	13788	-10936	-5457	13257	12958
-1840	12600	-10196	-5700	12511	12944
-684	14788	-9888	-5668	11846	12973
-824	13756	-10268	-7211	11152	14254
696	12608	-10240	-5222	9606	14042
2660	16516	-9384	-5778	8716	13973
2636	16456	-9892	-10084	9315	15329
3340	12864	-8680	-8159	7712	14903
5556	15176	-8580	-5445	6106	14300
5652	15208	-8136	-6903	7480	14467
5728	14040	-6884	-5516	7023	13555
7004	15368	-7308	-5241	5020	13036
8012	15512	-7052	-7778	4908	13775
8412	14016	-5416	-10114	4705	14797
9236	12880	-5464	-10582	3511	15852
10172	12528	-5408	-10299	2070	16330
11700	10296	-3800	-9311	2238	16269
12188	9868	-3652	-4671	1963	15129
13568	10220	-3916	-516	1892	14149
14776	10048	-3800	1794	3239	13410
14312	11292	-3296	3179	3363	12308
14964	10996	-3676	2462	2651	11903
15308	10392	-3508	1316	3116	11494
14696	9960	-3260	263	2865	11296
15032	8928	-3328	466	1884	10683
15348	8448	-3220	1542	1771	9994
15400	7728	-3408	2087	2198	9326
15580	7504	-3136	3147	2288	8579
15428	7304	-2940	3705	2358	7836
16292	6544	-3500	3695	2242	7152
15820	6768	-3276	4121	2626	6227
15740	7096	-3036	3105	1684	6047
16088	6484	-3380	1889	1953	5670
15496	5788	-3156	1051	1722	4977
15436	5768	-2888	890	1280	4340
15628	6092	-2656	185	643	3630
16004	5112	-2808	1036	786	2584
15580	5804	-2952	1245	594	1507
15748	6032	-2480	1262	110	244
16000	5784	-2484	784	289	-697
15616	5844	-2228	1242	397	-1746
15928	7260	-2256	884	-94	-2894
16444	5856	-2240	349	99	-4393
15944	7252	-2428	282	-153	-5133
15860	6824	-2736	-37	-38	-6267
15424	8508	-3076	-531	-661	-7895
15752	8112	-4280	-1837	-1690	-8965
15432	7776	-4360	-718	-1246	-10157
14756	7780	-3240	1262	-1340	-12048
14364	8804	-4728	2400	-3054	-13454
15028	9980	-4684	3537	-2868	-15453
13768	10456	-5384	4092	14716	10300
-6148	5851	-6073	-18370	14596	11288
-6072	7461	-5523	-19872	12780	11560
-6364	9548	-5758	-20875	11444	13024
-7172	10642	-7977	-21138	11624	13732
-7576	9405	-8791	-19829	10280	14460
-7284	7367	-9725	-18457	9636	14064
-8820	6066	-11122	-17417	9052	13568
-8820	5839	-11637	-16417	7500	13576
-9552	6273	-12069	-15978	6424	13640
-9740	6223	-12559	-15813	5536	13320
-10480	6408	-12665	-15544	4592	13300
-10920	6797	-13237	-15050	3644	13540
-11044	6122	-13420	-14321	2356	12600
-13590	920	12448	-11092	4908	-13873
-12558	-416	11476	-11640	4655	-14341
-11748	-1476	11300	-11256	4403	-14351
-10833	-2540	-3456	9596	-11584	4634
-14318	-9905	-4200	9332	-10960	5601
-13806	-9567	-5704	9360	-9840	5300
-13836	-8753	-5648	9112	-9772	4798
-13711	-7988	-7128	8256	-9748	4185
-12754	-7433	-7972	7172	-9820	4632
-13029	-6735	-8268	7496	-9372	5726
-12583	-6177	-9480	8028	-8596	4200
-12499	-5126	-10080	6840	-8552	2318
-12483	-4429	-10576	6468	-7388	2076
-12760	-3728	-11040	6328	-7116	2980
-12107	-3540	-11664	6064	-6668	3207
-11762	-3510	-11956	7044	-6244	1782
-11639	-3088	-12072	6100	-5588	140
-11352	-2635	-12232	5536	-3884	124
-11046	-2434	-12156	4988	-4552	1315
-10644	-2420	-12572	5044	-3496	1482
-12644	5588	-2108	524	-9587	-1802
-12620	5140	-1768	-622	-8740	-1451
-13344	4772	-2788	-310	-7992	-1010
-12752	4804	-456	-850	-7302	-650
-12908	4728	528	-1042	-5821	-515
-13564	3956	-1312	-1434	-4899	-354
-13676	3388	-864	-673	-3837	-213
-13516	4868	-828	599	-3160	-272
-14120	6056	-844	-188	-2518	-245
-14104	4932	-228	-1901	-2498	87
-14200	4768	580	-1730	-2122	28
-13564	4768	2384	-1378	-879	245
-12228	4556	2360	-774	1210	100
-12552	5272	704	-783	3761	358
-12492	5252	776	-1915	5281	1008
-12624	4820	1064	-3098	7061	1587
-12212	4736	-52	-3299	8179	2110
-12556	4252	-1348	-2192	9686	2043
-12540	5712	-776	-2075	10761	2067
-12324	6384	-2076	-3536	11348	3022
-11616	6128	-2484	-4995	12460	4115
-11336	5960	-3732	-5184	12845	4971
-11912	5364	-4876	-4033	13636	5143
-11056	7208	-3784	-4669	13570	6212
-9360	7584	-5612	-6542	14163	7473
-10004	6092	-6272	-4427	15077	7411
-9544	7456	-7640	-3730	14335	8336
-8260	6188	-9340	-2167	15371	8544
-8444	8764	-9396	330	15765	8529
-8056	11580	-9572	-2538	14544	9416
-7468	8284	-10004	-3356	14216	9606
-6300	9868	-10428	-143	13517	8977
-5528	12120	-10424	-776	13009	9002
-5436	12496	-12628	-4115	12732	9647
-4476	12052	-10452	-5306	11731	10034
-3784	12096	-11944	-4590	11094	10402
-2704	11424	-12668	-1885	9962	10051
-1368	14112	-9872	-1630	10272	9717
-2148	16156	-9784	-8686	10440	10841
-1224	11920	-9532	-11244	9212	12464
1136	12596	-9964	-7166	7209	12216
2492	14828	-10448	-6749	7272	11529
2072	13712	-9944	-8117	8740	11653
2180	13208	-8880	-7015	7339	11915
3904	14960	-8860	-6557	5310	11756
4548	14508	-9008	-8405	6300	12722
4400	13860	-7128	-8049	5995	13212
5340	15500	-6884	-9647	3408	14130
7328	14260	-6744	-12557	3544	15193
7620	13160	-5984	-12056	3872	16044
8276	12448	-5120	-9334	1962	15775
9972	12076	-5968	-6671	1663	15104
11128	11712	-4712	-3901	2726	13881
11644	12248	-3984	-1835	3126	13352
11920	11740	-4372	-889	3293	13091
12472	11572	-4104	24	3171	12526
12928	11788	-4328	501	2854	12241
13348	11796	-4144	-448	2585	12212
13684	10772	-3612	-1335	1995	12318
14276	10004	-3840	-1224	1376	12200
15028	9684	-3904	-1073	1276	11775
15140	8756	-3928	-584	1070	10973
15308	8424	-3440	-480	468	10135
15460	7604	-4040	-163	561	8985
15328	7120	-3616	1046	1556	8138
15296	6840	-3200	2459	1416	7513
15632	6724	-3440	3654	1187	6701
16064	6528	-3636	4412	1387	6201
15724	7424	-3472	3798	1651	6117
15556	6640	-3300	2461	1439	5944
15768	6872	-3320	2171	1237	5154
15588	7108	-3056	713	735	4785
16120	6012	-3424	851	397	3858
15864	6172	-3368	862	1216	2942
15100	6384	-3236	1272	588	1825
15360	6144	-3416	1705	763	603
15156	6780	-3044	2055	747	-390
15432	6552	-3776	2142	421	-1495
15316	6792	-3700	2749	534	-3110
15220	7812	-3568	2617	-390	-4587
15268	7544	-3420	2150	-91	-6117
15128	8496	-3684	3066	-1080	-8362
15668	9180	-3784	2442	-828	-9645
14752	9948	-4484	1771	-1907	-10616
15460	8568	-5408	1915	-2136	-12750
15396	10296	-4556	2303	-2598	-14377
14636	9928	-5608	2386	-3739	-15448
14800	9284	-6436	3822	-4489	-17183
14100	9896	13220	10712	-7016	7443
-5584	-19354	12528	11008	-7968	9285
-6907	-19869	11852	12412	-8584	9769
-8748	-20002	11476	12576	-9716	9200
-10168	-19558	10876	11636	-9192	9572
-10544	-18794	9124	12212	-9064	9786
-11363	-17033	8912	11892	-10192	9244
-11969	-15524	8312	11572	-10992	9062
-12233	-15349	7772	12564	-12420	10112
-13042	-15475	6416	12360	-12844	9191
-12979	-14851	4788	12248	-12932	8227
-14029	-14342	4384	11976	-13308	6520
-15047	-13372	3360	10916	-13464	5995
-15307	-12628	1412	11032	-13204	5759
-15323	-11824	132	10576	-12304	4961
-15781	-10619	-1220	10520	-12224	3592
-15966	-9447	-2404	9424	-12152	1966
-3364	9092	-11728	1303	-15832	-7831
-3932	8424	-12040	1919	-15237	-7623
-5476	8556	-11264	2214	-14821	-7382
-5912	8364	-10700	1583	-14687	-6665
-6488	8076	-10500	1053	-14342	-6153
-7784	7188	-10588	970	-14013	-5959
-8332	7644	-10096	1413	-14364	-5727
-8868	7540	-9416	-783	-14058	-4929
-9392	6356	-6748	-2475	-13525	-3881
-10268	5860	-6664	-3520	-13279	-2958
-9860	5316	-6284	-2425	-12229	-2622
-10872	5860	-5824	-1132	-11272	-2954
-11180	5568	-5836	300	-10701	-3078
-11956	6452	-5924	1663	-10524	-3245
-12836	5800	-5704	1723	-10270	-3111
-12836	6244	-4440	2084	-10721	-2867
-13140	7780	-2376	-985	-10258	-2416
-12760	6004	-1768	-2689	-9841	-2219
-13480	4064	-2000	-1646	-8990	-2129
-12928	4724	-676	-147	-8342	-1974
-13064	5500	-684	-286	-7421	-1547
-13108	4440	-576	-856	-6811	-1040
-13316	4388	396	-962	-5727	-730
-13184	4044	-652	251	-4852	-818
-13608	4944	-280	1042	-3980	-887
-13304	5352	488	1580	-3543	-890
-13916	5612	720	1113	-2850	-875
-14284	6584	816	-105	-2370	-657
-14124	5480	2684	-3033	-2911	281
-12500	4492	1500	-5176	-932	742
-12768	4772	2880	-4734	1481	814
-13144	3840	3080	-3000	3213	888
-13832	4504	140	-839	4751	718
-14108	5612	112	79	5241	620
-14116	5836	1844	-631	5551	965
-13420	5828	252	-2008	6205	1771
-13052	5388	1212	-3439	6866	2369
-12472	4712	400	-2495	8178	2702
-12568	4776	-1280	-884	9379	3187
-11676	4844	-1176	-42	10502	3535
-12368	5860	-2224	-793	11478	3971
-12004	7156	-2704	-3381	11489	5202
-11396	5728	-4532	-4030	12134	5669
-11720	5572	-4816	-3279	12580	6263
-10152	6380	-5260	-691	12865	6437
-10736	7592	-6632	-680	13685	6585
-9992	8792	-5728	-1960	13615	7272
-9832	9456	-7464	-3895	13503	8247
-9164	8040	-9032	-3544	13170	8998
-7736	11196	-8496	-4398	13308	9476
-7804	10420	-8852	-4314	13512	9441
-7964	9604	-10128	-4554	12917	9697
-6552	10840	-8408	-4457	12722	9324
-5576	10708	-10476	-1824	12344	8933
-4976	10860	-9668	565	12023	8339
-4132	13424	-9724	-551	11385	8589
-3488	12300	-10416	-2460	11884	9240
-2908	13656	-11072	-3492	11271	9734
-1616	14220	-9608	-6163	10352	10900
-940	13124	-10288	-7731	10503	11790
276	12896	-9568	-6894	10287	12039
520	14796	-9960	-8231	9653	13180
1856	14788	-9468	-10632	9075	13939
2896	12776	-9160	-8735	8968	13851
3092	14752	-8836	-7922	7930	13932
3640	14400	-8604	-7912	7105	14541
5212	13900	-7600	-4759	6388	13487
6204	15960	-7736	-5044	5527	13037
6632	15652	-6804	-7730	5322	13949
7132	13124	-5616	-7924	5276	14612
7956	14112	-5748	-6260	3210	14190
9804	14484	-5808	-6594	2435	14241
10488	12824	-5324	-5579	3629	13764
10068	12136	-4344	-3346	2911	12822
11200	11896	-5116	-1730	2172	12403
11988	11492	-4628	-369	3208	11580
12264	12064	-3692	-445	12656	11800
-3820	-1610	2354	12423	13656	10904
-4164	-2335	1887	12593	14316	10716
-3828	-3256	1393	12509	14560	10344
-3988	-4492	922	11924	14768	9208
-3608	-4506	290	11177	14780	8136
-3704	-3102	488	10211	14980	7208
-2860	-60	1242	9514	14864	7820
-3420	1881	1118	8953	15488	7284
-2896	3699	1054	7717	15656	7992
-3272	4021	938	7184	15728	7412
-3596	3653	961	6748	15716	7560
-3704	2725	918	6740	15504	6720
-3148	2251	1140	6377	15396	6632
-2920	2502	1035	5863	15652	6492
-3376	2856	785	5373	16140	6836
-3416	2591	1030	4427	15788	6540
-3180	1931	15600	6812	-3084	979
690	2900	15456	6992	-3388	23
105	2070	16032	6360	-3268	-139
117	654	15864	6576	15032	6808
-3348	471	-440	-2223	15672	7220
-3964	93	-401	-3608	14920	7152
-2900	1003	-77	-5096	15016	7020
-3064	1200	-533	-5857	15356	8388
-3748	1274	-1074	-7197	16372	7852
-4104	206	-752	-8079	15288	8504
-3308	42	-773	-9349	15152	9144
-4448	-775	-2738	-9723	15892	9592
-5028	-2186	-2473	-10753	15252	9128
-5144	-2508	-2487	-12009	14496	9708
-5132	-1605	-3261	-12901	13872	10108
-5968	-967	-4576	-13885	14504	10200
-6128	-321	-4393	-15353	14384	10620
-5404	1458	-4400	-16790	13576	11448
-6432	3455	-6175	-18151	13448	12140
-7448	4108	-7002	-19184	12620	13044
-6992	4603	-7030	-19825	10904	13572
-7052	5194	-7900	-20193	10016	13776
-7452	5776	-8794	-20010	8780	13916
-8048	6451	-9319	-19805	7912	14064
-8100	7064	-9691	-19316	6676	14632
-8320	6914	-10131	-18654	5652	14080
-9568	6747	-11075	-17867	4932	13708
-9492	7099	-11230	-17261	3272	14060
-9616	7179	-11680	-16455	964	12776
-10412	6759	-11917	-15009	-428	11564
-10636	7230	-12945	-14382	-1256	11304
-11300	8121	-13718	-13704	-2564	10676
-11016	8386	-13591	-12941	-3420	10260
-10976	7891	-13747	-12117	-4224	10400
-10680	6400	-13392	-10757	-4816	9800
-10352	5287	-13605	-9622	-5684	9284
-9844	3977	-13277	-8446	-6780	8612
-10412	3163	-13299	-7476	-7276	7808
-10288	3497	-13021	-7045	-8664	8352
-9604	3756	-12912	-6789	-9800	7992
-8752	2563	-13026	-6438	-10384	7436
-7884	1800	-12954	-6009	-10732	6892
-7428	1746	-12806	-5546	-11276	6776
-7048	1568	-12843	-4861	-11664	6520
-6108	1216	-12681	-4422	-11664	6176
-5320	941	-12435	-4013	-12344	6380
-5512	675	-11868	-3990	-12744	5368
-4700	-544	-11959	-3769	-12608	4848
-3356	-405	-11523	-3360	-12468	4748
-2248	246	-10964	-3077	-12604	5148
-2332	-52	-10494	-2792	-13136	5472
-844	-1441	-9635	-2180	-13352	4152
272	-3458	-8379	-1281	-12776	3528
936	-2710	-7500	-1079	-13008	3140
544	-1281	-5771	-1001	-13308	3596
1044	187	-4805	-1081	-13020	4024
1852	713	-3202	-828	-13684	4020
352	688	-2109	-670	-13948	4292
-548	440	-1516	-412	-14580	5068
-148	270	-884	-781	-14920	4416
8	510	-1893	-935	-14620	4652
1628	1704	-957	-1352	-14272	5772
1776	855	-856	-764	-14000	6260
792	-1848	-235	-310	-14564	4844
2492	-4025	1270	400	-13908	1868
1564	-2732	1623	724	-13580	3384
2072	-210	3455	769	-12956	5404
1684	-1352	4820	1406	-13344	5096
2284	-4358	5653	2485	-13424	3912
1288	-6781	6626	3905	-12368	3276
204	-5456	7767	4591	-12972	2824
612	-2226	9498	4294	-12192	4944
-1784	-298	10263	4311	-12784	5024
-2308	-205	11699	3993	-12320	6728
-2620	245	11689	3929	-12440	6620
-5084	-1810	11783	4316	-12360	6348
-4480	-2119	11984	4451	-12020	7516
-3932	-704	11801	4197	-11748	7596
-6776	-2702	11880	4941	-10644	6708
-4960	-2950	12122	5533	-10772	8696
-5696	-4045	12577	6246	-9832	7896
-7936	-5804	12483	7255	-9320	7664
-7268	-5528	13489	7405	-9048	8572
-8224	-3997	13105	8275	-29987	-532
-15565	28707	-19230	22558	-11811	-12046
16181	-989	-23325	-24538	11480	-26375
820	14373	18665	-9172	-22059	27887
-11213	-25561	-19221	-22486	-23846	9713
3381	-4056	-5908	-23505	-30766	-11536
32560	21546	2288	-23503	25808	7657
26415	31788	-1964	14684	-9808	-4273
10545	11560	-1668	14872	-9528	-8506
10550	12988	-1416	12552	-9972	-9440
9167	13263	1532	13968	-8748	-7372
8322	13881	1736	15188	-10260	-7562
9150	13936	1544	13252	-9120	-7553
8919	13692	3256	14028	-7688	-5809
7197	13910	4972	15648	-8404	-5744
6972	13599	4868	14948	-8188	-6834
7175	13754	5760	14000	-7140	-4946
5966	13411	6792	15428	-6952	-4483
4824	13035	7384	16076	-6448	-7171
4649	13449	7908	13376	-6428	-7879
4767	13662	8520	14008	-5652	-6416
3686	13214	9076	14200	-5104	-6289
3065	13252	10188	12136	-4348	-5458
3431	13198	11044	11964	-4704	-2188
3005	11687	11608	12900	-4692	-317
2873	10512	11920	12444	-4444	-830
3170	10351	12684	12452	-4020	-1065
2795	9891	12760	12284	-3936	-1893
2199	9584	12632	11280	-3828	-2935
1450	9836	12896	10228	-3656	-3112
1152	9827	13520	9904	-2992	-3124
1202	10148	13820	8816	-3184	-2121
1357	10174	13812	8684	-3032	-830
779	9972	15032	7848	-3324	178
710	9491	15660	7728	-3468	1955
1590	8505	15100	7908	-3100	2706
1519	7656	15312	7716	-2928	2709
820	7288	15668	7460	-3836	2592
847	6980	15736	7136	-3508	1523
1234	7021	15520	6320	-2984	1328
853	7076	15656	6424	-3952	1261
113	6975	15896	6176	-4124	518
266	6782	16216	5088	-3072	912
1063	5996	15172	6272	-3068	1600
306	5368	15892	5388	-3868	1489
-80	4589	16076	6120	-3400	2010
375	2720	15708	6248	-2436	2236
410	1883	15620	7128	-2704	2165
2	1101	16096	6840	-3080	2097
-4	-228	15752	7396	-2628	1394
18	-1288	15956	7784	-2808	190
-70	-2297	15276	8468	-2624	114
-338	-4755	16080	7908	-3296	-633
-1073	-6521	16196	7596	-3276	539
216	-8449	14844	8536	-3524	2533
-439	-10697	15400	8896	-4068	2206
-1455	-12589	15492	9564	-4368	2171
-1605	-13258	15116	9540	-4852	1924
-1460	-14315	14732	10196	-5184	2038
-2608	-15512	14532	10148	-5332	2378
-3425	-16245	14256	11368	-5956	2422
-4039	-16964	13564	11132	-6452	2346
-4295	-17794	12928	10920	-6632	3855
-5605	-18621	12752	11664	-7368	5241
-7253	-19234	12532	12616	-7908	5873
-8237	-19687	11948	13860	-8100	4574
-8705	-19682	10680	12992	-8376	4034
-9321	-19255	9000	13372	-8568	4866
-10495	-18982	8328	13544	-8472	4987
-10881	-18087	6828	12360	-9368	7067
-10972	-18226	5660	13624	-9724	9037
-11977	-18098	4828	13864	-10564	9817
-12578	-17783	3324	13152	-10856	9881
-12725	-16991	1956	13844	-10632	9008
1224	13140	-11072	6577	-14265	-14499
352	11628	-10908	6432	-14159	-13369
-1228	12080	-10920	6311	-14396	-12550
-2096	11188	-11344	5655	-14801	-11791
-3360	10348	-10836	5467	-14324	-11531
-4480	10112	-10728	6253	-14808	-11163
-5356	9432	-11004	6606	-10958	-6572
9376	-9656	6238	-14874	-10140	-7708
8800	-9432	4541	-14360	-9057	-8156
7280	-9040	4146	-14339	-8020	-8912
6956	-8948	4567	-13904	-7388	-9876
6832	-8064	3521	-13537	-6722	-10328
6352	-6516	1673	-13420	-5820	-10728
5656	-7016	370	-12902	-4936	-11092
4748	-6060	-116	-12447	-4152	-11676
4440	-5736	724	-11814	-3744	-12004
4024	-5680	1512	-11504	-3209	-12152
4716	-4420	1805	-10442	-2921	-12664
5124	-3136	849	-10416	-2216	-12704
5032	-3780	56	-9826	-1975	-13400
3992	-2984	163	-9250	-1880	-13592
3528	-2876	2283	-8931	-13428	5148
-1136	1977	-8396	-1465	-13552	5312
-96	-195	-13552	4736	632	-2392
-6921	-129	-13424	3592	508	-2423
-5494	246	-13560	3648	-488	-852
-4555	58	-13704	4292	332	-36
-3345	-546	-14128	4120	972	-637
-2669	-472	-13724	3820	504	-1154
-2218	-251	-13724	3908	1088	-962
-13628	5036	1036	-298	140	25
-13952	5348	1480	-1531	1696	751
-14276	3508	1440	-2082	2353	1285
-13844	4164	1136	-584	3519	856
-14084	4424	1216	-214	4390	940
-13864	5512	292	-2027	4960	1335
-12624	5660	560	-4935	-13448	3716
-1080	-4322	7272	2655	-13724	3800
-856	-1575	-12540	5840	-1568	-52
8626	2335	-13184	6532	-2108	-1728
9152	2387	-12712	6756	-2908	-3813
9574	2637	-13264	4680	-2184	-4637
10189	2543	-11880	5188	-2620	-2736
10370	2855	-11336	6640	-4356	-2968
11738	3278	-11752	5872	-4760	-4034
12296	3717	-11824	6108	-4456	-3708
12772	4066	-11156	6372	-7156	-4184
12509	5265	-10440	4720	-6944	-1572
13187	5334	-10384	8108	-7116	-694
12955	5682	-9880	6820	-9460	-3982
13138	7058	-9204	5716	-8072	-1701
13295	7147	-9112	8452	-9204	-1352
13245	7909	-7568	6220	-10508	479
12683	8341	-6044	11896	-10096	-798
13106	7857	-5568	8516	-10940	-2378
-4028	9916	-10776	1341	12737	7409
-4392	11812	-11508	-673	12996	7530
-3624	9792	-12108	-1177	12856	7649
-2784	12016	-11920	-1739	12767	7540
-2424	11676	-13272	-4738	12495	8797
-620	10324	-12304	-3388	11962	9030
-236	13152	-11944	-4329	12020	9561
288	12900	-13488	-7080	10902	10522
1696	11112	-12792	-6243	10166	10510
2400	13876	-10812	-7381	9729	11109
3828	12196	-11608	-7516	8494	11594
4712	14968	-10976	-9853	7443	11957
5288	11744	-10936	-10820	7857	12488
5268	12876	-9580	-8199	6874	11646
6072	13568	-9372	-8739	5765	12497
30425	31767	49	-29665	2100	9699
24534	28181	25651	-15327	29747	21475
-15917	-26864	-15305	3109	23597	-5403
-1581	-17394	10298	-3031	-7123	31207
27356	24332	-32712	-16339	-26579	5866
12060	10904	-4920	-5531	2933	12977
12180	10752	-5156	-3451	2889	12331
12356	11088	-4792	-2904	2489	12543
13592	10508	14384	10004	-4332	-3917
2071	12267	14024	9240	-3364	-3704
2307	12204	14708	8356	-3392	-2744
1355	12162	15416	8244	-3732	-1333
1288	11155	15328	7456	-4248	-1113
808	10463	16020	7256	-3972	-821
200	9907	15780	6632	-3712	-864
1132	9270	15252	6616	-3328	-1118
845	9064	15504	6224	-3784	-673
-37	8447	16180	6756	-3960	-801
-86	8130	15996	5856	-3524	-680
439	7555	15812	5888	-3200	283
196	6372	16112	5868	-3604	567
-30	5052	16224	5872	31757	7230
17433	-3083	-30206	5886	1034	27710
-10219	20468	7682	22016	6	23614
19478	-14346	-23805	256	23555	29758
8214	6134	-1277	9215	10241	23615
-9192	-30476	30209	5119	-11010	26685
24598	-5388	-17921	-27136	26872	-6083
9238	-9739	23045	-23551	-28429	61
3095	-26380	-32504	30208	-8977	10303
-11240	-5132	-23793	-15101	-15128	9276
8223	-18702	-23539	25089	-17181	-963
-28643	-16657	16654	-16640	-27430	-963
16419	-16911	14880	9584	-4720	3962
-2502	-14237	15436	10408	-5188	1542
-3165	-14434	15664	8900	-5248	1034
-2858	-15292	14352	9940	-6192	2199
-3559	-16796	14664	7884	-6668	5274
-3812	-18156	13268	9172	-7996	11020
-4153	-21408	12040	12324	-8652	12772
-6114	-22676	11216	13156	-9504	12243
-8262	-22588	10244	13648	-9976	10559
-10333	-21339	9920	13172	-10448	9337
-12175	-20263	9576	12356	-10396	9180
-13000	-19206	8240	12572	-10204	9850
-14253	-18032	7500	13116	-10836	9061
-15101	-16725	6812	12232	-11116	7892
-15210	-14970	5244	12408	-11688	7186
-15571	-13864	4428	11832	-11432	6548
-15516	-13074	3072	10704	-11984	6854
-15013	-12535	924	10800	-12468	7776
-14954	-12038	-124	10472	-12292	7852
-15461	-11357	-1868	10288	-12308	7260
-15042	-10428	-2496	10000	-11964	6025
-15687	-9691	-3188	9564	-11968	4903
-15091	-8804	-4512	8420	-11680	4312
-14859	-7937	-4876	8696	-11372	4161
-14768	-7236	-5960	8936	-11196	2590
-14358	-6499	-6644	7676	-10312	1085
-14339	-5869	-7772	6836	-10952	560
-13851	-5312	-8408	5724	-10300	1509
-13686	-5153	-8916	6944	-9036	2197
-13619	-5230	-10460	6340	-9468	756
-13570	-4804	-10572	5172	-8108	602
-13515	-4380	-11340	5232	-7848	-577
-13258	-3579	-10800	4876	-7244	820
-13038	-3320	-11836	4784	-6440	855
-12692	-2940	-11840	5388	-5468	389
-11911	-2599	-11732	4884	-4468	436
-11587	-2397	-12192	4084	-3044	-592
-11310	-2039	-12272	4836	-3052	-107
-10050	-1587	-12864	5472	-616	-1288
-9403	-801	-12660	5244	-512	-2719
-7858	-305	-13600	4368	-616	-2941
-6629	199	-13436	4244	-440	-2656
-5733	425	-13132	3340	268	-744
-4284	-311	-14176	4340	-1744	775
-3682	-778	-13748	5624	-2056	382
-3862	-791	-14224	4464	-352	-607
-3290	-932	-14744	5464	-740	-962
-3646	-600	-14640	5376	1236	-2043
-3596	242	-14440	5320	1596	-4151
-2896	1257	-12804	6152	908	-5834
-2094	2363	-12588	3504	2104	-5797
755	2049	-12648	1952	2744	-1553
3050	1326	-13064	4608	1228	1302
4832	460	-14036	5828	1388	1260
6071	-39	-13796	6404	1184	-693
6263	881	-13152	6488	-416	-4143
7349	2193	-13324	4256	-144	-2947
7870	2747	-13244	5304	-1748	-2223
8512	2983	-12992	5224	-3028	-1307
9127	2779	-12896	6272	-2100	-2028
9511	2505	-12008	6628	-3112	-2839
10162	2746	-11572	5096	-3020	-2634
10593	3333	-10736	6440	-3916	-1319
11576	3394	-11128	6764	-4112	-989
12376	4074	-11384	7480	-6396	-3585
12464	4990	-10644	5976	-5848	-2951
12600	5482	-10112	8132	-6428	-2575
13259	5608	-10720	6756	-7652	-3429
12944	6521	-8756	8552	-7148	-3378
13094	6956	-8764	8792	-7908	-3709
13101	7382	-9024	7200	-8880	-2163
13071	7824	-7660	11372	-8744	-2578
12621	8217	-7280	11212	-9808	-5779
12685	9119	-6868	10972	-9036	-8415
12471	9814	-6604	11068	-9120	-12272
11555	11614	-4768	9556	-9368	-9641
11514	12281	-3260	11692	-8996	-4992
10883	11481	-3168	15252	-10276	-8694
10015	13144	-1896	10920	-8656	-8531
9805	14036	-796	13952	-9060	-5827
8864	13126	11484	-11042	24352	-12232
-18432	-15309	13785	-18974	28959	-21447
5127	-15304	4070	23779	30236	9274
-8181	-18373	-8224	-800	23321	31802
-21490	7222	30177	8419	4892	30779
-12269	-29637	7399	-15642	29462	21562
-9191	20537	3556	4583	-2284	-20423
7316	14860	-6112	-2265	5359	13212
7732	15260	-5196	-3595	8264	14024
-5396	-4459	5338	13538	8936	13800
-5248	-3726	4086	13359	10132	14216
-5332	-4065	2965	13408	11072	13096
-5064	-3814	3138	13182	11148	12096
-4924	-2639	3451	12677	11324	11944
-4640	-1645	2651	12150	12308	11704
-4544	-726	12768	11772	-4336	-505
2461	11342	12692	11284	-3808	-1183
2423	11456	13392	10368	-3672	-1085
1946	11245	14036	10292	-3832	-699
1828	10844	14000	10336	-3756	-815
789	10625	15096	8988	-3744	-1068
700	10388	14848	8564	-3232	-789
1040	10103	14964	7792	-3328	-684
603	9554	15520	8000	-3092	-270
277	8608	15780	7228	-3008	196
433	8052	15688	7232	-3592	173
653	7293	15556	6916	-3204	214
472	6723	16044	6500	-3316	399
501	6183	15576	6768	-3308	581
487	5689	15856	5928	-2612	621
560	5441	15548	5900	-2896	1070
514	4919	15768	6212	-3004	1226
365	4314	16124	6252	-2896	932
521	3591	15880	6092	-2560	400
451	3071	15660	5964	-2616	758
473	1899	15708	5952	-2572	1790
774	-702	16192	6244	-3208	2442
366	-1981	16132	6552	-3740	3453
1404	-3618	14828	6712	14828	6836
-3428	5149	-7	-6678	15664	8812
-4172	4537	15316	8520	-3948	2438
-314	-9105	14472	7868	-3700	3411
-1091	-10414	14908	9828	-4648	3335
-2538	-11441	15564	8620	15296	8448
-4880	4674	-3204	-15401	14788	9808
-5444	6492	13532	10748	-6412	7811
-4785	-18456	13592	11872	-6668	7637
-6315	-18596	13356	11756	-7028	7063
-7259	-18635	12572	12380	11900	12712
-8508	5026	-9663	-17771	11712	11972
-8784	4392	-9829	-17311	10132	11552
-9340	6035	-10725	-17537	9708	12420
-9828	7300	-11634	-17110	8672	12388
-10540	7922	-11471	-17184	7416	12440
-11076	9024	-12314	-16765	6320	12940
-11492	9495	-12946	-16239	4628	13168
-11744	8209	-13745	-15094	3780	12836
-11864	6538	-14400	-13908	2856	11980
-12212	5189	-14860	-12884	1764	11376
-12652	4861	-14696	-12132	968	10944
-12168	5076	-224	10620	-12212	4601
-15064	-10678	-1352	9640	-12536	5351
-15510	-10145	-2424	9980	-12872	5468
-15564	-9780	-3364	10092	-12504	4985
-15661	-9054	-4864	9340	-12060	3724
-16025	-8249	-5972	9140	-10740	2298
-16338	-7442	-6768	9056	-10368	48
-16189	-6870	-7404	7784	-9192	-1204
-15505	-6251	-8068	6256	-8272	327
-15029	-6235	-8764	7496	-7784	1390
-14323	-5946	-8704	6760	-7252	845
-13276	-5659	-9528	6736	-6936	782
-12360	-5348	-10088	6300	-6616	242
-11965	-4876	-10504	5588	-11276	4920
-4616	209	-10518	-4051	-11516	5848
-4012	754	-9851	-3697	-12356	6076
-3896	-642	-8846	-3418	-12616	5576
-13360	4952	-3768	-2419	-8104	-1905
-13908	3920	-4260	-1313	-8591	-1235
-14032	4420	-3656	883	-8823	-1572
-14136	6252	-660	-641	-8062	-1250
-14552	4764	-1640	-1941	-8869	-819
-13544	3644	-1436	-1470	-8876	-624
-12392	4396	1252	-1024	-6647	-244
-13112	3652	2204	1616	-5531	-988
-13112	5292	80	2356	-4240	-1794
-13168	7464	1400	-1456	-2861	-1334
-12476	2416	3320	-3110	330	735
-12308	2716	1260	-931	3340	1767
-11628	3928	2684	1616	6592	1301
-12736	5436	1816	1545	8670	800
-13024	5944	-332	-621	9925	1285
-13968	5912	-944	-5218	10266	2444
-13164	4664	-1768	-6236	9453	3733
-12716	3748	-1840	-3238	10077	4174
-12272	5740	-2824	-2102	10989	4239
-12272	5748	-2808	-3388	11834	4254
-11520	5704	-3696	-2059	12472	4078
-12228	6464	-5272	-1862	12382	4838
-10704	6788	-4096	-2855	12817	6222
-11100	9108	-7384	-5929	13328	7281
-10436	6528	-7200	-5260	12119	8375
-8812	8352	-5608	-3208	13251	8121
-8708	8728	-7612	-4203	13108	9238
-7376	11020	-6800	-6647	13890	10092
-7344	9600	-7644	-9691	13704	11712
-5544	8148	-8884	-5763	13534	12131
-5544	11232	-9060	-3131	14009	11773
-4496	12144	-10108	-3430	13308	12150
-3988	13444	-10096	-4934	13374	12081
-3872	14108	-9680	-8309	12845	13623
-2680	10688	-11100	-6515	11619	14684
-740	14164	-10272	-3356	10996	13618
-264	16364	-10860	-5732	10249	14155
436	14500	-10028	-7146	9438	14531
1140	15512	-9232	-6480	7795	14538
2116	15352	-8884	-7232	6548	14803
3292	15008	-7696	-8082	6508	15176
4028	14676	-6820	-6815	5693	14818
5116	14668	-7212	-5110	5131	14368
6088	13292	-6780	-3290	5476	13661
7228	15044	-6048	-1019	5408	12588
7848	15916	-6708	-2430	5706	12475
7844	14776	-6124	-4161	5431	12469
8812	13616	-5612	-3657	4209	12521
9784	13840	-6004	-1974	3866	11656
10188	13824	-5512	-1828	3953	10858
10008	12668	-5724	-1942	4263	10639
10836	11712	-5216	-213	3732	9929
11364	12868	-5048	730	3601	9018
11980	12448	-4432	56	3998	8959
11680	11880	-4280	-1370	3926	9466
11656	10964	-4696	-2114	2659	10238
12988	10340	-4596	-1113	2470	10065
13560	9932	-3648	-395	3066	9876
13508	9748	-4380	938	2435	9329
13880	9332	-5216	1196	1963	8847
14740	9240	-4288	1778	2159	7657
14392	9572	-4096	1846	1924	6790
14476	8708	-4388	2254	1432	6011
14436	8736	-4300	2303	1564	5584
14484	8308	-3928	2101	1194	5567
14664	8240	-4104	1078	944	5456
14868	7892	-3964	197	922	4968
14776	7512	-3800	-224	588	4492
15104	7376	-4140	-338	-316	4052
15704	6380	-3824	168	132	3080
15004	7388	-3740	665	31	2380
15132	6860	-3952	470	-625	2151
15940	6388	-3740	-628	-145	2213
15604	6484	-3652	-1400	238	2034
15144	5856	-3168	-1367	-74	1897
15700	5384	-3388	-685	-164	1659
15708	5444	-3564	-486	421	1217
15584	5568	-3884	-849	820	918
15852	5456	15908	5464	-3112	-475
238	190	15724	5840	-3424	-1085
15680	4924	-3456	-1508	126	737
15508	4404	-3172	-346	257	-32
15376	5432	-3580	-244	-145	-93
15884	4744	-3792	-120	20	-299
15788	4792	-3728	323	405	-633
15536	4996	-3804	541	396	-553
15568	5068	-3856	619	179	-433
15636	5008	-3580	55	174	-367
15448	5044	-3560	-152	56	-378
15720	5448	-3764	-375	-269	-147
16028	4900	-3796	-768	96	-40
15632	4884	-3372	-731	15524	4864
-3256	-425	-539	-208	16132	5236
-3740	-632	-242	176	15684	4664
-3020	-930	400	403	15460	5296
-3372	-607	-266	333	15796	4916
-3756	-854	-342	289	15640	4664
-3224	-190	295	-22	15668	4928
-3320	375	-407	49	15912	5280
-3932	174	-145	255	16080	5124
-3468	-66	613	176	15484	5212
-3184	-436	168	198	15804	5288
-3528	-597	-370	214	16088	5152
-3444	-787	-156	330	16000	4536
-3272	-461	342	346	15628	5156
-3448	-187	81	400	15880	4836
-3368	-575	52	477	15788	5276
-3376	-664	372	329	15444	4624
-3244	-630	98	30	15928	4668
-3584	-446	-72	-100	15992	4740
-3564	-315	340	-227	15900	4892
-3732	-145	100	-286	16128	4548
-3304	-125	334	-311	15296	5060
-3396	-4	164	-300	15612	4696
-3436	-374	80	-102	15732	4752
-3396	-399	224	-106	15812	4732
-3312	-303	432	-25	15680	5000
-3456	-181	-74	240	16120	4792
-3840	-197	16	187	16052	4932
-3536	-202	127	15	15764	4956
-3600	-21	-34	-146	15784	5032
-3504	-296	-197	47	15732	5220
-3460	-500	-82	109	15548	4812
-3596	-649	-147	136	15924	4848
-3348	-592	-356	17	16072	4892
-3388	-305	53	81	15636	5016
-3352	-274	-190	166	16036	4892
-3472	-566	-115	173	15980	4888
-3132	-696	118	15	15764	5212
-3444	-723	-230	31	16124	4908
15856	4712	-3592	-854	126	169
15820	4720	-3568	-608	304	-31
15544	4852	-3068	-606	-113	-41
16108	4756	29169	-29442	26367	-3072
-17347	-19439	1265	26878	20994	31744
22589	-31727	24563	32510	-13567	-2817
-22467	-17389	-1039	6143	15776	4864
-3764	-309	-34	-26	16000	4616
-3544	-507	582	21	15464	4808
-3172	-325	322	51	15960	4644
-3588	-255	-325	129	16276	4488
-3644	1	450	-164	15560	4672
-2932	89	571	-147	15784	5160
-3260	336	19	-51	15980	4924
-3616	-579	216	189	16200	3764
-3464	-6710	3341	3626	15208	3632
-2680	-2156	947	-523	17424	5972
-4424	-2438	3848	-1918	14848	2904
-2804	808	4460	2267	14604	4536
-2592	3709	1298	-348	17584	6612
-3932	2551	3908	-1161	15956	5728
-2752	-1271	5618	-512	13992	2360
-988	2225	1820	-1029	13992	2360
