0	0	0	0	0	0
16728	4884	-1568	726	-1359	-209
15460	4880	-4136	-325	-1851	-75
15660	5000	-3892	-670	563	-613
15632	4108	-3632	235	1759	-260
14992	4312	-2256	4943	-141	-148
8536	12316	-2448	-5697	-10237	3896
21288	-6132	-4556	1516	-3171	-9403
17380	12616	-7332	2327	1980	-1345
12996	3544	-3856	-3711	1597	1933
14584	4940	-4728	1779	-1861	-1095
15564	6544	-5524	-1450	-323	-467
14708	4148	-4296	-443	-514	-699
15352	4696	-5020	-36	-936	-423
15380	4200	-4280	377	-87	-408
15272	4860	-4312	276	-581	235
16556	4112	-5036	358	-700	937
16024	3976	-4756	294	-100	1482
16200	3140	-4712	93	-220	2448
16540	3392	-4120	608	353	3370
16080	2292	-5644	402	581	4793
16572	2036	-4696	1142	913	5613
16676	2008	-3876	1031	867	7210
17284	1008	-4704	1684	1600	8292
17020	972	-4976	1580	1912	9591
17528	440	-4480	1999	1523	10573
18020	-16	-4048	3049	2004	11536
17720	32	-3748	2905	2301	12877
17752	-268	-4672	2403	1848	13903
18668	-1044	-4408	2578	1979	14339
17684	-1464	-4732	2935	1760	15007
17652	-3328	-4776	3596	1421	15433
17704	-2552	-4540	3069	1295	15905
17564	-3684	-4300	2079	1478	16362
16692	-4428	-4212	2083	884	16348
17420	-5372	-4364	1823	1017	16187
16564	-5708	-3484	2146	1456	15621
16644	-7528	-3036	3402	1193	14852
16616	-7264	-2964	3587	2106	14623
16136	-8244	-2204	3238	2973	14327
15292	-8264	-1852	1716	3000	13918
15220	-9232	-2060	1375	3148	12842
14456	-9580	-2072	1408	3878	11834
13248	-9648	-1260	1209	3522	11091
12676	-9772	-1828	1528	4246	9978
12140	-11172	-2040	1325	4476	8828
11956	-12236	-2084	2911	4085	7622
11280	-11832	-1392	3871	4754	6688
9400	-10340	-852	2153	3565	6927
10744	-13060	-1132	782	3638	6725
9616	-12592	-984	329	3951	6620
9868	-14812	-1104	426	3350	5943
9364	-14048	-164	1534	2771	5867
8548	-13400	-796	468	2889	6346
8444	-14376	8	528	2252	5343
8808	-13868	328	141	1973	5148
7944	-14352	1148	275	2325	4753
8028	-14500	428	688	2146	4740
7672	-15136	568	1107	2807	4154
7416	-13988	1468	1237	2116	3810
7012	-13592	812	417	1962	3790
6812	-14040	532	676	2616	2596
6040	-12424	1336	-182	715	2569
6456	-11696	-148	-187	1793	737
3888	-10536	432	-1835	732	-1840
6156	-12420	-884	90	-845	-2005
5656	-9748	-1284	277	247	-4023
4908	-11512	24	-1069	-2171	-5027
7888	-10788	-228	-311	-2028	-6208
6748	-10732	392	-3667	-2142	-6478
8528	-12932	292	-2276	-2793	-8536
9096	-12564	908	-2616	-2948	-9797
11096	-14532	764	-1518	-2536	-9757
10312	-11692	864	-566	-1711	-12825
11480	-14420	800	-535	-3404	-11311
13040	-13544	-96	1519	-536	-10208
11484	-10096	-200	-1112	-2393	-12394
13052	-13556	-860	-2495	-3443	-11562
13560	-12120	-1716	-1437	-1272	-10373
13796	-11212	-420	-2546	-2187	-13401
13720	-13320	-628	-745	-3780	-10664
15536	-9952	-596	1548	-1467	-10359
15496	-8664	-812	-2995	-3523	-13066
15160	-10528	-1316	-1811	-2533	-10359
14504	-8568	-1068	996	-1808	-9200
17768	-5404	-1724	-1271	-5429	-11900
16988	-6708	-2928	-3768	-1877	-11815
13856	-6616	32	-3012	-3466	-10010
18848	-3788	-3120	-3471	-5068	-11876
16516	-5672	-2856	-5362	-1824	-11348
15952	-5256	-1768	-2343	-3951	-11366
18360	-3456	-3484	-2125	-2458	-12477
16188	-5000	-2764	-2092	-2208	-10973
17628	-2400	-2948	-1567	-3906	-10273
19464	-472	-3948	-3487	-3796	-10827
17968	-1376	-4360	-5682	-2166	-10495
15836	-2428	-3704	-2938	-2783	-10803
16784	652	-4304	-1316	-3814	-11376
18168	1844	-4680	-2264	-3122	-11354
16600	1288	-4608	-3585	-2799	-10942
16576	2132	-4932	-3080	-4210	-11210
18544	3004	-5228	-3798	-3676	-11094
17120	2672	-5032	-3461	-2873	-11519
16272	3972	-5036	-2128	-3300	-11821
16620	4524	-5192	-2216	-3062	-11156
16220	4324	-5084	-3007	-3097	-10667
15592	5168	-5728	-3047	-3150	-10595
15764	6392	-5812	-3052	-3288	-10139
15644	6508	-5572	-3356	-2525	-9607
15076	5936	-5960	-3188	-3146	-9539
15560	7360	-6348	-1981	-2626	-9997
13916	8296	-5688	-2306	-2112	-9441
13764	7944	-6000	-2935	-2713	-8802
13612	8084	-5896	-2711	-2620	-8152
13992	8056	-5592	-2858	-2315	-7015
12680	8508	-5344	-3022	-2087	-6056
12804	8480	-5528	-3149	-2511	-4971
12608	8172	-5084	-3309	-1378	-3850
11684	8308	-4700	-1639	-1349	-3323
11164	8592	-5756	-809	-1586	-2653
11352	8632	-5608	-891	-847	-1524
12016	8972	-5008	-832	-132	-778
11072	8544	-5108	-622	220	246
11148	8520	-5760	184	-284	1167
12984	8148	-4956	107	1080	2626
11836	8464	-4896	219	1483	3844
13048	8228	-5632	338	1214	5091
13708	7880	-5580	328	2362	6307
13380	6448	-4672	983	2812	7692
13964	6776	-5084	2581	2543	8768
15240	7544	-5584	2459	3037	10052
14948	7652	-5912	2489	3672	10886
15368	6852	-6060	1767	4000	11707
15376	5212	-5412	1768	4226	12872
15496	5048	-5576	2925	3605	13873
16252	3632	-5668	3233	3678	14845
16512	3088	-5448	3051	3558	16273
18140	3732	-5352	2115	3420	17220
18048	2260	-5556	2394	3534	17907
18500	888	-5320	3813	2228	18713
20364	636	-5868	3754	2613	18631
19204	132	-5604	3610	3757	18404
19236	-2568	-4520	4343	3500	18748
18716	-2104	-4160	4100	2616	18999
19888	-2608	-4964	3754	3318	18308
18768	-3300	-4508	3501	3484	17846
17336	-4200	-3648	2619	2328	17792
18504	-6060	-3360	2764	3226	17019
16828	-6472	-3144	3746	4410	15459
15640	-7252	-1664	5187	2748	14912
16072	-6204	-2552	4171	2920	14417
14920	-7256	-2268	2265	4879	13354
13872	-8260	-1536	1680	2951	13089
14228	-8548	-1964	2001	2927	11903
12364	-9264	-1844	627	3462	11404
12540	-11292	-1744	1782	3975	10393
11236	-10752	-1392	2573	2895	9681
12236	-11248	-1564	1878	2138	9183
10428	-11500	-888	538	3337	8868
9432	-14056	-852	1298	2961	8667
10552	-12676	560	1932	980	9009
10204	-12112	-868	-201	2281	8653
8660	-14092	260	-1619	2335	7493
8608	-13488	652	223	790	6806
8900	-13860	-688	1166	1977	5182
7244	-13280	312	2649	2158	3495
6960	-12412	1268	3741	1385	2327
7628	-12288	56	960	1253	2084
7164	-13252	1032	684	1476	1560
7840	-13472	492	-484	711	1713
6644	-14456	1496	488	990	605
7772	-12320	1796	862	238	954
6392	-13948	840	-922	1780	-627
7640	-13196	664	1070	-460	-1319
6348	-9336	1056	-1203	792	-1889
6176	-11900	76	-2342	-195	-4135
7056	-11372	-124	-2456	-1198	-5610
8408	-12688	-432	1005	-122	-6436
7080	-10940	488	1620	-1047	-8035
9528	-10856	-128	282	-2397	-8484
9556	-11460	524	-1424	-1314	-9893
9576	-11184	940	-2940	-3199	-9299
11652	-13012	-612	-2165	-2748	-10250
11684	-12440	-536	-1580	-2482	-12239
12284	-12400	-28	-697	-3264	-12733
13000	-12928	-644	253	-2904	-12470
13620	-11116	676	1304	-3177	-11359
15288	-8096	-848	-1131	-4537	-13650
14648	-13048	-192	-3376	-2694	-13312
14796	-11312	188	-160	-3701	-10276
17200	-8712	-1448	-1969	-3487	-12626
14912	-10180	-472	-2367	-3480	-10428
17200	-8716	-192	-1257	-2752	-9507
17132	-8152	-1108	-3351	-1049	-10476
16092	-6360	-916	-3014	-3263	-10689
18316	-6208	-2856	-2101	-2746	-11703
16948	-6128	-2524	-2103	-1322	-13327
15252	-5912	-1396	128	-1730	-12426
16624	-3524	-1852	1232	-2573	-11605
18164	-1856	-2604	-1086	-2917	-12525
17360	-2584	-2768	-2827	-1633	-11840
16920	-3108	-1744	-1838	-2546	-10635
18044	-1440	-2968	-1498	-3614	-10614
18760	-140	-3644	-2196	-3199	-11574
18056	-584	-3348	-3116	-2095	-11093
17040	-616	-3008	-1846	-2262	-10969
17124	956	-3332	-1544	-3403	-10855
18244	1824	-3968	-2305	-3278	-10346
17252	2972	-3676	-3588	-2689	-10234
17624	2852	-4120	-4101	-2984	-10121
17284	3628	-4004	-3071	-2578	-10772
16908	4000	-4132	-2210	-2748	-11032
17024	4780	-4680	-1519	-2557	-11099
15876	5604	-4012	-2414	-2371	-10985
16264	6328	-4272	-2783	-2954	-10859
16032	6420	-4708	-3759	-2573	-10812
15772	6260	-4404	-3408	-2577	-10423
15232	7816	-4604	-2207	-2620	-10657
15268	8156	-4900	-3203	-2590	-10056
15036	7976	-5084	-2857	-2733	-9987
13980	9924	-4572	-2863	-2899	-9958
13712	9692	-4724	-3284	-3576	-9496
13628	10168	-4708	-2504	-2836	-9484
12008	10664	-4744	-2917	-3114	-9169
11468	9796	-4516	-3741	-3877	-8612
11776	10400	-4644	-3172	-3953	-8339
11388	10080	-4776	-3462	-2690	-7362
10312	9084	-3780	-3027	-1785	-6231
9944	9048	-3720	-2404	-2415	-5095
11516	8212	-4480	-2002	-2061	-3543
11280	8744	-4496	-1530	-715	-2062
10632	8132	-4304	-904	-494	158
11220	7796	-3496	7	233	2570
11484	8424	-3780	-244	599	4945
11888	8912	-4472	-298	1143	6758
13188	9240	-4508	159	1931	8236
12744	8840	-4456	1658	2881	9345
13640	8696	-4752	4163	2172	10018
13964	10772	-4296	3824	3404	11195
12644	9140	-4048	1274	3252	13486
14344	9124	-4308	917	2873	13867
13936	9108	-4444	-270	3963	14548
13720	5444	-4352	1395	3115	15343
16484	7012	-4760	3218	2461	15308
17316	6968	-4660	2615	4528	15123
16220	4496	-4944	3923	3594	14918
18148	3360	-5056	5531	2900	14845
17620	5036	-4768	6388	3103	14756
18544	3192	-4756	5095	3159	15400
18516	1728	-5084	4415	2427	15863
18548	1020	-4672	3937	3209	16229
18476	-144	-4416	3985	2615	16550
19068	-560	-5172	4357	1758	15986
18844	-408	-4328	3391	1339	16035
17576	-1512	-3440	1298	2028	16921
17516	-3828	-3264	1286	1934	16726
17908	-4308	-3636	1871	1089	16496
18640	-5424	-3200	2447	1602	15906
17772	-6248	-3356	3456	2475	15244
16936	-6112	-2200	1753	1884	15101
16148	-6696	-2008	459	1679	15077
15664	-7940	-1848	-518	1993	15674
14600	-8816	-1480	-665	2254	15515
15332	-10312	-2116	1778	2315	14245
14620	-9172	-1404	2243	2407	13426
14324	-10884	-1992	1768	3286	12785
11916	-11232	-1172	2010	3996	11475
11484	-9560	-228	2032	2198	10934
12136	-11320	-1900	1008	4249	9658
9932	-12756	-1244	1399	3578	8713
10200	-12464	-64	3345	3140	8379
9580	-11436	-840	2043	3211	8263
8996	-12612	-948	744	3305	7310
8756	-14524	-464	-564	2288	7631
8948	-13708	316	931	2009	8642
8024	-13836	-80	-315	2797	8094
8004	-15828	676	80	2052	7026
7824	-14760	376	1073	2078	6463
6628	-15000	236	1628	2751	5707
5732	-12876	368	1710	1661	4350
6664	-12544	-196	896	1183	4161
5356	-11948	-60	31	2276	3677
5192	-13612	-348	-900	675	3167
5736	-13776	224	-706	433	3122
4900	-14156	472	-884	538	2930
5288	-14180	1076	-2510	-109	2892
5736	-16320	880	-2923	113	2104
5768	-16688	764	-1348	487	3397
4940	-17544	896	-442	800	3499
5456	-16360	1212	120	504	3451
5224	-16260	916	-2278	713	3742
4464	-17716	1148	-1655	680	4261
4248	-17520	344	-1331	1370	4593
3568	-17416	320	-860	611	3353
4312	-16976	-360	-46	721	2801
2264	-16944	268	514	1286	2586
3540	-16112	-116	-395	-510	3210
3484	-16408	-80	-249	281	1985
3004	-14736	356	-114	234	2159
1684	-14572	1720	-191	-334	2156
3152	-14156	28	163	-495	1168
2564	-13184	892	-869	619	-575
1556	-12544	1524	-793	-841	-1278
3740	-12732	-324	-1237	-285	-1952
2008	-13368	-60	-885	766	-3928
3352	-14516	1024	1207	-1040	-5092
3572	-10992	104	1136	-165	-7020
3852	-14116	-492	-35	-1520	-9234
4684	-14000	-396	994	-1270	-10846
5028	-14012	184	1272	-1767	-10874
6340	-12832	-1244	1510	-3259	-13675
7184	-14260	-620	705	-2293	-15637
7568	-14028	752	2372	-2865	-13364
9636	-11288	48	3336	-3585	-16191
11092	-11572	-368	-1317	-6490	-16685
12128	-15020	400	-659	-2729	-15960
11264	-9748	1076	-350	-4639	-15947
14640	-7828	-852	-5068	-9112	-18076
15156	-10428	-1812	-6791	-4967	-17832
14192	-11684	-656	-4105	-3884	-18816
15428	-8468	-1040	-2822	-5733	-19401
17032	-7684	-1972	-2807	-6348	-19118
17880	-6288	-2524	-3994	-5168	-18839
17636	-5340	-2852	-5082	-4806	-19602
19040	-3196	-4240	-6355	-7395	-20125
20484	-3768	-5420	-8222	-5669	-19650
16492	-4056	-3448	-8033	-5344	-19388
20300	-4280	-5280	-5454	-6774	-19369
19272	-3120	-5184	-5502	-4951	-18574
18412	-3072	-5388	-4363	-5994	-17265
19184	-984	-6092	-4107	-6320	-15510
19652	-340	-5812	-5737	-5273	-13477
17820	620	-5996	-6702	-5383	-11842
18012	1608	-6400	-6609	-4853	-11007
17728	2808	-6984	-6144	-4251	-10712
17272	3012	-7028	-4871	-2701	-10783
16184	3932	-6420	-3515	-3010	-10616
15760	3156	-6904	-2101	-2908	-10302
14584	4212	-6432	-389	-3091	-9685
14780	6120	-5872	-622	-3525	-8406
14304	5788	-5912	-2802	-2561	-6938
13264	5420	-6092	-3417	-2464	-5800
13548	5796	-6544	-3184	-3155	-4874
14016	6572	-6600	-1785	-2588	-4282
13212	6588	-6360	-1403	-2216	-3288
13156	6684	-6420	-485	-2576	-2703
13408	7864	-7000	-490	-1986	-2130
13004	7508	-6812	-1109	-988	-1157
12544	7372	-6816	-632	-796	-863
12680	7484	-6684	-480	-400	-748
12940	7564	-6940	126	439	-443
11880	8316	-6416	113	553	70
11568	8060	-6392	184	-213	784
12820	7708	-7036	-131	-248	1384
12648	7308	-7232	-191	398	1729
12908	7504	-6940	-354	493	2447
14256	6716	-7192	602	1540	2737
13644	6360	-7300	581	2292	3678
13636	6252	-7020	1213	2191	4915
15176	5596	-6220	865	2815	6615
14908	5580	-5596	-384	3425	8451
15212	5900	-6320	-1356	3660	10049
14520	4368	-5792	-1760	4234	11266
14644	2840	-5092	-38	3479	12454
15872	2464	-7188	1777	3333	13202
16728	2292	-6780	3055	4192	13748
16208	1416	-6568	2773	3694	14810
18452	940	-7780	3873	3770	15382
18044	864	-7056	3961	4990	16202
17960	-876	-6952	4929	3601	16553
18648	-1460	-7596	5987	2881	16813
18976	-2120	-7792	4702	2752	18093
19464	-5772	-7064	6102	3657	18586
17672	-4740	-6408	6429	3007	19405
16228	-4976	-5420	4927	1710	20893
18432	-6656	-6404	4763	375	21622
18356	-7740	-6308	5505	1618	21767
16168	-8816	-3572	5732	157	22583
18764	-9576	-5352	6490	-803	22412
16884	-10176	-5112	4462	2053	21979
14516	-11604	-4044	2395	76	23059
15204	-12616	-3592	3343	-548	22618
13584	-11348	-3560	903	-281	22604
12752	-14316	-2860	-14	1642	21144
9960	-14060	-2264	1938	2125	19620
9584	-14700	-3100	3871	1148	18264
8844	-15680	-2756	5652	3209	16662
6840	-13440	-1008	6648	3685	15902
5864	-12488	-780	6133	3306	14642
4564	-13300	-2708	4747	3586	13260
4160	-13624	68	4589	4376	11606
1952	-13868	728	5205	3977	11497
2160	-12776	-104	4657	3608	11136
1568	-13684	-216	3951	4228	9345
844	-12868	1080	3670	3441	7918
-660	-12752	684	1287	3806	6642
-896	-15380	-596	2288	3042	6298
-564	-12632	-416	4099	3610	3993
-2892	-12820	-124	-497	3038	3143
-2076	-16072	252	2861	1244	1444
-1068	-10108	-1144	1021	1645	1425
-4704	-14588	-128	-1021	1971	-222
-2164	-13708	-1388	1198	-2087	38
-1728	-14428	-916	-2532	282	-1529
-2452	-15192	600	-842	-1528	-2133
-1896	-16352	944	-1558	-1931	-2109
-132	-16916	1200	-90	-1371	-1485
-316	-17436	3352	-2083	-765	-2081
-40	-17280	2464	-884	-887	-2001
-364	-16440	2752	-348	627	-1429
-784	-18520	1728	-1716	1116	-626
372	-16776	1172	1348	545	-2234
-924	-13088	312	-711	366	-1573
-1672	-15504	652	-711	985	-1623
-472	-11052	444	-499	-1064	-3097
-448	-11640	1512	-3747	-1335	-4859
596	-12928	-1468	-458	837	-6249
-2052	-13212	740	-678	202	-9433
2048	-13724	4	3954	-3888	-9039
2228	-9760	-1396	1384	-285	-13057
1096	-14936	1696	601	-3484	-12258
4464	-10912	812	2204	-2898	-13424
5168	-14868	1476	-4152	-3195	-15464
6160	-17696	40	1091	-3549	-13788
8272	-12292	672	2355	-2459	-16706
8832	-18308	1316	-2463	-3304	-17876
10196	-16584	520	1705	-3328	-14177
11296	-12068	-432	766	-3565	-15922
12096	-16192	-700	-6492	-4787	-17682
10872	-14996	204	-4513	-4670	-13811
12684	-12160	-1840	-2808	-4064	-14472
12192	-11188	-1060	-5873	-5092	-15751
13684	-13804	-396	-5229	-4244	-14093
13892	-10152	-1004	-2351	-3191	-13291
16520	-8628	324	-3420	-5658	-15142
17332	-8296	-3148	-5123	-4487	-15167
15420	-8208	-2564	-5741	-3228	-15683
16200	-6476	-3204	-5201	-4952	-16204
18008	-6192	-3856	-6446	-4519	-16612
17984	-6172	-3852	-6909	-3159	-16977
17904	-4856	-4760	-6083	-3443	-17832
17696	-4076	-5344	-6058	-3533	-17752
18240	-3488	-5536	-5177	-4433	-17612
18304	-1648	-5744	-6276	-4379	-17009
17840	-2144	-6744	-7714	-5265	-15748
19420	-3008	-6412	-7531	-4373	-14913
17252	-1300	-6244	-7225	-4348	-13614
19060	-980	-6836	-6607	-4310	-12554
17704	508	-6116	-6925	-3735	-11588
17252	2016	-6388	-6331	-3579	-10946
16900	2704	-7392	-6037	-2878	-10614
16204	1972	-6788	-3956	-2414	-10649
15460	3100	-6232	-1308	-3044	-10690
15880	4824	-6380	-981	-3175	-10067
14640	5704	-6760	-1940	-3531	-9106
15296	5764	-6812	-3035	-3047	-7949
13792	6060	-6380	-3853	-3307	-7309
14304	6660	-6724	-3177	-4062	-7144
14216	7344	-7436	-2922	-3238	-7027
14196	7472	-6532	-2809	-2442	-6882
13404	7288	-7204	-2012	-1711	-6808
12688	7692	-6092	-1454	-1680	-6612
12704	8612	-6652	-1734	-1934	-6210
12844	8880	-7500	-2241	-1210	-5541
11672	8800	-7084	-2897	-1211	-4996
11876	8936	-6524	-2448	-1900	-4377
11936	9904	-6832	-2309	-1588	-3959
10800	8864	-7108	-3186	-1175	-3421
11372	8836	-6664	-2102	-1224	-3221
10768	9136	-6560	-2018	-39	-2808
10496	8376	-6472	-1236	-369	-2265
11540	9556	-7056	-319	-249	-1615
10572	9524	-6572	-1179	36	-699
10580	8204	-6428	-730	-710	141
10932	9320	-7224	-342	-254	1095
11280	9048	-6740	-40	465	1990
11244	8244	-7220	-159	543	2983
11820	7684	-6800	929	841	4077
12348	8860	-6664	1332	968	5388
13188	7176	-7016	925	1716	6767
14232	5788	-6568	2346	1873	8843
15392	7124	-6668	3244	2807	10816
15212	7824	-6516	1245	3600	12302
15380	3408	-6028	1521	5476	13555
14992	2788	-6128	3743	5938	15417
15940	3752	-6532	5179	4999	16370
16936	4884	-7324	5608	5144	17219
16252	2352	-8152	5341	6038	18502
17716	808	-7968	7249	4813	18640
17960	1104	-7156	8099	4832	19027
18264	-1112	-8880	10237	4262	19909
20584	-1632	-7308	9585	5321	20171
17836	-1000	-6856	6346	4559	21880
18368	-3940	-6284	7125	2418	23122
20804	-3996	-7876	4860	1698	23904
20140	-5124	-6416	3935	2526	23252
18416	-6740	-7160	5138	1214	22631
18232	-8232	-7380	5897	639	21595
17984	-7480	-4960	5229	951	20492
14780	-7596	-3848	1714	652	20585
14608	-11672	-4924	1615	94	20669
15376	-12644	-3516	3767	2256	18280
11904	-10992	-3172	4980	1289	17133
12428	-11516	-2572	5677	482	16038
11584	-11472	-2856	4487	2791	14860
9680	-12148	-1032	4375	3628	13824
8648	-12080	-1132	4462	2127	13006
8656	-12576	-1332	3634	2831	12239
7696	-13416	-380	4281	4358	11851
5860	-12324	-392	3110	2638	11305
6568	-14968	-1240	3223	3836	10187
4680	-12980	-32	3917	4612	9589
4360	-13640	-140	1557	2868	9851
3824	-15536	-324	263	3379	9499
4532	-15620	148	1429	3104	9535
2768	-14336	8	1290	4085	7476
1320	-15468	-12	1497	3103	6143
1292	-14960	-156	2613	2346	4757
832	-13776	-336	2539	2997	3355
116	-14312	-1472	1015	1678	3090
184	-14924	-520	880	1652	1463
-468	-14748	-200	-522	143	2350
1736	-15236	-660	-58	36	1952
-252	-14000	1620	-604	424	747
260	-15028	1788	-1663	-1430	767
1584	-16172	1076	-494	167	-260
-740	-13744	1788	-65	401	-99
1748	-17332	240	507	-38	-1051
520	-14152	1908	-36	907	-2704
456	-15172	652	-79	-634	-855
1832	-13600	1172	-1406	1103	-2154
-800	-15200	644	-3076	-469	-2705
2460	-15440	-448	-1361	-328	-3961
80	-13800	1000	-972	265	-4005
380	-14168	-636	380	-930	-5997
1748	-12816	-392	-1180	-1976	-8040
2796	-12444	-548	-1583	-1967	-7763
2148	-14996	-76	-2360	-1159	-10452
4740	-14924	-36	182	-3559	-9547
5632	-12580	-600	1716	-1085	-12711
5316	-14344	1548	-2572	-3658	-16684
7784	-14480	840	184	-3894	-13444
8600	-11488	-784	1576	-1094	-15274
8324	-14752	1132	-3717	-3609	-15836
10888	-14852	-648	-1736	-4232	-13227
12972	-11164	-1924	-1623	-2303	-16857
11312	-13744	-1152	-7342	-3385	-17883
12364	-14020	-944	-2876	-3859	-15636
14540	-10496	-2436	-2381	-2106	-17674
13160	-12388	-1692	-4621	-2568	-17900
14852	-12104	-1680	-1626	-3753	-16011
16024	-7928	-1892	-2236	-3352	-15840
17304	-9408	-3136	-6499	-3237	-15659
16688	-8588	-2852	-6474	-3388	-14802
17348	-7092	-3376	-5845	-3832	-15245
17224	-5956	-4276	-7005	-3218	-15699
17352	-7636	-4348	-5931	-2692	-15178
17884	-5532	-4704	-3490	-3521	-15847
18472	-1884	-5340	-4305	-3630	-16388
17424	-3912	-5276	-6786	-2429	-14973
15976	-5392	-3552	-5142	-2705	-13868
17056	-1372	-4456	-4405	-4246	-12766
19156	-1516	-5224	-5851	-3231	-12019
18208	-460	-5424	-5292	-2257	-12077
17372	1268	-5472	-4448	-2351	-12178
17992	1140	-6496	-3441	-2473	-12233
17408	1428	-6988	-2518	-2594	-12630
16948	2072	-6364	-1594	-2906	-12583
15936	3876	-5548	-2042	-3974	-11800
16832	4604	-6708	-4057	-3215	-10673
15384	4244	-6472	-5783	-2157	-10005
15840	4428	-6364	-4723	-2477	-10261
15316	5452	-6452	-3500	-2424	-9964
14480	5716	-6012	-2613	-3160	-9624
15292	6648	-6380	-2256	-3292	-9230
15000	7096	-6588	-3152	-2505	-8602
14468	8076	-6020	-3804	-2435	-7866
14324	7988	-6576	-4447	-2078	-7364
13340	7128	-6100	-4244	-1369	-6976
13120	8072	-5896	-2826	-1858	-6745
13056	8864	-6104	-2302	-871	-6570
12180	8928	-6060	-2491	-751	-5915
12176	8944	-5536	-2029	-754	-5567
11848	8972	-6268	-1927	-987	-4675
12048	7976	-6180	-1437	-229	-3779
11324	10140	-6140	-703	-772	-3085
11552	9692	-5888	-1472	-164	-2140
10652	8824	-5508	-798	-799	-1580
11352	9816	-6412	-491	-1061	-672
11520	9332	-6420	-863	-22	19
10804	9972	-5212	9	188	464
10352	9792	-6320	-183	-107	1187
11292	8308	-6428	419	186	1465
11596	9672	-5536	734	1137	2290
11372	9284	-5928	-52	1498	3368
12076	6896	-6540	311	1151	4396
13492	6852	-5888	1913	1230	6095
13196	8788	-6124	1968	829	8042
14312	8308	-5948	532	1300	9512
13312	6656	-5652	-298	1771	11050
14120	7536	-5688	-86	1331	12288
15284	6452	-6916	90	2293	12868
15820	3248	-6540	2402	3601	12953
15492	3736	-6616	4716	3042	13938
17816	5164	-5780	5693	2594	14390
17680	5052	-6708	4814	3846	15526
16012	1020	-7436	2624	2932	17422
17632	1756	-5236	4841	1528	17336
18444	1716	-7340	5161	2295	17950
18188	-944	-7116	5373	3586	18037
18944	-1164	-7064	6809	3656	17981
18796	-1924	-6756	7731	3894	18264
19060	-1904	-6320	7524	2541	18683
19076	-2376	-5976	5740	2688	19272
18000	-5268	-5436	4965	2798	19852
18424	-6036	-5360	4444	1626	20428
17880	-6164	-5508	4010	1724	19972
17260	-7564	-5312	3229	856	20120
16544	-8232	-4704	2363	785	19941
16032	-10776	-4920	2562	1459	19801
14992	-11128	-4544	4886	1214	18517
14236	-10388	-4244	5643	35	17634
13148	-9748	-3952	2644	-575	17394
11932	-10312	-2692	-376	316	17157
11264	-11604	-3612	-851	324	15400
9568	-13744	-3616	1104	660	13546
8056	-13232	-1912	4613	-24	12105
8388	-13012	-1492	5724	1107	11822
7408	-11788	-616	4896	1393	11797
8096	-13040	-1716	3493	1542	11162
5940	-13756	-928	2381	2840	9780
5972	-14956	472	3289	1453	9915
6284	-13600	-1612	3629	3124	9027
2816	-15472	-1296	1487	3766	7206
3528	-15584	528	3309	556	8593
4808	-13204	-1528	1744	2631	8237
1188	-15556	-704	-1209	2356	6682
2504	-14236	-72	289	206	6129
2236	-15280	-1468	283	2540	4340
1036	-16028	-56	3062	901	3168
1264	-13492	-44	2088	970	1799
248	-13936	-512	739	484	1760
1192	-14440	-244	-866	443	1212
760	-15224	-268	-353	-164	-195
1724	-13936	-1192	481	-533	-97
-56	-15380	608	-1007	516	-1331
2528	-14092	928	1177	-911	-1493
472	-14036	600	-1442	474	-1662
1720	-12324	-400	-1369	-1014	-2479
1856	-14388	136	-3310	729	-4831
1020	-12864	628	-838	-1655	-4759
3572	-14056	-1208	-1996	-333	-5727
2252	-13676	408	-2098	-226	-6554
3840	-13896	-916	-2006	-650	-7518
3744	-14368	-156	-2190	-494	-9695
4928	-14480	788	-971	-1020	-9258
5220	-12468	-1800	646	145	-11519
5404	-15468	-1268	-1967	-1630	-13605
8484	-13624	-1532	1354	-1578	-13829
8216	-14256	-1064	-3440	10	-16782
7572	-17636	-372	608	-883	-13572
10980	-11376	-2360	3815	-1030	-15293
11492	-12116	-944	-2245	-1794	-18705
10916	-12412	-1288	-2357	-2370	-16505
12628	-10524	-1676	-3348	-2059	-15935
13548	-10520	-1584	-5159	-3631	-17765
15224	-11516	-2284	-5030	-2650	-16713
14812	-10948	-2212	-3606	-903	-17159
15180	-7444	-1888	-3657	-3374	-18621
15392	-8660	-1944	-4968	-2217	-16707
16244	-9044	-1900	-3931	-2482	-15299
18836	-6360	-3776	-4030	-3168	-16180
19800	-6260	-5452	-5612	-2085	-16003
17724	-7896	-3756	-4466	-1532	-15826
18268	-3068	-3972	-2939	-3912	-16445
20316	-2556	-6096	-5702	-2266	-16025
17172	-5064	-4072	-5323	-1657	-15712
17588	-2660	-4380	-2549	-4138	-15346
19552	-444	-5192	-3631	-3525	-14784
19348	860	-5376	-5199	-2418	-14053
18104	1084	-4520	-6261	-2291	-13550
18188	840	-5596	-4794	-2530	-14017
17248	2080	-5468	-3122	-2413	-14145
16876	2792	-5344	-1735	-2365	-14286
17140	4092	-5528	-2132	-2437	-13560
16788	4256	-5852	-3647	-2338	-12803
15792	5596	-5860	-3354	-2246	-12470
14940	6576	-5448	-2560	-2730	-11900
15872	6316	-5156	-2857	-3097	-11173
15132	6044	-5436	-3817	-2493	-10974
15060	7376	-5804	-3478	-2447	-10167
14792	7076	-5364	-3293	-1903	-8804
14940	5972	-5488	-3241	-1469	-7561
13576	6724	-5108	-2287	-1121	-7293
13672	9044	-5208	-1044	-1025	-5984
13980	8252	-4620	-1809	682	-4227
11652	7384	-4684	-1601	213	-3852
11912	7884	-4408	-1051	-614	-2383
12552	8060	-4496	-724	-268	-1032
12172	8672	-5492	-727	-99	210
12084	8096	-4964	-1531	839	1337
11312	9016	-4560	-126	-353	2057
13972	8840	-5228	-1170	203	3540
12160	9052	-4944	-651	308	3411
13680	8092	-5460	-1328	1289	4554
13256	5668	-5276	727	2642	5053
13444	8656	-5924	3772	2093	4659
15204	8644	-5616	2748	3639	5278
12432	6048	-4496	3130	3398	5979
13648	7056	-5232	4276	1788	7497
13936	6560	-4152	1823	1729	9625
14596	6232	-5176	2318	662	9771
15140	6172	-7088	3008	1354	10152
15296	3688	-5060	3329	2006	10322
16296	4376	-5260	6488	1569	9746
16024	5744	-6260	5485	2563	10881
16972	2928	-4868	2767	2299	11961
17304	3476	-5480	3314	1639	12320
16960	2652	-5776	2172	1921	14098
17600	-240	-5352	3805	658	14016
18732	2980	-6708	4924	1525	13870
17420	-1028	-5668	3381	4160	14837
17160	-2812	-4996	3730	1957	15292
18028	-1112	-5576	3776	1950	15965
17848	-3628	-5072	2423	1548	17559
19448	-5572	-5916	3372	1422	17415
18424	-5648	-4348	4207	2925	17955
17872	-5824	-4160	4798	1880	18978
18520	-5520	-4876	3091	1224	19268
18760	-7832	-4516	1697	1745	19047
17124	-8472	-4088	1083	1108	18994
16472	-9368	-3832	930	1706	18840
15340	-10540	-3424	1480	2074	18115
15184	-11304	-3612	2536	1351	17196
14092	-11336	-3388	2124	3002	16627
11468	-9816	-1828	914	1002	17264
14416	-10588	-3028	-1272	803	17339
11240	-13636	-3164	-2669	4148	15630
9112	-16312	-1592	1991	2143	14651
11656	-13384	-1712	6098	1682	13959
9144	-12048	-2608	3424	4389	12902
6816	-12960	-1324	1093	3400	11790
6904	-13236	-2076	1228	2718	12037
4772	-12696	-2400	1256	3800	11570
5308	-15220	-2520	2757	2905	10524
4880	-14872	-1192	4135	2319	9363
4276	-13092	-1064	3112	2055	10181
3408	-13128	-368	-78	3055	9695
2180	-15612	272	-535	2147	8296
3516	-14496	-1220	1481	1584	6365
560	-14444	-1732	2738	4139	3205
760	-14184	-532	4278	854	2022
1960	-10884	-592	1626	1016	1852
-700	-12088	-1068	-1523	1951	647
784	-13592	-1696	177	245	264
292	-12732	-2228	462	469	-1503
480	-12780	-1784	1202	-677	-3419
440	-11492	-1116	-970	-1229	-4103
2508	-14020	-240	96	-1012	-5077
648	-10824	-348	-535	-1415	-8670
3100	-14652	-580	227	-2609	-8911
3444	-10500	32	3729	-161	-11241
2484	-10808	468	-792	-3500	-13517
8220	-12728	-2152	1524	-2574	-15785
5124	-10724	644	428	-1152	-18929
8292	-12316	-892	1807	-4484	-19284
10108	-12696	-1456	860	-2029	-20832
10384	-11720	1676	396	-4650	-18449
13644	-12412	284	-2494	-4269	-16541
14652	-12824	-496	-5060	-4126	-18043
14144	-12260	28	-5610	-4587	-16654
16640	-12700	-1632	-5166	-3987	-17483
16524	-13324	-1304	-4450	-2238	-18429
17348	-7668	-1536	-3288	-4999	-18569
19444	-7140	-3924	-7195	-4024	-19675
17576	-9744	-2248	-7925	-407	-19618
15660	-8172	-44	-3771	-2816	-17897
19660	-5320	-3324	-3952	-3833	-18272
17928	-7544	-2928	-7101	-475	-17022
16416	-8872	-1548	-3870	-1891	-14013
20296	-4220	-4208	-2787	-3197	-13164
20580	-1544	-5704	-5422	-2541	-12817
19228	-3504	-5580	-6130	-1456	-12588
17752	-3832	-4816	-2576	-1608	-12924
18124	-492	-4992	-944	-2057	-12743
17776	200	-4544	-1219	-1539	-12555
17476	848	-4144	-1001	-1852	-12229
17052	1372	-4776	-295	-1585	-11921
16432	2344	-3948	-64	-2521	-10991
16576	3092	-4428	-801	-2495	-9988
15944	4212	-4128	-2801	-2507	-9434
16132	3416	-4528	-4161	-1949	-9082
16576	3784	-4984	-3257	-1340	-8707
15904	4256	-4396	-2271	-896	-8874
15620	5420	-4176	-747	-1915	-8892
15804	6100	-5588	-1013	-1905	-8224
16140	6172	-5500	-2489	-1350	-7319
15632	5776	-4636	-3202	-941	-6913
14444	6580	-4280	-2727	-1311	-6169
14828	7024	-4372	-1563	-1598	-5539
14332	6220	-5164	-1266	-1444	-4817
15036	6964	-4984	-519	-1080	-4728
14556	6944	-4708	-787	412	-4093
13188	6212	-3972	-822	93	-3214
14268	8740	-5592	1678	-1121	-3445
14484	10380	-5368	368	692	-2895
11936	7612	-4284	-608	481	-2340
13276	7076	-4932	-186	-721	-2139
13004	7872	-4684	132	472	-1676
13168	7892	-4664	154	103	-197
13432	8020	-5572	-507	104	545
13172	7688	-5132	-944	613	1839
13060	6552	-4608	-316	-25	2420
13972	7736	-5316	805	470	2334
13748	7296	-5248	620	843	3610
13572	5344	-4868	1824	616	4403
14120	3992	-4852	3503	-668	5168
15896	5160	-6336	4236	-583	6388
16152	6588	-4664	2494	1136	8640
15444	5432	-4656	2345	627	10497
16752	5080	-6188	149	2024	11976
15708	3304	-4156	-410	3260	13150
16520	3788	-4888	1763	1797	13657
17112	2140	-7092	1868	3014	14813
17784	144	-4656	2991	3431	15050
17600	1480	-5612	4390	2881	15278
17652	1128	-6900	3942	2816	16605
17384	-920	-3944	2767	3083	17842
17372	-628	-4244	3899	1560	18419
20632	-560	-6288	3570	2089	19149
18796	-2864	-5712	1236	3940	19996
18392	-5800	-4324	3239	2069	19864
20180	-4788	-6400	4400	1158	18893
19800	-6124	-4800	2556	2989	18711
17180	-7472	-2936	2466	2766	19148
16436	-6596	-3472	3156	867	19319
18128	-7808	-4676	1321	1497	18758
15972	-9596	-3796	907	2347	17374
14388	-10808	-3376	2401	853	17038
13960	-10144	-4428	3000	1102	16421
11976	-9252	-2396	424	1525	15800
13504	-10880	-2808	107	1085	14269
11352	-11064	-2484	261	1762	12876
9540	-11808	-1640	789	941	12312
9860	-11432	-1244	1145	1790	11413
8684	-12316	-664	751	2469	10685
9308	-14060	-2456	2507	1643	9554
8688	-13468	-2092	3362	2755	8337
7140	-13904	-560	1903	2734	8090
7652	-13736	-1176	2050	1243	8209
6652	-14008	-876	-53	2778	7943
5700	-15040	-1124	129	2745	8444
5844	-16528	-1812	361	1603	8225
5600	-17628	-1516	1367	2131	8158
4212	-13768	-20	1963	1724	10171
5452	-14240	-1168	-1079	2207	9073
2440	-15464	-1864	-1778	1768	6574
3340	-14236	-1696	1114	1260	5185
1424	-13972	-1428	1642	1875	3642
1748	-14404	-2616	3080	501	1808
1716	-12736	-1684	1693	2124	485
1376	-14280	-1204	903	351	649
1616	-13216	-1904	429	262	-56
1692	-13824	-972	-1285	-95	432
1204	-12520	176	-1214	-407	-1424
2984	-13824	128	-792	-914	-2392
2148	-12364	-356	1088	460	-4396
1884	-11852	-200	597	-214	-7227
3404	-13068	-520	1331	-1315	-9187
4036	-12284	-1164	2351	-135	-9012
3456	-11316	-764	2631	-1486	-12467
5036	-12660	-1300	-330	-3033	-15983
7044	-12100	-1276	3041	-2076	-14385
7316	-8028	612	1925	-1978	-15553
11664	-13088	-368	-3491	-5034	-19668
12188	-13612	452	-737	-874	-19957
11512	-10460	1388	738	-2120	-18090
15820	-17188	268	-2240	-2416	-19636
14012	-12856	1628	1199	-2947	-17114
16484	-6864	752	-2933	-4383	-15870
20192	-11084	-2580	-9199	-3541	-19081
15456	-10324	-1724	-6442	-2674	-19560
16900	-8656	-2464	-2947	-3653	-19262
16600	-8172	-2796	-2827	-3625	-20256
15980	-6416	-3348	-2313	-4031	-19357
18120	-5520	-3368	-3513	-3212	-17763
18112	-6644	-3644	-4314	-3891	-16875
18408	-5668	-4216	-3885	-6252	-16078
19680	-3388	-4544	-4292	-5810	-15714
19420	-4000	-5120	-4731	-4388	-15192
18352	-3116	-4360	-4000	-4655	-14098
19364	-2620	-5228	-2824	-4518	-13337
18280	-1064	-4932	-3408	-4781	-12491
18028	-32	-5304	-4386	-4810	-11497
19140	-376	-3996	-4825	-2430	-10377
17808	-436	-3604	-2598	-1797	-10315
17400	492	-3996	-341	-1827	-9657
16760	2408	-4552	891	-1732	-9105
17016	4132	-4716	-340	-1666	-7252
16676	4724	-5164	-1615	-1361	-6122
16332	4604	-4836	-4664	-1427	-5781
15228	3564	-5716	-3851	-1146	-6624
15112	5704	-5652	-480	-403	-7396
16056	6592	-5476	-96	171	-7309
13276	4812	-4964	-912	-5	-7856
13952	7584	-4976	-260	-2583	-8113
14916	8356	-5308	-3322	-1176	-6725
13204	5976	-4604	-3903	-1810	-5770
14212	6136	-6948	-2120	-2899	-6063
15836	6940	-4956	-1227	-700	-6286
13188	6616	-6192	1257	-285	-6930
13212	6364	-5748	1998	565	-6277
13244	6524	-5132	3344	-615	-6139
13712	8784	-6008	1978	-334	-5237
12572	9064	-4952	-1546	136	-2462
12996	7124	-4808	-1746	-823	-1577
13448	6708	-5092	-814	-324	-1152
12376	7560	-5416	465	-70	-453
12420	9484	-5436	145	104	374
13140	8652	-5804	-1385	245	1301
12652	8372	-6228	-1675	350	1743
13608	7660	-6392	-288	-117	2081
13616	8332	-5976	1378	-439	1858
14272	7056	-6948	1825	282	2407
13940	7628	-5572	1927	862	2960
13716	7108	-5500	1497	539	4381
14672	6556	-4988	1697	1023	5152
15384	7576	-6468	2601	865	5597
15340	5924	-6204	1371	2771	7033
14404	4576	-4536	1424	2076	8802
16672	5276	-6072	-203	1779	10923
16904	3684	-5092	-4408	4036	13261
16032	2768	-2768	-2614	4383	14450
15956	2252	-4708	-674	4420	15984
17028	-4	-5228	1247	4019	16596
17928	1316	-4516	2812	4169	16991
17060	1180	-6112	3081	4491	18072
16996	-612	-5196	2580	4455	18585
17512	-1388	-6156	4480	2478	18834
18912	28	-6592	3252	2129	19357
19372	-3332	-4736	1620	1957	20999
19840	-5560	-5748	2188	1996	20632
19388	-5104	-4840	2946	1561	20893
19940	-5752	-3132	2377	2327	21039
18744	-6536	-2644	2368	2133	21009
18832	-6880	-3860	2816	1878	20570
17628	-7668	-2820	1944	1531	19266
15788	-8744	-2936	1139	2064	18372
15140	-9500	-3356	1214	2099	17739
14588	-10668	-3968	1562	1868	17127
12656	-10024	-2840	112	2066	15974
10892	-10796	-2184	-1167	1213	15720
11360	-11628	-3008	-1143	422	15076
11464	-13680	-2916	728	3155	12767
7348	-12464	-908	3027	1470	12088
9380	-12432	-1740	4615	930	11866
8928	-10888	-1308	2428	3581	10758
6908	-13672	68	631	2345	9663
8132	-13616	-1600	2610	1652	8792
4972	-12732	-604	523	4050	7945
4828	-15836	292	1261	1863	8491
6216	-13908	-1628	1840	2129	7225
4860	-15688	-1236	598	2999	6720
4544	-16068	-1224	2688	2441	5890
3208	-14612	-1116	2129	1611	4679
3612	-14248	-3340	2948	2525	2227
1268	-13744	888	1514	952	1469
3476	-11264	-760	2051	-1008	1921
3036	-13496	-852	-2113	869	188
2608	-14300	568	-1321	-436	506
3724	-15740	12	-940	-9	-211
3540	-15488	716	1210	-274	-892
3164	-14064	400	-478	1101	-1390
2848	-16088	1128	695	547	-2500
4080	-11680	1536	339	-69	-3083
3812	-13228	-640	-2701	735	-4239
2884	-13200	-1736	-141	1052	-6908
4044	-12068	-884	-87	-873	-7115
5392	-12096	-1336	2199	-365	-8203
4220	-11380	-1016	-535	-692	-10550
6744	-13416	-464	239	-2192	-11229
7592	-10308	-464	-482	-2143	-12658
7932	-13692	228	-2424	-2127	-13826
10112	-13832	-684	-1806	-2590	-13817
10884	-15552	-256	-1500	-366	-13820
11028	-15648	284	1588	-1516	-14285
12380	-12756	-932	1782	-1995	-15023
12796	-12932	-636	-523	-1230	-14417
12780	-11716	-1204	-105	-2260	-13961
15276	-9792	-1944	-2048	-4804	-15863
15876	-10820	-2024	-4937	-3194	-16964
13388	-8668	-332	-4350	-3831	-15397
17132	-10104	-1116	-5146	-2722	-14716
15808	-10908	-860	-4068	-1780	-14771
15656	-8812	-756	-1585	-3370	-13729
17480	-6552	-1752	-1958	-3239	-13265
18576	-5668	-2732	-3550	-2459	-13850
17020	-7412	-2596	-4281	-1059	-13464
15880	-6236	-1752	-1768	-2754	-12517
19060	-3096	-3548	-2008	-3464	-12585
19184	-3628	-4304	-4755	-1542	-12564
17548	-3640	-3764	-3933	-2141	-12168
18580	-2172	-5216	-2801	-3054	-12204
19292	-2416	-4888	-2816	-2196	-12724
18036	-1484	-4776	-1652	-1936	-13736
18024	368	-3608	-1716	-1055	-13273
15740	316	-2768	-2325	-1652	-12305
17108	932	-3260	-2456	-2930	-11568
16876	2096	-3764	-3934	-2340	-10581
17068	2772	-3772	-4375	-2362	-9933
17544	2600	-4128	-2994	-1502	-10006
16384	2808	-4784	-962	-1340	-9661
15844	3332	-4468	404	-1760	-9184
16684	5328	-5072	1400	-2821	-9619
16784	6456	-5668	-1775	-2690	-8488
15852	4616	-5500	-3327	-1775	-8263
15408	5084	-4660	-1862	-2207	-8263
15404	6472	-5188	-339	-2198	-7819
14604	6304	-5304	-318	-1848	-6900
13908	5424	-4324	-890	-2443	-6338
14244	6264	-5004	323	-3039	-6223
13692	8164	-5324	138	-2475	-5604
13172	8380	-5168	-975	-2105	-4446
14040	7828	-5604	-1924	-2297	-3581
13704	7224	-5624	-1943	-1489	-3665
13480	8272	-5832	-1220	-1279	-3423
13020	8516	-5420	-334	-794	-3258
12832	7384	-4776	1178	-835	-3217
12444	7880	-5820	1354	-1034	-3074
12996	8452	-5724	900	-109	-2541
12416	9096	-5380	-455	134	-1117
12504	6596	-5824	-1146	14	246
12668	6868	-5804	-125	-43	1120
13620	7480	-5364	-726	88	3006
13408	5564	-5336	-821	747	4305
13236	4920	-5732	200	521	5743
15416	6280	-5452	-34	1741	7662
14476	4836	-4424	161	2985	9351
15308	3760	-5892	1766	1931	10891
17100	4412	-6012	3152	3635	11592
16272	5396	-4536	2916	4083	13140
16392	2672	-6176	3503	3248	14538
17536	3524	-6080	3209	4441	15063
17288	3064	-4836	1520	4646	16946
17420	1648	-5032	1606	3834	17932
18692	724	-5660	2733	2728	18617
19512	-276	-5696	2760	3645	19282
19648	-2328	-5632	3123	3140	20235
19776	-1772	-6064	4768	2082	20038
19704	-1464	-5388	3601	2383	21140
18728	-4068	-4488	3456	1960	21464
19268	-5080	-5880	3438	1284	21346
19112	-5916	-4436	1555	1736	21205
17708	-6780	-3920	2924	892	20237
17300	-6980	-5124	3462	1089	19424
16204	-7608	-3212	2655	2195	19126
15612	-7948	-3456	2200	1507	18455
13840	-8620	-3380	614	928	17291
13544	-10400	-3088	1100	1232	16751
12572	-10216	-3472	1861	2624	15473
11100	-11472	-3020	1827	1275	13616
11772	-10884	-2936	2235	774	12332
9484	-9808	-1792	-209	2095	11461
8640	-11864	-680	-2161	727	11734
10772	-14296	-2552	476	2084	10169
7360	-14432	-972	2155	3613	8491
7580	-16136	-1040	6541	1434	8357
7368	-10760	-848	5048	1695	8873
6884	-13692	-1680	-198	3220	9508
5748	-14072	-320	-727	1677	9817
7180	-14500	-1096	-318	1258	9646
4460	-14512	-860	414	3195	6511
4672	-13720	-940	1902	1493	4995
4668	-14408	-1868	2323	3708	1157
2224	-13976	-1080	2915	1918	897
4428	-11928	-2108	2865	1950	154
2432	-13256	-1464	75	1419	-292
3452	-13336	-1960	-1957	145	-85
3564	-16428	-2612	-2305	-250	-488
3964	-13976	-1624	-232	-162	-1246
3296	-14556	-488	-2858	-856	-1366
4768	-14224	-456	-1077	-839	-2615
3924	-13512	-1468	-2420	-501	-4021
4016	-15060	-676	-167	-796	-5069
5400	-11576	-1052	339	-687	-6772
5020	-13636	-300	374	-413	-7670
6828	-11824	-1196	1354	-1494	-8325
6480	-12732	-576	-240	-939	-11391
6732	-12792	-676	-52	-2482	-11491
8912	-13184	-1164	822	-1005	-11357
8132	-13808	-1080	228	-1922	-12607
9716	-15304	-524	583	-2874	-9247
11448	-12036	-1520	-762	-1401	-9349
10824	-15344	-1720	-6214	-3037	-11904
12352	-14160	-1588	-2819	-3206	-11367
12632	-12384	-2116	-3231	-961	-11728
12208	-14364	-84	-1470	-2323	-12828
14540	-10244	-1740	254	-2836	-13132
15256	-9572	-2200	-1515	-374	-14525
13992	-9336	-1904	-1529	-1601	-16756
12888	-9368	-708	-1505	-1565	-14967
15048	-9072	-1336	-722	-2017	-12337
16620	-6336	-2280	-2786	-1579	-13618
16468	-6720	-3704	-4731	-1801	-14179
14492	-8628	-2364	-2948	-1687	-12929
16036	-6424	-2796	-1898	-2301	-11978
16608	-7476	-3120	-3571	-794	-10652
17236	-7024	-2508	-1621	-878	-9506
18508	-5088	-4448	-757	-1248	-10218
18540	-3680	-4456	-512	-821	-11760
18696	-3004	-4536	-267	-1405	-12155
18344	-1712	-3808	-439	-1545	-12191
18436	-1336	-3416	-2217	-1704	-11860
18140	-776	-3492	-2953	-1738	-11716
17684	808	-4292	-4352	-1756	-11317
18008	1428	-4744	-5016	-1650	-11433
17472	2068	-4444	-3333	-2363	-12077
17532	1932	-5380	-3589	-3198	-12620
16796	2784	-4984	-3671	-3362	-13188
16624	3852	-5228	-3618	-3235	-13011
17132	3652	-5108	-3985	-2360	-11944
16796	3044	-5280	-3731	-2471	-11217
16956	3568	-5380	-3168	-2466	-10954
16664	4996	-4636	-3115	-1068	-9784
14868	4100	-4516	-3626	-963	-8950
14752	4340	-5460	-2440	-1534	-8988
15536	5576	-4536	-1185	-780	-8114
13756	6064	-4124	623	-1370	-7947
14000	7936	-4624	-152	-2385	-7194
14764	8036	-4976	-1639	-1053	-5900
12928	7728	-4348	-2206	-1012	-5364
13344	7780	-4648	-2121	-2073	-5183
14084	8160	-5172	-1755	-1565	-4976
12860	8688	-4800	-1032	-1928	-4476
13076	8864	-5072	-1021	-2389	-3894
13744	8364	-5660	-1165	-1097	-3399
12612	8140	-4140	-1161	-237	-2499
12276	7788	-4804	8	-1377	-2085
12588	8600	-5792	175	-905	-1464
12484	8232	-4624	-299	-66	117
11852	8772	-4776	945	-323	714
12496	7940	-5516	-80	-305	1901
12488	6608	-5024	529	230	2523
12636	7024	-4932	1417	666	3956
13452	6668	-5652	1616	570	5483
14200	6028	-5940	1630	1245	6835
14356	5564	-5356	2026	2048	8092
14476	5888	-3808	2433	1692	9862
16092	4756	-6100	2821	1315	11309
16612	4928	-5552	1774	4172	13155
15964	3936	-2600	1892	4586	14354
16500	4288	-5504	2626	2773	15348
17872	3920	-6384	2765	4153	16239
17472	3108	-4608	2667	4294	16196
18884	2584	-6124	4095	2849	16601
18880	1992	-6280	4104	3562	16999
18516	364	-6764	2064	2967	17979
18384	-664	-4920	1518	2802	17540
18220	-1888	-5368	2368	2836	17716
18188	-4040	-4820	3295	4071	18369
17616	-3228	-4096	4528	2329	19071
20408	-3268	-5348	4936	1314	18418
18876	-3016	-6132	2582	2393	18086
17460	-5876	-4304	-197	2460	18181
16196	-7116	-2784	1065	978	17471
16284	-5692	-4060	922	203	16685
17156	-7848	-3688	334	1922	15395
14976	-8864	-2888	1489	2358	14276
13556	-9308	-1616	1674	871	14120
14600	-10204	-3352	2481	1267	13533
13416	-10520	-2984	1782	3103	12148
11072	-10300	-1564	1409	1967	11785
11716	-10400	-1448	388	1427	12400
11460	-12840	-2632	1245	3508	11632
10020	-11920	-1632	1785	1884	11057
12016	-12408	-1748	885	1680	11219
9528	-11984	-1232	-37	3268	10019
7468	-12668	-1236	-2581	1756	10302
9944	-17808	-2388	-508	2229	9142
8508	-14568	-904	2489	2343	8060
7108	-15964	-824	1302	2436	8972
6392	-14576	-1072	4439	1585	8802
7468	-14632	-2012	1963	2361	7430
5168	-12572	-284	423	2186	5955
4536	-13300	-868	418	260	5653
4912	-12916	-2644	-1262	1809	3752
4212	-13424	912	1010	855	2233
5012	-12924	-1168	1894	728	1658
4732	-12916	-388	2241	870	416
3712	-14044	52	-11	1407	238
4544	-14640	268	-11	959	122
5036	-15452	452	-517	190	-287
4184	-15864	-812	-570	1503	-338
3284	-15904	-1228	-1887	-254	-906
6148	-14620	-280	-418	-335	-919
3560	-13804	832	-2313	67	-1369
3956	-12428	-1816	-2459	-972	-2303
5436	-13588	-800	-1484	527	-5095
4764	-12120	-368	-297	-594	-7264
5944	-13964	-2040	-573	-1396	-9047
6888	-12940	-1620	2096	-566	-8964
6596	-12168	-84	-252	-708	-9855
8564	-14940	-652	-2663	-2219	-11888
8876	-14004	-248	-2248	-1196	-9482
9340	-13196	220	-299	-1026	-9527
11212	-13384	-560	-2458	-1832	-13423
11128	-13024	-1688	-2444	-1071	-13090
11076	-12496	-1268	1113	438	-13924
12316	-10444	-1576	1209	-1489	-16599
12212	-10536	-460	1534	-1772	-15530
14124	-10120	-2348	1205	-1561	-15555
15644	-8336	-2076	-1080	-1165	-17284
13268	-8628	-1332	-3053	-1984	-16553
14784	-10376	-1072	-2632	-3210	-14521
16976	-7436	-2152	-1894	-3025	-14329
18200	-7736	-2548	-3424	-2694	-14968
16552	-7128	-2948	-3104	-2733	-15050
17304	-5804	-3200	-1938	-3542	-15704
18636	-3356	-3048	-2330	-3887	-16470
19032	-3296	-4252	-3617	-3998	-16723
17880	-5672	-3252	-3384	-2493	-16501
17304	-4632	-2800	-788	-3522	-15414
19056	-1596	-3496	-70	-3787	-14983
19684	-1000	-4620	-1633	-2874	-14028
18036	-872	-3836	-2611	-2841	-13254
18160	352	-3984	-2653	-2947	-12642
17716	1648	-4048	-2742	-2966	-12487
18168	1740	-4936	-2092	-2675	-12093
16880	2024	-4200	-2169	-2407	-11759
16864	1884	-4800	-931	-3099	-11373
16656	3884	-4212	178	-2838	-11111
16000	5276	-4464	-1097	-3327	-9532
16736	3804	-5468	-2927	-2407	-8728
16924	5660	-4788	-2688	-2029	-9102
15752	6488	-5584	-2397	-2437	-8627
15964	6616	-5872	-2142	-2171	-8528
15308	6944	-5460	-1787	-1697	-8617
14772	7008	-4476	-2303	-1356	-8023
13836	6992	-5040	-1411	-1898	-8264
14036	8004	-5540	-832	-1806	-8292
13984	8580	-4640	-452	-1262	-7864
13756	8328	-4904	-1351	-751	-6755
12692	7568	-5156	-2239	-183	-5972
12160	7992	-4016	-2386	-296	-4998
12208	7624	-4440	-1836	-594	-3907
12004	7672	-4500	-1816	-223	-2516
12268	7512	-5096	-1042	-400	-1651
11936	8036	-5112	-974	395	-475
12404	7932	-5412	-717	487	1145
12456	8000	-5524	-280	680	1538
12476	8780	-5456	70	561	2066
13332	8592	-6268	686	610	2849
13212	8020	-5204	1462	1065	3205
12680	8868	-4936	1072	1020	4353
13744	8476	-5768	-353	1220	5923
13192	6928	-4612	-1241	1689	7330
13836	7124	-3768	124	882	8421
14660	6608	-5052	901	378	9664
15960	5636	-5704	411	2162	10355
15488	6464	-3980	509	3144	10791
16220	5712	-4676	1085	2907	11768
16972	3404	-6040	1169	3448	13101
16776	3220	-3984	2351	3325	13587
17652	4420	-3928	2342	2084	14861
18168	2620	-5292	721	3558	16402
17100	-64	-5084	1190	3974	17143
18352	-832	-4788	1813	2918	17734
19560	-1460	-6004	4070	2733	17332
18656	128	-5184	4194	3364	18062
17656	-1144	-4012	2893	2684	19507
18780	-1328	-4112	2356	2018	20041
19032	-2768	-4420	1046	1581	20148
18824	-4244	-3736	959	1157	19693
18996	-5312	-3264	2541	1320	18798
18076	-6528	-4636	2870	842	18191
17816	-8168	-3776	2797	931	16811
16192	-6552	-2344	2521	825	16707
15372	-6160	-2224	1564	610	16686
15868	-8000	-3288	32	1969	15252
13052	-8844	-1720	1206	1559	13435
13784	-9304	-2308	1643	461	12574
12716	-11324	-2744	2195	2311	11390
10656	-9416	-1032	2199	1183	11111
12000	-10300	-1676	860	866	10527
11104	-10996	-2264	462	1729	9272
10220	-11968	-2076	-398	1331	8677
10532	-13380	-1564	53	767	7678
8564	-12320	-1384	360	1925	6813
8524	-14192	-1616	-202	1330	7824
9640	-14744	-1392	410	996	7587
8368	-14072	-1104	212	831	7513
8216	-13252	-1596	-1597	721	8160
7200	-15368	-1596	-2079	2047	6846
7420	-15384	-3144	48	94	6103
6624	-15424	-3052	1916	1876	3910
6540	-16096	-1100	3125	782	4109
6840	-13088	-676	3308	673	4322
4988	-13612	-1292	-1219	1099	3793
5376	-16512	-608	250	1217	3180
4600	-14252	-44	2704	829	2431
5196	-12248	-412	3070	-582	2054
5448	-12172	-1928	-1139	982	301
4440	-15336	192	-1692	-25	1409
5588	-13104	-244	-721	-370	2234
4888	-13876	-756	-3173	559	112
4504	-13608	840	-1275	-68	-1027
5172	-12156	-484	-879	280	-1866
4828	-13156	-1452	-152	807	-4093
5540	-12156	-824	-249	152	-5451
6088	-11168	-324	-651	726	-6782
6216	-13976	-1596	-587	650	-9126
7772	-13024	-796	1535	-293	-10798
7424	-10532	-1756	949	-62	-12693
6892	-15052	-872	-25	70	-12474
9380	-11124	-1648	1591	-816	-11385
10424	-13468	-2924	-1844	-1026	-12319
8684	-15756	-1204	-296	-2024	-11149
11760	-12328	-1668	572	-1518	-9208
11548	-10532	-1060	-55	-1893	-11075
12348	-11320	-1888	-2309	-2715	-13403
12848	-10080	-656	-1957	-2469	-12992
15520	-8984	-1528	-1858	-2048	-14209
14576	-11260	-1548	-3148	-1719	-16465
15876	-9392	-1364	-1282	-2634	-15302
16772	-7700	-1948	-2134	-1751	-15670
15420	-8496	-1364	-2786	-1731	-16160
16580	-7888	-1308	-3080	-1987	-14523
16380	-6456	-1344	-3438	-1927	-13396
17664	-5188	-3188	-4084	-3365	-13228
19716	-5348	-4428	-4418	-2431	-14243
18004	-3920	-4308	-2771	-1833	-15379
17980	-3644	-4292	-1791	-2565	-15464
18668	-3812	-4720	525	-2952	-16675
17728	-792	-3720	729	-3784	-16719
17000	504	-2960	-1305	-3808	-15234
18020	-140	-3600	-2777	-3179	-14081
18424	-268	-3976	-3465	-2726	-13546
17924	1048	-4688	-2529	-3458	-13495
18832	2780	-5180	-2009	-3136	-13153
17668	3448	-4236	-2608	-2945	-12568
17304	3656	-5408	-2354	-3200	-11986
17484	3008	-5244	-2683	-2566	-12529
16424	4228	-4568	-1155	-2701	-13154
15660	6500	-4956	-401	-2060	-12711
15872	6364	-4664	-870	-1728	-11156
15948	5516	-5144	-1979	-1482	-10171
15168	6488	-4804	-2858	-2242	-9303
14840	7444	-5160	-3425	-2640	-7914
14860	7148	-5188	-3809	-2577	-6505
14300	6232	-5516	-3474	-2072	-6004
13916	6948	-5456	-2242	-1451	-5841
13440	7136	-5576	-688	-1697	-5380
13924	8228	-6440	990	-1354	-5238
12420	9772	-5304	83	-903	-3953
12184	9380	-4500	-662	-1903	-3346
12288	10544	-5576	-1560	-2301	-2909
12444	10872	-6140	-3932	-833	-1803
12124	9384	-4232	-3349	-98	-1980
11916	9408	-4372	-823	-904	-3440
11508	10056	-4928	-454	-715	-3450
10952	9588	-4496	-78	-20	-2957
11580	9464	-4780	473	-25	-2211
11772	9904	-5440	624	61	-2408
11300	11064	-5972	-418	1009	-1852
10636	9036	-5108	-1245	1571	-163
11260	8708	-5260	497	544	312
12112	10460	-6236	383	693	861
10840	9924	-5756	-341	524	1686
11396	9996	-5372	621	-404	2057
11920	8880	-5832	877	-136	2778
11572	7112	-5748	1362	383	3351
12912	9036	-5180	2154	565	4142
14048	7420	-5748	2068	1055	5993
14000	5344	-6528	2475	1888	7626
15328	6736	-4236	2346	2508	10395
15944	5264	-4076	1421	3350	13203
15896	5612	-5360	1249	4167	14162
15740	5952	-4512	-1863	4715	17374
16836	3008	-3596	-1332	4472	18884
17124	3392	-5000	1548	4498	19504
16912	1404	-5164	2167	4478	21186
18368	1048	-6100	5082	3907	20681
20276	1424	-6272	4619	5073	21505
18424	-44	-5368	5033	3992	22303
20084	1220	-5632	4632	2536	23310
21972	-1164	-4556	1420	4148	23901
20408	-1516	-5308	1890	2499	23181
20420	-2732	-6284	-151	1773	23096
18256	-5172	-4068	257	656	21641
18272	-5332	-4240	938	-11	20763
17000	-6196	-4412	-835	1034	20264
16448	-8620	-2992	-221	834	19541
15716	-8272	-4056	2581	821	17293
14724	-7116	-2624	1486	1078	16175
14492	-10036	-2880	1108	1480	13897
12224	-9600	-2388	1264	1151	12396
12060	-9060	-2364	1257	951	12540
10732	-9432	-1248	-983	1168	12383
11312	-12040	-2576	-1093	1396	11457
10456	-12348	-2992	6	1748	9919
9936	-13084	-3008	1223	2436	8781
8504	-13540	-1584	1630	2349	8024
9348	-12740	-2716	2563	2036	8689
8756	-13204	-2580	671	3336	6804
7056	-14744	-1308	1260	1742	6803
7980	-13092	-1824	2026	1802	6913
5696	-13656	-2340	452	2172	6832
5748	-13556	-2712	380	204	6205
6676	-13656	-1280	384	525	5930
5328	-13308	-2180	-198	961	5486
5740	-16100	-2308	133	1440	3025
5004	-14548	-208	2008	-546	2024
6708	-13860	-1744	782	1170	1829
3648	-15524	-900	564	1442	610
5440	-14932	-796	2109	347	245
4952	-13080	-1772	1957	480	-32
4864	-13920	-2028	-182	1242	-1006
4620	-12860	-348	-731	422	-1086
5056	-12396	-1080	-654	180	-2244
4656	-13112	-2588	226	556	-4238
5316	-11500	-996	1924	33	-5531
5192	-9320	-1304	-417	-903	-6952
6180	-11996	-2156	-2639	-648	-8287
6748	-11348	-1508	-2099	-1109	-9717
8100	-12856	-1356	-579	-1724	-11157
8236	-10284	-2192	-286	-1912	-12553
10372	-11732	-1684	-2999	-2027	-13125
10828	-13064	-1012	-2945	-1626	-14594
12108	-11428	-2648	-2635	-3311	-15296
13864	-13152	-2952	-2362	-1210	-16910
13216	-13396	-2132	483	146	-17701
13268	-10948	-1520	3141	-1997	-17026
14948	-9924	-2676	1633	-3263	-17240
16544	-7272	-2916	-966	-2392	-17629
16840	-6652	-2264	-4416	-1616	-17573
16480	-8200	-2596	-4797	-2858	-17450
17016	-6512	-2316	-3748	-2720	-17252
18280	-6288	-2488	-3194	-1632	-17072
18892	-5736	-2988	-2631	-1418	-17281
19072	-4976	-3788	-1935	-1546	-17076
17792	-2868	-3720	-3771	-2763	-16292
17792	-2840	-4228	-5663	-3581	-14912
19192	-3028	-5316	-6218	-2459	-14106
18740	-2756	-4696	-5458	-1838	-13799
19048	-2088	-4540	-2440	-1910	-13882
18752	204	-4256	-768	-1885	-13647
18112	1672	-3912	-765	-1761	-13033
17064	2444	-3056	-1681	-1852	-12452
17936	2860	-4000	-2250	-1796	-11497
17372	2012	-4408	-2870	-949	-10956
15816	3332	-3488	-851	-1615	-11281
16908	5904	-4264	1237	-1880	-11119
17052	5980	-5436	-586	-809	-10328
15808	6060	-5252	-1240	-890	-10399
15836	7004	-3988	-1390	-1407	-10652
15132	6968	-4860	-584	-1952	-10747
15356	8500	-5584	-1073	-1552	-10882
15020	8716	-4516	-1487	-641	-10641
14620	9088	-5452	-2413	-846	-10454
13472	8232	-4916	-4479	-406	-9728
13504	8612	-3996	-2434	-1222	-10041
13072	11016	-4612	-2019	-1830	-9882
12664	10048	-4244	-3378	-2250	-8115
12264	9208	-3716	-4406	-1904	-7172
11624	7524	-4340	-4555	-1710	-5632
11796	8312	-4096	-4128	-382	-4136
11052	7308	-2772	-2618	-513	-2513
11928	7988	-4372	-647	-738	-1520
11704	7304	-5400	-625	1059	239
10340	8052	-3060	833	772	1637
10912	10032	-3964	1731	63	3191
11820	8548	-5152	1152	146	5161
11952	8316	-3764	1434	1526	5715
10704	9988	-3624	2572	423	6335
13484	9220	-4952	2286	1054	7718
12552	7436	-3792	1653	2041	8512
13796	8712	-2800	2333	1494	9220
15436	8136	-5332	4174	2476	9863
14680	8548	-5152	3243	3794	10663
15576	6860	-4008	3521	2349	11079
16088	7492	-6656	2959	1801	11407
15680	5592	-5472	1071	2809	12518
16104	3056	-2884	2723	1673	13311
16996	5120	-5468	4258	1302	13695
17484	3016	-4192	2	2969	17190
16860	-964	-3580	-130	963	18686
19516	1944	-6044	2822	-792	18980
20672	4812	-5980	65	2074	19945
18880	760	-3824	-661	1867	19023
19300	-744	-5012	4243	948	16647
18152	-128	-5144	4781	1671	16687
17476	-1836	-3728	4242	2255	17084
17648	-2124	-4432	3326	1811	16801
18324	-3288	-4364	1341	1355	17280
17772	-5636	-3940	1348	1850	17095
16708	-6284	-4028	2504	1269	16783
17076	-6524	-3004	2142	749	16114
17000	-6596	-3904	1263	343	15845
16796	-8004	-3672	-834	1928	15299
13776	-9860	-1728	-200	1445	15295
15008	-9888	-2608	2362	1708	15269
15588	-10976	-2584	2494	3037	13907
13716	-10132	-1656	3377	1705	12393
14304	-9728	-3360	2047	2544	11402
11248	-11500	-1388	-355	3478	11072
10528	-12020	-2588	627	1645	11230
10964	-11372	-3764	-649	1065	10904
9824	-12972	-2572	-861	2134	10089
8008	-10868	-1040	-219	632	10494
9908	-12576	-2972	-2040	107	10282
8740	-13964	-2180	-2467	1289	8542
7148	-13160	-928	-1371	293	9368
8536	-15500	-2220	-400	1081	8927
6812	-14668	-1552	681	944	7200
7568	-12720	-1164	450	609	6260
5072	-13668	-1776	-382	1678	4858
6748	-14660	-2204	2112	616	3075
5928	-13472	-1464	3252	1838	903
3680	-13292	-2160	2546	1920	-610
5968	-11808	-3612	3566	1089	-628
3592	-12136	-1292	1655	1096	-1494
5580	-9416	-1764	245	-1439	-806
5612	-12412	-2400	-4144	853	-3433
4268	-13104	-1068	-1269	-1147	-5503
7376	-12232	-1872	1092	-574	-5434
5520	-10764	-1064	1010	-517	-8431
6948	-11736	-388	-1069	-1683	-9029
9984	-11204	-1088	-1121	-967	-9526
9112	-11136	-1192	-2757	-913	-13400
10544	-14564	-1108	-2855	-851	-15084
11636	-12200	-1580	4021	220	-14267
11732	-9344	-1924	2468	-2197	-17917
13528	-14596	-1132	650	-2614	-20261
11384	-8928	-640	3400	-1665	-17270
15288	-7064	-68	-564	-3078	-14321
19144	-11460	-3264	-5317	-3968	-17334
16296	-9240	-2996	-5077	-1039	-17903
13784	-10072	-1052	-4101	-1080	-14276
17252	-10228	-2696	5	-3329	-15279
18596	-5524	-4004	252	-3004	-16844
18884	-4592	-3996	-1540	-1138	-17369
17676	-5768	-3272	-966	-1510	-17843
15728	-4428	-3076	297	-3661	-16981
17104	-2908	-3752	-748	-4737	-15123
18372	-2512	-3676	-3500	-3058	-14242
19044	-2480	-4092	-4649	-3061	-13810
19528	-2176	-5228	-3130	-3175	-13973
19240	-1644	-4268	-998	-3445	-14111
18316	952	-3844	-606	-3976	-13293
18120	1232	-3632	-3699	-3715	-11237
17248	768	-3828	-4661	-3267	-10476
17804	1784	-3616	-4020	-2908	-9964
16960	2164	-4136	-2487	-2838	-9441
17076	2116	-4328	-2057	-2078	-8720
16764	3356	-4484	-559	-1772	-8865
16184	5008	-4108	-682	-1494	-8241
16136	3900	-4708	-484	-1645	-7620
16416	5960	-6340	882	-1737	-8175
15784	7824	-5484	-2688	-352	-7390
13696	6792	-4132	-4799	-687	-6187
14168	6936	-5708	-5110	-1797	-5091
15132	5280	-5804	-3924	-1691	-5415
15572	7164	-5796	-559	-1509	-6891
14572	5692	-5516	-1072	-685	-6180
13148	5788	-4108	2066	-1043	-7159
13996	8972	-5572	2179	-1174	-6350
13664	7916	-3164	-357	-459	-4164
12852	6464	-4476	-593	-1587	-3612
13400	7836	-5600	-1224	-934	-2477
13900	8516	-4652	-2224	-75	-1266
12296	7232	-4336	-1978	-328	-427
12832	7612	-5424	-1340	-724	31
13352	8076	-5184	-1410	21	790
12936	8052	-5196	-300	49	1279
13088	7884	-5620	328	377	1422
12884	7560	-4676	404	146	1662
12968	6752	-5840	1568	137	1917
13740	7852	-5640	2370	511	2231
14128	6868	-4756	1756	1018	3546
13596	6288	-5108	1982	349	4757
15412	6376	-6176	1226	1192	6573
15088	5004	-5476	998	1732	7438
14928	5656	-5528	554	1420	8312
15136	5840	-5360	776	1711	9401
15976	4920	-5224	-114	2706	10586
15004	3180	-4340	150	2148	11743
15976	2108	-6524	3356	1237	12219
18276	4780	-5064	2823	3124	12669
16256	2296	-5028	1633	3611	13444
16620	172	-5736	1975	2903	14430
17924	648	-5780	3418	2322	15078
18348	232	-3800	2867	3122	16438
17780	-2480	-5684	2723	2162	17866
19952	-1172	-5312	805	1587	19183
19500	-1724	-4472	-1954	1247	20765
18784	-3864	-5296	-2007	250	20981
18780	-5268	-6740	-921	-136	21235
18660	-7092	-5540	1686	925	20539
17396	-6836	-4292	4059	-355	19782
19456	-6844	-4748	3275	756	19591
18900	-8728	-4144	2313	2874	18825
16240	-9404	-2872	2633	1404	18294
16756	-8760	-2648	1700	843	18083
14488	-8072	-3048	-635	3086	17105
13244	-10324	-1948	-1562	3241	16245
13100	-11832	-2924	1470	2715	14516
11156	-10992	-3056	3452	2219	13876
11108	-9340	-2864	1604	2664	13415
10248	-12116	-2696	-613	4306	12708
8420	-12616	-2380	1101	2008	12542
9284	-14680	-3716	3192	3442	11255
7584	-14248	-2524	4613	3469	9946
7184	-11984	-1584	4093	2358	10155
7264	-11652	-2976	912	2197	8953
5168	-11284	-1764	-2426	2095	7255
4568	-13996	-1748	-1158	1855	5830
6444	-14628	-1116	3252	1019	4867
5240	-13200	-960	3308	3663	3222
3128	-13588	-172	1968	1066	3045
5592	-13508	-3064	13	2379	3295
2996	-15924	-2072	801	1939	1725
3788	-12400	-2092	1778	338	570
2872	-12624	-3284	28	733	-434
3564	-12692	-2936	-1876	-1547	-1084
4192	-12592	-672	-3397	130	-881
2128	-13092	-688	-3698	-1172	-1981
5488	-14824	-1620	-2238	-2178	-4353
5236	-12296	-904	-62	-297	-5800
4260	-12840	-144	-250	-770	-7027
7424	-13584	-552	999	-508	-7223
6352	-12912	40	305	322	-8216
6768	-13436	-136	-196	-203	-9040
7676	-13472	-1868	657	418	-10255
8136	-14688	-2016	1335	-647	-10946
9416	-14156	-3080	2654	-827	-11428
7328	-14044	-356	1709	-732	-10525
10660	-14444	-2468	2035	-2204	-9070
10292	-12244	-1300	671	-2093	-10713
10544	-12208	-216	-1689	-3803	-9984
12988	-13008	-1400	-1375	-2602	-11072
12644	-13148	-92	-1643	-3244	-12917
14596	-11204	-844	-1237	-3941	-12146
15068	-8908	-2380	-1410	-1850	-15222
12676	-11956	-596	-2878	-2056	-14966
15712	-10428	-1236	565	-2263	-13192
15836	-8356	-2348	-531	-495	-14719
14752	-5960	-2296	-1177	-2853	-16274
17144	-6764	-3548	-3224	-2325	-15375
14884	-7052	-2176	-3230	-940	-15495
15952	-3640	-2728	-2227	-3718	-15591
18440	-4984	-4524	-3367	-3225	-15688
18428	-3872	-3440	-3267	-2635	-15706
19120	-3304	-5260	-3173	-3119	-16556
19076	-3452	-4928	-2691	-2938	-17256
17648	-1728	-3624	-2514	-3292	-16676
18356	-536	-4152	-2310	-3390	-16194
18452	144	-3748	-3646	-3199	-15433
18432	-504	-4404	-4013	-3337	-14985
19100	4	-4872	-2901	-2167	-14313
17352	1000	-3496	-2048	-1857	-12712
17672	824	-3476	-1530	-2909	-11370
17824	2044	-4760	-2026	-2602	-10153
17416	3436	-4448	-3637	-1364	-8370
16812	2368	-3680	-3432	-932	-7540
16352	3556	-4368	-988	-1446	-7364
15808	5528	-5968	-1385	-298	-5859
16144	4352	-3632	-2260	-126	-4590
16428	6028	-5504	-812	-567	-4974
14896	6456	-6052	-2465	596	-4467
14192	5204	-3276	-2167	328	-3651
13852	6192	-3624	9	-881	-3299
13836	6376	-5428	-1141	-1080	-2114
15248	4780	-4200	-2486	111	-1643
14008	6028	-3568	-797	209	-1468
14472	6116	-4384	-823	439	239
14576	5800	-4340	-500	1009	494
15016	6704	-4856	-2	793	378
14632	7356	-5224	639	871	644
14368	7556	-4696	321	770	1096
14384	8064	-4756	-134	362	831
14564	7580	-5684	-1024	285	843
13888	7836	-4336	-962	236	532
13768	7840	-4212	-588	-799	569
14368	7508	-5240	-715	-770	181
14348	7524	-4460	-638	-271	-378
13844	8080	-4312	-690	-578	-171
14824	7296	-5012	-716	-886	-291
14708	7356	-4184	-942	-170	-670
14156	7480	-4228	-768	-388	-594
14824	7480	-4780	-1007	-220	-555
15164	7092	-5020	-824	587	-867
14364	7140	-3816	-193	979	-949
13592	8008	-4252	444	49	-748
14876	8144	-4932	-973	15	-447
15088	7316	-4184	-1817	1203	-760
13452	6696	-3920	-1131	497	-612
13788	7388	-4736	-428	-430	-425
14672	7452	-4980	-1018	34	19
14120	7416	-4140	-1222	457	158
13688	7664	-4128	-1497	-44	441
13920	7268	-4116	-2080	-263	709
15212	7164	-4484	-1270	172	174
14068	7648	-4816	-567	510	-157
14532	7640	-4656	37	362	-179
15284	7504	-4308	201	404	-372
14220	7768	-4652	-427	217	-190
13980	7784	-4440	-1110	117	236
14024	7532	-4124	-1022	-242	530
14212	7620	-4172	-724	46	504
14316	7596	-4512	-213	212	57
14600	7928	-3792	-354	665	-41
14480	7100	-4480	27	414	-153
14444	7604	-4680	303	355	-208
14260	7864	-4200	46	621	180
13944	8124	-3516	-450	86	503
13888	8000	-4584	-997	-234	443
13924	7896	-3936	-1742	4	461
14300	8012	-3728	-1234	-92	231
14984	7196	-4416	-402	324	-156
14148	7668	-4232	499	309	-592
14376	8116	-3576	557	-32	-816
14812	8448	-3912	-506	4	-540
14420	7824	-3764	-1658	575	-218
14144	7300	-3716	-1269	428	-89
14124	7060	-3796	30	78	-492
14900	7792	-4520	425	372	-766
14160	8044	-3808	-433	1123	-597
14168	7536	-4044	-577	154	-619
14752	7052	-4932	-923	397	-354
14324	7036	-3812	52	436	-174
13880	8192	-3924	379	-60	248
14104	8280	-4136	-730	-282	532
14264	7908	-3700	-1478	-151	445
14160	7928	-3964	-1159	-417	450
14628	7020	-4420	-482	49	258
14296	7436	-3764	221	694	-209
14212	8032	-3328	609	371	-245
14308	8320	-4332	112	-95	-68
14872	7856	-4280	-858	64	115
13780	7944	-3800	-1077	-65	124
11884	6692	-3500	-21	-3945	805
15716	8780	-6548	802	-3009	-366
17420	7832	-6088	-2429	1255	-425
14136	7496	-4488	-67	1992	-1563
13736	5916	-3244	2766	563	-1197
14280	10308	-3596	180	562	-515
12288	8292	-2808	-1329	-1581	686
16960	4052	-3880	-474	534	1338
13752	9296	-4216	1995	-1416	-860
12980	6176	-4856	1504	-2113	-2222
14620	10036	-6872	-296	-1111	-1748
13476	7932	-4624	1519	-1769	-1432
13244	8576	-4972	2130	-1148	-1685
13860	8612	-5576	1784	-1319	-1040
13456	7932	-4700	-374	-1061	-371
12448	7172	-3772	-777	-285	-932
13980	8584	-4948	-1411	17	-1414
14936	7928	-5500	-820	-854	1299
13324	6364	-4972	-789	-945	492
14280	10252	-5428	1060	-843	-1469
13492	8656	-4444	-417	-514	-1048
14452	7532	-5116	-1727	-935	525
12224	6944	-6052	408	-1036	-772
13528	10208	-6860	960	-481	-1181
