0	0	0	0	0	0
16180	4736	-2596	153	-5	-251
15516	5128	-3828	-309	-81	91
16576	5276	-4196	-1046	1504	-135
16148	5128	-3904	-1193	1960	-533
15072	4336	-2960	-305	2818	-764
15384	4092	-2504	730	3339	-85
15632	5168	-2268	1352	4736	1190
7108	6568	-948	-3076	-19422	2356
23100	-4492	-4212	1073	-3017	-3358
14396	8540	-4316	2874	2742	1397
15524	4356	-4032	-2720	-853	1112
16168	2700	-4000	535	528	-304
15368	5616	-4300	109	54	520
15932	4032	-4132	-772	356	632
15376	4444	-4144	-499	-186	386
15872	4200	-4448	-626	-81	384
15244	4076	-4192	-204	21	190
15612	4424	-4188	-147	-247	338
15580	4048	-4184	27	-284	246
15464	4204	-4208	157	-499	146
15508	4280	-4136	-39	-624	254
15488	3992	-4208	-92	-738	380
15436	4040	-4148	-8	-884	304
15284	4064	-4188	-151	-1114	393
15224	3948	-4160	-21	-1379	495
15176	4032	-4364	-67	-1350	652
15088	3888	-4180	-73	-1435	756
14728	3872	-4180	-91	-1661	898
15144	3880	-4624	-167	-2040	1131
14764	3536	-4204	-13	-1848	1129
14532	3864	-4556	-96	-2441	1303
15392	3884	-4720	-462	-2535	1537
14784	3336	-4864	-367	-2132	1507
13860	3152	-4872	148	-2260	1301
14672	4084	-5000	-533	-3131	1811
15368	3324	-4928	-1317	-2289	2163
14100	2632	-5068	-562	-1955	1568
13764	3016	-5276	-241	-2772	1410
15756	2804	-5548	-741	-2319	1674
14420	1968	-4940	891	-930	781
12640	2272	-5172	1759	-1729	280
15580	3420	-6436	988	-2842	872
16612	2468	-6624	636	-320	1018
14372	1696	-5896	1775	655	192
12640	2964	-6220	1117	272	64
15480	3180	-6996	337	-1008	273
16752	1452	-6600	215	1124	163
13428	1600	-5560	2164	1116	-803
13648	2296	-6992	2480	-722	-547
16168	2756	-7872	1257	-586	129
15600	860	-5588	2042	715	-422
13432	2452	-5792	2898	-654	-902
14440	3644	-6548	272	-1319	381
16000	1764	-6404	-461	-653	1011
16816	1528	-7960	1105	-485	1073
17076	3752	-8288	-1038	-516	1881
17540	1900	-7804	-2953	127	2244
17736	1416	-7584	-1317	21	1432
17188	1716	-8316	-1226	4	843
16716	1556	-6748	-65	-300	290
16504	1572	-6964	1587	-741	-318
16556	2516	-7000	1297	-665	43
16572	2200	-7080	620	-215	233
17176	2896	-7336	632	-350	546
17372	2988	-7528	-1364	-275	1456
17412	1424	-8384	-991	-274	1081
17004	2232	-8508	-552	399	260
16524	2340	-7804	-1085	593	70
16340	1500	-7472	-654	-204	-73
16652	1812	-8064	-391	36	-278
16052	2160	-7556	-1065	217	22
16548	1552	-7124	-836	83	-50
16564	2168	-7572	-612	-304	-55
17052	2328	-8268	-1298	436	-22
16980	1800	-7508	-1059	1033	-558
16484	2228	-7308	-725	484	-845
17056	1912	-8008	-761	694	-893
16504	1856	-7744	-677	1173	-635
16100	1980	-7000	-444	1113	-671
16412	2428	-6896	-911	640	-511
16808	1800	-7808	-1079	929	-455
16420	2660	-7456	-1330	1467	-445
16416	1936	-6376	-1391	1242	-463
16416	2168	-7240	-486	730	-963
16284	1964	-8056	-1030	1824	-1018
15968	1832	-6556	-700	2318	-1133
15512	2196	-5880	-206	1553	-1584
15472	2444	-6216	-671	1123	-1179
15696	2284	-6568	-1493	1866	-764
15716	2424	-5916	-1668	2312	-588
14560	2852	-4964	-1972	1263	-434
15672	2408	-6056	-1922	690	-404
15404	2696	-5616	-1763	1988	-647
16004	3072	-4904	-1739	1850	-529
16036	3332	-4768	-1605	1255	-1174
15872	2580	-5516	-1554	1531	-1312
15288	2976	-5144	-1073	2150	-1420
15468	3492	-4476	-1545	2200	-1177
14964	3316	-3716	-1319	1663	-1158
14984	2588	-4920	-1290	1700	-981
14708	2828	-4480	-635	2320	-1526
15224	3028	-4204	-593	2647	-1539
14240	3360	-3840	-548	2547	-1768
14452	3040	-4240	-484	2215	-1812
14896	3808	-4064	-620	2099	-1826
15388	3648	-4544	-1495	2547	-1437
14956	3216	-3992	-1842	2441	-1315
15408	3788	-3564	-1539	2186	-1438
15016	3608	-3144	-1521	1712	-1613
14928	3484	-3732	-1126	1302	-1923
15460	4432	-4228	-1454	1309	-2013
15300	3744	-3548	-2004	2151	-1799
15396	3752	-2748	-236	1473	-2193
15260	4144	-3576	-408	974	-1873
14916	3296	-3352	735	1195	-2149
15232	4776	-3440	973	660	-1395
15656	4804	-3120	418	1018	-763
14692	4276	-2592	917	759	-943
14944	5244	-2764	701	-236	-835
15232	5188	-3304	-161	91	-526
15500	5184	-2972	-908	252	-139
15872	4756	-2512	-585	3	-66
16164	5056	-3276	251	-361	-8
15560	5108	-3180	654	263	-107
15632	5092	-2552	832	-20	-144
15640	5332	-2300	1067	206	-277
14920	5300	-2652	876	-502	-317
15464	5476	-3132	424	-633	-163
15812	5596	-2816	-479	-81	233
15860	5280	-2736	-506	94	240
15824	5332	-3144	-652	-84	237
15824	4924	-3124	-647	-409	327
15860	5156	-3076	-508	-223	247
15604	5012	-3312	-689	-404	231
15588	4976	-3320	-857	-410	320
15284	4996	-3340	-1081	-413	741
15776	4808	-2740	-1312	-208	974
15316	4672	-3656	-1021	-651	844
15456	4496	-3508	-613	-580	696
15600	4788	-3496	-965	-563	989
15392	4236	-2988	-169	-468	787
15248	4580	-3592	-204	-910	990
15152	4280	-3836	-396	-779	971
15216	4332	-3412	-330	-726	1120
15208	4204	-3560	250	-766	1085
14144	4260	-4200	-146	-1142	1291
14820	4104	-4444	-572	-1728	1577
15400	3596	-3568	-662	-1210	1699
13872	3708	-3564	125	-1426	1486
14100	3780	-4684	23	-2680	1828
15780	3860	-5084	-864	-1925	2488
14884	2536	-3668	-670	-1258	2599
13804	3044	-4272	1280	-2481	1787
15228	3700	-5568	90	-2597	2150
15100	2440	-4264	-341	-1261	1514
13228	2048	-3456	1636	-1843	701
16304	3556	-5276	1370	-3763	1615
17400	3320	-5580	29	-1791	2084
14804	2120	-4876	946	-1561	1392
14584	3384	-4644	1337	-2703	1144
16736	3364	-5792	-131	-2685	1939
16700	2880	-6452	26	-1435	1704
15204	2720	-5424	-193	-755	1054
13904	1988	-5244	-349	-1128	618
14200	2568	-5936	370	-1886	217
14492	1848	-5488	-81	-730	464
13716	1800	-5008	1565	-1568	437
15568	2696	-6468	1944	-2448	1122
16360	2464	-7044	624	-1772	1351
15972	2156	-7012	114	-1164	850
15968	2748	-6128	-110	-1195	383
16168	2432	-6624	-733	-1403	674
16420	1792	-6532	-720	-1544	814
16312	1712	-7076	265	-1010	379
16784	2632	-6208	98	-687	812
17088	2396	-5992	505	-1088	781
17916	2768	-7332	737	-1166	527
17580	2924	-7532	-561	152	557
16976	2052	-6252	-968	715	133
15904	2364	-6068	-284	-37	-526
15776	2336	-7200	-1646	12	252
16232	1316	-7308	-1107	879	417
15504	1540	-6704	-294	935	202
15820	2328	-7100	-898	467	529
16304	1284	-7000	-1312	558	362
16552	1672	-7612	-504	565	-138
16188	1808	-7336	-1451	455	362
16572	1668	-7028	-1253	406	342
17108	2008	-7452	-854	222	413
16912	1976	-8068	-1290	407	691
16392	1788	-7140	-1387	640	306
16148	1796	-6752	-1439	435	156
16344	988	-7460	-200	216	-262
15992	1848	-7456	139	700	-239
15744	1432	-6764	-68	322	-21
15600	1952	-7124	125	-169	4
16100	1840	-7772	-496	28	176
16508	2076	-7208	-728	449	169
16796	2052	-6556	-998	-179	177
18148	2280	-7464	-800	-303	48
18444	1540	-8660	-642	571	-504
17908	2520	-7360	-732	833	-652
18132	1528	-6932	-575	863	-409
17836	2196	-7592	5	187	-508
17520	2144	-7832	-995	1118	-230
16248	1896	-6168	-741	1066	-496
16516	2624	-6412	-1036	494	-612
16700	1700	-7076	-1429	768	-483
15840	2308	-7136	-1545	1502	-420
15584	1628	-5548	-648	1793	-580
15448	2664	-5220	403	649	-1308
16168	1940	-7244	-349	1035	-1325
15480	2432	-6568	-219	1937	-1670
15772	2420	-5168	-36	2181	-2056
15024	1716	-5404	-500	1601	-1978
14816	2248	-6028	939	1217	-1490
15652	2920	-5748	129	1847	-758
15572	2556	-4840	353	2255	-1042
15412	2816	-5020	-98	1345	-1170
15748	2788	-6388	-295	1459	-1638
15772	2144	-5288	-1060	2580	-1558
14640	2536	-3632	99	1947	-1429
15124	2976	-3892	-651	1210	-973
14496	2964	-4852	-516	1373	-1445
14720	2536	-4580	-1197	2026	-1851
14484	2156	-3524	-424	2269	-1484
14384	2772	-3376	956	1578	-868
14820	3564	-4252	1287	1279	-950
15596	3812	-4528	723	1689	-1959
15332	2616	-3776	-609	1914	-2713
15216	3328	-3396	859	935	-3494
15772	4076	-4164	698	1801	-3067
14936	4196	-3516	867	1779	-3132
15688	4476	-4232	141	844	-3153
16124	4508	-4420	-643	1346	-3393
15456	4944	-4024	-1122	1889	-3512
15040	5252	-3884	-1865	1972	-3154
14668	4728	-3520	-2367	2172	-2724
14864	4412	-3220	-1604	1336	-2299
16480	4888	-4036	-1066	1455	-1773
15188	4312	-3484	-839	2493	-1630
14296	4356	-3148	-154	2039	-1533
14032	4852	-2912	432	1353	-1462
16576	6040	-3812	595	-35	-579
17240	5996	-3920	-621	1985	77
14032	4456	-2120	-703	1617	-671
14188	4548	-3088	406	329	-1792
13920	6408	-3024	-731	417	-1771
14692	5676	-2628	-3160	966	-201
13988	5132	-1508	-1744	565	-196
14636	5844	-2852	-1027	-502	562
14808	5388	-2880	-588	-274	981
15572	5708	-2712	-169	-545	1203
15428	5896	-3216	289	-532	1007
15932	5536	-3116	435	-623	798
15764	6228	-3656	341	-724	539
15920	5560	-3484	-467	-518	354
15732	5640	-2656	-369	-729	-189
15492	5940	-3436	-152	-862	-236
15048	5604	-3408	-699	-744	258
15400	5492	-2988	-663	-928	337
15568	5344	-2732	-523	-881	274
15284	5760	-3432	-728	-1246	496
15728	5364	-3544	-1030	-836	726
15172	5016	-3176	-796	-622	671
15028	5300	-2980	-690	-852	552
15476	5084	-3520	-189	-1404	840
15420	5380	-3544	-573	-1424	1428
15392	4764	-3348	-306	-758	1291
14784	5128	-3456	-867	-898	1435
15008	4476	-3256	-785	-1237	1583
14800	4916	-3416	-453	-1362	1574
14384	4100	-3904	-339	-1512	1342
14880	4544	-4000	-501	-2117	1431
15440	4212	-3616	-502	-1099	1668
14236	4396	-3256	227	-1292	1503
14300	4028	-4308	836	-1881	1202
14736	4796	-4468	75	-1596	1282
14768	3884	-3148	-1373	-981	2149
13680	3020	-2888	1023	-1231	1383
13820	4596	-4620	1342	-2255	1267
14176	3652	-4140	-82	-1887	1653
13540	2384	-3924	1070	-1360	1250
13940	4120	-4424	2089	-2951	1286
16152	3892	-5856	396	-2274	2311
15076	3164	-5300	457	-911	1709
14004	3844	-4748	112	-1066	1308
15720	3620	-5340	-510	-1961	1783
17472	3748	-6672	-934	-1215	1938
15796	2736	-5884	-262	800	971
13532	3008	-4928	143	116	443
15748	2908	-5924	-42	-1531	815
14800	2048	-6504	526	-1177	549
14016	3760	-5424	-229	-345	520
14356	2596	-4828	-671	-1134	1467
15656	2496	-5872	67	-1602	1801
15252	2356	-6900	-16	-1420	2063
15556	2360	-6400	154	-1445	1823
14780	2044	-6640	1250	-2313	1001
15924	3272	-7220	358	-2127	1423
16756	2628	-6788	-944	-1618	2036
16536	2296	-6960	-332	-2005	1841
16924	2176	-7544	-1026	-1266	1525
16720	1844	-6360	-916	-929	1713
16968	1944	-6548	1084	-538	758
16648	2464	-7452	614	201	646
15804	2176	-5984	-77	124	965
15292	1696	-6640	1158	-831	199
16176	2864	-8064	-589	-1001	629
16876	1648	-7384	-1596	201	880
16348	2036	-6032	-1130	-147	906
16764	2028	-6984	-1155	-974	925
16724	1300	-7788	-1775	101	619
16884	1532	-7092	-1173	437	390
15980	1600	-7024	-1208	-178	224
16588	1052	-7608	-1095	-199	554
16132	992	-7420	116	123	219
15348	1840	-6952	1132	44	-285
16636	1820	-7332	679	-136	-124
17496	2056	-7656	570	557	-301
17024	2996	-7072	-1079	304	153
17456	2388	-7080	-2149	-261	259
17848	2492	-7648	-3155	132	418
17920	1040	-7388	-2670	1090	-105
17428	1232	-6476	316	724	-1090
18216	1600	-7936	1543	345	-704
18096	1864	-9220	2478	978	-764
17952	3000	-7168	1175	1870	-616
16912	2928	-6520	-162	-61	-509
18288	2236	-8268	-1322	-234	-374
18232	1676	-8560	-2068	1312	-755
17032	1004	-6772	-827	1121	-1101
17552	1184	-7584	829	153	-942
17104	1840	-8500	1316	761	-573
16628	2496	-6320	785	1563	-617
16276	2708	-6192	-244	529	-973
16528	1636	-7352	-730	568	-958
15964	2292	-7024	-650	1280	-792
15956	2160	-5564	-505	1380	-991
15284	1744	-6600	-277	927	-1292
15136	2276	-7128	-402	1011	-775
15964	2644	-5684	-863	1835	-601
15436	2256	-5992	-1181	2073	-688
14784	1936	-5312	-15	1092	-770
15016	2312	-6104	-250	1139	-501
15708	2340	-5176	597	2087	-932
15832	3076	-5448	327	1670	-1214
15308	2948	-5420	-751	1437	-1260
14836	2340	-5292	-1055	1577	-1468
14900	2468	-4684	-954	1600	-1309
15428	3336	-4868	-1009	604	-977
15060	3160	-5428	-1413	440	-840
14728	1720	-5236	-2141	1395	-1121
14112	2372	-4220	-730	1088	-1354
15164	2764	-3580	187	316	-1746
15628	3428	-4148	951	-532	-2722
14904	3068	-7276	-477	-171	-3391
15404	2588	-4952	-1813	1973	-2920
15128	3276	-3404	-600	1937	-2293
15204	4412	-4280	53	1360	-1720
14872	4028	-4980	-600	1757	-1763
15264	3972	-4272	-1737	1535	-2050
15824	3616	-3652	-2272	2664	-2899
14268	3720	-3820	-1887	2562	-3096
14616	4280	-4068	-713	2261	-2445
15244	4884	-3132	-1045	2922	-1871
14348	3928	-2660	-1078	2232	-1909
14512	4764	-3864	-1092	860	-1817
15364	5236	-4336	-1942	1594	-1648
14860	5248	-3700	-3373	2659	-1253
14668	4248	-3388	-2618	2360	-1608
15456	4392	-3296	-1072	2157	-1774
14556	4996	-3368	-199	2780	-2051
14256	4888	-3496	325	2005	-1661
15484	5476	-2700	712	2032	-1558
15032	4960	-2692	1853	2107	-2007
16256	6032	-3928	2211	950	-2119
15072	6200	-3260	643	951	-1886
15176	6216	-2692	-573	204	-1412
14864	6312	-2664	-1097	553	-1592
14196	6216	-2744	-1885	292	-875
14564	5784	-2024	-1934	195	-316
13924	5400	-2264	-1505	-173	-183
14412	5668	-2748	-550	-610	-142
15112	6396	-2464	-256	-39	-148
14840	5928	-2200	733	-220	-319
15208	6104	-3052	1534	-616	-159
15400	6316	-2868	1598	-627	91
15676	5888	-2764	1655	-355	291
15152	6268	-2716	2044	-535	250
15064	6616	-2892	1302	-998	676
16052	6408	-3028	71	-1009	1482
15592	5836	-2576	-275	-706	1564
15388	6108	-2956	-274	-955	1416
15028	5540	-2936	-806	-821	1554
14512	4956	-3312	-555	-842	1559
14768	5268	-2356	-477	-977	1696
15120	4696	-3136	-157	-934	2028
15012	5900	-3436	-520	84	2169
14232	4804	-2872	26	223	2087
14792	5096	-2304	648	-750	1824
14952	4388	-4880	-476	-140	1729
15008	5672	-3656	-1086	-334	1711
15788	4880	-2972	-2203	106	2314
14176	3872	-3296	-966	-417	1639
13724	3440	-4884	-1466	-1014	1095
15664	4664	-2636	-2009	-147	1508
14920	3288	-2228	385	-414	1382
13952	4852	-5024	2056	-1618	1052
15084	4652	-3540	-1133	-1134	1856
15312	2788	-2672	-1312	-1204	2217
13800	3836	-3076	-161	-2377	2076
13788	4364	-3848	-1119	-2711	2675
14728	3752	-3304	-2497	-2130	3122
14748	2772	-3136	-1649	-2075	2615
14924	3768	-3808	-1236	-2686	2394
16332	3628	-5060	-1670	-1906	2598
17016	3380	-4664	-669	-1052	2561
15628	2712	-4016	-163	-1043	1799
14828	2508	-4344	898	-1776	430
15852	3844	-4408	944	-1893	26
14968	3692	-4476	-903	-1637	806
14076	1444	-5100	-1610	-1330	972
14568	1744	-4512	-350	-1549	457
15744	2332	-6048	908	-1546	596
15208	2052	-5380	1408	-699	576
15180	2404	-5116	1882	-940	250
15460	3484	-5604	1119	-1749	588
16368	2708	-6680	-167	-390	655
16228	2664	-5804	-717	114	750
16304	2680	-5800	38	-973	494
17176	2904	-6788	380	-896	422
17168	2844	-6220	233	-118	120
16356	3132	-5732	-66	-590	238
16112	2952	-6340	-855	-1386	460
16208	2760	-6160	-1185	-715	534
17104	3188	-5536	-1349	-227	850
16816	2752	-6076	-961	-409	804
16380	2504	-6708	-1414	-264	849
15800	2344	-5816	-765	-471	563
16152	2768	-6876	-351	-530	687
16764	2740	-7140	-1168	197	824
17628	3040	-5636	-1662	471	714
16820	2844	-5988	-1374	-641	367
17524	2160	-7508	-1190	-178	212
18348	2276	-6276	-696	708	-294
18168	2968	-5928	-52	-234	-56
18440	2796	-7076	-230	-101	132
18072	2324	-6476	-222	740	250
17316	2772	-5524	22	624	456
17528	2624	-6644	-330	-188	36
18428	2848	-6732	-1221	262	-392
17980	2556	-6220	-1820	562	116
17784	2320	-6512	-1546	169	325
18508	1628	-7532	-786	348	330
18708	1964	-7356	643	919	-80
18124	2920	-6780	1076	181	-301
18496	2612	-7344	643	118	-409
18628	2232	-7532	649	648	-841
18448	2620	-6720	400	565	-1057
18684	2468	-7172	-42	181	-263
17596	2652	-6800	627	198	43
17676	2360	-7084	-45	626	-41
16664	1772	-6000	361	908	-1046
16512	2968	-6188	410	414	-942
16556	2872	-6700	-349	711	-283
15948	2292	-5464	-80	602	-248
15552	2772	-5460	-56	113	-458
15916	2532	-6672	-1053	418	-589
15604	2664	-5384	-856	1396	-906
15252	3464	-5068	-1164	562	-516
15004	2576	-5256	-2041	524	-303
14484	2052	-5300	-1648	1197	-965
14440	2432	-4324	-1037	1316	-1189
15372	2364	-5096	-874	705	-1149
15124	2276	-5572	0	1127	-1329
15376	2816	-4956	16	1745	-1569
14784	3112	-4288	70	1239	-2056
15296	2592	-5120	-322	1480	-2490
14960	2692	-4488	-726	1541	-1400
14224	2540	-3592	164	1528	-838
13992	2740	-3312	192	794	-354
14292	2684	-4192	700	688	-268
14764	4028	-4476	-432	1447	-666
15324	3176	-4112	-749	2054	-988
15776	3288	-3704	-934	1626	-1869
14764	3076	-4104	-1196	1232	-2403
15388	3312	-4308	-1490	2080	-1490
15204	2728	-3096	-710	2496	-1114
15004	3044	-2980	727	1284	-526
15172	3432	-3748	1516	714	-321
15496	4960	-4528	1104	862	-1063
15232	3884	-3748	-537	1951	-1848
14796	3688	-3352	-303	1719	-3012
14916	5172	-3288	-391	1496	-3388
15604	4904	-3428	-1616	2018	-3272
15540	4696	-3072	-769	1960	-3790
14500	3764	-2912	171	1883	-3750
15216	4464	-3644	559	1795	-3002
15760	5284	-3288	408	2713	-2223
14704	5088	-2224	494	2379	-1322
14272	5492	-2352	1189	1074	-646
14932	5544	-3204	308	646	-129
15444	5584	-3148	-683	1205	-92
15356	5324	-2652	-1249	1089	-238
15236	5252	-2416	-1246	783	-350
15440	5188	-2316	-623	442	-418
15648	5152	-3000	314	784	-681
15660	5716	-3020	-250	603	-320
16224	5224	-2388	-494	1383	-204
15028	5432	-2204	110	393	-404
15336	5604	-2768	-371	-539	-319
15500	5672	-2720	-1316	422	-144
15316	5044	-1620	-1510	658	120
14884	5324	-2176	-1097	-490	250
15256	5284	-2936	-1029	-617	705
15644	5500	-2652	-724	-313	1068
15468	5124	-2208	-665	-92	1263
15440	5096	-2664	179	-866	930
15736	5332	-3232	-89	-672	901
15832	4960	-2656	429	5	375
15460	5608	-2972	178	-979	571
15908	5468	-3032	-209	-599	399
15380	5128	-2900	-735	-777	754
15052	4712	-3048	-469	-963	749
15504	5624	-2672	-710	-1303	1012
15236	4548	-3004	-458	-887	902
15264	4724	-3532	-520	-1256	1041
15216	4496	-3124	-680	-751	976
15088	4160	-2576	357	-1226	776
14668	4508	-3232	1304	-1871	487
15000	4668	-3648	538	-1415	657
14940	4468	-2716	12	-1021	843
14560	4128	-2752	251	-1569	989
14480	4776	-3280	61	-2341	1288
15436	4164	-3896	-1235	-1704	1887
14280	4020	-3188	-941	-1542	1490
14480	3832	-2832	-574	-2015	1360
14568	3732	-3892	47	-2471	1185
14368	4128	-4148	-656	-2250	1709
14836	4080	-3164	-701	-2041	1683
15316	3980	-3388	174	-2278	1652
14896	4460	-4844	-1139	-2217	2138
14516	3664	-4956	-2346	-1532	1812
16064	3308	-3448	-1448	-1395	1660
14624	3476	-4116	-588	-1683	1283
14592	2560	-5400	-608	-803	908
15052	3472	-5132	-237	-691	82
15324	2748	-4720	-659	-591	377
13576	2808	-4636	-271	-1259	544
13768	3100	-6028	-563	-1246	663
16164	2652	-4364	-902	-524	1214
15316	2924	-4856	8	-1361	1502
15768	3072	-5960	530	-1492	1322
14816	2104	-5780	462	-255	649
16568	3168	-5072	1020	-560	292
16716	3300	-5856	1507	-686	371
16976	2920	-7324	1828	36	278
15568	3728	-5852	341	582	522
16052	2000	-4884	-126	-64	1044
16288	2676	-6496	1272	-1053	661
16648	2636	-6432	197	262	1280
16112	3004	-4520	362	-192	1794
15956	2532	-5644	206	-1460	1860
16336	3072	-6972	-559	-1134	1364
16500	3464	-6492	-2414	30	1582
16064	2384	-5012	-2106	-907	1200
16936	2752	-6700	-1966	-1626	1430
17824	2120	-7940	-2216	-113	1528
17268	2632	-6052	-830	-57	631
15888	2836	-5620	-977	-1077	450
16828	2444	-6544	-148	-1274	147
17872	2456	-7180	-813	434	185
17032	2208	-6388	-1305	210	175
16188	2684	-5844	-900	-1216	292
16732	2064	-7124	-1101	-780	524
16268	2436	-6620	-1225	497	327
15992	2176	-5104	-1543	191	354
15696	2308	-5972	-256	-1557	-153
17628	2484	-8756	-1622	224	433
16244	2032	-5792	-1708	1163	64
16852	2680	-5868	-760	6	-166
17024	2104	-7512	-789	-979	-37
17152	1768	-7428	-533	339	21
17364	2652	-6084	-65	485	50
17260	2152	-7236	-212	-506	67
18328	2216	-7440	407	-664	-301
19396	2392	-7680	245	562	-519
18788	2792	-6784	83	333	-436
18896	2320	-7256	656	-166	-339
20176	2468	-8260	1212	385	-557
19244	2264	-7676	907	1338	-924
18332	2292	-7256	710	741	-1218
18512	1732	-7828	1388	789	-1071
17620	2320	-7424	1726	905	-963
17576	2436	-6904	1176	435	-714
16584	2560	-7128	1049	-247	-1168
16688	3076	-7424	437	818	-1358
16832	1920	-6392	-36	1787	-1108
15576	2928	-5364	1406	636	-1112
15284	2576	-6204	1471	128	-927
15340	2408	-7340	310	1434	-1365
14860	2716	-5212	145	2048	-2088
15320	2804	-4972	-524	1203	-1836
14948	2216	-5812	-319	1115	-1048
14572	2012	-5500	344	1738	-1168
14432	3056	-4244	345	1686	-1764
14840	3056	-4580	-730	1331	-2181
15036	2064	-5504	-1226	1675	-2095
13984	3308	-4368	-536	2123	-1325
14224	2812	-3872	-539	1606	-799
13944	3108	-4372	-709	1121	-1149
14020	3176	-4908	-1707	1380	-1321
14292	3260	-4108	-2231	1905	-1514
14400	2904	-3328	-1117	1895	-1915
14556	3236	-4348	-1170	1603	-1339
14024	2992	-4232	-717	1665	-1468
14976	3008	-4048	-551	2213	-1918
14600	3820	-3904	-801	1790	-2518
15232	2944	-3792	-590	1869	-2497
14876	3368	-4220	100	2072	-2331
14404	3880	-3292	626	1773	-2821
14712	4120	-3512	1018	1256	-3100
14600	4620	-4104	779	844	-3345
14936	4460	-3772	388	1519	-3335
14980	5048	-3148	618	1424	-3049
14700	4880	-3648	607	1011	-2330
15000	5060	-3788	683	1131	-1828
15576	5316	-3660	73	1838	-1406
14676	5664	-3036	-132	1750	-1110
14692	5348	-3180	-26	1310	-818
14728	5888	-3220	-161	798	-703
15592	5860	-2932	-610	924	-420
15120	5100	-2968	-1146	1105	-250
15292	5612	-3000	-676	498	-599
15688	5768	-3488	-1092	701	-554
15388	5804	-2776	-791	1162	-610
15392	5368	-2636	-1650	737	-301
15164	5404	-2916	-896	674	-868
15440	5752	-3516	-1140	240	-515
16052	5852	-3028	-1320	1279	-400
15164	5720	-2608	-989	808	-204
15308	5496	-3104	-737	43	-159
15388	5880	-3880	-620	85	-319
15804	5748	-3088	-686	709	-419
14528	5568	-2260	-515	263	-487
15328	5620	-3316	-93	-420	-394
15196	5696	-3244	-548	311	-201
14992	5588	-2608	45	71	-217
15076	5532	-2560	506	89	21
14792	5960	-3072	274	-873	562
15364	5708	-3180	-285	-744	945
15516	5756	-2844	-329	-558	1171
15332	5480	-3136	-231	-992	1105
15448	5496	-3252	-141	-813	983
15220	5340	-2808	-192	-909	1001
15376	5360	-2772	498	-917	759
15612	5440	-3652	975	-973	954
15616	5696	-3564	962	-456	1240
15096	5228	-2896	961	-242	1069
14356	5276	-2768	1216	-776	569
14752	5300	-3592	900	-1364	411
15028	5624	-3432	178	-1158	676
14572	5176	-3540	-284	-1021	818
14556	4844	-3268	-183	-871	885
14352	5228	-3000	-963	-1748	1444
14728	3956	-4044	-946	-1456	1728
14496	4728	-4200	412	-1563	1700
14996	4808	-3440	-305	-1623	2015
14112	4132	-3928	-203	-1581	1706
14100	4176	-4104	630	-1944	1108
15836	4960	-4368	132	-1843	1646
14784	3936	-4024	-694	-1132	1788
13964	3932	-3664	205	-1994	1598
14296	4156	-4676	-977	-2096	2143
13120	2780	-4256	-1138	-1320	1278
13512	3224	-3988	29	-2006	711
15188	4152	-4056	-435	-2138	1828
13688	3688	-4656	-1512	-2342	2508
13264	2680	-5180	-616	-1950	1649
15464	3876	-5204	-1709	-1841	2027
14720	3012	-4524	-2155	-1345	2088
14764	2512	-5220	-419	-1297	1808
16116	3792	-6396	-104	-931	1994
16616	2472	-6028	-421	-365	1840
15632	2340	-6036	623	-202	1033
14288	2960	-4904	474	-903	920
15872	1720	-5956	-155	-656	1433
15432	1512	-6308	1209	-100	789
15748	3172	-5476	1137	412	974
14744	2276	-4572	740	-428	1270
15724	2352	-6036	1493	-1113	1114
16764	3196	-6596	171	-351	1650
16804	3068	-5772	-952	-456	1720
17512	2540	-7240	-659	-991	1697
17208	1940	-7868	-544	-74	1198
16188	2892	-6348	-1324	75	1250
16020	2040	-5616	-453	-760	836
15836	2376	-7100	-262	-1235	632
15608	2880	-6804	-1962	-878	1590
16264	1532	-6232	-1752	-485	1776
15616	2296	-6820	-994	-1538	1670
16676	1956	-7408	-1934	-1191	2044
18168	1036	-7968	-324	131	1047
17652	2512	-6420	-205	320	329
16552	2412	-7124	-1079	-948	470
16644	1080	-7628	-673	-285	39
17024	2116	-7208	-541	246	201
16232	2068	-5676	-1091	-456	967
16352	1556	-6568	-480	-1126	979
16684	1376	-7676	-339	578	435
17500	3032	-6336	-776	1040	259
16556	1880	-6064	-661	-123	-100
17028	2564	-7716	-985	-897	-186
17468	1468	-7360	-1333	666	172
17064	1844	-6136	29	550	2
17236	2264	-7600	-181	-257	253
17924	1272	-8660	294	384	55
17396	2312	-7656	395	1136	-393
17916	2164	-6612	461	213	-645
18948	1768	-8416	360	-848	-630
19328	1688	-8928	159	453	-686
18716	1884	-7552	174	894	-579
18688	2240	-7244	530	-686	-329
18980	1988	-9016	254	-264	-462
19140	2616	-8356	-1167	1579	-903
17460	1396	-5864	-473	1048	-1159
17640	2704	-7492	-106	-574	-532
17920	1996	-8336	-976	489	-53
17840	2160	-7088	-1053	1321	-348
17020	1476	-6732	-489	615	-1140
17300	1400	-7976	442	861	-1330
17056	2004	-7392	946	2318	-876
15848	2872	-4944	-307	2184	-490
15432	2100	-5728	-356	535	-1431
15636	1728	-6440	-1137	1117	-1520
15348	1616	-5916	-211	2043	-1791
14648	2036	-4824	680	1978	-2279
14224	2072	-4532	1329	1325	-2146
14428	2456	-5696	1232	1537	-1816
14388	1896	-6004	-51	2406	-1796
13516	2760	-4040	-219	1980	-1784
13412	2784	-3696	-559	1175	-2035
14016	3112	-5396	-1014	1852	-2704
14580	1804	-5252	-2639	3025	-2880
13496	3096	-2668	-944	1856	-2681
14160	2972	-3608	-253	813	-2394
14704	3848	-4964	-423	1466	-2758
14760	2888	-4228	-1687	2564	-3746
14224	3540	-2824	-1664	1132	-3767
14692	3464	-4012	-1203	1282	-2749
14284	4132	-4528	-1452	2380	-2212
14936	5008	-3552	-2930	2588	-1807
14348	3800	-2476	-2872	1942	-2236
14640	4032	-4004	-1869	1394	-2453
15880	4764	-4488	-1422	2476	-2122
15288	3396	-2324	-1391	3874	-1671
13284	4236	-2596	531	1810	-2114
14300	4224	-3392	384	1536	-1813
14652	5116	-2976	400	2050	-1640
15644	5916	-3396	-722	2349	-1256
15660	4652	-2624	-1339	1997	-1075
14852	5104	-3144	-308	822	-1207
14932	5384	-3488	-580	1640	-712
14816	5392	-2460	-78	1682	-441
15324	5492	-2568	-596	1082	-263
14348	5556	-2592	-980	540	-428
14892	5304	-2904	-1048	769	-411
14868	5688	-2488	-1245	1297	26
15356	5328	-2068	-726	1191	279
14820	5332	-2508	309	362	305
15384	5416	-3180	1030	121	355
15828	5968	-2816	969	329	574
15728	5796	-2456	657	324	673
15696	5992	-2604	896	36	50
15556	6240	-2876	182	-159	-67
15716	5852	-2252	-539	-218	-69
15400	5892	-2232	-690	-344	-98
15600	5644	-2684	-516	5	-122
15488	5584	-2564	-485	-237	41
15408	5608	-2348	29	-481	6
15288	5520	-2024	380	-816	103
15592	5828	-2852	-8	-1149	274
15620	5536	-2488	-967	-434	427
15128	5580	-2380	-745	-596	294
15612	5456	-2180	-905	-904	648
15236	5456	-2664	-886	-1366	721
15596	4668	-3016	-456	-738	483
15208	5040	-2660	-28	-628	279
14856	5112	-2700	34	-1153	354
15060	5280	-3092	-424	-1296	438
15016	4720	-3328	-768	-858	652
14644	4780	-3152	-418	-949	757
15108	5080	-2488	-1087	-961	1189
14580	4436	-2844	-528	-1014	1101
14088	4588	-3484	-523	-1604	1067
14608	4604	-3480	-853	-1318	1347
14340	3728	-2636	235	-945	1200
13544	4768	-3016	996	-1913	1052
14772	4656	-3872	-135	-1610	1561
14388	4000	-3244	-10	-1152	1462
13756	3832	-3224	20	-1456	1499
13644	4424	-3424	-72	-2154	1369
14264	4008	-3568	-872	-2029	1934
13384	3504	-3420	-510	-1746	1768
13288	3496	-3404	-174	-2241	1443
14892	3996	-3252	-898	-2260	1851
13244	3224	-3360	-219	-2554	1450
14448	3660	-4288	79	-2849	1531
16136	3964	-4652	-1520	-1942	2183
14956	3516	-3848	-1029	-1430	1886
14460	3516	-4332	-858	-1502	1832
16128	3404	-5296	-1139	-1205	1750
16256	2920	-4988	-926	185	1414
15376	3116	-4504	449	-377	1186
15324	2704	-6056	471	39	1472
15508	2176	-5492	1553	-138	711
15596	2640	-6192	1848	-319	231
15872	2996	-5964	1546	-1376	400
16336	3564	-5672	821	-1246	836
16612	2476	-6376	42	-1458	1514
17396	3312	-6960	-207	-1581	1904
17784	2568	-6972	-611	-449	1948
17920	2564	-7108	678	-726	1139
17172	3504	-6696	-82	-654	1295
16612	2772	-6016	-627	-1255	1442
17076	2504	-6964	412	-856	760
16288	2988	-6936	-228	-520	753
16696	2624	-6536	-376	-802	975
16760	2960	-6784	-21	-1286	623
17404	3580	-6752	-1418	-1183	1228
17036	2320	-6432	-1383	-1334	1460
16828	2756	-7136	-887	-1043	786
17264	2772	-7176	-1374	589	257
16968	2096	-5812	-539	288	-177
15724	2572	-6108	47	-1154	-514
17236	2004	-7780	-933	-279	505
16332	944	-6588	576	551	20
16536	2632	-5940	1950	105	-486
16816	2108	-7312	785	-476	71
17408	1972	-7860	-164	30	222
17056	2236	-6340	-224	675	-448
17292	2512	-6776	-1442	-59	125
17276	1328	-7512	-1212	-621	402
17828	1896	-7564	-408	330	419
17652	1808	-6620	-326	189	573
18244	2300	-7408	252	-997	183
19524	1776	-8748	42	125	-428
19472	2512	-8408	-127	970	-409
18836	2696	-6884	894	-354	-109
19976	1956	-9136	1064	-515	35
19180	3064	-8480	227	696	-309
18768	2940	-7044	-821	1061	-538
17976	2392	-7764	-99	-47	-1211
17764	2436	-8004	-460	399	-1091
17692	2100	-6952	-135	1213	-1084
16588	1888	-6588	629	289	-1445
16492	1964	-7780	369	213	-957
15956	1724	-6856	-73	922	-412
15600	1824	-5832	744	1135	-451
14944	2336	-5540	620	765	-281
14700	1916	-6468	208	945	-383
14700	1868	-5556	815	1962	-1134
14320	2800	-4952	226	1796	-1315
14776	2156	-5180	-201	1457	-1641
15076	2220	-6004	-99	2010	-2108
14804	2884	-5644	-574	2837	-1806
14368	3144	-3920	-662	2037	-1368
14992	2624	-5052	-1097	1396	-1439
14712	2464	-6048	-974	2289	-1706
14656	2548	-4560	-1233	2914	-2356
14452	2472	-3732	-40	2351	-2625
14892	2832	-4532	149	2070	-1876
14584	3280	-4512	-388	2212	-1642
14440	3516	-4412	-869	2224	-2348
14444	4040	-4296	-1719	2071	-2993
15328	912	-3272	-2417	3341	-2755
13572	2964	-3132	398	2389	-2495
14124	2512	-3988	1670	2644	-1885
14124	3284	-3676	3019	3048	-2177
14624	4052	-3800	2255	2503	-2407
14864	4420	-3824	1258	1945	-3026
14932	5012	-4196	-367	1488	-3026
14408	4136	-3248	-1700	1530	-2694
14536	4128	-2928	-1636	1480	-2305
14616	4464	-2284	-1839	947	-2211
14584	4564	-3312	-2420	125	-1440
15696	4308	-3476	-1842	834	-624
16300	4692	-2864	-1224	660	-253
15412	4700	-2596	6	493	-890
15280	5276	-3620	-790	558	-975
15140	4928	-2324	-600	1217	-1338
14740	5300	-2372	-157	1476	-1063
15156	5684	-2856	-916	741	-312
15556	5252	-3240	-904	1425	-219
15732	5496	-2676	-300	1372	-235
15504	5640	-2372	-324	1227	-245
15472	5552	-2996	-307	738	-318
15784	5504	-3184	-242	1245	-524
15268	6008	-1884	-314	1061	-628
14776	5756	-2056	-742	148	-571
15192	5692	-3028	-677	15556	5524
-2440	-1217	835	-30	15656	5664
-2320	-831	407	-54	15172	5452
-2576	-548	82	-13	15632	5368
-2864	-438	78	-59	14660	5384
-1920	-860	91	26	14988	5340
-2248	-1192	-438	423	15004	5548
-2536	-1377	-725	874	15264	5224
-2976	-1962	-498	1363	15032	5108
-2388	-1885	-361	1411	15044	4952
-1888	-1288	-800	1379	14980	5348
-2508	-1305	-1644	1627	15624	4872
-3212	-1164	-1191	1714	15804	5060
-3072	-1093	-1079	1612	14920	5088
-2360	-1149	-1704	1396	14504	4260
-2624	-345	-2304	935	14888	5232
-3124	-630	-2589	1143	15600	4276
-2896	-885	-2043	1342	15104	4704
-2396	-518	-2185	1422	14744	3952
-2668	-639	-1966	1549	14432	4396
-2756	-339	-2582	1491	14904	4232
-2960	-1225	-2312	1679	14560	3276
-3012	-301	-1652	1198	14304	3556
-3316	535	-1071	929	14292	4020
-2652	672	-1428	770	14872	3768
-3360	1616	-1731	985	14780	3744
-3964	2210	-910	1438	13944	4016
-3220	2086	-941	1177	14416	4076
-3300	1787	-1471	1000	13984	4268
-3472	1615	-2405	915	13860	4332
-4508	-245	-1934	1406	13796	3560
-2968	-1098	-1714	1370	14624	3840
-3216	-890	-2494	1642	14692	2860
-4904	-2148	-2618	2383	14656	4136
-4684	-2224	-2519	2036	15992	3300
-4604	-3593	-1078	2455	14784	2820
-4536	-2373	-1253	2169	14668	2852
-5332	-2489	-1229	2058	15060	2424
-5232	-1591	-1070	1878	16520	2592
-5280	-1084	-1075	2014	15480	2956
-6016	-692	-1108	1578	15600	2872
-5872	-956	-308	1174	15152	2444
-4916	-1061	-730	1223	16492	2392
-7248	-892	-875	1228	16972	1964
-7792	-1121	28	1336	16312	2196
-5396	-351	89	1492	16828	2560
-6352	199	-1493	1666	17684	2460
-7956	-573	-1089	2182	17356	2060
-6828	-215	-332	1634	17716	3032
17620	2684	-6384	-1498	-1558	2048
18260	1824	-7656	-1335	206	1386
15908	2224	-5376	-1099	171	808
16196	2356	-5408	-1432	-1070	1489
16956	1472	-7424	-734	-171	1225
16812	2792	-5536	-521	1532	741
16628	1936	-4840	139	593	985
17216	2904	-7084	243	-677	857
18600	2316	-7412	-593	1352	280
17856	2280	-5436	-108	1205	-279
17120	3204	-5708	-900	-746	-202
17912	1284	-7168	-1610	-137	177
17512	1880	-5736	58	393	-403
17632	2192	-5744	-1115	-515	144
17860	856	-7256	78	-506	-195
18096	1964	-6796	-379	857	-670
17700	2008	-5364	-528	18524	1804
-6692	139	-265	-679	19264	1492
-8252	-433	-66	-303	19176	1832
-7216	-206	626	-73	18728	1884
-6344	-56	628	-300	19096	2360
-6988	164	-536	-510	19588	1684
-8104	-352	-170	-506	19996	2144
-7556	-81	530	-196	18604	2004
-6628	176	-11	-347	18612	1660
-7336	128	32	-789	18220	1800
-7128	541	577	-786	17404	2576
-5708	724	471	-464	17192	2296
-6680	488	-157	-814	16808	2060
-7080	-443	438	-539	16228	2300
-5436	-949	977	-395	16476	2708
-5200	-1392	154	-673	16588	2316
-6576	-2116	545	-1456	16000	1480
-6032	-2773	1726	-1512	15120	2236
-5072	-1709	1143	-972	15848	1728
-4732	-425	1250	-791	15772	2760
-5816	-299	1601	-782	15344	2752
-4512	-850	2121	-1365	14772	2808
-4480	-700	1702	-2004	14608	2892
-5104	-1465	1714	-1679	14216	2100
-4424	-1875	2627	-1553	14056	2208
-3460	-394	2918	-1928	14064	3080
-2928	27	2044	-1995	14636	3268
-4524	286	1671	-2110	14524	1796
-4572	-195	3581	-2631	13596	3256
-2712	1577	3757	-2911	14004	3980
-2484	1295	2296	-2853	14324	4220
-4300	457	1673	-2943	14040	2384
-4768	-1426	3241	-2294	13684	3288
-3112	-50	2735	-2331	14688	4356
-2864	-387	1995	-1975	14464	4572
-3772	-887	1039	-2157	14156	3648
-3156	-1449	1280	-2728	15044	4480
-2660	-2325	686	-1931	14628	4276
-2560	-2369	212	-1894	15724	3292
-3616	-1521	729	-1824	15128	5076
-2376	-1473	781	-1177	15004	3848
-1304	-353	606	-1016	15132	5424
-2320	645	360	-1181	15464	3864
-2984	-365	1212	-808	14936	4480
-2020	845	1016	-1456	15652	5340
-2004	766	719	-1168	15028	5472
-2376	882	385	-1035	15632	5768
-2092	-225	876	-1016	15356	5260
-1624	-472	825	-1123	15612	5512
-1892	202	713	-1202	15644	5824
-1828	94	1083	-993	15420	5652
-1792	303	1317	-833	16012	5368
-1856	402	15892	5732	-2272	618
1432	-490	15404	6200	-1636	-356
1320	-182	15540	5416	-2112	-1006
1294	349	15296	5496	-2020	-790
962	314	15288	5412	-1872	-822
795	146	15256	5668	-2228	-938
345	375	15768	5328	-2524	-566
267	631	15400	5464	-2440	-468
264	668	15400	5604	-2216	-473
58	734	15316	5696	-2132	-587
-264	592	15668	5244	-2460	-633
-721	722	15460	5336	-2352	-399
-416	874	15952	4920	-2284	273
-418	554	15056	5536	-2300	294
-1074	498	15536	5488	-2132	298
-1120	312	15444	5472	-2396	-555
-950	661	15552	5132	-2292	-454
-1430	578	15292	4876	-2512	-182
-1346	572	14924	4812	-2596	174
-1331	454	15124	4624	-2380	237
-1284	497	15224	4524	-2300	1211
-1383	532	15136	5228	-2888	764
-2009	926	15064	4464	-2864	894
-1633	902	14744	5044	-3056	752
-1557	989	14492	4376	-2768	-411
-1419	1297	14284	5040	-2996	-491
-2040	1311	14460	4472	-3216	-2054
-2167	1806	14096	3320	-3048	-1736
-1264	1600	13592	3380	-2764	-274
-1914	1384	13596	3980	-3740	-692
-2045	1717	13980	3184	-3508	-877
-1565	1822	14176	3004	-2536	949
-963	1314	14332	3728	-3636	1045
-1982	1860	14612	4272	-4548	381
-1541	2182	15012	3572	-3064	-712
-959	2719	15028	3188	-3740	360
-2044	2434	14056	3096	-4040	-681
-2187	2630	15416	3252	-4284	-518
-2195	2227	15304	2804	-4188	-705
-1871	2345	14772	2740	-4464	-878
-1676	2465	14384	2300	-4460	-1257
-1012	2692	15556	2524	-4508	146
-1289	2372	15408	2728	-5540	-61
-1321	2234	15168	2376	-5900	-1662
-277	1926	15776	2280	-4200	-2535
580	2170	15832	1288	-4980	-693
278	1765	16712	1988	-6656	702
-124	1320	16640	1624	-6260	988
-45	1388	17196	2332	-6276	1495
-638	1328	17224	2236	-7232	466
-870	1394	18064	2296	-6948	-534
154	1417	17928	3056	-5492	-2247
-1281	1873	17716	1712	-6676	-2290
-2210	1680	17300	2140	-7116	-2261
-847	1020	17008	1804	-4736	-2319
-727	962	17368	2132	-6108	-1351
-1737	924	17640	1828	-7444	-1638
-964	1232	17384	1480	-6416	-708
128	722	16952	2720	-5540	-989
-950	899	16784	1780	-6504	-1924
-1258	968	16664	1416	-6888	-1298
58	584	17132	2676	-5788	-2020
658	828	17192	1520	-5500	-2033
-539	750	18304	2020	-7244	-1514
-134	137	17604	1420	-6384	-1648
499	-162	17436	1508	-5336	-455
222	-385	17712	1968	-6320	76
-562	-306	17640	1288	-6876	54
160	-411	17608	2020	-5712	672
367	-614	17648	1812	-6040	-61
-478	3	17784	1624	-7300	-275
-115	180	17776	1940	-5932	-795
631	-103	18488	1784	-6080	-558
239	-219	18860	1608	-7504	-3
-175	-278	20232	1388	-7648	285
433	-464	19648	2212	-6548	1438
629	-1032	19704	2148	-6784	1282
111	-1036	19568	2112	-7920	1772
-106	-1249	19408	2660	-7304	1030
1049	-1542	18804	2080	-6656	499
772	-1918	18008	2300	-6600	525
-338	-1556	18412	2600	-7820	-63
-251	-836	17768	2116	-7176	-1211
944	-1504	17256	1456	-6180	-1345
806	-1932	17556	2500	-6880	-1468
-472	-425	16988	1560	-6956	-1279
676	-159	16552	1808	-6280	-38
1180	-1340	15492	1828	-5272	259
558	-1917	16004	2128	-6288	602
362	-1673	14872	2272	-6204	8
1599	-953	14364	2392	-4104	254
1553	-474	14044	2640	-4080	241
182	-738	14448	2592	-6092	-1020
717	-926	14204	2168	-5124	-2158
2123	-1019	13528	2360	-3332	-1116
1861	-999	13824	2812	-3684	-1174
653	-1058	14312	2092	-5932	-1298
1223	-1093	14304	2568	-4616	-1795
2072	-1105	14036	2872	-3436	-1552
1760	-1346	14424	2400	-4004	-538
916	-1365	14784	3160	-5504	-412
1873	-1370	15128	3012	-4008	-931
3250	-1653	14060	3312	-3208	-748
2281	-2033	14124	3864	-3896	-1354
1723	-1973	14172	2264	-4160	-2137
3070	-1963	13652	2840	-2396	-29
3166	-2346	13908	3468	-2300	66
2064	-2421	15252	3460	-2776	1114
986	-3204	16304	4576	-4136	-168
1794	-3518	15552	3100	-2812	-1066
2600	-3818	15576	4816	-1548	213
1006	-3789	15392	4632	-2448	209
245	-3413	15292	5048	-4020	-914
806	-3186	14792	4736	-2604	-2729
2722	-2604	14668	4388	-1332	-2359
2320	-2275	15492	5176	-2772	-520
2050	-2476	15040	5104	-3080	-285
2764	-2136	15748	4308	-2400	1010
2499	-2088	15608	4748	-2564	3338
2870	-2814	15144	6024	-2724	4056
2218	-3007	15284	5552	-2928	3244
2174	-2690	15244	6888	-1972	2315
1560	-2381	14940	6012	-2416	-139
1821	-1728	14600	6440	-2636	-988
981	-1083	15848	6864	-2544	-2105
954	-337	14848	5976	-2220	-3073
711	-134	14864	5704	-2372	-2713
-508	37	15220	6028	-2464	-2169
-79	325	14688	5916	-1516	-1368
228	496	14252	6256	-1988	-694
-263	654	14192	5836	-1836	-483
-521	972	14756	6544	-1816	-453
-441	1433	14380	6324	-2140	-782
-752	1775	15048	6156	-1880	-105
-926	1552	15744	6424	-2048	-200
-990	1719	15772	5952	-2388	-78
-922	1474	15668	6212	-2572	397
-812	1030	15488	6024	-2140	20
-596	819	15524	5912	-1924	219
-666	662	15176	5704	-2344	343
-971	782	14664	5664	-2188	195
-1094	992	15640	5032	-2932	-38
-1150	1258	15056	5420	-2452	5
-954	1422	14704	5324	-2588	129
-1390	1473	15128	5280	-3016	55
-1812	1653	14656	4244	-2652	228
-1041	2023	14944	5348	-3008	327
-1674	1835	14900	4768	-2992	-6
-2060	1731	15152	4920	-4076	-95
-1570	1793	15120	4648	-3368	-1652
-1148	1952	14548	3796	-2892	-565
-1760	1551	14528	4904	-3760	-744
14260	3884	-3844	-969	-1737	1957
13320	3332	-3020	-4	13656	3252
-3132	321	-2181	1039	14136	3948
-4140	591	-2714	995	14172	3452
-3400	547	-2278	1893	14488	4264
15360	4056	-3348	693	-3223	3342
14720	2916	-5344	689	-1296	2424
14552	2940	-3708	88	-397	1919
14900	3420	-2776	225	-1788	1329
15884	3104	-5808	-640	-2070	788
15240	2416	-5680	-1497	-486	486
14984	2792	-3912	-1229	-56	719
14808	2752	-4388	-955	-1761	1082
15076	2916	-5672	-1328	-1254	1319
14988	2148	-4528	-1080	-365	1161
15600	2288	-4208	-17	-1262	1530
15416	2624	-6512	0	-1437	1677
15276	528	-6860	-994	313	1766
15368	1072	-4892	1298	670	854
15628	3184	-5692	496	-1062	1626
17084	1304	-7348	-225	-648	1663
17560	2204	-7276	-720	34	1327
16856	2996	-5716	-1004	-317	1576
17020	2592	-6204	-1441	-1677	1589
18216	2596	-6948	-1396	-881	1502
16860	2688	-6172	-1051	-344	1189
15828	2324	-5460	-1143	-1145	1249
16644	1776	-6440	-894	-1099	1087
18588	2480	-7804	-251	494	1127
16892	1912	-6300	-246	561	990
15580	1892	-5488	-79	-1434	530
16240	1672	-7224	-424	-672	496
17068	1772	-7320	-1353	635	587
16724	2044	-5392	-1291	-425	1016
17148	1812	-6672	-1725	-1658	1449
16864	1648	-6844	-1650	-363	1314
17400	2192	-5884	-777	264	467
18320	2084	-7188	-1249	115	325
18508	1464	-6596	-983	1066	-68
17968	2356	-5284	420	426	-592
19284	2952	-7196	-47	-120	-291
19460	1884	-7184	-233	641	-793
19120	2540	-5928	202	230	-824
19936	3004	-467	-967	-177	20104
2740	-7612	-1293	648	-625	20640
2524	-6888	-415	1166	-1249	20160
2472	-6996	-292	346	-1137	19924
2504	-7336	-141	340	-994	19748
3168	-6596	-116	720	-964	19572
3296	-7020	-1629	526	-683	19336
18476	2676	-7004	-1990	564	-805
17700	2652	-7044	-2084	503	-1014
17228	3016	-6256	-2567	516	-857
17252	2144	-5724	-1256	717	-1372
16644	1608	-6908	97	1263	-1919
15580	2548	-5404	753	1610	-1571
15916	3208	-6596	-427	1623	-1691
14780	2836	-5020	-2412	2059	-1737
14940	1724	-5024	-1542	2973	-1805
13636	2776	-4000	-406	2327	-1832
14444	1616	-5228	7	2814	-1671
13548	1668	-5068	1785	3297	-2161
13756	3592	-3604	1444	2528	-2483
14080	3612	-3612	-387	1301	-2527
14740	2268	-5192	-1508	1904	-2365
14160	3160	-3824	-1331	2647	-1388
14128	3524	-2272	-1209	1949	-743
14500	3816	-2796	-1510	677	-513
13944	3200	-3756	-2124	1532	-700
13876	3148	-3788	-2347	1741	-1079
14828	3292	-3052	-1674	2581	-1594
14064	3360	-2620	-1692	2361	-1413
14480	3072	-3428	-368	2341	-850
14072	3884	-3144	-573	2513	-1134
14508	3676	-2188	-246	2590	-2018
14760	3304	-2728	-628	1876	-2716
14508	3904	-3112	469	2009	-2656
14684	4736	-2436	-467	2402	-1489
14576	5048	-1676	438	1557	-1526
15060	3912	-2676	506	968	-1793
15320	5896	-3244	-205	524	-2063
15880	4856	-1864	-1253	1889	-1583
14936	5956	-1872	-392	794	-1696
15404	5772	-1920	-603	862	-1155
14696	5384	-1884	-58	707	-1029
15388	6192	-1644	-38	526	-1038
15676	5248	-2124	-7	1434	-865
14836	5100	-1352	1065	1033	-1367
15724	6392	-1672	775	19	-1364
16068	5696	-1828	482	431	-1217
15736	6036	-1572	718	-53	-1153
15796	5240	-2108	19	462	-1079
15604	5888	-2496	-841	648	-910
15900	5820	-1400	-1683	1059	-559
14952	5636	-1344	-1193	302	-777
15268	5736	-2128	-984	-89	-577
15524	6100	-2452	-1707	408	-306
14852	5452	-1648	-2190	727	-179
15088	4940	-1512	-1072	288	-496
15084	5748	-1848	99	-208	-415
15064	5948	-2696	83	-609	249
15116	5612	-1944	517	-369	682
14920	6008	-1956	1429	-1025	1074
15628	6088	-2392	970	-1113	1453
15332	6160	-2584	875	-1290	1219
15504	5932	-2516	217	-1067	1055
15432	5960	-2032	7	-1004	809
15504	4980	-1504	868	-1045	690
15248	5800	-2576	818	-1694	579
15432	5676	-2928	971	-1477	591
15200	5140	-1440	26	-727	1233
14708	5272	-2012	468	-1901	955
15692	5844	-3148	-781	-1682	1452
15188	5556	-2924	-2156	-983	1577
15072	4696	-2172	-2175	-1100	1623
14708	4452	-2340	-1506	-1350	1335
14496	4284	-2436	-910	14692	4512
-3868	-982	-1142	1670	14264	4652
-2796	-1476	-923	1741	14560	3552
-1672	42	-1293	1480	14476	4428
-3964	1258	-1744	1433	14100	3980
-3740	-306	-1099	1488	14076	4308
-3372	1419	-2557	851	13380	3840
-4232	383	-1958	1199	13204	2716
-3400	598	-2013	835	13608	3688
-2992	904	-2369	1084	13292	4172
-3348	542	-2401	1905	14292	4052
-4092	268	-2263	2099	13728	3552
-4044	-998	-1875	1922	14112	3396
-3196	-999	-1797	2075	16184	3748
-3552	192	-2780	3147	17276	3616
-5836	374	-2778	3525	16464	2360
-5656	384	-1386	2543	15148	2680
-4636	760	-1136	1921	16084	2404
-4496	1433	-958	1613	16220	2164
-5732	2019	-873	826	15592	2520
-5724	882	-128	345	15688	1812
-5332	950	-193	238	15400	2808
-5832	1387	-875	446	16416	2648
-6736	-18	-137	1317	16180	2348
-5776	-334	-552	1950	16352	2712
-7084	-109	-1356	2035	16620	2488
-6404	-849	-637	1789	17324	2668
-6636	-841	-1370	2019	16824	2676
-7048	-206	-1412	1432	16624	2176
-7228	-328	478	1022	16428	2056
-5152	431	3	698	16292	2392
-5588	557	-1825	825	17084	2260
-7776	-224	-616	895	16716	2828
-6400	-852	-19	965	17064	2692
-5096	-1209	-740	1033	17328	2060
-7224	-2175	-1397	1066	17168	1388
-7948	-1832	-974	636	16476	2508
-5824	-2001	-1199	928	16880	1808
-6604	-1971	-1642	999	17816	2240
-7992	-1874	-813	1161	17544	1384
-6424	-1475	-20	759	18468	2268
-6708	-543	-1283	376	19060	1220
-8384	-297	-846	-210	18776	1936
-7856	-379	1280	-677	18456	1628
18472	1880	-6836	-200	-1176	96
19556	988	-9628	-847	358	-229
18940	1548	-7256	-348	1311	-672
18776	2052	-6968	-92	-662	-368
19856	1216	-9004	745	-425	-492
20472	2200	-8524	569	1330	-432
19008	2704	-6488	323	668	-162
19396	3016	-7568	111	-395	-488
19468	2212	-9264	-1197	967	-662
18828	3156	-7820	-733	1418	-1177
17496	2860	-6784	-1759	817	-1177
17676	2488	-7604	-1294	39	-656
16468	2648	-7332	-1511	822	-677
16076	1896	-6320	-1267	1545	-1200
15692	2144	-6112	-1336	1680	-1074
15704	860	-6544	-4	2189	-1390
14784	2148	-6436	1010	2426	-1557
14480	1960	-5396	-5	2703	-1517
14616	1956	-4880	486	2196	-1860
14640	2328	-5812	-106	2438	-1507
14400	2140	-5480	-891	3135	-1584
14260	1324	-4828	-1100	3545	-1785
14112	1828	-4044	173	2677	-2026
14432	2148	-5904	1128	2387	-2355
14112	2368	-5168	-258	3545	-2144
13828	1652	-3756	726	3392	-2030
14100	3196	-3460	952	1974	-1784
14748	2664	-4848	137	2238	-1329
14648	2736	13820	2860	-3264	748
3248	-2670	14828	2964	-2940	327
2574	-2265	14852	2716	-3684	1531
2579	-2650	14928	3972	-3588	1129
2920	-2523	14584	4272	-2852	-226
2825	-2626	14448	3764	-2312	-1096
2013	-2997	14408	3964	-3212	-1952
1347	-3124	15164	5408	-3440	-2931
1600	-3291	14796	3372	-2204	-3532
2750	-2778	13968	4208	-1148	-1100
1326	-2523	14872	4292	-1968	-994
854	-1985	15012	4864	-3032	-127
902	-2123	14912	5016	-2196	-893
1685	-2262	14788	5056	-1924	-904
1672	-2465	15156	5672	-1652	-493
1003	-2358	16136	6136	-1948	-1056
766	-1654	15472	4656	-2344	-764
1180	-1774	14908	4684	-2100	830
1106	-2488	15164	5880	-1664	693
1108	-1947	14832	6164	-1728	173
1174	-907	14888	5280	-2080	199
1246	-131	14724	5528	-1420	-82
1126	174	14988	5896	-1640	-146
282	508	15056	5752	-2280	-478
570	703	15124	6212	-2224	-1203
449	1021	16024	5696	-1748	-2335
1717	1687	14592	5676	-736	-1951
659	1341	15592	5668	-1688	-1704
17	1483	15612	5724	-1372	-1532
244	1504	16156	5052	-1080	-488
577	1255	15796	5396	-1784	1034
-67	771	15884	5512	-1808	1387
492	625	15468	5588	-1676	1573
84	127	15320	5792	15944	6264
-2016	-246	-803	638	15124	5792
-1984	-1079	-732	670	15580	5292
-1928	-1738	-802	936	15320	5220
-2428	-2168	-1419	1227	15188	4796
-2220	-1543	-800	1211	15412	4920
-1784	-1100	-1247	1399	15360	4584
-2484	-609	-912	1108	14964	4744
-2096	-521	-1001	857	14924	4584
-2800	-384	-514	553	14356	5164
-1680	-1089	-1240	426	14732	4412
-1996	-947	-1885	502	14336	4244
-2540	-334	-2399	820	14760	4288
-2468	-155	-2815	995	14548	4188
-2004	317	-2986	893	14596	4184
-2848	677	-3083	1076	14432	4252
-2728	241	-3186	1507	14896	3076
-2856	375	-2822	1487	14060	3416
-3004	1375	-2537	997	14120	3664
-2932	1763	-2898	1122	14684	3856
-2284	2489	-3193	1083	14204	2852
-3616	3020	-2560	511	13548	3636
-3660	3194	-2373	-12	14600	3848
-2672	3051	-2451	252	14416	3536
-3436	3809	-2980	415	13084	3852
-4468	2497	-2375	991	15276	4236
-4128	1072	-2599	1587	15176	3584
-4120	354	-1957	1797	14672	3484
-5360	-906	-1722	1946	14576	3552
-4728	-2312	-1647	2007	15888	2344
-4932	-2030	-1080	2060	14488	2096
-5476	-666	-306	1296	14844	3360
-5140	-1237	-251	1204	16012	1632
-5004	149	-582	1096	16260	2280
-6952	1844	-645	704	16032	3072
-7496	766	193	862	15908	2624
-5712	-324	895	831	15020	2796
-5468	-207	-965	848	15944	2500
-7996	-1705	-824	1338	16728	2428
-7280	-2427	-338	2109	16976	2640
-6248	-1237	-668	2521	17060	1912
-7496	-862	-1264	2397	17056	2912
-8044	-801	-633	1818	18128	2336
-6872	-796	332	1807	17072	2184
-5944	1352	-1126	1150	16876	3244
-7320	353	-1578	1321	17048	1724
-7032	-786	-698	1503	16808	2284
-5500	1007	-1117	980	17880	3756
-7580	-326	-1444	1549	17996	1492
-7160	-1317	-1107	1602	17244	1772
-6212	-270	-752	481	17276	2184
-6220	-352	-928	200	18716	1744
-7872	-188	-239	332	17688	2072
-6780	-290	-183	163	16460	2244
-5296	151	-891	-289	17448	2500
-6568	-223	-1013	273	18060	1640
-7324	-110	-31	202	17304	2404
-5424	1350	-163	-465	18624	2644
-7268	-126	-633	485	18696	1544
-7976	135	155	-76	19732	2804
-6836	232	983	-1168	19368	2716
-6852	-994	-49	-843	20108	1768
-8640	-362	217	-855	20680	2624
-8740	248	930	-986	19752	3180
19440	2300	-7528	-338	-641	-1870
19428	2240	-9224	-829	939	-1687
18220	1968	-7312	325	1192	-1909
18368	2644	-7148	107	443	-1164
17844	1756	-7720	987	183	-359
16880	2232	-7600	238	401	-575
17200	2256	-6956	-671	1575	-1101
16480	2352	-6600	-275	803	-1524
16056	2308	-6940	-915	1332	-1175
15092	1584	-5744	-789	1962	-1046
14856	2424	-5352	312	2115	-1156
14784	2600	-6132	-368	2287	-1312
14536	2204	-5796	-1516	2332	-1388
14244	1880	-5424	-1154	3118	-1443
13676	2784	-4640	-517	2733	-1465
14460	2444	-4844	-1127	2439	-1474
14828	2292	-5508	-133	2471	-1802
14896	2788	-6016	-881	3342	-1279
14352	1680	-4364	-779	3452	-954
13884	2416	-3464	1400	2242	-976
14020	3720	-4676	613	1833	-590
14492	2724	-4432	-438	14356	3404
-4112	-652	2480	-2487	14504	3396
-3808	-2609	2969	-2963	13932	2448
-3248	-2355	2529	-3536	14444	2708
-3544	-1658	2294	-3314	14424	3416
-3048	-873	2129	-2387	14068	4472
-2520	-1070	1711	-1496	14212	4520
-2760	-1426	1062	-1576	14560	3492
-4148	-2302	1773	-2189	14840	3000
-3024	-2558	2747	-2411	14416	4640
-1960	-1366	2453	-2121	14768	4932
-2212	-1483	2025	-1559	14756	4336
-2924	-771	15124	3552	-3028	-612
2292	-3159	15680	5332	-2016	-52
2276	-3499	15132	5396	-2216	-398
1871	-3127	15580	5488	-2548	-281
1346	-2377	14928	5524	-1864	76
1540	-1905	14840	5972	-1648	-504
1048	-1166	15528	5952	-2476	-1967
1504	-417	14584	5720	-2432	-2325
1641	-487	15708	5244	-1852	-2305
1687	-586	14732	5056	-1436	-1156
1300	-1099	15012	5900	-1984	348
950	-931	14856	5624	-1460	662
997	-810	15048	6056	-1252	811
633	-552	14972	6512	15288	6608
-2176	-606	-477	626	15984	6464
-1640	-1367	15324	6200	-1440	-1149
-306	843	15344	5908	-1592	-1092
15352	5904	-1608	-977	-517	496
15472	5872	-916	-532	15052	5920
-748	506	-734	354	15768	6172
-2080	450	-1121	565	15476	5908
-1996	-282	-510	768	15392	5608
-1068	146	-704	663	15032	6228
-1572	287	-1489	848	15440	5960
-2048	-322	-1648	1391	15416	5728
-2080	-1063	-989	1514	14676	5560
-1560	-2004	-1046	1599	14656	4956
-1712	-754	-2142	1206	14480	5552
-1808	-786	-2463	1474	15008	5236
-2588	-1585	-2229	1896	14804	5100
-2324	-2603	-1392	1906	14676	4512
-1384	-2266	-1477	1901	14304	4920
-2292	-1913	-2563	1808	14744	4092
-2868	-1866	-1948	1926	14288	4208
-2652	-1243	-1745	1769	14148	3880
-2016	-699	-2033	1600	14172	4184
-2620	314	-2862	1247	14188	3940
-3360	158	-2708	1286	13460	3668
-3628	-224	-1889	1118	13472	3644
-2428	-426	-1784	918	12612	3192
-2660	458	-2674	746	12400	3420
-3988	-5	-3516	1827	13364	3984
12996	2260	-2772	-504	-2016	3579
11976	3136	-3368	976	-3113	3090
14264	3980	-4596	-253	-3335	3375
15304	2504	-4420	470	-2809	2979
14580	2652	-4332	1740	-3255	2295
15380	3304	-4724	698	-3930	2308
16388	2772	-5568	-308	-3657	1913
16320	2348	-6896	-304	-2200	1031
15960	2948	-6320	-1809	-772	745
16404	2948	-5980	-1904	-908	630
17448	2988	-7672	-1347	-1171	1179
17456	3272	-7324	-2545	-226	2188
17296	3192	-6136	-1543	-1145	2467
17484	2864	-7028	-609	-1852	2020
17644	3496	-7960	-1182	-385	1609
17492	2596	-6688	-1701	-311	1320
16624	2532	-5976	-605	-931	640
16784	3240	-7012	-661	-1490	809
17568	2456	-7956	-1778	-356	1652
17564	1936	-7220	-157	-595	1327
17000	2832	-6836	-629	-1069	1641
17152	2764	-7312	-1384	-1754	2330
17672	1880	-8140	-1498	-933	1906
17896	2404	-7676	-1476	-707	1418
17268	2240	-6316	-2555	-1450	1611
17308	1580	-7592	-1438	-1607	678
17436	1928	-7348	-1238	113	204
16592	2056	-5188	-1156	219	66
16612	1768	-6276	472	-830	-226
17824	1520	-7832	660	497	-129
17344	2640	-6576	856	1223	-7
17144	1924	-5528	529	423	288
17792	2180	-7276	764	-747	135
18376	2108	-7488	-829	361	174
18208	2236	-6240	-882	201	107
18080	1844	-6688	-884	-87	81
18476	2028	-6780	-626	18596	1812
-6556	-539	783	-227	18732	1896
-6968	845	19164	3076	-7432	-302
1218	-578	18980	2224	-7232	-400
19484	2192	-7780	-470	1428	-297
19204	2576	-8020	-1373	714	-173
19668	1960	-8736	-2029	1311	-449
18588	2188	-8052	-1378	1783	-982
17716	2820	-6624	-785	1471	-865
17912	2464	-7032	-954	980	-1009
17620	2488	-8040	-1584	1177	-1331
16968	2032	-6744	-1161	2099	-1913
16352	2888	-6344	-1107	1639	-1865
15448	2668	-5712	-1118	1082	-1828
14984	3084	-6276	-1933	1173	-1433
14936	2928	-5792	-3664	1677	-792
14408	3304	-4792	-4662	1726	-314
14232	2576	-5036	-5907	1452	-506
14456	1436	-5008	-4541	2014	-1526
13540	2708	-3836	408	2006	-1848
13872	2308	-4040	3066	1959	-2594
14352	3148	-4724	3091	2060	-2752
14836	3004	-4388	2453	3104	-3020
13864	3856	-3276	3106	2922	-3429
14464	3812	-3084	2598	2716	-3312
14344	3000	-3804	2711	2650	-3260
14420	4560	-3608	1409	2772	-3139
14272	3216	-3412	309	3330	-3036
13640	3524	-3012	861	2760	-3602
14036	4268	-3988	-889	2848	-2950
14408	4120	-2804	-1484	2864	-2385
14460	3756	-2832	-982	2308	-2014
14232	3608	-3332	-767	2276	-2301
14716	3788	-2492	308	2200	-2407
14696	4368	-2364	1971	2315	-2698
14748	5292	-2520	1735	2164	-2357
15228	5204	-2516	807	2316	-2131
15220	5908	15184	5204	-2028	560
2116	-1699	15580	6444	-2780	1501
1667	-1902	15316	6352	-2180	-476
2416	-1244	14980	4824	-1376	-69
2079	-1280	14820	5676	-1680	1577
1089	-1571	15388	6260	-2828	227
1691	-978	14872	6088	-1772	-138
1759	-712	14536	6076	-924	-217
1309	-647	14628	5672	-1952	-151
545	-489	15092	6456	-1988	-148
726	-581	15208	6240	-1000	-921
1097	-263	15092	6340	-988	-442
432	-261	14840	6184	-1452	-561
141	-159	15208	6212	-1812	-691
138	-105	15148	6348	-1640	-1435
563	401	14864	5684	-1212	-268
223	179	14900	6412	-1500	467
15348	6480	-2024	-128	-210	424
15588	6316	-1708	-170	190	396
15012	6424	-1496	-114	-424	497
15076	6196	-1916	125	-1107	430
15160	6140	-2436	-166	-906	787
15048	6012	-2344	-687	-367	752
15196	5752	-1308	-510	-557	882
14980	5400	-1988	405	-1706	963
14924	5732	-2484	536	-1615	987
14660	5792	-2984	-399	-1035	1027
14884	5368	-1244	-953	-1176	1372
14348	5156	-1612	358	15200	5792
-2924	-506	-2717	2122	15112	4864
-2888	-1610	-1876	2104	14944	4428
-1820	-816	-1513	1841	14304	4784
-2268	-452	-2529	1959	14568	4468
-3044	-484	-2553	1784	14256	4672
-3288	-1056	-1999	1669	14688	4688
-2016	-973	-1394	1844	13252	4312
-1996	-867	-1730	2024	13256	3856
-3264	-395	-2081	1968	14556	4220
-2480	-136	-2532	2177	14576	3468
-3512	1044	-1972	2380	13124	3728
-3336	1429	-2049	1675	13756	3896
-2688	1206	-2352	1390	14392	3492
-3704	1129	-2327	1662	13732	3204
-3904	1035	-1945	1841	13640	3268
-3440	1003	-1574	1610	14796	3484
-4040	1430	-1825	1676	14384	3504
-4456	1052	-1956	1781	13876	2776
-4600	716	-1695	1219	13896	2804
-3960	952	-2058	995	15068	3544
-4640	122	-2127	1519	14952	2820
-4920	-349	-1796	1954	14760	3040
-5080	-1053	-815	1986	15276	2216
-4600	-1037	-813	1950	15436	2172
-4964	-46	-1894	1799	16840	2348
-7548	814	-1707	2059	16768	2760
-6900	-606	-361	2423	16208	2456
-5196	-382	-1334	2327	17816	2892
-6788	-1080	-2104	2597	18396	2364
-8388	-2126	-1031	2265	17468	3084
-6344	-3102	-1502	1751	18236	2200
-7924	-2950	-1432	1488	18488	2272
-7892	-2379	346	642	17428	2396
16296	2692	-6376	-1042	-1730	430
17648	2652	-7208	-1721	-703	1090
18044	2796	-6672	-1470	45	1220
17844	3192	-6488	-1559	-954	1537
17704	2720	-6800	-1583	-1355	1573
18156	2672	-7936	-1463	-764	1234
17892	2968	-6760	-1806	212	483
17952	2212	-6448	-1627	-198	-118
18708	2088	-8340	-786	148	-155
18084	2328	-7000	-495	919	-24
17136	2136	-5088	550	-63	-232
18968	2324	-7224	1010	-410	-110
19420	2104	-8208	273	820	-346
19048	2928	-7032	-470	564	-688
20116	2556	-7256	-960	-332	-226
19920	1676	-8064	111	362	-774
20036	2652	-7332	851	1228	-977
19404	2772	-6060	1797	507	-1005
20172	2792	-7152	2520	193	-810
19476	2720	-8016	2218	1478	-1162
18660	3576	-6536	1893	1680	-1369
18236	3540	-6228	563	824	-1133
18416	2908	-7916	257	1061	-1671
18064	2560	-7292	-763	2576	-1402
16708	3204	-5380	-839	1874	-584
16428	3104	-5628	-771	675	-703
16664	4160	-7780	-2384	1192	-1477
16544	2584	-6272	-5263	3506	-1490
15008	3204	-4176	-3134	2179	-1404
14892	2564	-5272	-2840	2448	-1742
14684	1716	-5688	-1434	3136	-2681
14388	2012	-4236	-544	3505	-2605
13628	2084	-4652	156	3068	-2085
13364	2376	13908	2904	-4592	-515
2497	-2082	14344	2716	-4236	-1143
2687	-2125	14356	2448	-4128	-580
2826	-1951	13580	2964	-2936	354
1926	-1733	13728	2664	-3172	-11
1315	-1559	14128	2792	-3632	274
980	-1897	15492	3348	-4100	-146
1403	-1753	14540	4684	-3684	-948
1402	-1616	14352	4556	-2804	-2034
1382	-1740	14512	4856	-3332	-2874
1271	-1705	14936	5292	-3376	-5176
808	-1234	14900	3924	-2848	-6848
1298	-1721	14504	4568	-2396	-6698
1236	-1842	14460	3896	-1992	-6054
1901	-1124	13712	3436	-1680	-2984
2048	-864	13824	3344	-1616	-536
2102	-1271	14112	3104	-1596	1563
1855	-2148	14748	4296	-2256	2976
2385	-2471	15012	4740	-1312	3074
2952	-2421	14704	5092	-1304	3147
2285	-2527	15136	4512	-1588	2773
1559	-2072	15504	5288	-1948	2867
1177	-2025	15632	5720	-1536	1886
1838	-1470	15232	5732	-820	1809
1779	-640	15316	6096	-1464	1829
1036	-520	16184	6468	-1728	1063
693	-90	15800	5964	-1696	262
14780	5824	-1456	424	1314	-430
15740	6844	-1364	536	15052	6580
-1380	9	1514	-547	15480	6604
-1436	306	762	-697	16460	6520
-2716	-81	992	-806	15292	6284
-1748	-73	1726	-1171	14800	6684
-1492	50	1042	-1189	14780	6380
-1732	2	1254	-1619	14324	6620
-1420	43	576	-1857	14500	6040
-2016	-6	883	-1470	13848	6008
-1404	514	275	-1409	14196	6768
-1480	704	-390	-629	14504	6364
-1396	830	-651	285	14684	6460
-1876	412	15136	6148	-1556	16
-1023	1283	15224	5696	-1776	446
15168	5800	-1908	1086	-1387	1259
15260	5872	-1808	1490	15360	5856
-2260	1381	-2057	1587	15512	5812
-1856	1195	-1682	1667	15328	6064
-2224	552	-2112	1964	15260	5420
-1984	207	-1831	1932	14936	5888
-2608	-334	-2345	1977	15188	4560
-2316	-171	-1683	1837	14584	4720
-2172	1256	-1899	1388	14532	5292
-1832	1074	-3110	1930	14960	4808
-2680	1043	-2859	2520	14236	5080
-2524	1033	-2572	2774	14784	5556
-2580	-408	-2536	3646	14804	4216
-2620	-2201	14308	3224	-3164	-1537
-1398	3609	13840	3528	-3384	-1710
13740	3028	-2216	-910	-1380	3061
13800	2724	-2224	835	14548	3404
-4388	570	-2924	2750	14364	2832
-4724	-223	-977	2993	13940	2780
-3220	131	-1092	3035	13952	2972
-3360	498	-2211	2912	13948	3228
-4628	165	-2287	3096	14340	1984
-5468	-496	-1485	2722	14368	2220
-4620	-3	-920	1354	13812	3008
-4552	-252	-1219	1482	14612	3116
-4716	206	-2859	1490	16976	2976
-6768	164	-2411	1542	16660	2648
-6668	-981	-637	1154	15384	3160
-4476	-908	-889	1098	15604	2840
-5000	-595	-2050	1095	16908	2052
-7388	-225	-1216	1013	16508	1840
-7384	-416	651	483	14916	2016
-4388	-94	121	663	15020	2440
-4380	969	16640	1732	-7720	688
-2209	1059	16580	1916	-6560	870
-1056	654	16900	2300	-4584	-563
-1901	1572	17296	2008	-6636	-208
-2668	1786	17740	1692	-7560	-1351
-1366	1390	16988	1872	-5952	-2369
-552	1100	16392	2208	-5352	-2448
-1393	1164	18668	1632	-7908	-2161
-912	1346	18500	1988	-8312	-2619
158	1097	16776	1540	-5360	-2771
-704	1033	17692	2820	-7280	-2319
-1620	1178	17952	1040	-8444	-2108
597	734	17012	2156	-5624	-958
484	43	16056	2264	-5344	-747
-1223	258	18264	1076	-8928	-72
381	117	17508	1996	-6896	-245
2019	11	16488	2712	-4744	342
18320	1384	-8232	136	-1149	984
19748	2392	-9940	-1688	897	826
19464	1428	-6480	-1449	2345	340
19156	2288	-6480	-159	-59	-302
20588	740	-8900	113	115	-337
19084	2404	-6048	1268	339	-751
19900	1636	-8308	680	436	-1028
18964	2496	-7240	1022	610	-1160
19000	2300	-6376	1372	1035	-1069
19220	1720	-7088	2162	463	-1436
18336	2748	-6252	2289	2603	-2826
17824	2412	-6496	333	2356	-2728
17088	1660	-5824	495	1904	-2257
17048	2912	-6472	374	1630	-1427
16748	1780	-6144	-780	1769	-994
16180	2096	-6288	-971	2078	-1474
14988	1784	-5152	-488	2724	-2271
15740	2436	-5356	-767	2274	-2328
15532	1504	-5156	-239	2065	-2099
14608	2372	-4876	1012	2692	-2120
14804	2968	-4208	50	2578	-1593
14644	2208	-4732	-112	2171	-1897
14800	2792	-5064	-1121	2313	-1894
14540	2404	-4204	-1603	2337	-2459
14192	2696	-3068	-1573	1866	-2835
14396	2096	-4208	-1217	1722	-2301
14856	3096	-4100	-571	2172	-2422
15648	2308	-3728	-1401	2679	-2525
14276	3084	-2484	-595	1717	-2332
14600	3808	-3664	-1295	1793	-1158
14496	3464	-3200	-1493	2579	-1298
14208	2576	-2176	-2820	2727	-1598
14252	3144	-2464	-1552	2173	-1615
14204	3572	-3316	-1875	2986	-1355
14132	3312	-1996	-583	2815	-2436
15104	4384	-2460	-921	2973	-3524
14752	4092	-2296	-921	2541	-3386
15308	5320	-2172	-998	2748	-3043
14888	4784	-1240	-1651	2896	-2630
14612	4580	-1592	-1196	1916	-2439
15480	4904	-2580	-1315	2062	-2148
15212	5164	-1772	-2197	2860	-1791
14708	4572	-1072	-881	2317	-2059
14688	4216	-1328	551	2014	-1541
14296	4888	-1448	2145	1650	-1121
15024	5084	-1444	2932	2100	-773
14724	5748	-648	3452	1991	-842
15260	6124	-1032	3084	1555	-1040
16012	7136	-1436	1706	1418	-705
16468	6508	-968	219	1494	-60
15956	6164	-944	131	1409	-436
15248	6292	-280	-106	1423	-604
14560	5616	236	141	1101	-908
14252	6072	76	32	899	-937
14364	6072	-356	123	847	-508
14500	6340	-528	138	1050	-159
14944	6176	-544	125	641	20
15504	6332	-504	-66	83	107
16344	6176	-1260	-445	151	107
16200	6432	-1548	-558	295	31
15632	5672	-1580	-339	-267	-787
15988	5592	-1620	156	-14	-833
15576	5668	-1548	1063	123	-1089
15672	6212	-1144	1705	211	-869
15360	6088	-952	2124	-254	-745
15752	6356	-1288	2250	-517	-918
15888	6896	-1448	1095	-5	-743
15600	6348	-588	379	192	-673
15596	6668	-728	663	-549	-633
15940	6720	-964	-218	-638	-236
15968	6440	-1392	-421	-191	-56
15484	6628	-552	-226	15516	6076
-752	110	-554	-231	15964	6264
-1136	89	-441	-307	15424	6584
-1152	-209	17	-500	15648	6020
-956	-266	31	-474	15716	6448
-980	220	-208	-611	16372	6496
-1668	-17	-63	-308	15840	6652
-1576	-621	619	-350	15660	5968
-1456	-193	614	-686	15552	6248
-1664	206	308	-810	15208	6264
-1520	801	-66	-805	15276	6784
-1984	792	-211	-705	15392	6540
-1972	173	311	-471	15364	6796
-1468	252	44	-285	15756	7096
-1800	-275	-2	-107	15428	6600
-1816	-734	129	-6	15412	6612
-1408	-526	-203	-220	15388	6688
-1488	-195	-390	-326	15528	6320
-1568	-71	-429	-375	15544	6840
15460	6676	-1104	-488	34	-1
15400	6448	-1088	-329	-402	-61
15400	6752	-1984	-604	-652	-6
15548	6924	-1324	-1199	-208	242
15520	7240	-1232	-2554	-350	826
15600	6736	-908	-2951	-305	766
15764	7096	-1604	-3771	-644	982
15840	5596	-1328	-2530	187	378
15548	5804	-1224	-24	350	-419
15316	6536	-1468	746	683	-433
15436	6664	-912	697	603	-272
15260	6604	-1340	596	241	-138
15544	7068	-2040	-268	-82	190
15604	6736	-1372	-970	353	361
15604	6376	-1248	-567	-55	283
15616	6492	-1396	-553	-332	206
15440	6516	-1752	-408	-170	224
15416	6496	-1368	-236	55	277
15160	6504	-1200	271	-90	-98
15540	6640	-1676	112	-131	-39
15544	6512	-1476	11	51	-57
15592	6496	-1288	279	15520	6840
-1708	212	-240	-158	15548	6740
-1632	-62	-273	-68	15560	6808
-1620	-432	-148	-53	15604	6620
-1280	-662	153	8	15408	6460
-1248	-252	-306	-118	15588	6412
-1564	-179	174	-186	15576	6548
-1384	54	525	-119	15384	6560
-952	70	359	-97	15436	6688
-1292	140	-35	-137	15676	6576
-1660	-89	145	-106	15508	6904
-1480	-386	397	43	15496	6480
-1220	-449	15588	6780	-1668	-419
-50	-4	15600	6240	-1152	-409
77	38	13620	7928	-3820	1416
-1303	-2986	15964	6440	-1872	-1654
-1428	433	16816	6740	-2492	825
-260	-229	14576	5708	-1308	2535
-629	-1289	16452	6992	-2428	1925
456	-1923	15696	6756	-1856	-335
1445	-1436	15696	6756	-1856	-335
