0	0	0	0	0	0
15588	5560	368	-2796	-84	-151
14568	5900	-856	633	-2608	294
15500	6384	-2404	936	-1153	-182
15344	5756	-1856	1635	-941	-931
17116	5360	-1936	2465	1522	-2394
13264	11436	-2704	-686	2048	-2122
12520	6836	-1188	-9734	-5002	6723
20864	-2824	-2116	3073	1890	-2466
13124	11928	-2764	1034	115	-860
17204	3360	-3372	-3134	324	1945
14772	5280	-2368	731	-26	-25
16316	6224	-2840	-350	17	299
14872	5256	-2344	-57	242	118
15752	6124	-2552	133	-286	409
15404	5656	-2248	-146	206	469
15500	5836	-2520	454	-247	306
15764	6288	-2396	-26	-199	348
15804	5680	-2440	495	-176	92
15680	6156	-2628	969	-176	-273
15932	5968	-2468	755	-155	-415
15968	6140	-2392	1017	-25	-774
15952	6416	-2136	832	-25	-834
16084	6356	-2356	225	-35	-837
16072	6460	-2716	232	170	-1171
16476	6992	-2660	-764	133	-965
16328	6540	-2736	-1303	406	-1521
16452	6552	-2632	-1538	-132	-2278
16056	6604	-2772	-1473	4	-2613
15840	6384	-2380	-2285	129	-2300
15584	6744	-2088	-1503	448	-2425
15364	6636	-1952	-1801	150	-2236
15888	6980	-2520	-2257	42	-1920
15752	6744	-2068	-2451	722	-1690
15180	7160	-1892	-1592	461	-1759
17064	7336	-2736	-1729	64	-1788
17108	6512	-1592	-1643	1579	-2498
14948	6700	-1744	-118	498	-3657
16132	8064	-2660	-250	-99	-3548
15968	8392	-1964	-1264	889	-3336
14860	8020	-1200	-1102	611	-3413
15240	8800	-1872	-1087	136	-3682
15100	9056	-1456	-2676	521	-3148
14668	8440	-1756	-2312	-78	-3432
15120	8948	-2236	-2169	713	-3596
14220	8628	-880	-2351	505	-3376
14872	8140	-1516	-409	-111	-3870
14552	9780	-2076	158	782	-4642
13968	10028	-1988	-728	674	-4246
13932	9384	-1936	-156	794	-4610
13280	11224	-2168	712	530	-4968
13468	11156	-1944	-605	43	-4483
13620	10192	-1400	109	-258	-4982
13820	11756	-2312	482	-965	-5479
13128	11860	-2972	-198	-908	-5623
12848	11520	-1852	-1575	-1068	-4723
12188	11884	-1820	-2233	-2070	-4474
12196	11720	-1984	-2705	-2437	-3927
12048	12484	-2012	-2705	-2640	-3668
12528	11788	-1704	-2639	-2402	-3791
11700	12116	-1928	-1910	-1973	-4301
11312	11196	-1964	-426	-1392	-4717
10920	11816	-1352	-279	-1559	-4696
11032	12412	-1512	-345	-1276	-4492
10472	12636	-1440	-440	-411	-4423
10128	11484	-480	-61	-241	-4247
10504	13876	-2500	-355	-109	-4261
10832	13808	-2288	-2347	1334	-3758
10672	12108	-720	-2392	1861	-3787
9392	11912	-760	-1094	1518	-3926
9564	12244	-1544	-176	1229	-3859
9440	12852	-1152	-792	1731	-3150
9112	13296	-984	-366	1090	-2760
9272	12756	-1492	73	1175	-2438
8696	12108	-576	272	1420	-2176
7980	12928	-1060	319	1221	-1605
8348	14744	-1568	-1131	1147	-1057
7812	11888	-780	-1593	1580	-431
7676	12948	-396	-3092	1208	-460
7856	12796	-1080	-1544	705	-595
8612	12448	-540	-1110	941	-215
9308	13420	-328	-1338	166	267
8800	13272	-168	-1592	29	540
8504	12680	-1088	-1734	91	863
7940	12612	40	-3985	1064	813
8108	13096	-400	-3297	1080	111
8228	12280	900	-2633	747	-78
7780	13440	-852	-1786	711	-503
7552	12404	-180	-2721	1361	-446
8708	13168	-20	-2032	571	-464
8232	13512	152	-794	305	-525
8028	14076	-536	-925	-681	-32
9324	12528	684	-530	-389	-490
9004	13544	916	-94	-542	-504
8516	13768	860	-1349	384	-296
8488	14564	-788	-1975	-49	-25
8260	11072	2184	-283	391	-403
8688	13908	-664	1035	-523	-713
7728	14148	-424	-546	340	-565
8020	12320	248	-533	-46	-497
8000	11720	1020	1097	-232	-668
8552	13488	-408	1418	-262	-505
7632	14804	-480	-222	369	-145
8492	13660	-60	-1531	576	148
8664	12440	952	31	838	-162
8060	12340	844	2457	731	-488
8136	14704	-1164	807	709	272
8992	13984	452	-1963	1752	1110
8428	12268	1580	-873	1852	885
8132	12452	136	1724	1114	929
8988	14412	-1608	131	1653	1410
9432	13560	1044	-1816	2629	1449
8252	12000	2340	1182	1800	1394
8972	14976	-1840	1249	1224	2114
9608	13332	-1000	-2268	3828	3204
8932	10940	2536	-1576	3119	3269
10060	14388	544	2650	773	2550
9696	14712	-1332	670	2215	3122
10184	13864	404	-524	1866	3392
10552	12480	876	-1066	2426	3610
9912	11596	1300	720	984	3366
10680	14056	-364	-46	943	4063
9988	11932	880	-588	1431	4509
10452	12248	444	331	217	4260
12072	12888	4	-1062	91	4588
12084	12324	1032	419	602	4381
12228	13344	148	1466	-307	3657
12112	13536	644	537	15	4135
12600	11476	1340	1747	-253	3477
12316	14188	204	2741	-716	2177
12040	12892	-492	329	-265	3048
12428	11704	876	-1006	442	3476
11448	9456	564	-40	-272	3005
12464	12660	-124	1415	-1023	3062
13080	11252	404	-1192	372	4209
12772	9956	372	434	-705	3940
13360	11320	-480	1838	-618	3648
13008	12524	-452	-724	-839	4602
14168	9972	368	-1140	-562	4685
13936	10156	-368	954	-1208	3227
14172	11180	-824	1014	-1354	3185
14244	10612	-180	55	-712	3481
14144	8924	776	1241	-589	2964
13664	9512	-708	2227	-1532	2284
14740	10296	-584	910	-805	2701
13820	9296	228	210	-37	2670
13796	9572	140	759	-735	2808
14900	9348	-708	1386	-791	2874
14664	10556	-1688	-860	-216	2888
14320	7820	140	-1790	-110	3225
14820	9032	80	671	-1251	2705
15220	8592	-1040	140	-468	3294
14356	8388	-1352	-439	-900	3440
15360	8148	-1068	-1034	-1248	3643
15708	8136	-1240	-249	-540	2657
15400	7052	-916	-90	-492	3102
15096	8708	-1432	665	-670	2658
15332	6656	-1000	658	-644	2723
15804	7488	-2148	1950	-1046	2249
15720	7356	-2044	1132	-460	1940
15376	7720	-1652	1041	-531	1703
15352	7068	-1636	570	116	1801
14552	6440	-1128	882	-224	2014
14920	6564	-1072	1513	-878	2394
15424	7108	-1952	1305	-916	2535
15652	7216	-1608	-420	-779	2943
15628	5724	-1184	-1210	-826	2984
15452	7216	-2184	1521	-1220	1978
16540	8200	-2656	-1954	-503	3456
16352	4936	-1624	-1778	657	2322
16240	5768	-1648	357	-26	1481
16252	6516	-2204	540	-9	1400
15788	5576	-2308	-321	113	1426
15924	5536	-1592	-186	-170	1066
15936	6548	-1664	-104	-387	906
16032	5616	-2240	-690	-364	961
15972	6088	-2516	-984	-346	738
16104	5892	-2028	-2275	-66	676
16256	5040	-1668	-1873	30	360
16096	5208	-2064	-719	195	-71
16204	5912	-2156	-783	183	-63
16208	4852	-1484	79	258	-567
16200	6048	-1684	792	107	-1067
16716	6072	-2160	-518	-137	-1187
16968	5936	-2044	-1208	303	-1570
16760	5880	-1616	-627	130	-2404
17096	6588	-1896	-702	-106	-2583
17572	6500	-2048	-2419	-112	-2200
17124	6192	-1448	-1596	-228	-3503
17236	6564	-1876	-2246	-180	-4552
16808	6656	-2096	-2446	-259	-4769
16588	7332	-1516	-2404	71	-4887
16456	7608	-1324	-1955	-146	-4701
16484	7880	-2176	-1660	408	-5047
15588	8112	-1780	-2768	884	-4588
15948	7976	-1340	-2768	322	-4545
15848	8248	-1288	-1862	781	-5126
15136	8740	-2256	-1260	673	-5429
15708	9660	-1772	-2120	1005	-5075
14860	9804	-1468	-2369	1166	-5099
15320	9108	-1188	-2167	1126	-5366
14368	9900	-1864	-1078	499	-6526
14076	10516	-1664	-2052	71	-5660
13688	10220	-964	-2113	123	-5151
13048	10172	-624	-1672	-108	-5504
13356	11284	-1368	-1747	-526	-5439
13004	11152	-1128	-1707	52	-5463
12852	11032	-864	-781	-34	-5941
12900	11820	-1476	-182	-65	-6229
12300	11656	-684	480	194	-6294
11400	11956	-1600	1125	-468	-6359
11228	13616	-1104	-1366	-347	-4969
11108	11056	-332	-1017	-591	-4732
10964	13020	-416	-1384	-1324	-4307
11148	11896	-252	-849	-813	-4236
11028	12628	-676	-1017	-393	-4071
10200	13380	-204	-1559	190	-3591
9924	12476	-40	-1198	233	-3684
10148	13960	-752	-1262	-163	-3838
9772	14256	-580	-2407	677	-3727
9640	13980	60	-1613	532	-4128
10288	14276	156	-1964	-170	-3719
10684	13760	1172	-2312	469	-3146
9304	13340	932	-2711	205	-2778
8552	14752	-208	-4946	461	-1365
7900	13748	620	-5910	973	-559
8464	12368	1280	-4747	302	-1010
7492	13032	1068	-1575	-363	-1594
8856	13788	-240	-936	-1057	-1116
9628	13364	216	-2941	-129	-374
7956	13240	1284	-2793	53	584
8264	12396	756	-3580	-290	2326
7688	11684	1928	-3540	-259	2999
8884	12024	940	-2394	-119	2285
8584	14536	284	-4029	316	2702
9608	11864	1820	-4061	1013	2193
9252	11776	604	-1089	1421	599
8924	14664	668	-2440	1193	760
9640	11408	2120	-1891	1629	637
8416	9472	1428	59	1238	-133
7288	12792	1504	742	234	375
9888	14732	1008	-1815	723	1154
9080	12536	3812	-4484	1390	995
9912	9632	3936	-1934	1916	-493
7024	13268	688	1169	1134	-2063
11264	11772	1788	-1572	2290	-898
6968	13084	5600	-441	1423	269
8656	15432	556	-2584	-192	1049
9208	10144	3172	-3401	1098	821
7564	11880	3632	364	-725	-440
8216	13712	2644	620	-1358	-1049
8272	14700	1880	-1003	-2147	-999
8720	10760	4192	-1402	-1849	-641
8636	12352	1984	-1193	-1962	-1175
9432	11276	2752	310	-1556	-2258
8964	11732	2424	1426	-1554	-2288
8524	12324	2036	798	-627	-2288
9272	12132	2292	-625	-111	-1641
8656	12296	2468	-302	769	-1415
8412	13212	1464	-1018	277	-1310
9360	12296	2812	-399	674	-1089
7716	14836	976	-388	1581	-1046
9060	12636	2392	-2084	1248	-1232
7376	11304	3768	2552	2068	-2279
7424	13960	856	3467	-90	-2690
9148	13884	556	708	2265	-2003
6740	12476	3888	2411	2473	-1901
7296	13068	1848	4436	491	-1631
7396	16248	-1096	1228	1212	-692
8824	13532	2488	-1997	2733	404
7132	10632	5664	2886	3176	375
7516	14008	1440	5304	-731	78
9604	17504	-1020	671	1799	1575
8156	11672	4736	216	4335	2681
7832	12700	2724	4570	219	2023
9744	16096	-1604	1814	1123	3250
9508	14076	1660	-1132	3577	4956
9492	12088	3248	1286	2423	5201
8720	12896	1412	3932	634	5032
10228	14796	-532	1705	111	5831
10580	12932	2136	1232	2006	6579
10284	13708	2548	3488	234	5554
11104	14892	344	1881	191	5830
10540	13120	796	-527	1374	6777
11412	13024	1744	-505	66	6366
12752	12360	1416	135	262	6291
12256	11524	772	1709	833	5837
11840	13464	-88	3081	-1073	4414
12572	13676	384	-172	-570	5924
12484	9900	1108	-532	140	6221
12380	11972	412	3288	-1471	4063
13520	12672	408	-4	-794	5678
12508	9524	628	1507	-233	5520
12676	11476	-156	1607	-1515	5037
13644	11252	404	-986	-1347	6325
14072	8220	1196	622	-1488	5921
14024	10496	-1212	3387	-2320	4417
15196	12876	-744	-1410	-2628	5943
16404	7652	644	-1307	-1682	5196
15196	8520	156	2369	-1745	3696
14224	10052	-944	1921	-2383	3953
15768	10144	-608	-546	-2145	4929
15884	7296	-80	-691	-1102	4226
14976	7668	-148	746	-2079	3605
15328	10192	-1796	1013	-2730	3518
16176	7900	-1516	-2622	-592	4603
15448	5956	444	-474	-155	3893
15192	7604	-740	1836	-1128	3311
15524	8100	-2044	1205	-1456	3852
17060	8284	-2064	-1899	-149	4341
16612	5904	-448	-614	596	3176
16164	6740	-1144	-75	-425	3041
16152	5828	-1060	301	-304	2913
15428	6524	-928	706	-842	3080
16316	6088	-1704	243	-689	3878
16452	5760	-1228	-482	-519	3836
16604	5424	-1260	-434	-593	3241
16396	5292	-1700	326	-938	2671
16932	6624	-2344	-1492	-748	2954
17004	5248	-1188	-1909	-85	2252
16592	4196	-1820	-1364	-91	1491
16532	5984	-2180	-1532	-678	856
16860	4708	-1480	-1944	226	324
15876	4984	-1356	-571	-87	-367
16000	5280	-1632	-845	-110	108
15956	4532	-1464	224	39	-115
16140	5984	-1620	-65	-75	-187
16320	4876	-1700	-70	89	-535
16628	5104	-1604	481	-109	-1027
17532	5468	-2008	34	-225	-1719
17216	5108	-1944	1013	181	-3137
17556	5796	-1616	801	171	-3412
17576	5716	-1488	407	-270	-3637
17260	4768	-1028	1347	238	-5036
17088	6868	-1804	833	-245	-5240
17676	6948	-1732	-651	267	-5071
17272	7332	-824	-239	29	-5410
17188	7380	-2024	-1883	-314	-5228
17040	7832	-1832	-2704	167	-5776
16840	8260	-1556	-2618	362	-5661
16728	8044	-1052	-2402	624	-5781
15452	9040	-1580	-2770	338	-6110
15844	8592	-2036	-2596	292	-6195
15572	10328	-2068	-2808	634	-6457
15216	8776	-960	-3068	1509	-6254
14236	9020	-1220	-1533	1290	-7215
13872	10092	-2240	-1889	772	-6310
14396	10428	-1820	-1746	1637	-6155
13808	10152	-780	-1570	1413	-6210
12948	10232	-1268	-799	1065	-6411
11916	10952	-1488	-1171	829	-5864
12436	11588	-824	-1513	297	-5106
13572	11524	-440	-1306	494	-5131
12464	10920	-780	-949	1251	-5248
11612	12292	-1024	-177	944	-5320
11724	12696	-296	-1194	1574	-4502
10648	12132	-260	-1867	1092	-4237
10228	12796	-568	-2225	-28	-3950
10740	13224	-1152	-3019	-130	-3295
10844	11916	136	-2320	645	-3716
10172	12188	160	-1949	100	-4115
10208	13028	-420	-1457	220	-4528
9868	13144	704	-2712	598	-3875
9676	13760	1484	-2942	505	-3206
10096	13648	192	-3014	-329	-3323
10184	13728	700	-3514	247	-3040
10076	12212	2008	-3735	133	-2083
10560	14524	1216	-3397	-595	-2419
9880	13752	1376	-4303	656	-2106
8304	12480	2436	-3838	985	-1607
7916	14132	1872	-3005	-102	-1191
8704	13084	2004	-4352	-280	-583
8008	12248	2856	-3729	-1107	-205
9388	12712	1640	-3654	-1760	497
9856	12232	3564	-4297	-542	1508
9100	12128	3656	-2331	-902	1419
9084	13684	2032	-3429	183	2439
8304	12116	3372	-4923	730	3029
10188	11788	4788	-3930	-569	2175
9640	14440	1828	-3415	1261	1925
9096	13624	1808	-5332	1556	1975
9504	10824	4196	-4539	1229	1788
10040	11120	3208	-2305	627	1507
9812	13240	1964	-2512	1128	1553
9844	13068	2124	-4856	812	1902
9232	10540	3328	-3888	1785	1795
8292	9608	3612	-473	-575	451
10540	10344	3144	-322	-234	334
9096	11444	4240	-466	85	-90
9880	11736	3508	21	-151	-893
10244	10300	4008	449	553	-818
9868	12748	4652	1139	-412	-318
9644	12920	4064	-484	663	-4
11556	12084	4380	-1759	318	-199
8764	10896	5648	809	1500	-777
9448	11632	3256	501	-74	-1357
9380	11056	4608	-119	1161	-1498
7944	12512	4132	814	-1114	-1736
8624	11160	3788	-105	-822	-1892
7400	9596	4296	375	-1632	-2613
8716	11152	3840	513	-1636	-2792
8504	10532	4044	1708	-1025	-3104
9184	11760	3824	837	-1016	-3036
8956	10128	4152	1414	888	-3130
8340	11784	2528	1688	95	-3445
9220	13100	2112	846	1979	-3226
6244	14136	3280	-614	1603	-2649
8356	12252	3104	-1593	885	-2068
7732	11400	3804	1199	1883	-2392
6984	12656	3016	2663	1076	-2396
7652	14008	1808	2750	962	-2655
8684	11180	3720	3116	2923	-2660
6632	12604	3728	7090	3031	-3313
6664	16880	-140	5377	1053	-2154
8928	14568	1168	2048	3455	-532
7408	13580	4260	3200	3611	-403
6100	15972	1736	4303	657	323
9632	15364	-172	295	1771	1877
8428	14012	3592	-274	4664	3034
8212	13116	4776	2537	1360	3097
8820	14896	1544	3372	756	3761
9692	14940	1212	-116	2290	5129
9080	13352	3800	12	3041	5990
9488	14608	2436	1708	1014	5653
10344	14632	1184	-442	1273	6672
10696	12936	3176	1219	1019	6711
10752	14344	2428	2803	-355	5953
10564	15416	1516	1100	-1268	5996
11500	12516	1612	142	-1308	6533
11172	14428	2368	797	-1385	5990
10976	13152	1640	-4200	-1991	7626
11704	10512	2524	-1283	-1739	6619
12136	12300	3388	1360	-2538	5547
12580	11484	1052	777	-2611	5997
13208	10656	1004	2243	-1951	5772
13272	13116	1860	3416	-2646	4290
14144	12872	224	1429	-2076	5248
13032	10544	212	1177	-403	4318
12548	11284	996	1274	-1623	4260
13656	11996	92	49	-2824	4720
14028	9088	804	-1410	-1005	5227
13396	9552	1684	1783	-910	4012
13848	11272	-192	308	-2326	5127
15936	9352	-164	-1731	-652	5793
15020	7212	1728	452	-93	4940
14548	9332	328	2832	-1550	4262
14912	9908	-160	-1028	-1771	5570
15780	7824	1416	-1168	-1250	5396
15036	7924	-352	1788	-1352	4436
15240	10900	-1128	-1281	-2099	5051
16692	7336	788	-3840	-1262	5236
16144	6888	-376	-231	-987	3644
16240	8792	-1300	-213	-688	3412
16468	7584	72	-2643	-599	4009
16084	6628	448	-577	-1198	2834
16332	7164	-892	36	-1875	2496
17048	7460	-1204	-2089	-841	2400
16704	6448	44	-2410	-351	1493
16144	6604	-436	-1517	-314	1004
16248	5868	-76	-1875	284	1272
15692	5748	512	575	-252	392
15616	6732	-1512	732	30	118
15692	6244	-1152	-792	804	312
15800	5228	164	852	1063	-200
15828	6888	-1064	2363	-27	-801
16144	7456	-1148	567	-237	-593
16180	6252	-572	127	491	-738
15820	6852	-316	-331	288	-949
16192	6388	-580	33	-53	-1231
16328	7296	-828	-1181	-44	-843
16488	6548	444	-1179	199	-1017
17120	6548	-312	-602	257	-1606
16720	7040	-640	-1072	-117	-2261
16808	6536	-668	-1586	16	-2614
16796	4896	448	2259	166	-3617
16204	7800	596	4312	-1205	-4186
18184	8140	-1072	4490	-278	-5197
16892	8888	-1100	3008	782	-5959
15972	9516	-88	1075	437	-6037
15552	9628	-1608	-527	15	-5951
15528	11776	-1508	-3564	308	-4815
15324	9864	-636	-5520	603	-4060
15200	8128	-772	-5585	590	-4157
14604	9348	-1236	-5875	182	-4391
14980	8476	-432	-4719	635	-4616
14264	9748	-748	-3865	882	-4795
13900	9348	112	-3570	844	-4563
13612	9392	16	-2916	913	-4350
13212	11060	-124	-2184	1292	-4488
13660	10392	800	-1745	1679	-4277
13044	11420	384	-1322	1182	-4682
13192	11140	44	-1115	279	-5147
13624	12632	-540	-872	1044	-5262
12400	12916	240	-2366	1569	-5269
11884	10872	1120	-1860	847	-4828
11496	12576	340	-968	258	-4909
12164	12424	712	-1743	615	-3658
11124	11180	1676	-371	1235	-4263
10032	12884	592	476	-422	-4753
10996	12448	508	-1675	-228	-3777
10792	11424	1600	-810	-42	-3538
10284	12764	788	-1450	-97	-3317
10420	12872	628	-3455	-78	-2503
10128	11944	1496	-3217	898	-2345
9780	11336	2340	-3132	634	-1741
9876	12872	1100	-2883	11	-1541
10512	12908	2208	-2960	191	-1114
10680	11248	2584	-1561	297	-996
10028	12876	2008	-924	51	-697
10356	13844	1872	-2435	334	384
10628	11912	3036	-2707	1108	918
8460	11280	2748	-1424	782	1144
8152	12584	1432	-1796	-679	1405
9044	11860	2724	-2789	-315	1866
9700	12144	2600	-1654	-718	1386
9568	10820	3500	1110	-696	703
9868	11320	1928	-1415	-1613	876
11656	10184	4256	149	-1373	982
12200	13200	2616	185	-848	1573
11672	12092	2928	-2065	1778	2564
10220	10444	4504	-1419	1288	2410
9052	14844	2608	1351	161	1882
10964	11684	2752	-1943	224	2949
11248	12264	4884	-2329	649	1773
11684	13636	1432	-1248	981	-173
10768	12844	3292	-3691	2298	766
11016	14448	3712	-4401	1288	1044
10936	12968	4160	-4573	1061	816
10476	13564	1720	-4510	580	994
10192	12132	4752	-4411	-597	1680
10964	8540	4168	-1660	-231	93
9052	11328	584	-2286	-953	-1062
11768	9588	3844	-2105	2	-1566
10180	9180	5064	497	-813	-2091
11680	12124	852	2352	-1172	-3821
9900	10744	3392	295	389	-2255
12632	9744	4872	1318	-118	-1843
7132	13904	1540	659	200	-1933
13104	9268	1276	-4762	938	-321
8148	8124	7360	107	1078	-824
10844	11064	1112	1278	-1846	-543
10572	12788	2372	-2459	1461	871
8388	8508	4448	825	204	-1234
9428	10948	2832	1649	-1072	-2648
9024	12540	2868	1197	-852	-3259
9364	10240	4548	1064	-461	-3619
9316	14216	2476	-435	-1438	-4050
9260	11288	4144	-2376	1469	-3106
7972	8824	4856	718	-394	-3750
8792	10976	2380	1935	-340	-3271
8704	12580	1740	51	1211	-1872
7792	10520	4184	1207	1027	-2112
7984	12732	1996	2119	9	-2456
7684	14272	640	-1025	1769	-1492
7032	9364	5204	1980	1925	-2286
7444	11812	3156	6244	159	-3450
8512	15484	-484	3340	1297	-2713
8708	12604	3112	1390	4577	-2500
6576	12880	4848	5684	2957	-3570
8616	16836	0	4545	1606	-2440
8740	16148	540	-665	5590	-506
7120	12408	3740	-511	5591	1235
9204	13368	2824	1640	3238	1548
8308	12396	2944	2448	4767	3001
7448	14100	2876	3244	2966	3955
10148	16088	1372	701	1331	5411
10856	13520	3136	-2396	3278	7486
9452	11348	5064	4881	2232	6211
10472	17376	168	4823	-1340	5429
12620	17708	20	-3260	1036	8461
11768	9468	4908	-39	2069	7457
11968	14260	3116	4928	-2203	5405
12888	15068	364	1438	-1158	6724
11812	11788	3472	1520	345	6682
11376	13404	1964	3614	-2134	5858
12332	14112	436	-1039	-2602	7492
13180	11032	2896	-1495	-1704	7471
12620	11328	2468	2278	-1922	5514
12972	13708	500	-1795	-3401	6549
15092	10020	2304	-2991	-1580	6981
13980	9776	1836	909	-1900	5166
13968	12800	660	183	-2911	4757
14392	10656	864	-2877	-2187	5586
14456	9168	1892	-2061	-2380	5136
13248	9180	1220	-1054	-3028	4401
14508	12040	4	-3890	-3051	6124
15620	6832	1852	-5219	-1305	6459
13980	8252	852	-918	-3034	4864
15432	9680	-464	-2020	-3382	5607
16632	7708	920	-1370	-2362	5363
16956	7436	576	1309	-2206	3759
16128	8084	-624	1025	-2444	3027
15412	7804	-384	-658	-1816	3352
15004	6840	1308	-448	-1620	3678
15044	7864	-292	56	-2155	3932
15276	7460	-800	-1585	-1287	4446
16088	6464	556	-2325	-1304	4726
16432	6064	692	-113	-1534	4058
16764	5860	-1392	869	-1500	3613
17232	5308	-888	924	-794	3090
17500	5456	-572	2752	-594	2146
17040	5608	-960	3169	-502	1124
17024	6292	-1256	2535	-546	470
16656	6308	-472	120	-167	631
16676	5204	-804	-256	-91	167
16528	5956	-852	-1484	60	173
16320	5236	-312	-2451	208	461
16272	4792	-112	-1151	-225	342
15860	5632	-920	-686	-261	450
16152	5360	-1344	-853	-101	500
16452	5404	-1268	-312	307	-132
16360	6088	-388	-571	164	-508
17144	5576	-752	-56	-389	-929
17408	6784	-1240	799	-67	-2284
17412	5972	-1256	-1011	883	-2571
17456	6148	-136	-354	115	-3711
18312	6492	-1120	1350	411	-4766
17312	6516	-1172	-248	244	-5239
18516	5972	-164	-99	88	-5948
17424	7124	-384	949	170	-7247
17052	8176	-504	-1196	283	-6390
16884	7900	368	-2187	460	-5893
15884	7660	-128	-1869	33	-6167
16144	9272	-764	-1545	442	-6170
16704	9364	-392	-2606	1878	-5619
15272	9928	-136	-1780	2627	-6198
15512	9708	-144	-2374	2635	-6183
15460	9988	-400	-1083	2936	-7496
13948	9940	-128	-1043	3844	-7018
13432	11292	488	-555	3385	-6535
13728	10768	236	-1902	3160	-5583
13268	10856	-544	-861	3095	-6401
11988	11724	-168	-2272	3135	-5356
12112	10992	604	-2516	2644	-4676
11900	11804	260	-2311	1970	-4738
11808	11108	448	-2459	2195	-3706
10876	10740	1396	-1562	1844	-4097
10740	10896	1188	-708	1210	-4144
10744	13160	960	-513	214	-4260
10940	13276	888	-2195	1021	-3783
10764	12456	2280	-2163	373	-4363
11072	11772	2428	-623	483	-5148
10316	12756	1368	-641	996	-4974
9448	12604	2576	-2037	1158	-4076
10088	11504	3220	-1246	163	-4087
10512	13972	1732	-1858	-462	-3353
9984	13464	1924	-2403	79	-2357
9336	13900	2748	-2998	-382	-1644
9908	13264	2996	-4082	-720	-1046
9832	12836	2788	-3710	-989	-1076
10960	11664	2648	-2651	-371	-1229
9344	12408	3668	-2196	693	-16
8896	13200	2924	-2189	-1342	-257
9000	11600	2996	-808	-1410	-609
8048	12780	2244	-2487	-1548	31
8664	11660	4588	-2030	-1900	-81
9600	11844	3452	999	-2504	-878
10052	13956	2120	-1217	-855	383
10332	12500	2684	-2464	164	966
11872	10036	3636	-2835	1678	2287
9320	10656	3548	-1031	2172	2635
8676	12624	2136	-2676	1414	3719
9716	8692	4296	-1694	2163	3160
8240	12876	2112	2128	455	1441
9436	13404	1024	-2752	1622	3246
9308	10744	4580	-4302	44	3292
10276	10040	3156	-815	433	1262
10304	10436	2396	-352	951	1010
9272	12784	2880	-1011	592	441
10632	11132	3868	-2	923	-378
10564	11784	2852	1522	100	-1272
8988	12504	3396	1658	706	-1909
10064	11316	3904	1565	-1258	-3432
12244	11520	4104	1675	884	-2900
8836	14144	3868	665	1499	-1439
10920	12980	3072	-3063	1202	401
9616	9508	5220	-850	2587	400
9264	13240	3600	-388	179	657
8152	13472	2052	-2688	1620	885
9744	9752	4132	-2428	-280	-430
7996	8672	5200	2543	-97	-2158
7656	15164	1696	1487	-2123	-2339
10076	11996	4720	-2309	-600	-761
9200	10272	5292	-1652	-491	-1594
7484	10372	3132	-2110	6	-2204
7620	12284	2416	-3207	-644	-2829
8848	8164	5256	-736	-203	-3183
7300	9820	3520	4131	-284	-4446
7892	16240	-284	-1468	-272	-2990
9700	8732	4624	-3345	2650	-1569
7448	9544	6356	1732	2166	-2907
7204	14416	500	1792	1219	-2411
8356	13816	1496	-3239	4436	-977
6492	9152	7956	1802	3952	-2086
7816	12384	3620	5813	256	-2905
8468	16568	440	2598	2952	-1660
7512	13672	3988	-1213	4823	500
8404	11000	5796	3203	3592	432
8188	16728	3188	4603	1951	1103
8348	15240	2136	1365	2358	2802
9380	13396	4552	970	1634	3655
9604	14044	3848	4243	1197	3899
9520	15452	2164	1219	279	4876
9356	13104	3848	-45	1319	6575
9584	12340	5800	1323	598	7268
9724	13384	2736	1643	-1706	7423
11572	14340	1796	422	-996	7598
11704	13588	4460	196	532	8085
10940	13060	3648	1078	-1135	7518
11668	12428	2188	1079	-2577	6974
13848	11864	3436	3518	-2033	6361
12424	13304	3056	3361	-1642	6411
12572	10156	1740	2498	-2595	7183
13580	12788	2912	2284	-2351	6738
13184	11324	2548	1027	-2833	7103
13748	11100	644	1331	-3043	7229
14184	11708	2116	-923	-2456	7825
15044	10596	1096	-574	-3598	8073
15520	10408	-120	-1636	-3693	7037
15520	9828	2184	-1140	-3493	6442
15548	9868	944	32	-4299	5674
17148	8868	-568	-852	-3181	5543
16368	7328	784	-133	-1761	4302
15400	9144	1192	816	-2750	3706
16380	7432	328	-965	-2189	4565
15808	6916	776	1045	-1160	3573
15628	8252	868	1166	-1430	3323
15848	7540	16	-373	-1592	3784
15876	6768	1044	-719	-1072	3764
15784	7080	240	839	-1511	3435
16636	9076	-688	-1918	-1137	4235
16912	5808	1204	-3110	-155	4424
16688	5968	-312	-1003	-1245	2969
17172	6996	-1020	-2291	-706	2449
17144	5680	204	-3711	331	2262
16624	4480	704	-1487	43	1263
16108	5384	-464	645	-291	296
16312	6336	-972	-917	261	859
16296	5048	1148	-766	629	835
15696	5604	68	710	-523	172
16296	6732	-1352	-341	-460	177
16520	5576	-16	-1816	327	544
15960	4936	608	153	142	-193
15928	5912	-664	1235	-382	-632
16356	6428	-460	-61	47	-460
16176	5648	540	210	430	-858
16532	5888	-76	1141	-33	-1172
17028	6704	-612	591	49	-1734
17340	6484	-56	-941	-113	-1728
17204	4936	624	2579	66	-3496
17304	8284	-800	1619	-448	-3316
17556	5952	816	-1077	1273	-2509
17464	5228	724	3063	490	-4326
17620	8180	-992	1403	705	-5185
17680	8108	-152	-1570	676	-5073
17160	6720	224	-960	722	-5669
16392	8060	-420	-504	884	-5959
15856	9272	-248	-2802	796	-5098
15848	7720	212	-4083	1052	-4672
15816	9288	-252	-3916	922	-5024
15716	9292	-404	-4540	904	-4465
15448	8692	80	-4436	1151	-4381
14292	8448	620	-3702	1008	-4652
14380	9124	312	-2404	353	-4859
14628	10412	32	-2320	783	-4806
14136	9776	476	-2593	1141	-4396
14168	10228	832	-1893	689	-5059
14456	9476	856	-976	1204	-5465
13372	9916	700	2246	2199	-6286
12708	11820	2220	2989	1910	-5540
12896	11464	1080	3012	774	-5431
12676	12544	-356	2210	484	-5479
11968	12012	-36	308	1403	-4135
11272	10896	600	81	1437	-3520
11896	10988	176	1386	615	-4387
12200	13044	-104	477	1895	-4196
10844	13324	-188	651	1900	-4490
10440	13416	164	-1476	1115	-3987
10884	13764	576	-3497	473	-3264
10576	12172	1456	-3609	215	-2842
10692	13488	2240	-3378	-154	-2472
9992	12756	2612	-3873	-632	-1682
10872	13700	1600	-4577	-703	-1688
9604	12384	2412	-4739	987	-1859
9384	10592	3428	-3743	-436	-2139
9788	12032	1728	-2021	-305	-2837
9660	12984	2012	-4374	951	-1964
9000	12368	2796	-5038	-21	-1497
9620	13376	2964	-4692	-965	-1975
10208	12956	2152	-5858	-1227	-1255
10160	13124	4076	-4856	-1377	-1467
11100	12144	3924	-3240	-1740	-1086
9820	14692	1620	-4888	325	786
10124	11104	5032	-5677	-295	946
9488	11988	4880	-5417	-249	1911
9860	10744	4264	-5683	-1	3032
8972	9812	4804	-3807	789	3706
9348	12640	6864	-2481	-1845	4499
12332	11472	2824	-1562	-864	4564
9772	13240	2704	-3288	1951	3760
10328	8908	5056	-3135	927	3324
10964	10752	3448	-99	378	1301
9888	10896	2424	464	2189	802
9396	11752	3280	-1865	760	1115
11312	10784	3852	-2303	577	231
11572	11192	5672	-721	-73	-209
13028	9516	5616	2054	309	-1021
10876	11572	4232	4160	926	-2975
11036	12816	5808	461	2086	-1752
9760	11132	4920	-255	1626	-1657
8576	7316	4516	478	3091	-1322
9864	13208	4160	-2376	-896	-750
9336	7196	6136	-747	1327	-379
10828	10600	3376	-266	-589	-1141
9976	11840	5120	-1059	625	-1
11420	7852	6640	-1147	1648	494
9164	11172	4572	679	342	-1507
8212	10368	5196	197	1326	-599
7800	13268	4364	-1683	-1907	-802
9336	9560	5348	-2846	-898	-1606
8348	8144	5428	-429	-2168	-3237
9500	9164	4632	1324	-1812	-3624
9276	9960	4428	1234	-1172	-3346
10316	12292	4360	-1967	-63	-1950
8704	7332	6212	370	885	-2150
8548	11256	3544	653	14	-2330
8608	9796	4488	2019	1164	-2546
8280	12812	3640	2755	-144	-2640
8908	14244	2244	-276	1374	-1633
7800	11128	5148	361	1715	-1990
8200	13328	4004	1992	318	-2995
8388	14792	2292	-863	2263	-2281
7768	10180	5424	999	3883	-2673
8064	11776	5308	5793	1538	-4457
7772	14284	2744	5098	3587	-3664
6120	13232	3732	4042	4443	-3024
8440	15500	3820	2862	2134	-2227
8544	14472	3500	2425	4381	-473
6428	13444	4232	2680	3737	682
7708	15104	4484	1101	1294	2630
9968	13988	4008	427	1738	3970
8508	14688	4688	-1089	2470	5331
8072	13204	5456	202	-427	6165
11400	15140	3772	-1257	-1683	6706
11384	13136	4424	-2158	1176	7433
9588	11688	6056	771	-425	6954
11568	13284	4452	3309	-2512	6792
12308	14072	2096	881	-1304	7314
11572	12300	5160	-577	-432	7415
11124	9704	4916	3630	-2292	6660
12032	14112	1996	3647	-3826	6598
12960	12116	3284	-959	-2424	8302
12580	8976	3608	4281	-2503	6197
12616	14740	2752	3421	-4091	6160
13756	11432	2780	-976	-3451	7887
14420	9696	2108	1089	-2477	6095
13864	12248	2544	1220	-1538	5716
13240	9548	2368	10	-1430	6610
14840	9084	3340	4059	-2602	5722
15872	10884	572	5533	-2719	4832
14828	10276	0	2467	-1276	5316
14292	9552	1800	350	-1496	6040
15232	8632	2500	3283	-2844	5400
14848	10680	-612	2129	-4049	5351
16092	9100	400	-1083	-3303	6140
16560	7916	1220	-482	-2289	5177
16296	7892	528	177	-2099	4252
15800	7412	860	1248	-2503	3559
16524	6724	1400	1847	-2459	3684
16228	7260	160	3050	-2569	3580
16576	7552	-408	2390	-1780	3628
16240	7148	-744	326	-1081	3608
16644	6996	200	258	-1540	3266
16856	7576	-1216	-67	-1449	2750
16000	5660	-1140	-1547	-761	3232
16752	5568	352	-1007	-489	3052
16600	5800	-1224	-633	-1056	2277
16592	5584	-1740	-65	-690	1369
17692	5676	-996	-1077	-17	1042
16988	4224	-1260	1067	812	-524
15496	6656	-1976	1173	197	-727
16600	5556	-992	-1261	497	-80
15604	4508	-672	1141	324	-866
15316	6432	-1440	1053	-362	-385
15516	5652	-916	-455	-431	597
16128	5592	-500	529	-454	283
16532	6688	-856	561	-586	-206
16956	6112	-716	-672	-395	-440
17084	6480	-480	-778	-316	-1061
17096	6648	-844	-740	121	-1879
17120	6272	-976	-667	944	-2383
17528	6088	192	-298	829	-3270
18112	6324	-812	1934	24	-4680
17176	6548	-1456	1179	193	-5236
18532	8120	-1892	-485	-469	-5049
19704	8240	-848	-2188	1730	-4735
16152	7076	540	-985	1666	-6305
16244	9532	-1524	-1119	777	-6756
16544	9084	116	-4197	2271	-5535
15340	8276	304	-4678	2299	-5456
14980	9496	204	-5258	1389	-6139
14980	9012	-788	-5886	1570	-5578
14940	9464	-408	-5154	2073	-5620
14808	9256	144	-5003	1881	-5350
14904	8660	40	-3552	1700	-6195
14644	10268	76	-1784	1870	-6783
14188	11464	84	-2562	2429	-6292
14168	9324	1652	-2118	3363	-6304
13472	10740	864	-776	2874	-6495
13100	10696	696	-1008	3312	-6355
12276	10032	1796	-301	2709	-6015
12180	12108	1344	1304	1347	-6890
12692	12884	804	444	1256	-6469
11552	12580	992	506	1889	-6253
10736	12796	1116	332	1511	-5724
11384	14900	468	-2865	473	-4265
11020	11492	1468	-3347	1910	-3698
9516	12428	1996	-2915	527	-2982
10108	11920	1868	-1850	-191	-2725
9060	12380	2044	-1460	449	-2247
8684	13816	1864	-1647	-1009	-2225
10008	12388	2284	-1751	-794	-2421
9736	13536	2828	-2831	-45	-1874
8392	13612	2064	-1751	-58	-2329
10120	14860	2068	-5611	-259	-1515
9012	11652	4836	-4132	1046	-1554
9320	13368	2868	-3396	-977	-1329
9080	13236	2836	-3764	-60	-689
9268	11572	4044	-3218	-1199	-187
10088	11816	1724	-1089	-1283	195
9340	12152	4160	-2162	-1123	1419
9400	12676	3568	-3441	-1128	2513
9200	11804	5204	-2897	136	3014
7972	10800	5332	-961	-877	1976
9164	12964	3484	-673	-1510	1134
10228	11360	3764	-2106	670	1351
9304	12480	3408	-2203	1364	516
9692	12596	3212	-1881	536	-377
9528	9968	4312	-1176	1545	31
8728	11452	4640	1855	-633	-1015
9780	14208	2688	1741	-1180	-1371
7852	16092	1092	-935	-1371	-1591
11592	12384	4100	-4997	-503	569
9644	9184	7384	-1205	1218	11
10012	12324	2312	2054	-2119	-2268
10752	15128	2960	-3759	1542	993
6748	7860	4748	-605	2451	-1293
10420	15656	2044	-603	-3539	-4106
11332	9384	3936	115	1408	-2129
9056	13124	4600	583	-755	-1920
10488	12656	2596	-611	804	-1537
9072	12176	4192	-4360	1617	1363
10404	13124	5664	-4094	1444	2155
7320	9060	5720	-844	2099	1214
9656	14260	1560	-3321	468	693
6884	4976	7220	-3466	3683	1361
7136	10468	3936	727	-2486	-2768
9000	11256	2864	-641	391	-2040
6588	11264	4720	-1572	-349	-1667
7444	11052	5892	-3522	-1155	-1260
9448	10096	5696	-3328	-978	-1699
9148	8320	6284	-355	428	-2035
6704	9756	4460	1502	405	-2429
8228	16152	1324	-2077	-955	-2079
10092	7136	6644	-2225	2884	-417
5340	11380	6612	3851	1093	-3467
8376	17204	-144	-1498	-2399	-2832
9628	9116	5536	-1523	5103	-1283
5456	12664	7344	2302	2051	-3004
8156	16120	1932	-486	879	-2313
7976	12144	4612	-1965	5549	-1677
5936	12392	7120	1472	3884	-3176
7908	14620	3652	2596	2372	-3320
6752	15404	4548	-99	5959	-1238
5724	12204	6516	3368	4076	-1823
7728	15340	5716	4769	2136	-2074
7220	14136	4920	3542	3758	-272
6424	13232	4972	5085	3040	302
8208	16672	4096	2067	1549	1890
8204	13020	6004	1074	3139	4466
7444	12768	6128	4722	1055	4352
8484	16540	4200	2183	290	5889
9036	14036	3964	-1892	681	7430
9132	12148	6848	-727	-194	7949
9452	13556	5864	2109	-1073	7896
10288	15052	3356	744	-2249	8371
10420	12416	3496	-1864	-1319	9009
9716	11228	5732	86	-2919	8598
11776	13488	4112	2822	-4772	7612
11864	13256	2648	360	-2663	8121
10180	10988	3668	-2045	-3427	8990
12664	9732	5232	4433	-4835	6938
13940	15936	2648	3691	-4752	5967
13940	10488	2040	-663	-2324	7790
13304	10744	3736	4158	-2562	5722
14592	13916	2620	2519	-3813	6066
15240	10496	2256	-588	-1802	5894
13512	10164	2804	1254	-1628	4929
14188	10512	3152	2337	-2225	5224
14696	11624	2212	-90	-2700	5798
15256	8344	2148	-539	-1497	5575
14196	10064	2144	1291	-2344	4723
15288	8752	1704	-1944	-2011	5973
15240	7016	2084	1425	-1762	4679
14764	9992	880	2529	-2887	3925
16184	8584	560	-1468	-2274	5197
15324	7336	1760	647	-2546	3911
15608	10200	568	1125	-3795	3494
16408	9088	104	-2758	-2650	4122
15892	7032	1404	-2754	-2402	3605
15756	6872	328	-1647	-2833	3283
16044	7536	-564	-1475	-1794	3582
16312	5212	1312	-971	-268	3248
15716	6084	376	2242	-950	2027
16612	5592	-1272	2633	-952	1804
16804	6368	-396	2142	-403	1459
16884	5936	764	2336	-666	741
16308	6256	-1388	2394	-1119	331
16916	7596	-996	-100	-434	537
16488	5844	1012	-1017	558	639
15552	5524	84	854	-212	-23
16060	6216	-832	-120	211	268
15720	5976	-84	-92	426	-206
16108	6168	192	1258	374	-548
15692	6908	-196	972	15	-402
16332	6136	-616	67	395	-183
15928	6432	-24	-112	398	-461
16300	7116	-44	-323	-164	-1073
16884	7096	-96	-1001	-39	-1272
16700	7164	-104	-1181	296	-1630
16988	6644	236	-2499	472	-1645
16704	5020	468	-847	460	-2733
16456	8824	-260	1265	-350	-3586
19328	6684	-580	-2975	1679	-2488
16772	5064	1184	322	1668	-4928
16244	7640	-380	667	1123	-5453
15904	7964	-116	9	1673	-5178
16364	8640	316	-281	2032	-5072
14956	8740	356	-1026	1723	-4493
15672	9596	-104	-1518	812	-4439
16732	9108	-496	-1943	1390	-4705
15372	8864	264	-1728	1257	-5307
15088	8628	340	-1251	874	-5779
14968	9592	152	-515	687	-5964
14084	9552	140	-854	1080	-5654
13656	10232	872	-1265	795	-5177
14048	10284	252	-1013	227	-5044
14020	10712	520	-1451	559	-5157
13492	10664	972	-1101	495	-4975
13372	10952	764	-854	491	-5315
13288	11264	1248	-444	851	-5276
13244	12180	440	-613	1415	-5623
12364	11472	1456	-1518	2043	-4828
12096	12560	556	-586	1226	-5285
12000	12520	472	-2459	2090	-4220
11436	11744	1364	-2351	2185	-3745
12104	11280	1280	-1082	2154	-4105
10684	13892	480	-1806	2376	-3674
10684	12408	1780	-2909	1709	-3059
10868	13132	1724	-1287	1434	-4200
10760	13836	1256	-2513	1168	-4089
10544	12972	2016	-2387	1633	-4067
10012	13260	3344	-2278	1342	-3668
9464	14432	1860	-3352	504	-3193
10260	14444	2184	-5547	487	-2268
9680	14532	3552	-6673	1088	-1444
9892	12984	3496	-7071	-288	-1454
9856	13104	3400	-6038	379	-1748
8480	12232	4260	-6452	734	-1413
8296	12696	3724	-6135	-350	-1583
9328	12504	4352	-7412	314	-740
8828	12892	5056	-7128	79	-711
9376	11980	5744	-6461	-997	-780
8828	13448	4908	-4563	-588	-677
9752	13288	4964	-6789	-909	-581
9264	10692	6768	-7050	1305	-44
8828	10608	7536	-4935	-196	-336
9620	10896	6740	-3752	247	320
9504	12752	6108	-4768	780	1084
9968	11440	7200	-5778	1617	2114
8800	10604	6756	-5681	1689	2957
8928	10812	7004	-4880	558	3720
9680	8100	7216	-2306	1039	3917
8028	11652	5260	-810	211	3352
9064	11588	6028	-2550	519	3467
9724	9976	7852	-2002	250	2823
10432	9940	7436	328	-484	1450
10436	11096	5300	-250	1009	1191
9688	10352	7412	-1166	1521	962
9804	8832	8336	521	1179	-59
9064	9508	5860	289	1493	-263
8528	10276	7252	418	427	-73
10804	8900	8696	-165	1184	1059
9012	9672	7076	1659	728	-1107
10632	11520	6528	-680	1776	-662
9076	10400	8500	-1321	2110	158
8076	7792	8152	652	2040	-709
7048	9924	6120	763	-432	-1711
8152	9720	8096	-1398	265	-349
7616	8480	7940	-745	-1424	-1201
8404	6532	7216	-183	-448	-1919
7836	7464	7448	2199	-1857	-3211
8360	8676	7492	4692	-1559	-3966
7868	11424	6500	3183	-2249	-3880
9336	11560	6188	1451	-1532	-3386
8488	9212	7540	1627	322	-2633
7408	10944	6068	2194	-1263	-2687
9204	12632	5180	176	38	-1527
7756	9668	6676	435	1109	-1568
8576	12056	5476	1055	616	-3062
9080	11912	5580	790	2767	-2857
7944	12092	6672	2070	3551	-3281
7120	14012	6028	2727	3016	-3692
7240	12336	6152	3603	3394	-3721
6916	13344	6376	5106	3056	-4033
7304	15460	5292	3096	2680	-2877
7768	13408	6248	1791	3459	-1426
7512	13692	6164	3709	1949	-1229
7780	13660	6328	3463	2476	-321
6704	13904	6600	5174	1507	343
7984	15252	5424	3214	-178	1035
8428	13640	5704	3120	1414	1555
7200	14264	6572	4323	1313	2407
7056	15904	4748	1701	-739	3521
8920	13916	5020	-592	-213	4636
8568	13032	6660	220	-164	5406
8544	14340	4760	447	-1859	5429
9856	14228	4136	-1655	-1100	5970
9776	11856	7180	241	-347	5569
9416	12888	5340	3775	-3006	4704
10944	14360	3468	2664	-2496	5604
10952	11916	5236	2474	-391	5497
10328	14132	5188	2657	-2606	4800
11368	14708	3408	266	-2282	5751
10908	10960	4360	-659	-773	6599
10508	12480	4152	387	-3125	5867
12824	12664	3980	-2020	-3146	7246
12148	9288	3968	-490	-1989	6926
11404	11244	3916	916	-2528	6675
12956	12248	3984	-529	-2564	7756
12972	10308	3076	-1106	-2331	7635
12800	10576	3088	-127	-2417	7244
13188	9812	3724	-468	-3031	7654
14808	10848	2736	2401	-4025	6535
15372	10464	1880	523	-2720	6005
14408	9432	3312	659	-3008	5640
14168	8188	2072	1120	-3003	6009
15084	9624	1848	1270	-3275	5858
15488	9688	2276	-131	-3320	5497
15844	8224	1296	-1278	-3245	5683
15828	8492	2024	506	-3160	4844
16424	8352	1088	573	-3153	4399
16832	7412	1060	391	-2257	3462
16200	7452	1696	1203	-2165	2709
16112	6868	1100	1973	-2018	2427
16184	6904	972	2046	-1637	2318
15864	7244	1220	2762	-1444	2121
16396	6532	856	2034	-1171	2598
16260	6964	592	1910	-1650	2778
16868	6556	468	771	-849	2982
16356	6776	872	331	-1286	3049
16612	5396	196	-866	-926	3215
15976	5908	144	-1027	-1253	2763
16424	5880	-244	-3809	-812	2902
16836	4924	-12	-2739	-255	2084
16892	6168	808	-2176	-572	1680
16596	5176	552	-1205	-563	1074
16872	5720	-480	-549	16672	5460
824	-494	278	376	16520	4960
628	1136	64	-689	16796	6468
-20	1006	323	-1087	17248	6176
224	-952	967	-1044	17324	6216
1148	-70	843	-2026	17536	6224
8	-435	628	-2878	17048	6500
8	-2310	1116	-3247	17204	5304
1544	-2402	1175	-3494	17280	6640
936	-1092	886	-4379	17140	7428
528	-3268	1055	-4137	17132	6748
368	-3281	1097	-4615	17764	8280
276	-3102	1380	-5049	17016	7888
912	-4201	2520	-4718	16492	6636
2028	-2917	2079	-5171	16020	7760
884	-607	1447	-6348	16460	9084
552	-1110	1858	-5870	16068	8924
2232	-2303	2736	-5620	15276	7208
2744	-1831	2157	-5893	15420	9380
216	-1521	1704	-6439	15096	10392
1204	-3381	2591	-5787	14896	7968
3424	-1959	2364	-5515	14520	9276
1660	52	1470	-6525	14468	10864
1232	-817	1893	-6276	13912	10468
2792	-1141	2320	-5732	13596	10900
2860	-1076	1987	-5699	12984	10336
2396	-1437	1887	-5749	12464	11408
2388	-1568	1460	-5286	12480	11784
2708	-2589	1598	-4469	12404	11360
3548	-2043	2142	-4754	11324	12548
3360	-2132	2003	-4225	11268	11812
2368	-3303	1186	-3479	12284	11764
2692	-4179	1961	-3208	11184	10780
4032	-2685	2593	-3238	10744	12596
3396	-3320	822	-2884	11600	12088
4116	-5357	1467	-1759	11052	14156
4100	-5641	769	-940	10500	11460
5236	-6761	1717	-390	10268	12256
5052	-5288	993	-1028	10952	12584
5048	-6890	1440	-486	10488	10572
6356	-4416	1981	-1181	10512	11476
5952	-3598	1313	-1266	10356	12064
5168	-4939	9704	11764	6332	-5802
1710	-876	9096	11196	6660	-4885
803	-1097	9440	11152	6348	-4749
-133	-920	10444	9980	6648	-3548
158	-1019	9468	11056	7528	-3322
228	-370	9164	10548	8112	-2712
-251	359	10084	10340	7044	-3606
-1076	93	9292	7896	8764	-2777
433	1246	9216	9272	8484	-486
-1346	1240	9064	9580	5508	759
-754	1724	9676	11276	5748	-1718
-755	1924	10032	8416	7664	-1751
259	2126	9200	8380	7628	1481
-568	481	10696	10612	4612	1158
-551	-248	10976	10176	6528	-45
1500	565	10116	10476	7956	1245
227	-425	11128	11132	5980	413
129	-152	10996	10364	7652	-905
1591	933	9444	10220	6768	-302
1338	314	10792	10200	6948	-2815
1311	1355	11240	9228	8952	-1178
1038	1288	11268	11132	7188	-778
2031	1450	10616	9924	7104	-2282
2517	1276	9540	9568	8652	-369
2579	-151	9544	9556	7104	-528
1463	-37	9792	10156	7776	-1095
641	277	9412	9060	8416	-1745
10092	10020	8720	-4253	-351	2592
9960	7640	8360	-2361	1267	663
9484	9116	7476	-2209	1051	-642
10672	5908	8756	-578	1956	-1290
7176	8400	8432	3181	344	-3047
8588	11388	5868	1279	-1759	-2964
9184	6880	8352	-465	7520	8652
9072	1481	-1935	-3445	9268	8220
7788	2460	9316	8928	7344	2962
-1622	-4482	9044	9288	6884	1752
-126	-4335	8032	9800	6544	1854
212	-5230	8936	10964	6104	203
482	-4604	9080	10524	6552	-11
1899	-3642	7788	11208	6708	-154
2695	-3308	8236	10972	7544	600
2691	-3437	7444	10180	8008	3139
2256	-3856	8372	13792	6488	2466
1714	-3549	8504	12280	7040	2370
4101	-2887	7532	12824	7508	2043
2590	-2540	8232	12364	7260	4362
2847	-2157	7624	12880	6628	4426
2889	-1412	7316	14092	7800	13040
7668	3178	1727	1034	7804	13588
7156	5224	316	608	8544	15536
5948	4421	-38	1233	7560	14552
5972	2147	984	2541	7208	13400
6404	1406	-167	3305	8192	13928
6248	274	-1111	3376	7576	13632
4364	-2151	-1141	4848	8740	12892
6460	-2024	-1667	5285	9804	11752
7552	-1418	-1410	5584	9780	12360
6476	-463	-2468	5925	10860	12784
4944	-1861	-2107	7266	11256	11288
6964	-2565	-943	7269	11564	10004
8056	2177	-1909	5835	11092	13184
4324	3159	-3319	5436	11960	12172
5172	-5	-2494	7031	11612	9996
7436	1965	-2240	5828	12204	12132
4924	3888	-3778	5148	12180	12396
3776	115	-2517	6147	12448	11068
6068	-2373	-2442	7064	12924	8152
6328	817	-2376	6376	12352	12204
3936	3188	-3585	4565	13344	12548
4048	-4633	-2092	7140	13932	6440
6788	74	-1732	5955	13616	10956
3268	7293	-3647	2908	14408	13084
1424	-2161	-2454	5544	15460	7984
6408	-4034	-1224	6084	14304	7040
4524	3456	-2575	3291	13948	11412
1932	1457	-2860	4096	15140	7964
15180	6448	5288	1748	-3070	3849
15112	8548	3016	2868	15184	7476
3116	993	-3335	4000	15500	7520
3680	2735	16440	8240	2284	2699
-3219	3623	16296	8616	1892	-317
-2119	3912	16048	6296	3780	-38
-1541	3357	16004	6968	3888	3225
-3161	2932	17328	7552	984	2911
-2647	3318	16544	7164	912	1372
-1606	2709	17320	5984	2572	2043
-1130	1711	16432	5716	2180	4030
-1035	884	16276	7656	1208	1828
-1256	1503	16348	6356	1336	406
-590	1875	16224	6884	1540	538
-1444	1457	16196	6768	-204	-1524
-476	2059	16500	5632	1452	-2386
-47	1856	16516	5504	1828	-981
-750	1102	16380	5928	-152	-55
-701	608	16316	7112	44	-2195
-167	647	16200	4584	2736	-1438
385	142	15960	5356	1660	1785
-863	-533	15436	7484	-976	10
-774	211	16424	5012	1300	-3216
749	1002	16452	6524	76	510
-510	-660	17344	6372	328	-1260
306	-397	17092	5428	1904	-416
901	-1644	16948	5708	1428	776
510	-2567	17592	6308	860	404
733	-2824	17400	7468	1460	-2238
1186	-2586	16904	4700	2480	-1306
1695	-2735	16796	6440	1356	1512
724	-3732	17332	8352	896	-2555
1034	-2853	17716	5728	2320	-3094
1792	-2917	17696	7136	1232	-620
1584	-4473	18092	8828	1692	-2489
2245	-4670	17696	7304	1684	-1733
2200	-5622	16436	7056	2472	-355
2788	-6383	15656	8140	2096	1016
2247	-6653	15792	8540	1820	1202
2652	-6556	15156	9384	1996	769
3221	-6730	14824	9928	1692	-361
3454	-6151	14204	10592	1976	-1077
3530	-6377	14068	9952	2156	-2534
3310	-5200	13988	10272	2440	-1140
3343	-6189	13520	11292	2620	-2253
2315	-5576	13888	10148	2540	-2426
2342	-5391	12956	11264	3340	-1328
2079	-6017	12236	11636	3100	-2582
1318	-5090	13020	10912	3248	-3040
1901	-4427	12504	11628	3492	-2854
2323	-4413	12756	11188	3344	-3252
2549	-3954	12368	11716	3676	-3624
3710	-3780	11376	11456	4452	-3260
3504	-3699	11224	11564	4812	-2635
2733	-2938	11012	12332	4048	-2964
1905	-2647	10748	12268	5244	-3714
2380	-2365	9836	12228	5400	-2271
2487	-2759	9704	12672	5256	-3612
1826	-2448	10240	12392	5804	-4085
2258	-2965	9688	11508	6764	-3410
2505	-3593	9860	11696	5408	-2385
1935	-3652	8876	13612	4952	-3531
2455	-3223	8316	12584	6584	-4795
1731	-2826	8000	11020	7360	-4043
175	-3097	8172	11276	7316	-2659
-182	-2762	7992	10640	7180	-2135
-1240	-2775	9376	10808	7384	-1855
-1163	-2645	10160	11376	7812	-2138
-1568	-1183	10880	10688	7600	-3546
-5	800	8176	11048	7384	-3599
864	2372	7700	9512	6316	-3922
-609	4147	7616	8732	7912	-2447
-534	5049	8296	8408	7080	-92
-2745	4360	9772	10792	6080	-70
-1710	4626	9948	11392	6560	-1695
-592	4563	10320	10128	6676	-1744
606	3055	10428	11108	10192	11964
7384	-2745	1430	2084	9948	10128
7516	-1935	1768	1429	9920	10588
7024	-1524	212	673	11452	10348
9028	27	278	205	9844	10868
7892	502	820	630	10508	12856
7252	-2085	-123	772	10256	10004
8572	-3395	2257	1021	8860	9560
8040	-3757	1000	787	9656	6288
6640	-2578	851	-524	9800	7440
8408	-770	566	-723	10324	8868
7656	1430	-387	-1501	9980	10036
6976	948	-643	-1628	12116	9644
8644	-1441	561	-78	9152	7956
9172	793	2308	-851	11148	10072
8984	1652	-397	-871	9900	13136
7236	940	2038	-79	10248	8232
8748	-1947	1909	1016	7544	8968
7916	-534	1778	-797	8600	8156
7380	-38	-484	-1692	8000	7636
8136	2479	-151	-2734	8752	9316
7384	2275	-1043	-3254	7696	10356
7964	92	-675	-2940	7988	9492
7348	-1043	-1709	-3011	9020	8464
7888	-560	-964	-3013	9456	9488
8144	1070	-448	-3605	7796	7208
8696	3366	805	-3422	7068	11676
4776	3654	-1861	-3677	10420	14252
3872	-2203	-32	-2322	8532	9200
9244	-2159	2902	-1911	7788	9084
8988	2694	236	-3326	8228	12296
5648	3882	219	-3118	8128	12424
5692	1976	1896	-2829	7980	10888
8332	2064	3161	-3504	6916	11452
8428	5002	2214	-4373	6992	13484
5192	6094	2072	-5253	7736	16256
4704	1152	3904	-4042	5824	10724
8640	2281	5514	-3011	5584	12336
7432	7116	1416	-4078	8072	16196
5204	3386	2212	-1576	6420	11820
6768	4059	3163	-111	6500	14236
6236	5417	843	574	7996	15560
5732	2314	872	2416	7796	12344
7224	2369	1185	3641	7032	12988
6940	4202	244	3957	8032	15736
5148	1568	-1031	5347	8908	12056
5800	10	-433	6490	9192	12468
6888	1080	-509	6773	9252	12700
5972	2079	-1290	6994	9860	12956
5172	3442	-1867	7260	10648	15120
4332	367	-1742	8312	10440	10504
5952	331	-983	8685	9568	11432
5280	5725	-2548	6377	10724	17164
2896	1214	-3734	7218	13372	11272
4740	-488	-543	9184	11916	8932
5380	7122	378	6183	11224	16172
1848	5358	-3767	5360	13988	12208
3940	51	-2417	7706	12716	10940
4600	4857	-1401	5302	12440	14772
2556	3338	-3165	4702	13876	13748
3516	-2213	-2143	6342	14020	9356
4832	-39	-1183	5296	13240	11852
2792	213	-1177	5208	13504	10608
2612	-1711	731	5299	13356	10956
4308	-298	-232	5064	13884	9692
2184	1098	-1499	4454	13564	10112
2228	-76	-2516	4290	14292	8436
3968	322	-2568	4531	14352	8148
3276	2234	-2946	4336	15004	9100
1588	1082	-3005	4632	15388	9264
2536	-177	-2822	4961	16056	7556
2564	619	-2421	4960	15700	7516
1628	2063	-2409	4390	16576	7744
2304	2873	-2093	3799	16492	8964
16452	7144	1172	2095	-1270	2593
16088	9068	788	2864	-2028	1844
16364	8748	604	-436	-1584	2319
15592	7180	704	-40	-1286	1571
15552	8644	824	-1617	-1368	2196
15244	6644	1508	-1574	-1057	2074
15244	7324	284	-921	-1587	1960
15532	7952	516	-1949	-1464	2185
16204	5176	308	-1262	-789	1801
15568	6368	200	467	-955	1272
16220	6988	748	-249	-1059	1254
16404	6192	-228	-403	-861	848
16688	6740	852	342	-573	203
16924	6776	668	188	-395	-463
17276	7004	-256	234	-252	-1281
17080	7368	344	-1254	771	-1731
16620	6436	1716	-1025	16140	6848
1100	305	217	-3025	16796	7392
76	-569	222	-3338	16476	7996
628	-1465	551	-3277	16724	7572
1212	-1737	456	-3562	17204	7768
1140	-519	476	-4723	16968	9488
-228	-506	890	-5547	17216	9296
1100	-3098	1081	-5390	16744	8144
1096	-1138	1040	-6626	15816	10240
28	-1550	858	-6933	15564	10016
1260	-3952	630	-5789	15324	9856
1752	-2288	55	-6458	14720	11276
160	-4777	-392	-5337	14756	10060
1616	-5994	70	-4768	14220	9980
15208	10360	728	-4350	156	-5000
13900	10112	1276	-2946	1049	-5991
13404	10776	1272	-2176	1184	-5847
12996	11412	2060	-1382	1449	-5711
12660	12940	1220	-1738	930	-5754
12728	12468	2196	-2763	1777	-5163
12116	12456	2604	-2045	1868	-5486
12908	12168	2572	-2955	2425	-4865
11932	13276	2880	-3552	3221	-4650
11552	11652	3168	-2685	2821	-4808
11344	13000	2552	-2332	2838	-5053
9844	13692	2596	-3149	2751	-4308
9864	14360	2696	-5263	2176	-2989
9904	11648	4152	-6135	2540	-1728
8752	12564	2844	-5623	423	-2211
10220	12764	2600	-6836	282	-1495
9272	11620	5144	-5242	1060	-1785
8592	12844	3620	-3248	-1027	-2472
8472	10920	4896	-4972	-119	-1436
8364	10500	5876	-3157	-972	-1816
9628	14188	3776	-4020	-1291	-1847
9152	11192	5232	-6177	1208	-1079
8488	11860	6096	-5011	258	-1736
9532	11832	5504	-5161	569	-1406
8480	10548	6316	-5157	495	-892
8304	10680	6808	-3726	-49	-701
8952	9888	6992	-2874	-498	-464
8344	11540	7532	-757	-630	-441
9424	13696	5156	-3186	-898	954
8736	11760	7400	-6359	808	3097
9264	9488	9568	-3882	-1742	4016
9788	10804	5812	-3392	-1014	5282
9996	9600	6640	-2867	357	5028
9656	9656	5452	-1379	816	3108
9460	11860	5908	-3512	828	2986
9680	10592	7116	-2097	903	1360
10432	10372	5716	-1764	174	862
11244	9532	5500	-1104	917	446
10888	9252	7744	316	921	208
11128	10036	7860	699	1250	1045
9992	9432	6652	-36	1886	1171
7996	9252	7252	1640	11712	11628
7556	-928	-996	805	10516	9512
9540	1021	1601	36	10260	8824
6476	1249	1360	97	10236	11384
7580	700	511	-187	11080	7164
9084	3971	2219	95	8636	13276
6400	3338	-550	-30	9820	13168
7960	-1217	2405	1521	8236	8764
9856	-3858	208	2193	9964	7992
7236	-901	1491	-723	7108	9048
5552	545	174	-2796	9044	9220
7784	1424	-1165	-3769	8260	9692
7064	1481	7324	9728	5972	-548
-1320	-4109	9376	9060	6712	-2365
-939	-3661	7620	6544	7744	1008
723	-4564	7276	8592	5844	3175
-1108	-5381	8108	11428	4008	2882
128	-5652	7780	13600	5496	-1795
707	-3449	8160	6644	8624	1985
1685	-4171	7588	11964	4784	4207
824	-5631	8028	13752	3352	216
4002	-4151	6944	10492	8372	2123
4852	-4490	6620	12820	8040	6622
2183	-5617	7572	13488	4140	8358
6144	15444	4888	6833	4776	-4572
6128	15920	6088	6184	2541	-4054
7720	12616	6088	9061	2744	-3755
6184	16280	5184	17424	2824	3681
2920	-184	6612	14812	4948	1255
1997	2045	7512	15392	6640	906
1543	3787	6620	14948	5032	-17
387	5328	7652	13216	4728	-571
-370	6563	8928	13916	6060	-275
-481	7034	8644	13640	6332	-799
-1077	8053	8452	13164	4336	631
-1342	8148	9756	14112	10108	12504
5464	741	-276	8460	9724	14216
3828	1914	-1766	7738	10408	13204
3128	-1615	-1598	9178	10892	11188
5852	2592	-1422	7713	11084	14384
4308	2485	-3308	7669	12864	12216
2904	2793	-2897	7576	12800	12596
4032	3123	-1368	6901	11104	12788
3684	1030	-2452	7681	13272	11004
3584	513	-3247	7734	13568	11820
3996	3456	-2471	5627	12988	13748
2448	-1394	-3063	7269	13676	8892
3112	-365	-1777	6854	13216	11264
3868	733	-2423	6252	13072	10332
2996	-660	-3005	7417	14596	8944
1708	1203	-3392	6717	16456	10424
1828	-52	-2593	6597	15724	8540
2360	267	-2219	5695	14656	8772
2072	2684	-3351	4705	15644	9560
328	1457	-3585	5136	15928	7728
1996	1136	-2643	4744	14972	8268
1140	3025	-3414	3358	15208	9596
-312	739	15688	7120	736	-1119
-2568	4141	15640	6508	1664	670
-2672	3865	15460	7520	196	1598
-3141	3868	16352	7536	28	583
-2526	4582	16252	6892	700	1136
-2044	4641	16964	6200	792	1425
-1338	4162	17076	6388	168	2394
-1746	3001	17464	6300	-732	2966
-1733	2601	17664	7832	-512	1945
-1988	2637	17060	6312	-96	-404
-1068	2444	16036	6148	-792	-429
-1117	1206	16212	6592	-1216	-2901
-302	1463	16060	4640	12	-2291
845	947	15308	5640	-220	-1280
-264	731	16208	5508	-1608	-1378
-575	964	16256	5120	-1244	-674
67	471	16336	5452	-296	113
426	-331	16284	5524	-952	521
149	-836	16600	6088	-484	-10
-29	-652	16860	5512	-984	-429
-321	-1051	17124	6328	-1472	-1129
427	-1991	17456	5392	816	-2391
16968	6308	988	-1356	-952	-3014
17916	6712	-1752	-1504	-728	-4230
18164	6668	-604	-3949	1265	-4179
17208	8116	1244	-3529	1124	-5063
18240	6992	24	-3066	1208	-5645
17320	7388	-772	-3110	2185	-6063
17868	7068	436	-2815	3181	-6313
16264	7544	1056	-1141	2845	-7434
16364	9056	248	-160	2129	-7305
16024	9824	112	-968	3141	-7439
15156	9824	1004	-2618	2870	-6900
15916	9824	620	-2480	2592	-7010
14860	9876	132	-3015	2968	-6717
14212	10224	1084	-3528	2476	-6638
13864	9540	1732	-2580	2524	-6509
12812	11508	1156	-2323	1954	-6274
13848	11552	1656	-4384	1721	-5192
14136	11152	2156	-3639	1923	-5988
13232	12196	1316	-4062	1641	-6003
13180	11748	1888	-5484	1268	-5046
12356	10568	2488	-3781	1593	-6512
10872	11632	3500	-3576	1181	-4695
10644	11124	3020	-2829	25	-4223
11084	12424	3332	-2580	765	-4106
10416	12008	3408	-2410	1174	-3206
10544	14368	3468	-3762	519	-2915
10908	12464	3104	-4541	1490	-2260
10428	13168	3420	-3743	1893	-2720
10440	12724	3892	-4306	1592	-2726
10704	12764	3656	-3733	1664	-3310
9760	12648	4128	-4171	796	-3091
10396	12628	3952	-4289	200	-2345
8848	11168	5196	-3174	124	-2633
7856	12164	4932	-2983	-1434	-1868
7996	14120	4552	-3977	-2518	-627
8968	10380	6032	-5201	-1269	293
7772	11656	6188	-3938	-1803	-433
9492	9884	5548	-2856	-2762	-677
10776	10916	5704	-1521	-844	-970
10832	12204	5732	-2149	525	-692
10096	11296	6420	-2343	1871	-74
9172	11056	5684	-1281	1373	273
9500	12600	4624	-3673	1990	1992
8632	8512	6512	-4449	3114	3714
8324	10268	5712	-3304	579	4033
9652	8800	5660	-1712	1019	4423
8796	10632	5024	-1585	-113	4687
11184	8984	5804	-1247	644	4562
10408	9156	6180	2271	644	2538
10876	12012	4236	3736	512	1150
11164	13436	5372	362	1858	2349
9368	11448	6816	543	1459	863
11100	11504	5416	-687	1092	585
9288	9904	6120	-296	2190	353
11180	10672	6976	-269	667	1013
10740	10916	7156	-477	1795	1397
10984	13036	5864	-1770	1563	658
10972	10112	7052	-2229	2775	1043
9444	8528	8628	137	2573	1305
9580	12944	6664	-450	-145	1016
11184	8740	6256	-1923	2983	881
8920	9116	8196	-623	1202	-308
10224	12404	6688	-1252	1196	-163
9020	7876	7692	-2213	2532	-381
7432	8128	7712	-1423	1006	-2148
8764	7128	7740	825	-323	-2444
7164	10360	6712	2182	-1682	-3003
8988	9928	6248	-11	-2192	-2792
8412	9612	8460	-303	-2325	-3024
10000	9764	6520	-592	-2194	-3089
9380	9592	6308	-635	-128	-3426
9328	10044	7092	-1483	-145	-2828
9332	8780	6716	-89	1184	-2904
8152	11476	5300	-801	755	-2665
8620	11356	5024	-2487	1052	-2105
8564	9948	6216	-2388	1392	-1891
8844	8828	6948	741	1431	-2671
8016	10816	5128	3243	1808	-3703
8460	11976	7848	12096	6940	3952
3467	-4057	7644	12916	6336	5178
3152	-4469	7052	13628	6256	5139
3855	-3884	8052	13508	5852	4451
3424	-3716	6416	13400	6240	4379
5190	-2814	6448	13124	7268	3615
3285	-1433	7728	12520	6512	4889
3428	-522	7048	15156	6288	2480
3638	1004	7596	14800	7416	450
2922	3445	8592	11056	7700	2748
1729	3873	7892	15600	6120	4426
1047	4605	9096	16456	5388	-1062
-104	6893	9832	13068	7040	-1797
-330	6666	9620	12048	7648	1821
-1551	6196	9748	13552	5368	2884
-2179	6096	9596	14248	5432	-493
-1941	7447	10236	10580	7420	1217
-1655	7026	9580	13112	5620	3573
-3447	5891	10524	12472	4136	1015
-2907	8033	11048	9948	6084	2113
-2282	7852	11368	13384	4832	4420
-4114	6538	12872	13996	2632	1028
-3648	7526	13068	10904	3812	-484
-2218	7420	12624	13100	5236	899
-3942	5899	14056	11324	2908	1875
-4688	5636	13456	12580	2328	287
-4381	5196	13748	10820	4340	-481
-3974	4979	13376	10872	4192	1192
-5038	4274	14188	11772	1276	-1838
-5016	4762	14404	10740	2776	-7570
-3831	6339	14252	7476	4968	-6450
-3323	6493	14012	9268	2660	-2323
-5052	5549	15972	8832	1364	-5075
-4430	6346	16724	6480	4276	-3816
-3182	5329	15948	6712	3144	965
-3770	3907	16376	7672	1356	1558
-2948	3875	16188	7720	2876	812
-2127	3953	15992	6640	2732	1894
-2605	4029	15712	6132	644	3231
-1906	3720	16152	7872	1248	1412
-1882	4384	16672	5528	2472	1748
-1067	4350	16348	6056	1104	4525
-1962	3013	16844	8476	388	2950
-1984	2926	16996	5992	852	1732
-967	2669	16712	6256	796	2983
-872	1755	16784	7816	764	838
-476	2092	15764	5780	1112	754
15780	6516	-480	638	-813	1387
16108	6548	1120	-1209	-327	1867
16008	5464	692	-302	-775	1440
16084	5720	-572	633	-687	1003
16540	6620	100	-1118	-306	1104
16340	5020	1104	-555	-387	511
16536	5804	0	1336	17132	6796
-256	-821	-129	-212	17160	5476
2224	33	167	-1364	17476	6408
1264	206	-1143	-2614	18108	7232
-56	-1997	-431	-3048	17604	7468
1936	-4417	1191	-2379	16520	6196
1788	-2951	486	-3056	17788	7496
-560	-2268	-499	-3594	17604	6412
-1392	-3404	817	-4279	17036	7108
40	-2815	952	-5390	17148	5756
912	-1002	956	-6071	16024	7268
-204	1197	93	-6764	15976	7408
-32	657	1137	-6518	15180	8232
1184	-147	1341	-6190	16504	8384
656	-739	927	-5525	15320	8500
520	483	994	-5809	15876	11136
604	-1699	294	-5315	16044	8544
444	-2447	1067	-5631	14472	9648
1120	-1293	1115	-5710	14772	9828
984	-648	750	-5801	15232	10700
404	-753	1871	-6068	14200	10580
1488	-431	2993	-6462	14024	10692
1600	-241	3024	-6258	13920	11380
1080	1281	3482	-7265	12560	12028
1088	-120	3024	-7005	12584	12856
616	-113	3112	-6992	12912	12680
2328	-1317	3395	-5853	11596	12284
2124	-547	3195	-6458	11312	13308
1196	-2300	2778	-5744	11652	11928
2220	-3912	3552	-4419	10504	12436
2716	-2938	3503	-4817	10484	12472
2072	-3108	2691	-4256	10148	11820
2300	-2956	2868	-3552	9944	12184
2808	-2621	2675	-3142	9776	13532
2956	-3265	2358	-2769	8904	12312
3520	-3734	2317	-2098	9536	12144
3496	-2675	1598	-1951	9200	12684
4108	-3152	1784	-1319	9096	12152
5336	-3256	1602	-751	8560	11328
4632	-623	1298	-1406	8508	13056
3948	-1516	898	-473	8512	13196
4012	-2856	1290	19	8232	11936
5188	-2574	495	-246	8740	14288
4644	-1974	-1115	10	8988	13576
3716	-3811	-384	972	8060	12460
6304	-3656	416	1339	8540	8576
7056	139	-2011	-644	8504	12144
6764	3148	-1827	-875	10040	13012
5064	799	-1238	49	9188	12216
5232	-1391	1633	893	9712	12340
5976	-2002	298	1156	10068	10944
2956	-974	1159	1278	10564	14232
4152	-2890	1373	1784	9504	10140
4876	-1194	3376	2053	7760	13884
4332	-558	772	2099	10144	14252
3544	-3121	525	2467	9048	11592
4512	-4548	1454	2668	9496	11088
4148	-3559	454	1738	9508	11544
4328	-3214	951	987	8924	8956
5412	-655	1000	653	7588	12596
5764	199	-385	-632	10696	9936
6376	-1912	-510	-334	10052	11564
6744	-424	237	-708	11888	11488
7192	-1416	610	89	9832	11432
5764	211	2922	-412	9164	11764
5044	-820	2128	739	8344	11940
6360	-3242	2294	1647	8756	8224
7220	-2813	1076	1267	8756	14304
5528	-3863	-235	463	9428	6612
5496	-3582	2449	-79	6556	9264
7124	418	190	-3152	9240	8220
5532	3362	-1007	-4733	8128	11896
5548	1481	-876	-4035	6332	8508
6700	2187	-1337	-4310	7744	9564
5424	778	-2904	-3278	7860	10512
5364	1103	-1882	-3661	8088	10864
6108	1399	-1747	-4316	6700	10072
6604	4524	8268	14400	3124	913
-1794	-3938	7480	11284	4372	-1005
1970	-4284	5564	9964	6960	1350
975	-4686	7404	12784	4100	3579
-846	-5453	7920	12912	3400	4160
1230	-5463	7232	13804	4764	3095
2300	-4589	6736	14632	5900	5371
1602	-4315	7332	16760	3812	3736
673	-4036	8076	16380	6596	12712
6596	667	3911	-400	5808	14708
5584	2252	1007	99	7012	16012
3820	861	65	1409	7092	12380
5336	1740	1364	2236	7316	14912
5448	3067	-334	2213	7340	15584
2772	856	837	3400	6988	14356
3876	-359	1062	4354	7716	14444
4688	-840	357	5144	7120	13472
2528	-2644	548	6406	8560	12496
4536	-1018	-547	5952	9068	13572
5296	1715	-425	5542	8160	14324
4952	1254	-637	7167	9320	13040
2408	188	-2751	7598	11248	14096
3612	108	-2002	6555	10704	13704
4708	-764	-1660	7098	10892	12260
3624	2042	-2067	6558	11012	14848
2840	-474	-2627	6995	12740	12576
4604	-3496	-2312	8285	12976	8732
5600	864	-214	7329	11068	12056
3656	5969	-1835	5633	14180	9076
3732	920	-585	6809	11912	10860
3232	5017	-2565	4756	13148	14452
1796	1720	-4785	5183	15136	10028
2048	-507	-1919	6496	13192	10024
3016	2288	-2049	4580	13516	10364
1964	156	-3171	5740	13900	8764
952	1604	-2470	5426	13160	8800
1592	-261	-2914	6931	13936	8244
1036	-741	-3725	7014	15884	9328
1028	4177	-3713	5191	16588	11496
228	1182	-3552	5397	16460	7584
556	977	-2565	4828	15684	7868
1128	2136	-2043	4633	15620	8452
1172	1989	-1839	5079	15892	6984
424	2202	-1459	5240	16220	7356
540	4461	-1767	4046	16620	8756
-936	2610	-2177	3970	17440	6848
-472	228	-1279	3936	16996	6484
72	1793	-925	2648	16656	8936
-596	1400	-963	2097	16568	7040
204	-767	-371	2961	16080	6084
428	388	-625	2360	16100	6612
-276	406	-956	1886	16120	7208
-328	-802	-796	1662	16440	6528
-320	-1996	-365	1535	16164	5364
252	-1089	41	1039	16100	7228
-356	-886	-636	853	16564	6192
-696	-2099	-210	891	16544	6012
116	-1390	441	-165	16700	6340
60	-331	889	-917	16508	6848
-548	-912	476	-977	16516	5668
-156	-1060	587	-1505	16880	5936
-364	378	699	-2654	16892	6756
-428	691	753	-3165	16732	6108
-108	806	-60	-3891	16980	6300
-856	1835	-389	-4495	17196	7520
-1324	1717	-259	-4617	16248	7488
-780	-108	-104	-4285	16020	7696
-1008	-1719	-856	-4226	16656	7516
-536	-2147	5	-4482	16240	9108
-712	-3222	486	-4379	15732	8208
-548	-3512	307	-4479	16188	8528
-388	-3055	1062	-4625	15740	7944
160	-2197	1664	-5148	15412	9428
-668	-1083	463	-5688	15776	9572
-612	-2379	1696	-5564	14884	9332
416	-1751	1898	-5955	15164	9968
-320	-1260	1565	-5989	14572	11216
-140	-2078	1951	-5961	14984	9848
440	-3131	2054	-5586	14924	10744
356	-2334	2708	-6409	13848	10588
1108	-2651	3169	-6227	13376	11148
1184	-1626	2480	-6310	14132	11400
1548	-2030	2634	-5677	12768	10788
1400	-1596	3504	-5723	11888	12316
1756	-2321	2636	-5211	11636	11700
1904	-2199	2082	-4420	11584	12008
1476	-2297	2131	-3949	10984	12180
1148	-2138	2459	-3511	10248	13144
1928	-1995	2313	-3569	10608	12664
2596	-2037	1370	-3046	11176	13152
1696	-1292	847	-3963	11096	14092
1708	-3108	2179	-3787	9268	12896
2980	-2322	2110	-4085	10236	13844
2684	-3789	705	-3376	9620	11640
3356	-3246	1725	-3456	8860	13724
3068	-2604	-303	-3943	9624	13280
2828	-4207	116	-2696	8984	12260
3944	-3463	734	-2059	8544	12700
3504	-3978	137	-1902	8264	11456
3944	-3445	67	-2232	8628	12988
4180	-3081	-399	-2196	8544	12216
4504	-2655	410	-1902	7848	13184
4588	-2813	-415	-1919	9792	14072
4808	-4284	-1695	-1129	9448	11752
4940	-4035	44	-229	8748	12868
5052	-4042	-567	-251	9888	11316
5348	-3699	186	726	8748	9844
7016	-1536	1245	1529	8228	10632
6276	312	-338	1648	7576	11140
5720	1605	190	2473	8644	11348
3308	277	147	3326	9868	12060
4552	-2094	1323	3789	8744	10948
5672	1673	1388	2901	10268	13264
1988	2537	283	2012	9484	13704
4584	-556	2878	3034	8164	11264
4648	1957	1029	931	10316	15984
3224	177	734	695	7756	13264
5188	-945	1859	1120	7380	13100
4656	-859	-1555	-33	11388	11000
4560	-2176	-32	-190	8596	10024
7212	-558	603	-1172	9732	10300
4680	-6	-787	-2310	8860	10992
3792	-678	1583	-2843	9300	10940
5556	537	-253	-2797	10636	10620
6092	2431	-61	-1795	8844	12972
4408	2080	-140	-1113	10980	13952
5260	-1382	1172	380	9284	11340
6992	-108	1997	150	8004	12672
4464	144	1149	-979	7740	12068
4704	-15	-1402	-2575	7876	11432
5060	-767	7068	9240	5656	-1638
-1214	-3075	8568	9580	5408	538
-2479	-3566	8096	9940	4040	2655
-1004	-3005	6404	14652	2496	-571
-1358	-2232	7916	12200	3512	-3827
-416	-1044	7148	9300	5852	-1313
158	-1972	7556	13136	3128	-220
-1035	-2957	7028	13428	3128	-1434
1188	-2843	7004	11956	4800	-964
691	-3634	6524	11036	5004	3159
1193	-4891	6388	15148	1412	3857
397	-5676	7800	14856	2164	-681
3198	-3857	5948	11108	5992	1622
4305	-2613	5564	13808	5740	5628
989	-2328	7628	18208	1420	1785
1003	-545	6828	14596	3572	-2558
4719	2399	7104	13400	7532	-733
2102	2495	8512	14360	6024	1391
766	3253	8656	14604	4072	2445
1004	3520	8828	16224	4032	205
1902	4394	9272	12396	6080	-613
1689	5606	8648	12036	5584	4214
821	5527	8724	15500	2848	1570
344	6481	9388	14568	4636	-2489
413	7976	10256	12328	6116	209
331	7840	9688	13468	3728	2079
-65	7551	9280	13992	2120	-1074
-740	8471	11136	13612	4148	-1771
-1270	8469	11804	11584	4940	1667
-1016	7089	10528	13356	2608	3592
-1826	5818	10736	13708	2316	-11
-2115	7086	12360	10580	5748	2227
-2172	6259	11892	12492	2956	5632
-3265	4185	11296	13936	1004	274
-3463	5916	12456	11508	4616	-2505
-3215	7296	12728	10344	4300	287
-3695	6165	12344	11956	656	113
-4455	5965	12968	12616	2264	-4108
-3900	6887	13928	8848	14904	7696
1020	1810	-4068	5293	15268	11900
540	1420	-2621	5171	15860	7496
2828	-704	-1492	6158	15516	7188
1632	5500	-2405	4430	15272	8952
-244	4203	-2327	4686	14980	8612
776	802	-2297	6002	15452	6244
584	2817	-2426	5764	15316	7248
-524	3997	-2258	5101	16988	8808
2000	1606	-1573	5457	16880	6408
1200	4159	-1593	5301	16844	7908
376	6154	-2258	4742	17540	9292
332	2156	-1757	5394	17056	6576
84	2174	-1616	4308	17400	8288
-300	1233	-1624	3498	17100	8524
344	-2358	-2031	3644	16988	5796
-164	-2581	-2338	2767	16684	6940
-1436	-2864	-1785	2036	16420	5492
-268	-3984	-396	1637	16296	4140
724	-504	-300	377	15872	5372
-1292	2107	-325	-546	16124	5424
-924	1441	-344	-459	16468	5696
-40	2024	13	-766	15756	5580
-828	3019	292	-1051	15920	7016
-892	1565	319	-529	15900	6928
-440	-1332	579	314	15612	5184
-636	-457	133	-111	15952	6840
-620	-903	118	-171	16152	6320
-864	-1709	164	-30	16460	5716
-1044	-1008	28	-499	16804	5984
-1092	-670	507	-1444	16144	6288
-204	-540	-49	-2029	17056	6000
-1304	-167	-93	-2254	16692	6936
-1276	-334	127	-3055	17392	6740
-116	-1392	334	-3204	17164	6996
-268	-952	31	-4077	17532	7612
-776	-4268	-793	-4603	17564	7632
-1284	-3667	-586	-5496	17052	8344
580	-5531	-454	-5329	16680	7204
-932	-5036	-1267	-6041	17024	7652
-1592	-3150	-986	-6766	15920	7916
388	-2855	-1380	-6259	15476	7896
264	-1293	-1577	-6393	15304	10844
-852	-2498	-537	-5862	14972	10544
-264	-4638	1061	-4709	14700	9708
1276	-5197	1673	-3970	14868	10208
248	-3937	2128	-4790	14576	10648
-376	-3970	3409	-4539	14704	10008
1116	-3574	4765	-4616	13992	9624
1376	-630	4607	-5897	13672	11568
4	-805	4616	-5769	13116	12424
1080	-1502	5316	-5720	12480	11632
2304	-2674	4540	-5324	12504	12512
768	-1830	3982	-5077	11608	12068
1436	-4599	3938	-3353	11340	11048
1996	-2905	3198	-3884	10736	12260
1460	-2726	2689	-3750	10380	12892
1604	-3364	1645	-3412	10748	12780
2296	-3790	1833	-2869	10376	13272
2476	-4059	1737	-2992	10844	11692
2608	-4789	1508	-2999	9956	11524
3672	-3797	1978	-3567	9592	12144
3308	-2921	994	-3794	10408	13628
3328	-3250	594	-4137	9356	12148
4036	-3488	1258	-3779	8928	12912
4468	-3426	-68	-3771	10632	12664
4312	-2948	-663	-3800	10820	10824
5796	-1889	219	-3356	9048	11044
5848	-192	-278	-3238	8448	13168
4408	-1150	-509	-2395	8400	13904
4288	-4733	-38	-899	8412	9280
6548	-4068	-230	-851	8028	11804
6044	-348	-689	-1488	8220	11692
4516	-1863	-1693	-1865	8304	12172
5408	-1816	-53	-1302	9400	12208
6016	-2306	-191	-1376	10184	10668
5828	-1990	1008	-1595	9704	12392
5556	-501	649	-941	10548	12788
4172	-1018	1465	234	9880	14164
5488	-3309	2760	2838	9128	10672
7916	-3760	2605	4561	7116	11624
5552	-2567	1750	4734	7876	12588
4108	-3342	357	4807	9908	10152
6212	-2846	1515	4695	9652	11476
6536	809	125	3368	9740	11844
4756	2164	301	2642	9688	14204
4856	-716	573	2378	8888	10084
6600	80	2298	1568	7676	12216
5404	1617	-651	27	11808	13480
6280	-630	31	965	9004	13528
8340	-1158	582	1116	10624	11140
5720	-1839	241	146	12548	12624
6016	-3490	1318	231	10440	8608
9212	554	3365	-288	10528	8792
4136	-19	3006	78	6428	12696
4428	-2561	3762	651	10172	10192
7212	-2673	921	921	6372	11692
6328	805	10108	12880	6060	-1476
-1292	-182	7112	11488	6752	1267
444	-1997	12660	12272	7728	-1047
-1697	-1962	8724	10356	8388	791
2567	-1460	9120	11388	5980	-1746
536	-1067	7568	9272	6772	227
-511	-3143	7464	11584	6980	957
-637	-3038	8088	11476	8192	1182
-2861	-3412	8824	11848	6644	344
-1703	-3483	8564	10976	7020	-871
-1277	-2573	8184	10184	7008	804
-1150	-2490	8064	11548	5616	977
-864	-2112	8456	11240	5780	-637
153	-1505	9120	11364	5624	-148
55	-1779	8668	10300	5692	1950
1194	-2438	7440	14412	4116	1925
583	-2744	8296	12140	5460	1105
1588	-2833	7196	12452	6952	2667
1125	-3498	7144	13564	5868	3867
1023	-3918	7692	14732	4224	2268
954	-3880	7624	13488	5788	443
2894	-2975	6956	14012	6104	1065
2448	-2722	7052	13060	6412	1632
3009	-2229	6704	11428	5720	3985
2708	-1885	6664	15336	4204	2808
2399	-1336	6556	16088	4224	-2038
3100	786	6316	10412	7444	346
3066	889	5492	12088	6680	5917
466	92	6984	15872	3120	3581
-687	554	7252	16188	4004	-1285
2264	2467	6720	11320	7584	-699
2087	2962	7044	13492	6992	4052
-818	1579	8468	17024	3304	1943
-1005	2139	8188	13436	4244	-39
2369	3559	7164	12552	6844	372
1425	3476	7576	14532	5804	-161
-541	3612	8720	14124	3908	-1584
8316	14220	5544	-349	-2033	5521
10312	13356	5500	-577	-789	6222
8836	10892	4788	3275	-19	4979
9268	16256	3312	3077	-2239	4476
10876	14108	4564	-1387	-192	6789
9536	11480	5376	2186	-652	5026
10276	14952	3704	2672	-2769	4361
11452	14572	3740	-1080	-1677	5261
10292	10520	4512	238	-1362	4669
10724	13092	4304	2094	-3222	3934
12296	12508	3772	409	-2605	4693
11600	11368	3424	1437	-1693	4381
11688	11516	3972	2351	-1977	4044
12524	13196	3824	951	-2988	3964
13364	8468	3948	2560	-1221	4220
12044	10792	2840	7594	-2092	2323
12700	13332	1824	2688	-2666	3934
13768	9580	4156	3307	-1606	3965
13132	11084	2512	7124	-1539	2843
12332	13664	176	2406	-2267	4434
13580	12108	2000	-2916	-1475	6226
14088	9340	3156	-1008	-1373	5343
13968	9984	1288	861	-1866	4325
13628	11308	900	697	-1428	4715
14080	9232	2460	1901	-1567	5159
14928	9468	1556	4646	-2330	3997
14788	9796	-680	2081	-1579	3980
14648	9908	420	759	-1233	3978
15188	10340	14960	9536	188	-319
-1431	3639	14876	9664	500	-2679
-1593	4265	14788	8132	812	-2822
-1490	4100	15084	7964	1296	-1969
-1814	4127	15512	8508	332	-1795
-1573	3914	15920	7868	600	-1685
-960	3655	16204	7048	616	-1286
-485	3358	16116	7012	624	125
-758	2423	15976	7044	-16	826
-705	1921	16000	7544	0	448
-227	1786	16084	6388	856	404
28	1530	15504	6852	756	1902
15588	6916	-760	85	-681	1607
15700	7260	-648	-1028	-351	1263
15928	7452	552	-1830	-266	1380
15524	6232	80	-742	-348	1035
15496	6760	-420	-449	-762	1142
15984	6260	-160	-1530	-477	1367
15784	6036	436	-634	-569	855
15568	6552	-80	729	-703	144
15492	7784	-1472	-507	-421	627
15848	5700	52	-1591	544	994
15760	6584	708	-169	59	443
15692	6124	-404	402	-228	112
15784	6788	-908	-639	183	133
16152	6576	280	-1131	553	140
15812	5856	380	77	507	-473
15732	6628	380	910	138	-634
15644	7236	-340	-98	285	-109
15716	6252	-24	-664	544	-7
15796	6824	676	-872	568	-120
15692	6448	316	-366	29	-200
15500	7408	-580	-976	232	26
15944	6204	276	-2007	891	497
15456	5632	540	-424	406	123
15604	6732	-316	-66	-10	-129
15940	6548	-200	-1355	838	106
15644	6280	736	-780	874	-232
15284	6072	1044	-51	353	-355
15624	6800	-480	-325	111	-12
16004	6368	-252	-1199	651	150
15752	6216	864	19	498	-365
15796	6884	-776	-733	322	-116
15900	5984	344	-1301	850	81
15340	6100	848	401	156	-321
15632	6860	-228	-478	-181	-17
15716	6588	-288	-935	333	106
15604	6124	864	-1005	419	277
15600	6268	520	-35	-323	-127
15788	7020	-328	-913	-50	169
16116	6188	564	-1489	378	286
15756	6080	1160	-698	419	95
15512	6372	932	-126	-382	-106
15740	6404	-268	-1	-13	-258
15728	6416	460	-526	475	-224
15472	6804	1028	-534	219	-282
15724	6908	244	-1140	-24	-87
15892	6176	340	-1044	331	-47
15144	8408	152	-2401	-1914	239
15232	6184	608	-3155	-1045	-186
16160	5504	-40	-985	-1559	6
14784	8916	572	1633	-2692	-4135
18264	7504	-900	-2967	1847	-1493
15060	7772	864	-2835	2197	-1758
15236	6024	952	-3367	1498	-1246
