0	0	0	0	0	0
17268	96	-2068	785	481	-1233
16512	764	-4556	-1574	834	-1390
16460	1020	-4824	-1514	562	-1341
16360	1076	-4440	-1693	696	-1496
17100	832	-4064	-1059	2287	-964
16756	144	-3320	359	4073	756
14416	68	-2688	48	3915	4878
17304	-4812	-6440	256	-6791	6624
19296	-4504	-5504	4343	-1406	-4354
15816	3148	-5228	1464	371	-558
16936	-1208	-4916	-1035	679	1486
15796	268	-4472	578	181	-40
16144	872	-4336	-610	-88	464
16192	312	-4068	-352	-229	395
16328	-248	-4396	41	-294	290
16312	-504	-4240	1592	63	-538
16444	580	-4036	1854	-549	-717
16956	344	-4232	1400	-462	-710
16804	728	-4112	832	-361	-773
17220	-140	-5324	-352	-780	-220
17716	256	-4240	-1165	-538	-417
17176	80	-3856	-2276	-573	-51
17768	-968	-4868	-1630	-1240	-278
17964	-192	-4652	-806	-1002	-559
18012	-48	-4444	-156	-1073	-523
18304	200	-4920	-636	-983	-846
17400	764	-4800	-1827	-1143	-932
18716	-244	-5140	-2228	-1279	-785
17684	512	-5660	-2093	-1147	-795
17244	244	-4840	-1894	-1548	-1008
17332	456	-5040	-1892	-2422	-860
17084	640	-6332	-1955	-1651	-579
16500	212	-4916	-1846	-726	-333
16252	-32	-5696	-1328	-1608	72
16404	884	-6008	-684	-1548	149
16392	1440	-5860	-556	-902	-47
16540	1708	-5488	-921	-336	-47
15768	728	-6164	-694	-622	201
15640	548	-5824	376	-1274	85
15832	1376	-6148	1851	-1232	82
16336	696	-5760	1593	-741	178
14920	1756	-5260	595	-1313	366
16124	1284	-6472	-475	-2280	902
16364	1444	-5852	-2715	-661	1182
14932	316	-6368	-2894	-577	938
15896	-260	-6860	-282	-137	22
16116	684	-6144	1731	174	-368
15300	664	-6040	2526	31	-924
16660	1132	-6696	2486	608	-1292
15960	1160	-7256	1446	1045	-1526
14216	1156	-6364	944	407	-1275
15608	-344	-7568	1836	-950	-492
16744	1764	-7268	2810	-1380	-280
14596	836	-6616	1836	-1223	-101
15820	1096	-7604	2601	-1244	-379
14828	872	-4832	1102	-1097	349
14564	140	-5016	1714	-2555	632
14824	-20	-6648	1924	-2518	892
14004	168	-6132	1759	-3250	1531
14248	952	-4800	743	-2899	1498
14604	-220	-5364	96	-1809	1148
14776	-1072	-6252	1552	-634	17
13708	-132	-5436	2211	184	-504
12576	-1288	-5060	1412	182	-806
13472	-928	-5744	954	89	-570
14628	120	-5720	29	321	-379
13148	-484	-5768	-1469	-295	-323
13636	-772	-7144	-1730	-358	-416
14704	-1316	-6236	-2239	336	-437
13992	-916	-4784	-1133	-220	-172
14028	-1804	-6608	-1804	-306	230
14368	-2212	-6480	-1817	688	170
14348	-40	-5360	-1851	230	742
14500	-1668	-7260	-1421	575	163
14068	-32	-7128	-745	422	148
13884	612	-6360	-3099	256	694
14536	112	-7832	-3875	509	-228
13412	-1220	-7616	-2079	1742	-985
14036	1008	-6364	1091	-594	-1880
15028	2212	-7664	-1042	16	-2113
13960	1300	-6000	-3214	892	-1911
15064	-12	-5864	-2996	594	-2383
14984	872	-6640	-1401	511	-2843
14852	1540	-5876	-1538	1524	-2788
15728	1688	-5504	-2531	1302	-2385
14344	1340	-6272	-3301	950	-2167
16528	580	-7700	-2130	2028	-1561
15484	1796	-6196	-1603	605	-1185
14688	2748	-5420	-3537	-535	-329
17420	964	-6528	-3582	1327	73
16444	1064	-5684	-3036	1781	813
14528	904	-5464	-811	1461	-83
17720	2824	-7380	38	1914	21
16000	2636	-6156	-1860	2192	902
14320	1860	-5616	-2137	808	953
16844	1476	-7312	-1331	1239	1039
15048	1432	-5956	-16	2071	381
15312	2856	-6036	126	1431	237
16064	1880	-6240	-917	1871	412
14368	1756	-5352	-83	1370	3
16768	2528	-5864	-338	666	428
15792	1560	-5480	-1703	1086	981
14812	2096	-4052	-2131	1079	1064
17856	1100	-4952	-817	1966	1142
14924	120	-5852	1050	1898	591
16712	2080	-4808	2175	912	586
17064	2696	-4928	-612	1634	1318
15084	472	-5608	-1607	1928	1373
17348	1068	-5080	-173	1585	1164
17548	1244	-4776	983	2417	652
15548	692	-5436	1237	2075	561
15776	1408	-3552	1049	1409	1014
17584	1588	-5124	69	1396	1500
16360	1660	-4480	-854	2249	1450
17100	1172	-4984	-136	1643	1725
18152	356	-4984	647	2005	837
16508	952	-4480	783	1688	463
16432	1092	-4420	771	1125	804
18280	100	-5128	645	1389	1159
17016	420	-3972	455	1568	830
15604	-392	-4144	216	1014	1043
17804	152	-3512	742	379	1754
17308	360	-3924	-247	584	1720
17556	100	-4240	-1144	433	2060
17892	-8	-3928	-1317	565	2193
17796	-1032	-4036	-479	1054	1495
16480	-620	-3744	256	857	935
18584	-404	-4340	1294	458	556
17424	-236	-3920	488	889	-14
17064	-584	-3232	904	715	-518
17084	-296	-3476	669	507	-217
17344	-844	-3456	502	667	-156
16560	12	-3088	397	283	-246
16348	68	-3544	-458	-20	49
16900	-156	-3708	-464	-137	-35
16568	-76	-3216	-701	49	-167
16436	-52	-3344	-104	-272	-349
16656	-200	-3436	-271	37	-382
16532	-160	-3260	-55	-307	-399
17012	-328	-3608	-287	-293	-233
17328	-204	-3196	-314	-357	-111
17504	-392	-3236	-414	-524	-240
18152	-588	-4000	-338	-705	-565
17936	-604	-3212	-495	-288	-962
17784	-260	-3368	-401	-716	-940
18352	-632	-3812	-553	-796	-1043
18116	-248	-3716	-388	-890	-1387
17716	-448	-3736	-407	-844	-1572
17956	508	-3660	-432	-1141	-1328
18044	140	-4452	-888	-804	-1395
17500	284	-3536	-1465	-1145	-1475
17792	236	-4012	-1196	-1455	-1463
17596	1144	-4464	-1335	-1254	-1474
17184	1124	-3700	-2621	-1923	-1073
17572	448	-4580	-2674	-1951	-811
16496	472	-4076	-2395	-1128	-759
16792	436	-4456	-1479	-1195	-572
16728	228	-4492	-836	-410	-758
16576	800	-5164	307	-847	-718
17088	1068	-5028	-553	-502	-286
16192	1380	-4608	-745	-706	-88
16812	688	-5576	-1015	-495	315
16968	-132	-5376	-444	-666	293
16188	992	-5208	593	-341	362
16476	436	-5328	824	-213	969
16296	1064	-5340	1245	-949	698
16728	1884	-5592	461	-750	441
15604	1444	-5856	373	-824	342
15660	944	-5800	473	-972	405
15364	1824	-4888	863	-1470	107
15852	1932	-6000	399	-1470	-63
16188	916	-6832	1354	-1216	-758
15648	2324	-6356	920	-1648	-1018
15296	1256	-5188	174	-1922	-754
15028	-8	-6248	647	-1111	-1212
14320	252	-4476	1128	-1112	-1226
15024	1456	-5132	2180	-1476	-1636
15288	844	-5584	1660	17	-2034
14772	344	-5164	2582	691	-2827
15268	1920	-5116	2964	539	-2889
15220	892	-6216	2284	134	-2429
15492	812	-5608	1994	99	-2473
16276	1788	-5460	1998	519	-2703
17016	2968	-3860	737	583	-1356
16064	864	-4224	236	117	-926
14968	2452	-2408	-347	-712	-561
14936	1844	-3744	-1032	-903	911
14792	-476	-4888	-991	310	373
15352	1664	-5736	540	-17	-89
14816	2496	-5916	-446	-674	72
14540	-1084	-7068	-1224	-1030	552
15148	900	-7500	548	-683	153
15084	1516	-5008	-118	-437	455
14376	544	-4580	511	-2396	161
15976	1676	-6732	-254	-958	567
15884	84	-4132	-1542	-1216	1052
14028	188	-3296	-2824	-1145	1594
14480	-932	-6352	-1760	-434	1350
15368	1720	-5020	-738	1334	-93
14060	-12	-4756	-160	583	-236
13608	1344	-5840	-174	151	41
15632	552	-5560	-1029	812	476
13616	1328	-4556	-2474	-702	652
14352	-492	-6348	-1671	-415	632
13984	724	-5592	-1436	535	-45
14072	-376	-5116	-1165	103	-354
14348	1036	-5968	-1413	-275	631
14604	236	-5284	-1868	-280	227
14180	1940	-5628	-1183	-564	26
14640	1488	-6640	-1600	-418	-111
15212	600	-6244	-1022	-345	-1063
14720	2044	-6000	-1027	-293	-1118
15400	860	-6572	-1266	255	-927
16500	1616	-5784	-1359	-449	-1179
15028	1372	-5236	-1882	-506	-706
16236	1712	-5920	-1998	522	-843
16296	2240	-5992	-2383	303	-152
14784	1864	-6016	-2923	80	-223
15660	1420	-5936	-1769	1533	-560
15768	3792	-6100	-917	295	-461
15732	2148	-6736	-2684	502	183
15292	2472	-5296	-2542	-90	-460
17280	1636	-6856	-3485	719	644
16000	1172	-5848	-1684	1102	-220
15040	1952	-4984	-922	848	-290
16792	2500	-6404	-528	1597	309
15236	2164	-5780	-1405	1703	199
15484	2512	-4516	-1711	953	357
16500	1924	-6640	-1280	1295	605
14808	1832	-5188	-1148	1489	330
15520	2412	-4744	-1054	675	814
16824	1732	-5432	-2211	1489	1741
14252	1496	-4828	-2514	1070	1537
16512	1744	-5500	-1129	814	1591
16504	1472	-5360	-394	1934	1454
14264	1572	-4908	362	1483	744
17164	2288	-6272	-21	1511	1194
16684	2228	-4456	-1004	1605	782
14796	2176	-4820	-1073	934	689
17276	1912	-5460	74	541	579
17612	2600	-4768	-1021	1166	958
15416	1672	-4292	-1976	1253	846
16372	1864	-4312	-1391	885	640
17660	1304	-4564	-852	1935	600
16460	1028	-4612	281	2102	219
17912	604	-4788	1432	2433	579
16756	828	-3856	1085	2327	589
15304	1096	-3552	-29	1656	968
16748	2036	-3536	-43	932	2206
18556	472	-4908	-599	1992	2462
16872	700	-4480	511	1692	1781
15480	616	-3920	1486	1077	1908
17288	1260	-3600	1375	958	2594
17784	720	-3708	-49	1327	2489
16816	436	-3884	-693	656	2333
17600	312	-4004	-683	245	2534
17604	596	-3500	-1510	234	2494
16964	-872	-3608	-1904	385	2377
17892	-676	-4192	-983	574	2386
17960	-704	-3912	1	711	1643
17620	-1352	-3568	-130	854	1383
17284	-1044	-3468	493	412	1163
18424	-1580	-3684	-83	1104	1133
17140	-2012	-2972	1421	770	591
17420	-1088	-3220	1044	506	841
17532	-1192	-3556	501	406	862
16988	-1636	-3252	176	608	802
16876	-1196	-3316	608	314	766
17096	-580	-3428	934	766	528
16564	-1176	-2496	616	839	407
16328	-772	-3012	72	-36	596
16840	-528	-3316	-77	91	263
17012	-532	-2916	-54	560	-131
16132	-584	-2760	684	48	-582
17656	-696	-3696	823	-174	-803
18588	-1516	-3740	1147	899	-1438
16368	-948	-2352	1384	27	-1559
17740	-1040	-3360	886	-893	-1429
18508	-936	-3944	201	-1209	-2124
17972	-1108	-3640	2	-1331	-3095
17360	-524	-3196	-671	-2083	-2727
17652	-880	-3216	-1303	-2079	-1959
18556	-444	-3804	-687	-2183	-1943
19164	1044	-3648	-1916	-2499	-2214
18636	352	-4020	-2872	-3122	-2234
17672	-64	-3808	-2925	-3002	-2666
18148	-52	-3836	-2488	-2377	-2349
17936	1020	-4440	-1794	-3194	-1689
17784	-632	-4168	-2900	-1712	-1180
17472	-364	-4384	-985	-1635	-1788
16244	60	-4092	-218	-1425	-1397
17716	932	-5184	246	-1197	-900
16236	128	-4392	-391	-476	-977
16576	804	-5356	786	-783	-587
17332	1312	-5636	276	-233	223
15672	1024	-5424	516	-425	418
15996	1100	-5288	868	244	148
15592	744	-5516	1327	130	-55
15548	1272	-5816	1940	651	30
15024	1028	-5556	2509	234	307
15928	1628	-5336	2409	-292	362
16752	876	-6060	1349	-351	451
15580	1248	-5268	904	139	14
14484	1112	-4288	852	-719	554
15948	236	-5284	368	-138	657
16092	712	-5428	1291	755	-221
16592	372	-5076	1984	1461	-608
14932	360	-4432	2376	377	-669
15360	748	-4904	2352	507	-874
16628	1332	-6036	1435	1345	-673
15960	1900	-5016	1673	820	-1088
15360	1304	-5960	2130	457	-1359
14312	1372	-4176	1360	-374	-701
15216	1196	-3780	391	-720	-346
15028	820	-4704	-318	-537	-422
15412	1684	-3532	-652	-1517	81
14820	2336	-4408	-710	-2919	819
16776	1536	-6636	-1443	-1758	681
16736	980	-5380	-3108	-72	200
15420	836	-4368	-1841	-1121	-325
15792	-584	-5268	-191	-1304	-586
16152	-256	-5128	985	-509	-1040
14448	328	-4016	793	-1067	-988
13940	848	-5060	645	-926	-1305
14920	72	-6264	1469	-480	-1418
15520	-92	-6012	3187	-1769	-1216
14688	76	-5352	2761	-2328	-445
14204	1028	-3456	-366	-2189	213
14072	-328	-1844	-2772	-1446	275
15264	-240	-5000	-2227	-86	48
14920	-2528	-7372	740	1427	-895
14648	936	-2992	2564	121	-694
14008	2604	-4328	-1228	-1722	1481
17012	-1812	-6556	-3793	615	1705
14788	620	-2848	-3248	300	1959
15516	-852	-6032	-2047	784	1327
13776	-848	-5148	-498	773	681
15144	988	-6140	380	207	651
14380	1852	-6492	-968	413	379
12948	-220	-5492	-938	-257	-352
15352	408	-5488	302	-182	-875
13228	488	-5576	-1013	-449	-448
12420	-384	-5016	-881	-382	-1333
15432	928	-5176	-682	483	-1545
14024	96	-5504	-1340	340	-1647
14556	40	-4976	-1162	32	-1980
16304	452	-5236	-793	1150	-1486
16744	1532	-5548	-1079	-113	-349
14880	368	-3928	-2357	-243	305
18472	2332	-5944	-1805	457	1296
15816	308	-5072	-3537	1673	1778
16112	2108	-3984	-2472	762	1748
18496	1476	-7232	-3303	2250	2101
17240	1416	-4976	-971	3302	1102
16680	1712	-5224	-1194	1252	1586
17252	1012	-7252	-1194	1448	1884
15636	1140	-4916	-2236	2474	2125
15816	1080	-4916	-2964	506	2961
17288	-428	-6012	-3160	617	3010
15556	1736	-5388	-1558	274	2537
16004	192	-5208	-1879	-157	2934
17316	-144	-5656	-906	1960	2255
14856	420	-4880	-1210	1800	2070
15112	-12	-3748	-270	240	1952
19472	-116	-5984	-843	2328	2085
16044	1028	-4624	55	2202	1194
15976	896	-4108	-148	-37	1858
19808	-1164	-6032	-1428	1323	1611
16116	352	-4112	-931	1451	457
15232	452	-3012	-116	174	648
18288	-216	-5560	-835	1377	1233
15720	-668	-4048	-263	2003	115
15448	-396	-3484	770	1321	293
17912	-292	-5228	259	792	1257
16428	-508	-4044	-113	1229	460
15756	72	-3252	-670	1142	485
17664	-1084	-4612	-320	980	979
16860	-976	-4036	291	1722	256
15480	-948	-2956	397	579	462
17296	-444	-4628	153	278	1150
17672	-1200	-3720	414	2216	577
16224	-680	-3136	702	2473	577
16504	-1392	-4012	1702	1060	720
17196	-1040	-4184	1379	1070	462
16212	-916	-3040	775	806	833
16260	-1156	-3776	475	66	1582
17988	-1096	-4104	-1432	5	1936
17640	-2092	-3364	-2042	896	1330
16880	-1672	-3080	-1323	181	919
17952	-1936	-3124	-1841	274	1567
17236	-2288	-3048	-1008	97	1273
17696	-2424	-3712	-1364	665	1262
17384	-2180	-2908	-293	632	779
17352	-1592	-2832	-528	731	1075
17536	-3052	-4352	-330	740	591
17456	-2424	-2336	769	883	-305
17128	-2040	-3096	390	354	-118
17216	-2552	-3344	92	536	-192
16912	-2184	-2436	-349	445	-183
17032	-2388	-2868	-527	200	0
16572	-2100	-2812	-444	-23	37
17232	-2240	-2964	-50	-9	77
16832	-2564	-3204	125	471	-22
16484	-1720	-2540	334	357	-142
16740	-1744	-2972	-217	-505	161
17696	-2440	-3444	-103	-615	-121
17268	-2404	-3036	-100	-201	-848
17252	-1840	-2720	257	-926	-995
18416	-2500	-3564	750	-1193	-1242
18128	-2076	-3084	901	-935	-1988
17792	-1872	-2532	36	-1308	-1963
17760	-2216	-3376	-135	-1609	-1542
18632	-1376	-4348	-1010	-2081	-1382
18640	-2116	-4172	-1483	-2630	-2322
17564	-1452	-3400	-2100	-3358	-3006
17752	-1792	-4740	-1694	-2933	-2290
17768	-1644	-4300	-319	-1652	-1960
18080	-516	-4200	-18	-2132	-2251
17824	-688	-4964	-983	-3440	-2462
17404	-4	-5540	-1107	-2913	-2423
17692	4	-5092	-1053	-1900	-1917
17368	-780	-4488	-2488	-2102	-1473
16524	-628	-4632	-1454	-2018	-2126
16344	-228	-4620	-198	-1268	-1647
15376	-616	-4288	1170	-735	-1251
16924	388	-5572	2318	-849	-1133
16648	1532	-5436	971	-1533	-802
16472	88	-6036	-1000	-1373	195
15844	-156	-5432	-143	-1124	406
16476	1188	-5568	-30	-1497	506
16052	-88	-5956	-330	-940	823
15664	-652	-5300	688	131	73
15584	-916	-5188	1966	658	399
16468	-296	-6064	2973	1169	474
15780	-200	-4848	2906	1497	419
16404	-60	-5352	2496	2207	321
14340	828	-5068	2417	1785	341
14836	-360	-5164	1625	1052	356
15188	-40	-6628	2516	332	138
16112	-236	-6772	2094	315	200
14596	524	-4824	2807	-1669	212
15300	1900	-4972	960	-2625	1048
16588	-1144	-4616	-1147	-1068	917
14660	928	-3832	-390	-1770	341
15640	368	-6864	-204	-1238	1118
15432	-1588	-4688	463	-829	182
14572	-1404	-6204	2953	-1351	-886
14060	1044	-5164	2772	-2370	-454
14388	-132	-5680	1549	-1233	-929
14040	-1560	-6760	610	-450	-1443
14696	-572	-4572	1256	-1079	-1871
14964	1776	-5224	654	-2138	-1433
14016	-2684	-6312	-967	-279	-2450
14508	-2492	-3724	2140	-781	-3057
15660	820	-5596	1649	-2454	-1195
14308	-1636	-3684	-2283	-2255	-572
15064	-1672	-3880	-2973	-1307	-656
15040	-1228	-6880	-1346	-340	-130
16000	-2372	-8148	1669	84	-648
14296	716	-5356	446	-284	-898
14068	-1580	-4692	-1941	-689	-222
14436	-1860	-4928	-2949	196	1471
14364	-1428	-4436	-2080	454	622
13340	328	-4324	-2546	399	1004
12524	-1968	-5364	-2231	929	851
13116	104	-6412	-2066	680	597
14928	304	-6392	-3337	586	338
14520	-492	-7300	-2819	708	341
15348	104	-6884	-1627	452	341
14720	-1188	-6320	-1153	734	-44
14752	784	-5844	-1295	-80	-421
15588	1040	-6564	-2361	870	-390
15596	-400	-7048	-1849	1458	-966
15484	156	-6316	-773	73	-780
15228	952	-6432	-1338	-370	-576
14176	176	-5316	-2010	85	-564
16752	76	-6316	-3084	116	601
16428	-440	-5780	-2086	-346	294
16600	1632	-4920	-2126	-1089	872
17340	-640	-6652	-2898	950	1432
15652	592	-5344	-1587	1032	175
15516	264	-5740	-2268	1180	134
17836	-148	-7396	-1352	2825	39
15720	144	-6020	-1063	2899	158
16040	1008	-5588	-1174	915	911
17104	-544	-6436	-2514	1351	1772
14944	172	-5016	-2933	1463	1788
15600	60	-4360	-2949	1145	2359
17756	-1756	-6080	-1215	2938	2004
15816	788	-4888	340	1952	1455
16332	-336	-4432	-312	2299	1924
16928	-604	-5788	69	3211	1682
14708	212	-4720	-156	3068	1488
16628	-72	-5004	497	2529	1732
17172	-908	-6124	291	2698	1453
15816	-532	-4828	274	1916	1401
16152	1172	-4348	-932	-883	2228
17420	-1280	-6352	-3316	309	2771
15428	-656	-3992	-2556	1098	1932
15876	-988	-3224	-2374	879	2358
17740	-1952	-5548	-369	1471	1607
15748	-924	-3880	1661	2145	417
16780	248	-4044	1636	389	975
18272	-1280	-4824	537	2063	644
16544	-1372	-4312	211	1703	87
16464	-1728	-3784	-192	1354	553
16416	-2068	-3756	708	1236	908
15340	-1180	-3452	683	899	806
16940	-620	-4376	1076	71	971
19020	-992	-5180	234	1951	562
16112	-1508	-3696	1492	1093	-781
17252	-576	-3840	1415	-39	-509
18320	-2704	-4236	20	1227	-561
16344	-2116	-2232	1723	613	-1501
16824	-1616	-3068	-619	117	121
16748	-2772	-4020	-450	383	913
17024	-1684	-3612	-272	887	1114
17920	-1132	-3408	-386	470	1356
18248	-2884	-4032	-675	895	494
16988	-1544	-2784	-289	132	-730
17496	-2060	-2868	-1434	-237	-708
16820	-2340	-3076	-640	-216	-1129
17144	-2344	-3148	-552	186	-689
16992	-2036	-3424	-12	278	-122
17104	-2484	-2776	23	462	-177
16756	-1296	-3004	-98	-165	-293
16668	-1724	-3560	-1150	-392	-268
16924	-2032	-3004	-1095	17	-359
16716	-1868	-3168	-332	101	-44
16436	-1924	-3440	60	-12	118
16492	-1892	-3780	254	-260	75
17108	-1456	-3432	115	-360	34
17076	-1948	-3668	-174	-271	-90
16800	-1556	-3104	-5	-660	-273
17648	-1392	-3472	-126	-893	-540
18104	-1952	-3700	367	-1259	-1267
18252	-1432	-3772	415	-1391	-2476
16880	-884	-3492	-252	-1870	-2783
18052	-1840	-3348	326	-2491	-2985
18832	-940	-5244	620	-2039	-3724
17352	-1132	-3412	262	-1571	-3727
18492	-468	-4064	625	-3082	-3503
18604	-68	-4308	-1701	-2394	-3285
17528	516	-4296	-2257	-2904	-2873
17240	-860	-4240	-3602	-2366	-2447
16996	-1064	-4584	-2684	-2769	-2425
17520	-144	-5184	-1555	-1355	-2590
16092	452	-4064	-686	-1574	-2230
17516	1056	-5572	-508	-1905	-2224
16744	448	-4816	-2305	-1296	-1752
16460	948	-5252	-1366	-1160	-1977
16372	436	-5516	-1228	-883	-1449
15600	1416	-5448	-79	-1731	-1863
16480	2340	-6232	-1209	-1343	-1505
16556	668	-6824	-919	-180	-1998
15856	2028	-6236	295	-639	-1891
15360	2240	-5504	-276	-2114	-958
15872	1388	-6384	-1514	-2261	-1005
15912	2208	-6320	-1882	-1377	-1013
16348	1268	-6604	-1641	-230	-825
16144	1152	-6972	913	170	-1779
16752	800	-6396	2265	904	-2457
15804	3196	-6380	3951	200	-3207
16368	2264	-7440	3114	200	-2110
17172	724	-5760	1748	2560	-1493
13264	736	-4676	2350	23	-1600
14448	3344	-7768	3692	-1275	-1058
13344	892	-6052	2038	-583	-53
15340	2548	-6792	3542	-2665	-228
15784	4144	-6516	1213	-2337	839
15160	1192	-4572	-545	-1043	1537
14640	984	-4204	1214	-370	25
14240	2916	-5408	1942	-865	123
14972	1348	-6600	2214	-591	-39
15064	3456	-8124	2460	-821	84
15192	2776	-5968	1208	-1071	677
13240	3052	-4792	531	-2486	142
14388	1372	-6300	-231	130	67
13224	-92	-4008	1111	246	-175
12496	568	-6136	3447	-2875	-246
13944	3328	-6420	1138	-2713	-133
13364	1428	-5228	-1825	-74	-482
13152	292	-5316	-603	-2922	-745
14652	1088	-6396	-19	-2822	-86
15264	1052	-6248	109	-1777	-1301
15336	2132	-5276	-1576	-1552	-1331
14840	-260	-7384	-1596	318	-908
15004	-136	-6796	-2440	1434	-386
14212	872	-5224	-3798	1511	-117
13404	1672	-6912	-5560	613	2073
13552	-1268	-7508	-4977	1092	1447
13232	-876	-6336	-666	1462	382
12212	1448	-6904	1575	-502	856
12808	356	-8568	-253	-1737	1250
11212	3144	-7232	-2077	-1581	1098
13672	1372	-7428	-3347	-1805	1251
14416	2052	-6420	-3120	-1344	10
15856	2780	-6188	-2132	-779	-249
14416	2472	-6288	-1833	-96	-210
15952	1636	-6832	-1448	-949	51
15912	3140	-7024	-1808	878	231
15024	1148	-7372	-1492	1026	-107
16412	2056	-8060	-961	424	-732
15976	3432	-8496	-2838	1030	92
12332	904	-6900	-3679	453	115
14972	1208	-7376	-2360	400	175
14532	1344	-7572	-1462	1461	249
13792	2460	-6972	-2189	133	439
15712	1752	-7536	-2668	1362	807
16100	1296	-7936	-1825	1972	673
14332	1800	-7096	-1416	1491	824
15788	3444	-6440	-992	290	581
15820	1916	-7856	-1725	1459	1024
14000	2680	-6528	-612	1048	483
17024	3428	-7684	-1002	991	1032
17424	1864	-6988	-807	1889	3
14960	2644	-6228	-1384	874	250
14452	2924	-5256	-1737	474	565
15908	1348	-6244	-2441	1999	910
13496	1676	-5320	-1419	2006	365
15128	1688	-6660	60	1224	366
16940	1824	-7236	607	2377	821
14512	2368	-5968	-621	1913	1328
15752	3300	-5804	-2314	449	2100
15584	952	-6376	-3668	1346	1817
14004	1592	-5244	-2945	1445	2124
16268	892	-5796	-1604	1241	2924
17292	828	-6352	-264	1421	2120
14724	2100	-5840	-730	1356	1874
16684	920	-5364	91	1480	2228
17616	1472	-5948	865	2344	1828
15320	2168	-5224	639	2152	1381
16004	1940	-5568	1077	1061	1640
18492	1464	-6748	135	2595	1628
16200	1412	-4548	33	2701	658
16008	780	-4364	1057	1640	891
18076	1444	-5572	1313	1386	1817
18184	-116	-4296	666	2747	1093
16484	980	-4516	402	1680	1149
16496	-104	-4720	173	1691	1775
18332	132	-3968	355	2016	1953
17176	-1068	-4752	76	2069	2116
16792	-344	-4864	1026	1479	2091
17284	456	-3368	527	1088	2292
17856	-628	-4676	-64	940	1683
17332	-416	-4828	-219	1785	686
16256	-640	-2908	-840	1279	1019
16936	-1240	-4276	696	432	1273
16812	-672	-4616	1105	1709	993
16356	-752	-3536	1746	1477	668
17404	-768	-4508	1315	1152	831
16864	-1320	-4356	1029	797	223
16468	40	-3648	-41	-13	109
16936	-1656	-3968	-1180	-267	442
17180	-1520	-3672	-980	-75	483
16948	-1556	-3324	-297	-35	175
17184	-868	-3512	63	-590	0
17204	-924	-3464	-475	-318	-157
17500	-1448	-3760	-57	0	-98
17100	-1192	-2940	536	283	-236
16572	-612	-2940	388	-420	45
16776	-460	-3480	-598	-473	134
17436	-1016	-4056	-854	8	-564
16944	-628	-3168	-7	-375	-1164
17892	-1000	-4200	778	-736	-1310
17368	-1304	-4100	939	-494	-1768
16868	68	-3564	1415	-1403	-2424
18588	-932	-3976	-171	-1495	-2344
16960	-396	-4344	-119	-1631	-3151
17396	-256	-4188	-11	-2341	-3189
17884	-132	-5220	411	-2552	-3398
18560	284	-4248	-241	-3002	-3484
17596	576	-4668	-1378	-3152	-3739
18016	448	-4884	-1760	-2490	-3553
17352	-568	-4572	-780	-1724	-3384
17556	200	-5040	74	-2814	-3045
17340	2104	-5484	-448	-2751	-3293
16968	1480	-5688	-1355	-1936	-2862
16860	1400	-5260	-1188	-1772	-2197
16432	1628	-5944	-815	-2344	-1784
16080	1384	-6076	-101	-1930	-2588
16508	1844	-6780	473	-2042	-2207
15964	2772	-6728	435	-2839	-1708
16776	3716	-6768	-1336	-2907	-1321
15636	1924	-6180	-2630	-1777	-1423
15676	1496	-6952	-967	-2046	-1348
15040	3408	-5884	626	-1024	-1443
14364	3864	-6200	1238	-1839	-1085
15536	2424	-6500	-1268	-644	-403
14116	2928	-5456	13	-1393	-1219
15528	3864	-7260	492	328	-1327
14164	1124	-6288	890	1594	-1004
13916	1564	-5992	3118	-129	-2264
14828	2856	-8360	3300	529	-2297
15180	2532	-6696	2442	1014	-1342
15616	2560	-7616	3802	-315	-1908
16448	5076	-8068	3030	-274	-1392
17012	3244	-7880	898	319	-1550
15424	2820	-6648	1397	1091	-1826
15540	1960	-5832	1994	594	-1645
14956	3264	-7632	2382	594	-1866
13164	2552	-5456	1621	1812	-1518
12596	2516	-4628	2183	456	-1716
12420	4872	-5808	1836	-348	-1360
14452	3868	-5244	85	-733	29
14208	4064	-5548	863	-1508	-1101
13804	2160	-6308	992	-2049	-986
14180	3468	-7456	1996	-2042	-834
15364	1780	-7388	640	-1866	370
15352	1100	-8812	1145	-343	-1424
11976	1024	-5768	880	303	-537
11840	832	-3248	273	-665	89
12096	40	-5044	-796	-332	39
13592	1384	-7068	667	430	-845
14372	3888	-6360	1297	-3	-436
13500	4404	-5096	437	-629	-127
15156	4344	-7112	-1017	-471	-221
13816	3196	-6448	-2808	-56	610
14600	1500	-5664	-2760	-114	-119
13896	2640	-5792	-2665	1213	-375
13128	504	-6712	-1680	-315	-9
12624	816	-9272	-878	-190	-625
10480	1000	-7220	-1597	-198	331
12396	2784	-6192	-1425	-2772	441
14600	2800	-8456	-3083	-1321	871
14552	2736	-6136	-3230	-345	699
13096	3624	-5236	-2183	-2011	1230
14836	2860	-8560	-2192	-485	1188
14436	3312	-4208	-1970	1102	-218
14496	5176	-6732	-1660	-2303	194
14936	4044	-9036	-4290	-696	1578
14156	2316	-6008	-4686	600	1324
16064	3424	-7088	-3209	-1619	2242
14788	2244	-8204	-3714	22	2771
13452	1384	-6128	-2410	-107	2273
17376	4256	-8452	-2309	-99	3088
15164	1876	-8560	-3897	1841	3136
14784	3604	-5204	-2514	-559	3106
17312	2872	-8804	-2765	483	3855
15972	2488	-7672	-2814	1407	3144
14312	2324	-4940	-1614	594	2292
16160	3052	-8268	-937	1845	2105
15532	2064	-7336	-1131	3379	1732
15440	1808	-6548	815	2746	449
16768	3000	-8112	1649	2606	561
14836	2116	-7084	894	2789	927
15508	2716	-6520	-334	1118	1097
16828	1996	-7964	-1362	2075	1971
14764	1600	-5216	-1763	2654	2259
15464	1468	-5552	-994	1034	2388
17520	1176	-7508	-404	2128	2777
15484	1500	-4748	-759	2349	2742
14968	1816	-4820	-769	1068	2649
17896	1760	-7168	-1051	1574	3331
16112	1476	-6264	-1243	1672	2813
14448	1404	-4440	-916	877	1831
17312	1504	-6288	-549	725	1736
16448	940	-6208	-397	2168	1268
14784	624	-4800	400	2102	957
16296	2348	-5464	892	725	1216
16324	292	-5888	72	1817	1062
15688	1160	-4408	260	2754	562
15708	1124	-3988	-36	1590	1265
17028	-224	-6600	614	1848	1502
15692	904	-4216	748	2570	1060
17988	-60	-4596	1025	1637	2151
18436	-1056	-5432	1152	2662	1742
16328	232	-4036	871	1453	1184
15900	252	-4268	178	331	1094
15432	1160	-4848	-1206	423	2086
16736	100	-4628	-2200	1315	2920
18032	-1360	-4852	-1686	1821	2706
16864	-1136	-5428	526	1746	1864
16360	144	-4092	799	796	1612
17832	-360	-4088	117	-112	1841
17924	-1356	-4764	-1910	1283	1461
16540	-840	-2756	-2305	1160	831
17208	-1196	-3884	-3308	-92	1662
18204	-3044	-4016	-1985	954	1356
16480	-1948	-4340	-529	963	1309
16368	-1440	-3408	-28	537	1032
17012	-1144	-3476	-756	395	917
16788	-1800	-4608	-647	259	670
16596	-1464	-3760	-51	391	328
16756	-1452	-3288	-231	326	393
16344	-1032	-3864	-728	-110	566
16936	-1788	-4144	-1143	-149	713
17176	-1568	-4216	-698	-132	363
16836	-1928	-3684	-108	147	-156
16360	-1400	-3688	62	-158	-152
16668	-1208	-3348	-295	-750	-51
17164	-1300	-3848	-1163	-470	-130
16968	-1332	-3796	-1394	-389	-378
17348	-1992	-3332	-373	-217	-622
17428	-1444	-3716	825	-898	-797
19332	-2452	-4904	1344	-1045	-1845
18528	-2352	-4028	2586	1009	-4341
15728	-2276	-2164	2748	300	-4146
16800	-904	-3648	2970	-1589	-3109
17644	168	-5412	2092	-1618	-2694
16616	360	-4124	-1045	-2031	-1911
16036	712	-4356	-3442	-4004	-848
17532	16	-6224	-4777	-3761	-268
17816	-652	-5140	-4656	-2337	-784
16140	-740	-4928	-2889	-3238	-1364
16796	188	-5712	-1626	-4026	-1577
17736	-260	-5968	-1595	-2351	-2290
16316	48	-5064	-917	-1865	-2983
16724	632	-5452	-50	-2341	-3138
18164	748	-6820	384	-2533	-3412
17076	1068	-6204	685	-1334	-4527
16264	1424	-5912	674	-2624	-4309
17400	1968	-6168	734	-2299	-4392
16764	1256	-7564	562	-526	-4950
14888	512	-5704	1254	-1181	-4947
15360	2484	-6744	2256	-3731	-4062
15872	4220	-7704	81	-2287	-3155
15176	1580	-6592	-2646	-606	-2387
15296	1484	-6376	-268	-892	-3588
16044	2144	-7720	2303	178	-4589
16056	2016	-6940	3505	1368	-4795
14788	3096	-6504	4764	640	-5533
14764	4688	-7024	2695	191	-3997
15624	2688	-6808	-218	852	-2986
14276	2196	-6264	640	447	-2995
14328	3704	-5408	2162	-821	-2153
14928	3200	-6260	1407	-1293	-917
14160	3576	-6696	913	-561	-592
13948	4932	-5880	-461	-791	396
14976	4104	-7376	-516	-1742	282
14172	3888	-6504	-869	-2280	556
14260	3524	-6620	-662	-2332	652
14316	3072	-6488	141	-1568	287
15620	1812	-7984	610	-112	-707
13492	3160	-8824	1378	1821	-2614
13876	2984	-6468	1737	1631	-2252
12980	3396	-6944	2514	353	-2698
12200	4068	-7536	1748	-105	-1771
12356	4040	-5292	1110	-1274	-1247
13100	3924	-6972	37	-2697	-389
14388	2828	-7492	-681	-3521	-310
14168	4412	-5800	-726	-2130	-211
15252	1528	-7312	1363	-2608	38
14036	2920	-8232	691	-1823	-202
12500	4156	-6288	438	-2822	-313
14700	4264	-8840	-466	-1990	-785
13868	2236	-7096	-2616	70	-469
13672	472	-5512	-511	-291	-1517
14568	1372	-8808	923	-241	171
12368	3644	-7236	-609	183	737
12596	1472	-5896	-2377	301	1618
12648	2216	-7436	-3143	1196	1702
14156	1544	-7372	-2908	1871	1700
11592	2076	-6292	-1153	1164	1421
11280	2500	-7572	-37	-577	1995
12008	2320	-9424	-1668	169	1853
13660	2836	-6388	-3047	342	1683
12588	4096	-6516	-2322	-1343	1574
14448	2988	-7812	-2588	-1347	2537
14164	1752	-7560	-1104	998	1431
13328	6008	-6648	-831	-1216	1470
14760	4500	-9516	-2877	-784	2587
15056	2372	-8288	-3680	2057	1555
13992	3796	-6004	-2670	904	1232
15220	3156	-9060	-2072	528	1223
15580	2652	-8832	-2270	2653	764
15016	3816	-6872	-1719	2022	300
15620	4268	-8396	-1458	804	899
15220	2744	-8900	-2900	2286	1667
14172	1964	-5104	-1960	2486	985
15548	3288	-7284	-757	733	2064
16000	2792	-8476	-1664	2974	2342
15148	3592	-5276	-1615	2709	2067
16368	3088	-6960	-1260	1861	2297
14908	2436	-8224	-1627	3145	2572
14428	1960	-5468	-827	2267	2354
16164	2388	-7148	-90	1592	2321
14780	2896	-7332	-500	2471	2593
14320	1736	-5580	-46	2444	2161
17272	2100	-6752	1016	1975	1704
15736	3172	-6368	1242	1822	2282
14788	3024	-5524	-265	1512	2544
17172	1552	-6928	-1176	842	2195
17072	1884	-7920	-964	1575	1512
14328	2400	-5712	-1961	2074	1699
14176	1296	-4864	-745	1105	1736
17084	676	-5960	1603	2095	1276
14648	1976	-5092	1635	2708	916
15176	2008	-3848	2102	2574	167
16620	2568	-5548	2484	1840	367
16028	2108	-5528	1455	3421	506
14524	1344	-3972	1197	1937	577
17168	1744	-5552	1825	318	1409
16776	1444	-5432	-704	1554	2259
16056	256	-3884	-1617	924	2644
17768	500	-5696	-606	93	2996
18364	40	-6080	-655	2084	2495
15936	268	-4076	-316	1889	1858
17684	-960	-4264	794	679	2005
17596	956	-5732	1193	1332	1697
17112	504	-3944	-826	1493	2375
18420	-960	-4548	-841	1167	2463
16680	396	-4424	-1578	1056	2384
16344	-960	-4336	-1982	997	2703
16404	-1036	-2792	-1916	1301	3349
16440	-468	-4532	-927	998	3579
16656	-1580	-5360	-291	1906	3162
16884	-736	-4228	371	1593	2900
16608	-648	-4772	-333	1241	2795
16896	-1692	-4176	-1251	1141	2435
16564	-1096	-3604	-1678	952	1905
15812	-1500	-3528	-2887	353	2542
16488	-1752	-3608	-3076	182	2722
17024	-2288	-3892	-2423	506	2161
16864	-2180	-3600	-1902	433	1349
17212	-2096	-4560	-914	44	975
17124	-2868	-3732	-37	707	133
16640	-1472	-3004	339	-197	-331
17500	-2164	-4712	-1059	-192	33
16652	-2448	-3740	-970	611	-413
16656	-2164	-3044	-952	-195	-129
16860	-2604	-3968	-855	-96	136
16544	-2024	-3460	-485	-12	-375
17060	-2360	-3584	-163	338	-1000
16180	-1860	-3932	-94	-25	-994
16676	-1920	-3532	496	-462	-1212
16688	-1404	-4148	360	-694	-1235
17564	-1776	-4356	-235	-484	-1219
16532	-1532	-3948	-198	-236	-1883
16384	-1232	-3884	-321	-2136	-2176
18352	-1572	-4536	-176	-2588	-2561
19508	-1344	-5080	-691	-1969	-2464
16956	-1436	-4304	-1226	-1205	-2518
15388	-1416	-3716	-1929	-3244	-1565
17784	-1356	-5176	-2744	-3800	-1794
18112	-1192	-5440	-3435	-2573	-2882
17024	-2644	-4460	-2374	-1695	-3822
17096	-1952	-5684	1487	-2494	-4631
18228	-400	-6052	3269	-1862	-5040
17636	168	-5516	1975	-1593	-4831
16580	912	-5920	811	-3616	-4285
18304	1948	-6204	-1247	-4603	-3528
17460	928	-5380	-3473	-3176	-2999
16572	56	-5996	-2720	-2942	-2589
16880	-184	-6056	-896	145	-2220
14708	388	-6048	1868	627	-2378
17128	844	-7096	3174	243	-3028
16660	2676	-7900	3630	812	-4331
16564	3536	-7456	3447	1058	-4279
15708	3004	-6672	3122	570	-3739
14304	2168	-5692	2201	217	-3952
14748	1140	-6528	2301	197	-3602
14052	3192	-6204	4225	172	-4376
13928	4360	-5728	2784	-364	-3323
14552	3628	-6148	1306	-991	-3086
15448	3928	-6948	-301	-863	-2455
15732	3852	-6352	-1970	-1589	-1797
14348	3808	-6136	-2628	-2805	-1804
15980	3632	-6508	-3747	-2186	-987
15872	612	-6864	-2763	-229	-1360
14556	1304	-5844	1681	-261	-3910
17176	4480	-6708	3465	-279	-4324
16340	4332	-7092	2764	1290	-4959
14488	3192	-6360	1222	1291	-4476
15236	3540	-6588	1400	804	-4324
14600	4300	-6304	704	1653	-3161
11832	4324	-4704	927	64	-2371
12836	4456	-6504	1279	-2503	-1155
11924	5412	-4984	238	-2522	-392
11836	6580	-4116	-730	-4399	712
12488	5172	-7308	-2950	-4230	702
13240	3532	-6752	-3604	-2435	-1122
13968	4312	-6156	-1724	-2228	-2837
14960	4100	-8596	-240	-1494	-4009
14984	5280	-6808	302	16	-3995
15320	4920	-8192	-1172	1363	-3174
13380	5244	-4380	-1825	971	-3448
13864	3244	-6192	-2361	1499	-3191
13288	3892	-5824	-2075	1378	-2489
13476	3756	-4416	-1424	-680	-1720
13788	4336	-8496	-456	-894	-1755
15160	6104	-6584	-2145	2013	-1498
13460	4148	-4848	-1595	631	-756
12652	3028	-7872	-782	-725	801
13384	4464	-6988	1	290	521
12968	5600	-5516	-951	347	1854
11640	3304	-5512	-1851	-356	1870
12920	3304	-5516	-2411	1093	2473
11396	3680	-4408	-104	-280	2513
12972	3888	-8620	1167	-901	2449
11964	4876	-6664	94	-748	2821
12884	4256	-5164	-1262	-908	3153
12124	4252	-6380	530	-3093	2694
14068	6192	-9012	-1623	-214	3680
13796	4396	-4560	-1354	-844	2985
15112	3756	-7384	-31	-1250	2600
14588	6560	-7636	-850	-55	3009
14984	5224	-6308	-1180	454	3227
14060	5624	-5728	-1963	-305	2550
15216	4340	-8188	-2997	1291	3000
15012	4416	-4856	-1410	2423	2425
15464	5100	-6408	881	488	1778
15112	3964	-9136	-536	1639	1419
15856	4216	-6580	-1394	1963	2020
15772	2524	-7176	-2081	2286	2186
14252	3008	-7152	-1839	2040	2317
15208	3388	-5860	-1627	1817	3469
15912	3448	-7244	-953	2037	3454
14024	2652	-7680	-1606	2257	3730
15400	2732	-5596	-991	1752	3416
17408	3872	-6720	-778	2573	3546
14708	2940	-6344	-925	2669	3319
14556	2840	-5684	-598	1666	3541
17392	2224	-5968	-932	1772	3690
15804	2960	-6144	-458	1538	3343
14744	2116	-4752	-1756	1515	4329
18584	1416	-7228	-1027	1515	4209
16536	2408	-5736	-1267	1872	3956
14632	1496	-4824	-1230	779	3864
18508	1692	-6508	-763	567	3970
16232	-48	-5116	-43	965	2922
15568	408	-4840	2704	-104	1963
16928	1596	-6132	4146	-7	1674
16708	1124	-7128	2917	692	2270
15440	-32	-5304	1478	2074	2267
16756	1580	-4536	1324	1170	1707
18324	644	-6708	-566	2872	1882
15360	500	-4892	-1066	2552	1014
15020	-1048	-5060	167	1411	1227
17640	-556	-5196	1488	410	1462
16796	-604	-5424	1119	648	1340
15388	900	-4740	-605	-987	2133
16900	232	-4584	-3539	-552	3457
17612	-520	-5132	-2783	136	2521
16576	-612	-4636	-3133	1753	2240
16288	-1492	-3928	-1717	1362	2277
16744	-2396	-4672	-85	636	1702
17404	-1968	-5236	1925	1428	426
16572	-1136	-3628	2227	2188	71
16960	-1640	-4452	3614	1294	-46
16956	-2108	-4428	4521	2080	-711
17192	-1420	-2580	5818	1639	-1239
17720	104	-3640	4142	435	-736
17112	-240	-4788	1820	622	-505
17132	-40	-3280	-1015	207	102
17240	-784	-4188	-3816	-266	1325
17120	-2456	-4944	-4529	468	1338
16792	-1616	-3020	-3810	808	728
16468	-1904	-3508	-3119	-518	874
17196	-3060	-4864	-777	-147	281
16804	-1996	-3628	-420	328	-111
16488	-2160	-3800	298	384	-366
15752	-1552	-3984	638	90	-346
16444	-1708	-4168	615	170	-142
16512	-1560	-3552	1518	40	-525
16480	-400	-4444	436	-458	100
17148	-1908	-4700	-369	-292	135
17304	-1180	-3748	225	-672	-766
17116	-1300	-4164	-797	-735	-849
17012	-2212	-4228	208	-789	-1289
17356	-1176	-4172	609	-1178	-1441
17244	-1216	-4064	609	-933	-1888
17116	-920	-4940	1053	-2346	-2294
18496	-484	-4492	-555	-2067	-3117
17600	-200	-4744	-981	-2475	-3286
16272	-648	-4992	-1747	-2703	-3037
17492	108	-5148	-972	-3437	-3490
17152	-340	-5824	-1720	-2827	-3500
17504	12	-6464	-1647	-3788	-3304
18036	1040	-6876	-1464	-3330	-4182
16784	-104	-6320	-1886	-3437	-4173
16808	-328	-5340	-435	-3220	-4173
17652	928	-7472	1530	-3213	-4883
16396	2276	-5512	659	-1776	-4884
14708	1600	-5280	-160	-2485	-3998
15580	1476	-6324	-531	-2456	-3574
16036	3452	-6304	-303	-1663	-2993
15340	1776	-5812	-1703	-1663	-1933
15428	1276	-7676	-22	-2724	-3040
16144	4500	-7544	-136	-2816	-3091
15424	4100	-6072	-2082	-2277	-1810
15296	800	-8300	-2609	-2050	-1462
15744	1220	-8288	509	-1465	-3071
16440	4072	-8088	2298	-1891	-2730
15944	2016	-9180	1484	-1398	-2397
14556	2384	-8600	2672	-1989	-3193
13092	2976	-9236	2506	-1057	-2698
11496	1664	-7016	1779	-1112	-949
12168	1920	-7600	3688	-2205	-1521
13228	4788	-7124	1259	-2437	-415
12108	3468	-6800	-953	-2882	-109
13560	3772	-8344	-1132	-3105	-425
15448	3272	-7408	-2449	-945	-584
13144	3152	-6292	-192	-1642	-2057
14796	4220	-7232	1372	-2390	-2509
15624	4748	-8976	1051	-235	-2516
13628	3888	-8520	42	-349	-2895
13416	3644	-8816	124	-1030	-2541
11992	2616	-7904	203	96	-2118
11200	2568	-8180	547	-890	-1519
13324	1956	-9208	1455	-890	-1001
14148	5552	-8688	768	-1282	-676
15292	4576	-8336	-1311	-1759	1055
13860	3352	-9776	-1922	-380	423
13076	2204	-9516	-1895	747	363
12920	3116	-6904	1383	-718	-940
14356	3756	-10456	1329	-524	-648
13548	5116	-8900	856	369	-1226
13688	4808	-6128	-1145	143	249
12276	2372	-7624	-1532	-612	1140
12996	920	-9708	-233	141	592
12576	3328	-6112	294	69	-15
11964	3372	-6472	-762	-187	183
11932	2000	-8924	-2520	932	-95
12288	2040	-6376	-3041	1576	235
13600	3168	-7216	-1482	-976	102
13428	1596	-10264	-1553	2132	658
11268	2744	-5208	-817	1037	849
11236	3128	-7460	-1699	-666	1471
12016	2448	-9720	-3386	411	1925
12852	1136	-7128	-3097	1334	1471
11004	1924	-7008	-617	-720	1449
12556	3960	-7920	-2261	-1443	2849
13024	2840	-10204	-5351	913	3468
14284	3676	-7740	-5285	-735	3070
14828	3892	-8560	-4211	-415	2946
14428	4404	-8836	-2652	349	2151
14908	2888	-8232	-2127	1740	1728
13876	4304	-7896	-1366	-395	1609
15120	3892	-10296	-732	905	1262
13936	2748	-7828	-671	2367	1403
14304	3520	-7708	-169	984	878
14664	4892	-8980	-1737	2020	762
15196	2932	-7504	-2985	3605	1562
14140	1268	-6900	-539	2628	1461
14324	2516	-9320	1923	1941	1022
15624	4356	-6972	1110	3331	890
13852	3052	-6972	-349	3080	1205
14808	2156	-8696	-263	3943	860
15436	3540	-6056	581	3694	-5
15916	3084	-7728	2481	3433	188
14384	3140	-8048	3099	3452	348
14276	2928	-6356	2446	1708	841
15820	4192	-8328	1057	1328	1316
15552	3684	-6896	-2325	2156	2388
15584	1816	-6028	-2980	1161	2196
15652	1620	-6292	-803	1389	1484
14436	3340	-7064	-60	1044	1887
14804	2980	-5444	-1746	1358	2246
16252	1280	-6352	-3734	2380	2514
14492	2428	-5852	-4115	2276	2527
16168	1632	-5648	-3328	1233	3064
17612	1008	-6636	-799	1702	2989
14996	1456	-5772	-88	1565	2718
16440	2244	-4952	478	601	2645
17116	1956	-6132	-157	1157	2793
16024	1540	-6252	-1433	1207	2927
15356	708	-4428	-1428	788	2610
17576	1284	-5524	-158	397	2681
17904	1020	-7212	-348	2234	2702
16276	-96	-3872	79	3155	1740
15392	932	-4576	1451	1277	1633
18172	664	-6200	1818	567	2233
17932	20	-5040	1645	2636	779
15832	528	-4992	2222	2044	156
16080	336	-5316	2681	1825	505
17768	312	-4792	2450	1814	828
16876	896	-4952	1374	1419	589
16564	460	-5656	-261	1351	1072
16912	276	-4256	-1245	1439	1791
17044	16	-4408	-1667	948	1976
16600	-1088	-4784	-922	1057	1586
16888	-1072	-3912	264	1491	810
17088	-992	-4052	1190	1682	821
16724	-1780	-3900	1615	1751	916
17192	-556	-4240	1660	1550	859
16884	204	-3360	376	1712	689
16516	-256	-3124	-660	621	1153
18188	-1292	-4128	-1694	364	1297
16772	-1236	-3956	-1923	1038	442
16324	-1180	-2696	-1324	231	415
16884	-1416	-3840	-1412	75	794
16652	-1916	-4180	-211	825	556
16492	-1268	-3868	509	1459	193
16580	-1232	-3296	1144	787	108
16716	-1300	-4756	1679	886	-280
16160	-780	-3364	1322	605	-881
16588	-376	-3428	951	-397	-1240
16360	-544	-3812	38	-673	-1131
17456	-576	-4116	-402	-996	-962
17028	-1248	-3968	-843	-650	-974
16348	-324	-2864	-996	-2000	-1074
18100	-1388	-4088	-1218	-2362	-1339
17616	-1604	-3740	-763	-1582	-2201
16728	-420	-2884	-383	-2191	-2023
17152	-1240	-3776	-46	-3284	-2336
17360	212	-3080	138	-5414	-2663
18468	-416	-5012	-1426	-7063	-2569
18596	-1276	-6044	-1901	-5443	-2988
18312	-1072	-6036	-1891	-2525	-2442
17892	-808	-5968	-1516	-1621	-1593
17780	-924	-6740	-420	-1779	-1981
17796	-64	-7352	710	-1651	-2932
16012	1964	-6232	-308	-1543	-3290
16128	2560	-6456	-1758	-2008	-3054
16120	2104	-6396	-2049	-2003	-3162
15340	1440	-6692	-1204	-3017	-3756
16868	3200	-7328	658	-4504	-4410
16668	3568	-7640	316	-2920	-3768
15160	1096	-6912	-892	-924	-3521
14044	700	-7392	1502	-1705	-4519
16464	4140	-8416	3855	-2463	-5190
15996	3368	-7736	1839	-812	-4585
13816	972	-6924	1397	-2015	-4561
15408	3884	-8248	2864	-2378	-4891
14588	5056	-7940	-1204	-1383	-2938
14740	2280	-7864	-1783	-2531	-3466
14512	4844	-8936	-628	-2780	-3503
15448	5888	-7952	-1372	-1731	-2211
14920	3044	-6656	-1857	-2358	-2173
12940	4200	-7532	-320	-3714	-2723
13484	3736	-8424	-1488	-3032	-1373
11904	2480	-6632	-495	-3552	-2055
13848	4420	-9376	1411	-3662	-2594
14720	3588	-8244	1637	-1243	-2573
13084	3988	-7844	4466	-2754	-3309
12064	3832	-9480	4301	-3967	-2383
13008	5492	-8012	2519	-2228	-2427
11812	5276	-6456	-1422	-862	-1449
10712	2104	-7348	-1140	-1937	-1965
14060	5936	-9036	-1419	-324	-3191
14464	3620	-7732	-1487	1196	-2131
12576	3300	-8396	-177	690	-2355
14200	4784	-8492	-305	2042	-1496
12816	3384	-8272	-1613	2982	-796
11748	3156	-8148	-804	2423	-724
12032	4396	-7800	-538	1652	616
12012	4480	-6696	-1044	1053	701
11752	3664	-8756	-595	187	799
11276	5364	-9552	297	-60	646
12588	4064	-7980	-377	-38	1100
12008	4396	-7532	330	-968	186
13656	4240	-9032	94	-199	206
12588	4876	-7844	-1257	-822	1070
13960	5904	-8836	-2058	-1112	1322
11840	2548	-8096	-2146	682	112
11840	3796	-6088	-717	776	-396
10852	3500	-7344	-906	-240	101
11876	1512	-9216	-1313	943	242
9560	2616	-5700	-536	-408	501
11032	1112	-8744	371	-1996	1292
11892	3204	-9816	993	-2303	845
14768	5188	-8716	-1339	251	1914
13080	5184	-6940	-2687	-894	2366
12788	4944	-9108	-3501	-1497	3474
14940	4508	-7844	-3626	1385	3348
11692	4860	-6624	-2337	147	2662
12064	4824	-9048	-1981	-677	1464
15072	5712	-10256	-4027	3346	2079
13244	4748	-7484	-2732	1603	1906
13360	4080	-9592	-2238	220	2099
15008	5212	-9164	-2619	1115	2378
14448	4456	-8460	-2520	1931	2892
13692	3568	-8508	-2960	1392	2936
15504	3724	-7652	-2840	2021	3392
14400	4020	-6664	-1107	2656	2850
13508	3016	-7964	-52	3339	2694
15192	3028	-7260	1394	3470	1565
14772	3004	-7612	2931	3803	1189
14832	5168	-8416	803	4851	1761
15296	3776	-8068	-164	3213	2002
15736	3016	-8916	662	1625	2059
14820	3044	-8892	1085	1477	2695
15120	2904	-7168	-236	1637	3682
14848	3608	-7904	-2291	1431	3094
14548	3024	-6868	-3384	1525	3605
15884	1340	-6788	-2787	1792	3875
14048	1772	-6904	-530	993	3289
17080	3076	-7484	885	968	2961
16624	2668	-6488	-1219	2247	2936
14604	1628	-5928	-1821	584	3178
15580	2444	-6724	-817	858	2727
17824	844	-5872	652	2613	2252
15624	1720	-5672	2032	2248	1852
15316	1564	-4812	1986	1992	1728
17520	1840	-6332	425	2526	1816
16760	1812	-4916	-1254	4517	1243
15256	1092	-4996	-837	3302	1774
16768	1456	-5024	364	2599	2123
17216	696	-5992	761	3360	1968
16344	1120	-5280	1485	3354	1582
16748	1336	-4948	1070	2676	2074
17536	736	-5564	562	2215	2064
16468	500	-4792	-535	2237	1856
16512	376	-4756	-714	1640	1987
17784	72	-5332	-1344	1796	2300
16796	-1020	-4624	-217	2244	1132
17128	-164	-5236	1552	1486	868
17080	-1556	-4148	1617	1425	705
16604	-592	-4928	3010	-267	-167
17508	-124	-5088	1500	-35	-43
17572	-788	-4232	618	1084	-344
16248	-192	-3200	-299	557	311
16692	-1012	-4124	-379	-510	990
17980	-720	-4804	-849	722	1125
15940	-552	-3156	-1140	964	564
15960	-220	-3944	-1657	-495	991
17472	-1532	-4324	-1133	32	999
16880	-1376	-3312	-471	1466	578
15748	440	-3392	-899	143	203
17164	84	-5896	-2427	218	1067
17976	-2304	-2620	-2389	3047	567
15248	-48	-2616	-499	175	-68
17164	-376	-4776	-1494	-468	868
16948	-1264	-3984	-1041	379	-346
16704	-264	-3124	-797	53	-456
16616	-908	-3960	-612	-709	-437
16840	-876	-4212	-100	-1032	-976
16944	-560	-3756	-15	-859	-1286
16800	-700	-3232	555	-1042	-1258
17172	-556	-4480	639	-1662	-1465
17372	-732	-4492	727	-1543	-2272
17108	-524	-4176	301	-1724	-2757
17184	64	-4680	608	-2521	-2898
17908	-416	-4484	392	-2668	-3009
18088	-420	-5600	1198	-4100	-3667
18976	272	-5812	448	-4398	-4780
17812	1132	-5332	-755	-4897	-4829
19288	624	-6308	-1452	-4646	-4705
17120	236	-4984	-1756	-3348	-5021
15500	1048	-4684	-1115	-4310	-4084
15980	828	-6912	-299	-3563	-2939
18568	848	-6956	399	-1751	-2653
16172	1720	-6816	679	-1124	-3516
15428	3436	-6496	804	-4236	-3242
17860	3980	-8084	-1197	-3195	-2324
15804	2692	-7388	-1868	-1221	-1636
14516	2272	-7300	-826	-2188	-1674
16356	4132	-7196	370	-2991	-2240
16404	2892	-8732	979	-1734	-1785
14848	3140	-8028	3066	-163	-2725
13336	2092	-5836	2167	-1172	-2758
14128	3652	-6672	3518	-3186	-3472
14548	4704	-8804	810	-664	-1861
13852	1448	-6792	-296	41	-1416
14208	3680	-7204	1726	-1403	-3078
15152	3936	-8952	889	-477	-2707
14420	5000	-8268	1481	535	-3355
12332	2256	-7320	1162	-319	-2724
11572	3364	-6868	3181	-1492	-3501
12388	5492	-8376	1395	-1245	-2288
12424	2908	-6544	-36	-1501	-1912
13100	5172	-7216	208	-3279	-1642
15632	4180	-9208	-2121	-1018	-260
13928	3180	-6260	-1553	-592	-1401
13548	4520	-8664	-225	-1676	-2395
15296	4632	-9396	-367	-322	-2161
14676	3104	-8300	605	1487	-3678
13608	4632	-6880	2261	388	-2951
13188	5020	-6564	1281	-849	-1276
12636	7056	-6672	-2081	-1387	-479
11924	3384	-7568	-3376	-1341	259
12876	5652	-8736	-1541	-1504	-2055
12324	1548	-8688	-1144	-106	-1353
12332	2996	-6764	1362	-562	-2743
11364	4272	-8332	129	-1584	-1575
12384	6352	-7752	-3234	-1288	388
12896	2724	-7932	-1972	-2094	-162
12396	1952	-8500	699	-1448	-956
14356	6144	-7188	1392	-1916	-1567
12912	3652	-4600	-217	-730	-657
12320	3164	-10704	224	-733	-668
12976	1712	-6548	85	2181	344
10868	4164	-7564	-290	31	1716
11488	520	-9748	-1821	366	3069
9344	1684	-6964	-460	759	2464
9652	2748	-8668	1446	-1716	1830
12692	2476	-12468	1062	-1194	1117
12392	4900	-7476	-1462	-603	1850
13268	4836	-8084	-3810	-892	3295
12316	3468	-8688	-4201	-2014	3472
15484	6320	-5768	-4496	-108	4020
13452	3756	-7488	-2681	139	3387
13352	3968	-10736	-1362	36	2689
13788	4988	-6872	-1087	1093	2182
13668	4636	-10172	-813	1064	1912
14124	2720	-10764	-1694	2004	2001
12904	4204	-6400	-1086	1313	1630
13808	4696	-9156	-1498	72	1923
14608	4760	-9768	-4642	2759	3530
13296	3108	-5108	-5457	2656	3376
14756	4452	-7772	-4913	1248	3248
17972	4120	-10100	-5137	4488	3508
13580	2920	-5904	-4037	3844	3266
14080	3800	-7840	-1848	2138	2539
16328	3896	-8344	-2391	3724	2717
13956	3340	-6504	-878	3876	2098
14156	3456	-8024	1147	2938	1649
15992	2756	-8408	425	3903	2140
14580	3204	-6880	699	3065	1875
13620	3576	-7528	-325	1798	2909
16352	2960	-8336	-1695	1878	4255
16424	2016	-5792	-1529	1836	3598
14472	2772	-6176	-656	1417	3576
15020	2552	-5824	-737	1940	3892
17012	784	-5468	488	3169	2795
15296	2244	-6064	2091	3062	1672
16764	2680	-5940	2714	2737	1549
16392	1372	-7192	3290	3334	1476
15604	2512	-5756	2310	1735	1482
15856	1836	-6832	583	952	2689
15128	2016	-5988	-461	729	3218
17532	2532	-6332	-3439	427	5333
15556	84	-4752	-4409	591	4952
15848	-400	-5164	-2817	623	4242
18660	-908	-6248	-585	1661	4262
17112	-1596	-4204	2218	2124	1976
16344	-392	-5344	3656	697	1261
17720	56	-6072	3136	1081	1565
17012	1000	-3352	842	59	1819
16600	-520	-5044	-749	-1890	2857
18032	1540	-7992	-947	-588	1847
17012	-924	-3912	-5281	2745	3450
15868	-2264	-3140	-2765	-324	2151
17260	-356	-6612	-2478	-388	2751
16164	-3152	-4720	-2922	3082	3138
15304	-1964	-2540	587	2431	2106
15872	-160	-4560	44	1189	3274
17300	-2712	-6304	64	2989	3549
16540	-1252	-4636	1528	2890	2249
17044	-836	-4240	197	1476	2867
16688	-1852	-5192	-325	522	1577
17248	-1332	-4176	-831	199	213
16848	-2240	-3552	-1053	835	-322
16444	-1888	-4596	-736	-115	-58
16816	-2000	-4200	-1384	-268	206
16524	-1732	-3360	-1760	-660	-133
17192	-2312	-5520	-1360	-312	-300
16568	-2876	-4556	-1100	555	-977
16252	-1724	-3532	-792	-541	-1182
16316	-2008	-4624	-836	-529	-1108
16500	-2144	-5244	-238	-262	-1163
16708	-1312	-3632	-707	-176	-1314
17048	-1068	-4120	-1135	-1852	-1272
17064	-864	-5192	-2837	-2362	-1492
16620	-2288	-5264	-3784	-2336	-1858
17768	-3660	-5016	-1666	-1735	-2760
17020	-1356	-4728	42	-2985	-3673
17440	-3352	-6212	282	-3110	-4166
17820	-1428	-5816	3288	-3163	-5000
17876	-624	-6228	2078	-3592	-4972
17744	1908	-5084	389	-5545	-5846
17600	1408	-6324	-3787	-5739	-4501
17288	-524	-6628	-3626	-2667	-4076
16164	-1268	-6696	-141	-1087	-4462
16144	-300	-7076	3526	-1333	-5287
16596	-548	-8600	6058	-1667	-6355
16284	1516	-8328	7033	-900	-6886
15232	2544	-6836	5623	-1613	-5679
15820	2888	-8040	3498	-3704	-5047
15828	4392	-7368	-416	-4055	-3939
15944	3524	-8708	-2184	-2782	-2865
14760	3096	-7372	-1936	-1843	-2949
14740	332	-7796	-793	-2888	-2952
15480	888	-9460	3448	-2280	-5022
14180	3864	-7872	4487	-1117	-5321
13348	2492	-8020	3103	-2929	-4222
14352	3344	-9348	2513	-3385	-3988
15036	5472	-9268	686	-2986	-3121
16352	4212	-9304	-907	-2198	-2442
16080	3408	-8932	-40	-2087	-2688
15268	3428	-7440	-1764	-722	-2427
15180	1568	-8624	-115	78	-2754
14164	3532	-8048	1129	2578	-3402
10732	4172	-7232	1081	2514	-2455
10704	4408	-8152	491	1111	-2022
11884	3920	-8608	-1554	1876	-1557
10412	2932	-6696	-1783	1147	-2028
11572	4348	-6768	-1354	188	-2069
11564	4064	-8432	-1246	-96	-1519
12376	3084	-6060	-410	-204	-2104
11844	6288	-7072	410	-3455	-1986
13744	5652	-9460	-1044	-3042	-1510
14688	3656	-7788	-2291	-1447	-1420
12884	5288	-7600	-1786	-2477	-1853
13492	3804	-8400	-3121	-12	-842
13128	1728	-7064	-418	-205	-1475
12136	3124	-7444	510	314	-1458
12440	4892	-7844	-442	-1097	-916
13064	1828	-7604	-1874	253	596
12680	4712	-5496	-1059	-782	819
14524	3444	-8308	-3069	1266	1661
11828	2536	-7444	-3572	3793	1597
11612	6012	-7192	-1684	-211	1172
11564	6172	-9952	-2494	-544	1729
11840	5116	-7844	-3174	-725	1313
11604	2372	-8644	-1247	-316	-239
11216	1908	-10220	1395	-77	-1456
12132	4408	-7848	1233	-422	-1283
10652	4820	-8236	182	-1219	-705
10752	3860	-10216	-946	-1387	458
14036	4192	-7436	-2642	-180	1163
13092	5396	-6136	-972	-1507	925
13656	5468	-9008	-1590	-1379	2146
15352	4488	-7720	-2484	1641	1749
13232	5668	-6736	-1583	285	1919
12504	5660	-8488	-3020	-59	2946
13604	5264	-8760	-3958	589	3897
14296	5980	-7740	-4559	544	3342
13280	5160	-9724	-5704	719	3016
15596	5660	-10288	-6674	2325	2508
13636	5536	-7772	-7299	2338	2975
13364	4296	-8504	-4407	-105	2268
14264	3040	-7520	-1319	-57	1777
13952	4144	-8256	1635	910	1323
13784	4456	-7552	3014	1390	1022
14712	4188	-6748	2423	2410	926
14260	4120	-7940	1585	3693	1550
14640	4556	-6388	530	3639	1902
15712	3960	-7308	0	3135	2676
14928	3844	-7440	811	3253	2660
15528	4072	-6640	1834	2804	2718
15732	3748	-7884	2466	1961	2651
15860	4152	-7504	2626	2249	2126
14608	5132	-6596	1217	1603	1955
15660	4436	-6624	28	1686	2548
16296	3616	-6948	-39	2156	2534
14564	3176	-6992	-182	2008	2070
15224	2352	-5924	620	2172	1551
15840	4044	-6148	614	1717	1994
15060	3540	-6956	-733	2015	2242
14144	2672	-5112	-1510	1671	2266
15508	2224	-6468	-677	289	2173
17492	2252	-7116	-128	2434	1485
14624	2656	-5292	30	1776	1016
15104	2644	-5688	-33	109	1417
17320	2452	-7044	303	271	2001
17780	2396	-6808	-737	1940	2413
15676	984	-5028	-1057	1235	2352
15496	844	-5924	-175	309	2032
17032	1204	-6524	748	1259	2059
16292	876	-5520	1633	1774	1911
15024	320	-5448	1753	1287	2013
16000	572	-5856	2297	923	2153
16712	1912	-4160	1208	1690	3069
16384	-40	-5348	390	1792	3799
16652	600	-5956	663	1778	3828
16904	532	-4572	-539	1808	4069
16972	316	-5524	-791	996	3781
17460	320	-5820	-1218	889	3347
17152	-832	-4788	-2120	1381	2898
16992	-412	-5104	-793	-199	1850
17668	-1352	-6356	-453	425	1143
17376	-332	-4764	374	1266	104
15892	-296	-3696	424	942	-181
16276	-760	-5084	889	-554	107
17348	-792	-6008	615	353	124
16520	-688	-4364	359	1308	-462
15576	476	-3644	-505	-80	-414
16508	-172	-5300	-765	-837	-192
16676	-1004	-6440	-836	142	-393
15732	-908	-3604	-357	552	-708
15848	-156	-5208	163	-825	-604
16840	-260	-5388	-675	526	-410
16036	-1176	-3924	-748	593	-548
15440	-452	-4992	-553	-1109	-317
17156	-300	-5564	-1194	-911	116
17024	-1192	-4656	-1284	-53	-527
15908	-712	-4628	-342	-1128	-1090
16508	-340	-5308	-3	-2229	-972
17944	-988	-6716	588	-1861	-1857
16720	632	-5032	-288	-1050	-2580
16656	-1012	-5748	154	-2378	-2456
17816	-748	-5896	740	-1922	-2377
17336	-392	-6200	569	-1482	-2942
17720	180	-5104	732	-1682	-3345
17784	436	-6164	-14	-2679	-3614
16892	716	-6092	-656	-3133	-4064
16372	1960	-5960	-1761	-3293	-3700
16744	1240	-6172	-1542	-3250	-3468
17804	-100	-7588	-329	-2478	-3519
15644	1596	-6388	1837	-1329	-4141
15656	2368	-7148	2861	-2236	-3763
16504	2188	-7364	1783	-2382	-3733
15872	3572	-7052	900	-2867	-4032
15972	3652	-8084	-946	-2168	-3425
14840	2240	-5948	-1826	-2161	-3134
15564	2832	-7864	243	-3797	-3943
15924	3644	-9048	717	-2285	-4490
15740	3936	-8160	1536	-1457	-4775
14640	2608	-7600	1463	-2830	-4849
15452	4112	-9304	2289	-3476	-5480
15840	5580	-9884	306	-1740	-4683
15288	3832	-8260	-960	-1489	-4070
13488	2744	-8416	341	-2916	-4876
12828	5000	-8768	979	-3339	-4019
12844	3484	-8360	130	-2655	-2075
12760	3568	-8532	109	-2447	-2540
12824	4568	-8620	109	-1611	-2825
11816	3344	-9108	212	-1248	-2544
12988	4776	-8376	363	-1093	-2830
13200	4572	-9660	-278	-1081	-2729
12436	5072	-8668	-439	-15	-3214
11840	5044	-7856	-1059	-585	-2481
11788	5320	-9228	-557	-874	-2847
13304	6560	-8492	-1232	-111	-2385
13000	4312	-8056	-705	213	-2915
13180	5220	-8592	208	88	-2910
11912	6288	-7880	-646	534	-2795
12132	5144	-7968	-1573	178	-2237
12876	4692	-9012	-443	1056	-2404
12880	6000	-8972	-83	856	-1500
12544	5180	-6188	-1122	1017	-219
12176	5920	-7460	-1343	434	-273
12296	3148	-9188	-494	3038	307
9084	5540	-5256	-166	1660	1129
10404	4832	-7976	-313	-2041	896
12376	5068	-11864	-2862	391	2072
11800	6572	-8820	-2127	-696	170
12684	4772	-8160	-897	-1037	526
10284	4124	-8832	-379	-2298	21
11700	4496	-8360	-746	-1805	589
11736	4456	-6364	-555	-995	796
10520	4296	-7300	-539	-1660	356
11120	5204	-8076	-1063	-694	572
9928	4724	-7696	-1469	-496	375
9984	4020	-7764	-1393	-2698	1169
12352	3416	-10352	-1951	-1628	1711
10932	4616	-6008	-2281	21	2245
12716	5596	-9084	-1322	-2345	3182
13952	4732	-10116	-2820	427	3456
12288	6048	-7004	-2899	2346	2280
12308	5492	-7428	-1308	120	2619
13780	6632	-10856	-1249	1474	2149
12548	5840	-8024	-2739	3691	2762
14112	5528	-8176	32	1430	2803
13120	5832	-10004	-292	1865	2791
13728	5568	-8396	-1943	2200	2745
14780	6080	-7296	-1991	3238	2962
13060	5256	-7124	-1412	2770	3238
14044	3532	-8444	-1181	3347	3342
14568	5028	-7104	-1081	3447	2938
14100	6408	-7640	-817	1908	3613
15448	4972	-9128	-2613	3677	4156
14440	3280	-6092	-1553	3314	3969
14920	5052	-8500	-294	1614	3794
14936	4792	-7936	-1492	2894	3629
14864	3412	-6652	-1545	3205	4086
15144	3440	-7828	-746	2496	3651
16112	3200	-7840	-251	2956	2828
15940	4160	-7160	157	2778	2498
15040	3136	-6800	405	2204	2339
15660	2456	-7064	1168	1918	2530
14884	2992	-6464	-185	1053	2831
16060	2692	-6900	-311	396	1951
16104	5264	-6396	-925	424	2077
14648	2900	-5452	-1727	944	2963
15700	2408	-7368	-333	1205	2697
16144	1976	-6360	14	3048	1764
14844	3256	-4384	489	1096	1777
15764	3112	-6136	19	114	2340
17272	1596	-7504	-1069	2446	2480
15408	1052	-3860	-501	2613	1846
15532	2148	-5444	158	248	2745
16656	1088	-6720	522	1429	3088
16840	216	-5888	1151	2157	2864
16560	-424	-4624	1078	2102	3505
16568	-420	-6048	2389	1297	3299
17240	712	-6292	2398	2181	3365
16324	1308	-4592	1217	2137	3910
16952	412	-5556	647	1059	3845
17328	720	-5648	61	1594	3253
17060	400	-5644	-1360	1626	2874
16988	396	-4740	-1009	836	1646
16960	540	-4664	-1622	98	1543
16548	-752	-5620	-960	-113	802
16540	-568	-4796	-625	1328	-137
16380	736	-4296	703	1005	-556
16436	-1528	-4872	435	1422	-458
17180	-496	-5332	2321	1142	-845
16360	84	-4124	1950	1357	-849
16508	244	-4620	1276	311	-565
16876	60	-4140	-711	1169	-680
16264	-696	-4044	-1268	647	-585
16152	-356	-4440	-176	-536	-355
16928	-544	-5212	51	-553	-228
16728	-1248	-4132	177	776	-839
15952	-308	-3664	529	111	-951
16456	-220	-4732	252	-286	-270
16596	-956	-4632	449	-48	-384
16628	-600	-4080	208	-125	-223
16484	-248	-4668	32	-642	-142
17132	-288	-5052	-325	21	-358
16044	-196	-3660	-260	30	-788
16368	-192	-3844	-194	-1244	-444
17064	-80	-5380	-839	-1671	-131
17892	-796	-5240	-945	-781	-652
17128	-844	-4264	-243	-1115	-1541
17712	712	-5796	-115	-4205	-1789
18596	-544	-6284	-1439	-3658	-2617
16912	-380	-6016	-1114	-3563	-3397
17436	-96	-5984	-1435	-3742	-2874
17044	540	-6600	-991	-3873	-2613
17492	1116	-6480	-1811	-3587	-2589
16000	488	-6248	-1872	-2899	-2673
17244	816	-6592	-118	-3401	-2643
18360	1892	-7680	530	-2520	-2690
16248	2760	-6432	312	-2605	-2971
14416	2940	-6264	-700	-4261	-2978
15456	2840	-7244	-1998	-4466	-2286
16300	1000	-6684	-2561	-2082	-2195
13752	252	-6048	-1037	-2302	-2683
15192	2528	-6756	1346	-4033	-3181
16112	2732	-8232	779	-2284	-2810
15140	1496	-7920	300	-1346	-2855
15540	3360	-8148	1482	-2626	-3934
16296	4420	-9048	638	-1892	-3568
15220	1784	-9364	342	-1465	-3681
14440	2544	-7636	1307	-1155	-4427
15192	3824	-8640	1930	-1537	-4844
15084	2768	-10688	1633	-833	-4405
14188	4696	-9292	983	8	-4209
12900	5152	-8792	-196	-842	-3803
12776	4656	-8292	-457	-1531	-3716
13392	4328	-9032	-579	-541	-3853
12140	3576	-8460	-402	-650	-3940
10980	5088	-8452	908	-1874	-4349
12600	5456	-8296	745	-2622	-3853
12800	4108	-8616	-60	-2111	-2807
13408	4460	-8240	-48	-969	-1939
12308	3392	-7060	-1259	-167	-424
11212	3920	-7084	-687	-2378	-870
13744	5184	-9496	-1062	-2484	-465
13160	4508	-8424	-1392	263	-35
12024	2060	-7340	75	-1447	-457
13252	5120	-9712	2125	-1840	-1487
12748	6472	-10036	798	-479	-706
11960	3936	-9124	674	-82	-1601
11704	5448	-9876	-240	-211	-1918
12704	3116	-8636	-1171	-450	-461
13960	3308	-7136	82	-781	473
12244	5220	-8572	-1228	574	1846
13276	3080	-9708	-1027	1197	1869
11600	3092	-8196	-405	2306	1484
10736	4048	-8928	1007	-494	1023
13228	6332	-10960	-660	59	1663
11272	3104	-8436	-1744	965	1331
12876	2308	-9284	697	-397	349
12136	4020	-8488	2523	-32	423
12656	7392	-7944	750	-1277	884
13004	5336	-8080	-3159	650	1264
11220	2864	-7500	-3647	1493	849
10196	1736	-6796	-803	-117	232
11472	2032	-9088	808	-696	99
11320	3280	-8456	-383	267	723
11080	3712	-8032	-920	-936	1590
12100	2124	-10120	-976	-291	1820
11568	4988	-8720	-3387	79	3368
12984	3596	-8476	-2334	-1101	2688
14600	3872	-9720	-1273	-648	2280
12584	4884	-10336	-1823	1672	2099
13952	5068	-7184	-2793	671	2680
13276	4272	-9316	-1090	79	723
12560	5064	-10920	-1886	1060	1527
14632	3912	-7520	-2324	2847	615
12276	4404	-8096	-629	774	21
13128	4248	-10440	-340	94	750
15672	3312	-8836	-1892	2924	1265
12980	3700	-7052	-1222	1915	1786
13396	4888	-9028	-2294	381	2313
16872	3868	-9076	-3181	2159	3527
14572	2860	-7128	-1465	3379	2533
12876	4352	-7812	-1577	1141	3153
15080	3156	-7600	-2637	1712	4493
13448	2700	-8340	-2095	2309	4531
14524	2500	-9640	-1607	3221	3894
13748	2892	-6808	-593	3771	3295
13360	2736	-8020	269	2409	3450
16352	3820	-9056	-129	3852	3145
15168	3096	-6588	-647	4652	2980
13688	2380	-7192	-56	3183	3029
16060	1720	-8344	236	4042	2898
16576	2444	-5640	1408	4459	2796
14992	1948	-7688	1182	3000	3387
15480	1388	-6932	576	2166	3775
17796	2084	-5936	740	2155	3723
16984	2036	-7308	-469	2916	3847
14988	908	-6404	-1350	2374	4030
18248	996	-5528	-394	1481	4102
17648	324	-6620	210	1494	3556
16784	-160	-6716	497	2987	2817
15392	980	-4336	1305	2102	2186
17200	820	-6612	804	1275	2293
16068	492	-5820	393	2467	1361
16196	292	-4908	924	1876	1552
17240	-48	-5632	593	862	1699
17536	772	-6084	521	1043	1288
16164	496	-4340	-665	1716	1230
16336	132	-4088	-873	653	1408
17140	-1128	-5936	-975	1894	914
15656	-976	-4344	-150	2404	524
15664	-532	-3824	1194	1599	372
16708	-304	-5264	1507	1143	930
17308	-1800	-5240	2348	2882	387
16024	-1348	-4032	2223	2988	716
16268	-1252	-3968	1822	2232	1304
17608	-1052	-4608	865	1879	1709
16420	-1552	-3508	4	2290	1103
16060	-764	-3128	-610	775	1447
16956	-648	-3812	-1220	50	1589
17724	-1996	-4564	-1417	1203	1213
16804	-2092	-3732	-1059	1495	649
16468	-792	-3056	-750	886	1084
16328	-1120	-4240	-1207	203	1530
17576	-2528	-4832	-537	987	1029
16740	-1676	-3572	-125	2506	62
15360	-1716	-3328	177	898	108
16708	-1560	-4064	-56	63	23
16640	-2468	-4128	-695	986	-274
15756	-2444	-2940	452	479	-808
16484	-1368	-3424	554	-312	-127
16744	-2084	-4280	-508	-46	180
16796	-2316	-3324	154	396	-122
16448	-1164	-3156	474	-10	-165
16940	-1796	-3472	-620	19	104
16448	-1948	-2600	-149	-383	-568
16940	-1368	-3436	-345	-444	-474
16640	-2340	-3620	-177	-347	-590
17012	-1764	-3200	644	-155	-978
17220	-1888	-3664	788	-183	-680
16680	-1516	-3544	873	-54	-772
16640	-1464	-2668	223	-81	-999
16912	-1684	-3520	248	-1377	-1064
17720	-2036	-4820	986	-662	-1730
16960	-1620	-2856	1622	-16	-2105
17304	-1072	-3356	1833	-1804	-1904
17536	-1280	-5588	1518	-1266	-2482
18280	-844	-3960	1286	-1892	-2976
18596	-964	-4380	-166	-2626	-3599
17200	-448	-4328	-834	-4111	-3840
18500	-984	-5012	-2036	-4888	-3399
18680	-1616	-4848	-2951	-4123	-3075
17636	-384	-4888	-2214	-4369	-3503
18168	144	-5384	-2723	-4838	-3104
18268	-128	-5900	-2107	-3733	-3202
16804	904	-5364	-2274	-3241	-3405
17456	88	-6280	-510	-3645	-4041
16836	1320	-6664	841	-3300	-4272
15640	2288	-5612	553	-2813	-4389
15032	3144	-5660	-65	-3485	-4038
16440	3572	-7664	-847	-2715	-3799
15372	2676	-6588	-2214	-2054	-3940
15572	2788	-7560	19	-3305	-5521
16216	2676	-8048	950	-1663	-5224
14444	3496	-6212	1628	-1951	-5458
14312	4788	-7032	-575	-4042	-5190
16020	3332	-8896	-2058	-2494	-4597
15848	1992	-7696	-2169	984	-4858
13260	3468	-6408	126	-1652	-5201
15796	2844	-9504	1123	-2746	-4446
14776	2412	-9952	861	285	-3809
13636	4256	-7184	995	-1237	-3376
13900	5024	-8740	667	-2815	-2293
12720	2872	-7752	-833	-905	-1270
11684	4144	-7272	-526	-1185	-1581
13096	3064	-6916	-528	-1388	-947
13668	5136	-7352	326	-732	-1733
13668	5324	-6876	302	-989	-1622
12740	6500	-7772	-104	-1407	-2229
12316	5944	-8332	-608	-2993	-1656
13888	7608	-9472	-1957	-2880	-1118
12152	6568	-6808	-3328	-2199	-339
12672	4260	-6676	-2005	-2962	-557
13272	3184	-7952	-1983	-1152	-667
11812	2232	-5972	-1532	-296	-1323
11844	5396	-7548	-792	-938	-1912
10452	3520	-8524	-1798	864	-1529
12204	2972	-8608	627	-489	-2812
11608	6632	-9112	1561	-1475	-2730
12176	7988	-9256	-120	-2210	-2339
14248	5408	-10192	-2055	-870	-1737
12508	5776	-6756	-51	-1222	-2999
12024	7864	-10004	573	-2336	-3369
13844	8000	-9128	-6304	633	-1605
11416	5172	-6848	-4758	225	-3875
11708	5632	-10952	-1191	-1438	-3578
11236	4980	-7288	-1940	-569	-3067
11720	5188	-4560	-4049	-2227	-381
11780	1468	-7940	-2924	-1857	850
11376	3884	-8228	-355	-939	264
12028	6364	-9856	1528	-745	402
10524	4548	-9064	1373	-612	1262
11136	6832	-8516	2080	-1385	285
12208	7868	-9368	1349	-442	503
11452	5596	-8608	-211	9	570
11656	5360	-8256	-99	460	373
10368	7808	-8112	249	203	560
11584	4176	-8832	351	289	1119
11304	6004	-8656	-475	943	898
12044	7372	-7336	-1008	-84	2168
13528	6164	-9604	-2520	599	4225
13200	5192	-8984	-3052	1618	4771
12408	5880	-6680	-511	850	4290
12884	6620	-9428	117	522	4450
13688	5892	-9216	-1540	3532	3764
12960	6124	-6344	-503	2416	3337
14072	8572	-10660	-635	1439	2612
14548	7532	-9864	-6012	5637	2847
12616	3540	-5444	-2533	4085	2669
13348	4296	-9200	1090	3062	2034
13512	5484	-8664	1420	2505	1651
13828	7496	-8152	-861	2830	2705
13052	4488	-7440	-3531	2037	4053
12700	3896	-6876	-1319	943	2985
15040	5636	-7672	-424	1738	3525
14556	5252	-7296	-443	1538	3163
13992	4104	-6720	-1672	2011	2926
14320	3976	-7364	-1782	2422	3766
15660	4836	-6704	-498	2918	3516
15624	5616	-7576	-480	1723	2338
15704	4988	-6944	-439	2022	1710
15424	5500	-7156	-406	2609	1569
14684	4844	-6240	-1654	1772	2266
15864	3348	-6592	-532	1674	1445
16132	4296	-6816	-664	1797	1808
16268	4004	-5148	-2183	2564	2636
15564	3556	-4860	-2546	2057	2253
16140	2856	-6404	-1650	2669	2380
16316	2796	-5608	-318	3844	2342
17424	4276	-5748	798	3412	1760
16108	3552	-6380	-84	3006	2040
15024	2880	-5160	-552	2767	2171
17848	3556	-5388	214	2832	2580
16968	2256	-4872	1848	2691	2163
16556	2492	-5340	3247	2152	1099
16328	3688	-5476	3670	1456	1092
17460	2116	-5076	2021	2233	2127
16328	652	-5052	2541	2302	1262
16496	1720	-3820	2212	3114	1132
16136	3008	-4732	1275	2508	2276
16584	1744	-4156	1232	2129	2554
17396	2028	-3856	702	1627	2487
17548	1388	-4072	-520	2186	3400
16676	2092	-3444	-551	1324	3023
17780	2464	-3368	-1439	237	2781
18148	-16	-4972	-2039	356	1901
18588	976	-5168	-456	1222	226
16916	1340	-3148	-1190	1639	253
16236	608	-2228	-92	-208	-338
16624	1232	-4456	236	-242	-413
17172	356	-3488	-833	1862	-435
16116	588	-2044	210	1993	-718
15960	1280	-3560	-26	-35	-479
17776	1084	-4660	-452	688	-584
16840	-72	-2788	-1080	1763	-707
14940	956	-2616	432	137	-832
16328	1540	-4320	151	-636	-510
17012	1296	-4288	-1463	1333	-1038
16260	300	-1712	-1504	1418	-1127
15712	1008	-3516	189	-947	-527
17144	1420	-4476	-320	319	-266
16240	824	-3208	-669	1116	-741
15756	808	-2584	271	185	-1013
16036	1528	-4032	81	-545	-751
16648	1424	-3288	-870	306	-614
17120	888	-2520	-902	877	-694
15884	1488	-3272	-353	-326	-642
17108	1428	-3768	-437	-535	-177
17120	1316	-3276	-590	434	-512
16288	740	-2252	-524	614	-634
16032	1388	-2892	556	-55	-953
16608	1672	-3392	599	-126	-951
16592	2420	-2908	-123	147	-776
16980	1436	-2588	-1002	572	-422
16448	1660	-3476	-299	208	-578
16408	2220	-2504	-607	282	-569
16452	1256	-2236	-622	356	-455
16068	1608	-3128	108	276	-509
16200	1900	-2908	-303	471	-98
16908	2048	-2948	-407	633	-73
16572	1944	-3332	-859	657	158
16232	1472	-3056	-430	117	-284
16780	1528	-3548	-15	220	-249
16656	1584	-3140	382	760	-241
16368	1988	-2812	297	734	-76
16260	1644	-2644	65	307	-53
16588	1872	-3076	154	145	-360
19324	2296	-4960	-1139	1029	-581
14684	1992	-560	-3475	-3452	176
13240	1036	-2416	312	-3630	-390
18748	-124	-5096	1984	-1831	2930
17356	1924	-4824	4381	414	-3180
15556	2388	-3260	2413	2813	-3383
17632	2640	-3604	524	2327	1881
16856	2292	-2912	-753	1691	2296
16436	2048	-2384	-1665	-101	-895
15976	1952	-2916	509	-1648	-1529
