0	0	0	0	0	0
16676	6304	-2476	-2777	1889	-2333
14080	4364	-3620	-837	-216	-773
15232	6824	-4648	-885	-402	-545
15840	5956	-3668	-1358	414	-35
15256	5712	-2940	-1159	2487	974
13684	4712	-1568	1053	2384	2891
15912	212	-4424	5052	-12645	4259
21032	6984	-7276	1185	3166	-1107
11568	5220	-2756	-1984	2494	944
16416	3340	-4784	326	-2279	675
16424	5952	-5636	-563	1620	604
14172	4904	-4224	-940	383	1226
15832	4664	-5016	-147	124	676
14896	5376	-4700	-191	642	775
15260	4992	-4888	-12	228	646
15164	5296	-4904	178	253	357
15232	5084	-4828	303	149	191
15228	5432	-4932	428	168	-59
15088	5400	-4716	321	199	-78
15376	5280	-4656	348	-77	-142
15376	5448	-4824	123	-193	-153
15372	5200	-4876	66	-150	-362
15392	5528	-4648	10	-161	-474
15300	5316	-4492	-336	-167	-217
15452	4996	-4552	-474	-56	-170
15524	4892	-4700	-381	-52	-235
15732	4920	-4388	-14	16	-433
15408	5216	-4600	-241	-178	-372
15324	5052	-4432	-613	113	-150
15464	4844	-4848	-660	137	-193
15400	4828	-4552	-614	179	-41
15372	4584	-4764	-341	57	-40
15668	4816	-4768	32	268	-240
15316	5012	-4716	-432	136	-43
15652	4704	-4864	-492	295	12
15224	4812	-4648	-439	467	12
15420	4788	-4612	-326	263	68
15456	4988	-4952	-309	73	-96
15552	4836	-5096	-549	218	-50
15364	4788	-4760	-409	256	-69
15304	4812	-4648	-116	68	-23
15352	5008	-5020	-135	-156	-10
15380	4796	-4896	-298	87	-67
15332	4888	-4636	-186	113	-187
15264	4936	-4440	-199	134	32
15424	5076	-5028	-208	-57	90
15588	4976	-4880	-571	192	206
15332	4824	-4688	-376	144	90
15260	4972	-4564	-161	48	61
15368	4964	-4800	-238	-113	218
15656	5200	-4816	-407	125	168
15288	4992	-4516	-424	83	71
15480	5000	-4808	-442	-100	-8
15428	4948	-4708	-469	80	-74
15404	5028	-4748	-217	23	-56
15388	5032	-4816	-279	145	-139
15420	5136	-4692	-458	48	-125
15452	5152	-4872	-556	-23	-80
15548	4916	-4756	-586	48	-94
15468	4824	-4676	-413	57	-204
15336	4816	-4676	-185	40	-310
15344	5112	-4824	-294	-102	-295
15484	5080	-4736	-456	31	-81
15420	4988	-4696	-529	91	-49
15332	4600	-4808	-450	-87	1
15376	5060	-4864	-412	-161	-120
15452	4852	-4892	-490	-101	-172
15412	4904	-4792	-494	-53	-99
15588	4772	-4812	-324	16	-85
15064	5000	-4688	-246	-36	11
15480	4872	-4764	-353	-227	-190
15460	5124	-4888	-497	-81	-115
15384	5052	-4664	-530	73	69
15444	4740	-4484	-102	52	-96
15404	5084	-4732	-306	-46	-33
15420	4820	-4836	-278	42	-158
15460	5136	-4660	-168	96	-227
15292	5228	-4748	-329	50	-23
15516	5096	-4912	-390	99	64
15448	4864	-4844	-492	225	44
15392	4932	-4724	-299	120	-20
15260	5124	-4752	-204	64	0
15396	5108	-4860	-455	33	119
15220	4928	-4724	-356	101	-43
15280	5016	-4752	-292	108	-173
15336	5168	-4664	-425	96	-63
15440	4940	-4972	-329	-33	-53
15192	5216	-4844	-511	67	97
15424	4784	-4732	-475	-118	35
15508	5116	-4940	-412	-30	-18
15328	5104	-4812	-683	128	0
15360	4900	-4864	-441	61	-48
15356	5056	-4496	-422	22	-71
15304	5012	-4724	-156	-57	-163
15368	5420	-4896	-252	-45	-104
15392	5452	-4784	-806	170	-86
15324	5056	-4608	-862	109	91
15388	4808	-4576	-495	42	85
15300	5016	-4848	-362	57	-55
15360	5332	-4832	-457	122	-113
15428	5204	-4568	-573	175	4
15372	5312	-4496	-645	170	-31
15340	4980	-4928	-680	86	-87
15344	4880	-4604	-468	172	-182
15408	4940	-4788	-70	249	-247
15180	5380	-4484	-244	265	-56
15312	5040	-4816	-578	3	-13
15480	4948	-4996	-655	147	-53
15336	4988	-4744	-717	317	1
15316	4964	-4824	-420	236	-106
15352	4900	-4720	-293	77	-98
15412	5148	-4836	-329	-59	-6
15368	4968	-4864	-319	214	113
15244	5012	-4700	-174	127	78
15440	5184	-4880	-391	-49	109
15368	4980	-5012	-474	-51	42
15408	4936	-4940	-241	57	-12
15384	5156	-4592	-90	225	157
15412	5232	-4800	-158	92	59
15356	5248	-4836	-530	5	294
15360	4864	-4596	-313	67	35
15248	5244	-4620	-153	-23	-9
15372	4956	-4760	-138	45	-3
15624	5204	-4840	-171	197	-116
15264	5076	-4520	-338	122	0
15504	4840	-4716	-54	-130	-263
15220	5276	-4848	-311	186	-80
15384	4916	-4524	-271	213	113
15376	5136	-4696	-189	254	-44
15388	5080	-4708	-513	37	96
15436	5016	-5080	-518	-77	-52
15480	4808	-4704	-379	102	-151
15268	4984	-4512	-165	56	-175
15412	5012	-4844	-143	-53	-142
15264	4956	-4928	-318	120	-85
15404	5212	-4732	-507	-43	36
15516	4780	-4692	-623	-6	112
15472	4888	-5012	-370	-103	-51
15352	4996	-4768	-385	30	-24
15292	5008	-4712	-250	-103	-253
15460	5184	-4744	-463	-30	-39
15620	4864	-5004	-483	-119	72
15248	5016	-4752	-561	99	186
15448	5008	-4664	-416	-328	-48
15360	5076	-4808	-484	-50	15
15548	5024	-5048	-472	126	-108
15620	4944	-4628	-344	298	-15
15392	4824	-4684	-274	142	-78
15452	4944	-4684	-290	-139	-173
15340	5088	-4832	-431	72	-108
15396	4924	-4756	-273	177	-109
15384	5048	-4724	-421	196	-35
15376	4900	-4788	-455	90	43
15404	4872	-4948	-281	142	-88
15368	5024	-4648	-63	298	-270
15428	5064	-4816	-217	218	-36
15272	5132	-4788	-441	251	-119
15276	4944	-4832	-406	145	-60
15384	4884	-4712	-232	219	-46
15304	4832	-4908	-145	64	-94
15328	5256	-4952	-313	142	-7
15300	5012	-4924	-456	46	80
15448	4924	-4920	-246	158	-117
15160	5080	-4804	-339	7	-107
15276	4948	-4852	-196	-135	-210
15468	5204	-5140	-254	7	-188
15324	4972	-4836	-322	167	-158
15312	4948	-4840	32	-264	-215
15564	5256	-5100	-397	-37	-88
15340	5084	-4688	-443	-69	-139
15512	4760	-4688	-172	-140	-232
15444	5196	-4944	-202	-141	-172
15424	5336	-4680	-636	109	112
15364	4976	-4680	-365	-72	-55
15472	5180	-4928	-451	-108	22
15376	5048	-4696	-577	3	44
15352	4948	-4480	-270	-6	-98
15600	5252	-4668	-487	21	-38
15624	5192	-5064	-738	129	-54
15180	4916	-4836	-700	279	62
15276	4988	-4672	-335	11	-180
15432	5240	-4716	-361	125	-22
15272	5248	-4920	-597	266	68
15520	5068	-4644	-649	483	-154
15284	4944	-4680	-404	216	-185
15416	5200	-4632	-173	56	-247
15264	5268	-5024	-403	103	-173
15452	5088	-4852	-599	258	-231
15204	5056	-4652	-467	130	-108
15312	4884	-4924	-474	227	-29
15392	4920	-4932	-183	132	-25
15340	5132	-4628	-126	239	-37
15332	5216	-4688	-278	145	-49
15328	5224	-4768	-445	10	-26
15360	5216	-4960	-599	29	58
15232	4988	-4604	-648	288	-36
15368	4724	-4864	-342	43	74
15248	5224	-4632	-261	133	90
15272	4944	-4652	-322	-169	98
15504	5216	-5152	-361	77	-111
15316	5148	-4632	-593	315	106
15352	4732	-4324	-55	180	-165
15244	5312	-4920	1	-169	-137
15520	5164	-4808	-481	112	-83
15504	4824	-4760	-288	9	-68
15308	5188	-4564	-123	124	-31
15424	4992	-4524	-46	117	-133
15332	4956	-4836	-160	-33	-41
15264	5396	-4536	-311	303	-87
15464	4900	-4844	-320	-41	33
15460	5320	-4668	-327	158	-89
15516	4804	-4920	-160	93	-68
15240	5312	-4556	60	171	-197
15416	5284	-4884	-192	82	-11
15284	5072	-4732	-372	172	20
15488	5208	-4760	-343	171	13
15036	4904	-4548	-364	10	92
15392	5028	-4668	-59	-195	-173
15396	5412	-4972	-591	291	2
15292	4992	-4776	-543	166	54
15496	4980	-4740	-266	107	-135
15368	5144	-4908	-228	-170	-151
15492	5268	-4824	-363	85	-159
15336	4996	-4812	-152	26	-374
15240	5084	-4492	-90	79	-216
15320	5052	-4696	-139	106	-282
15128	5124	-4676	-204	-92	-126
15504	5204	-4860	-329	59	-269
15356	5080	-4996	-485	26	-104
15340	5200	-4612	-247	168	-54
15176	5024	-4864	-254	-86	-35
15060	5296	-4916	-510	52	-78
15304	5044	-4596	-353	98	-167
15456	5224	-4916	-231	-100	-208
15384	5192	-4872	-502	29	-22
15300	5264	-4784	-546	-17	-158
15288	5188	-4884	-679	68	-113
15312	5084	-4536	-564	-19	-36
15500	5260	-5068	-410	-59	-156
15424	5052	-4936	-652	259	-6
15452	5072	-4584	-278	57	-281
15456	5328	-4828	-315	-78	-124
15336	5068	-4948	-450	-4	-137
15156	5268	-4644	-549	8	-61
15304	5060	-4348	-561	48	-11
15296	5152	-4592	-449	-97	51
15308	5300	-4752	-494	37	104
15544	5268	-4792	-518	227	-58
15304	5256	-4760	-709	178	24
15412	5224	-4872	-631	23	98
15352	5256	-4692	-647	182	90
15332	5100	-4732	-505	102	-101
15176	5372	-4568	-614	244	-62
15148	5196	-4644	-533	13	-60
15492	5364	-4952	-695	201	-72
15112	5088	-4868	-767	279	-49
15404	4908	-4608	-200	263	-284
15136	5420	-4928	-200	67	-330
15324	5224	-4896	-461	161	-125
15328	5340	-4848	-551	174	-84
15160	5136	-4764	-590	135	73
15344	5128	-4836	-422	48	-79
15160	5232	-4904	-434	-26	-82
15340	5096	-4796	-319	-18	-51
15372	5460	-4644	-246	35	-60
15272	5456	-4732	-499	12	12
15232	5220	-4856	-598	-22	85
15220	5204	-4796	-432	25	56
15320	5056	-4688	-255	202	0
15196	5232	-4708	39	10	-168
15544	5596	-4712	-231	166	-91
14996	5228	-4748	-458	43	48
15600	5284	-5004	-397	129	-85
15124	5048	-4468	-308	212	-138
15484	5112	-4588	109	-28	-165
15304	5580	-4620	-101	265	-122
15332	5100	-4536	-350	175	15
15272	5364	-4480	-176	114	-102
15348	5308	-4864	-347	58	126
15148	5404	-4768	-360	267	48
15224	5212	-4708	-316	208	53
15280	5312	-4596	-191	140	74
15428	5428	-4844	-94	64	39
15472	5568	-4696	-221	90	79
15420	5648	-4548	-670	153	190
15460	5220	-4916	-726	-119	-57
15168	5320	-4672	-684	-14	-140
15220	5184	-4516	-524	45	-115
15512	5596	-4756	-292	192	-290
15212	5144	-4756	-502	324	-202
15320	5260	-4692	-378	-25	-241
15056	5328	-4624	-423	194	-81
15248	5080	-4648	-406	182	13
15248	5220	-4532	-312	189	-104
15424	5088	-4896	-285	19	-241
15380	5380	-4816	-442	40	-193
15260	5100	-4640	-461	80	81
15128	5260	-4568	-387	26	82
15412	5304	-4740	-556	-130	199
15528	4960	-4744	-254	68	-21
15268	5416	-4660	-169	34	-62
15332	5240	-4616	-216	115	-65
15428	5404	-4688	-306	45	-106
15300	5020	-4608	-83	21	-127
15208	5300	-4544	83	137	-42
15272	5504	-4568	-320	35	261
15244	5480	-4852	-514	-20	468
15380	5500	-4660	-989	230	561
15364	4860	-4468	-665	-46	166
15512	5280	-4788	-179	49	-150
15156	5200	-4640	-96	196	-115
15344	5312	-4676	29	226	-171
15172	5532	-4372	-389	228	-18
15416	5280	-4756	-455	-89	-41
15448	5376	-4940	-604	91	-55
15352	5340	-4664	-606	80	54
15376	5096	-4824	-327	98	-57
15164	5284	-4772	-433	305	-121
15276	4992	-4580	-369	190	-179
15244	4952	-4548	190	-59	-459
15428	5328	-5004	200	-194	-349
15428	5280	-4780	-189	144	-178
15152	5352	-4580	-349	0	-140
15356	5228	-4620	-501	-71	106
15508	5088	-4684	-439	-224	22
15420	5328	-4636	-457	139	12
15220	5044	-4200	-161	-22	-143
15448	5456	-4472	-20	-3	-173
15252	5296	-4608	-337	266	35
15432	5300	-4576	-241	308	-27
15512	5312	-4560	-191	242	-79
15300	5276	-4992	-297	228	-66
15320	5276	-4592	-217	211	-79
15204	5468	-4904	10	152	-243
15184	5332	-4592	-151	268	-100
15336	5248	-4664	-288	275	-145
15232	5480	-4976	-283	18	-71
15352	5288	-4572	-513	293	-29
15376	5292	-5008	-420	-67	79
15100	5360	-4708	-263	-76	-45
15292	5368	-4952	-563	2	89
14960	5360	-4640	-530	-178	11
15504	5200	-4624	-407	-187	-36
15352	5512	-4904	-487	-374	7
15608	5284	-4844	-615	-115	12
15508	5292	-4608	-371	-232	-165
15100	5396	-4272	-571	-73	-25
15256	5244	-4692	-677	23	-175
15340	5144	-4572	-728	149	-186
15404	4948	-4488	-247	72	-259
15548	5284	-4752	-23	119	-396
15328	5340	-4768	-306	293	-281
15308	5204	-4660	-356	55	-255
15500	5148	-4736	-319	138	-150
15284	5248	-4680	-294	124	185
15236	5232	-4636	-305	366	172
15096	5436	-4804	-429	-10	81
15144	5376	-4564	-709	246	163
15276	5124	-4796	-469	158	-16
15152	5348	-4676	-461	115	339
15304	4876	-4636	-5	186	10
15256	5476	-4812	79	52	-306
15072	5472	-4640	-179	59	-46
15556	5312	-5044	-262	31	80
15136	5520	-4700	-530	176	355
15112	5296	-4664	-355	-22	183
15160	5396	-4800	-141	8	-155
15276	5480	-4928	-329	6	-57
15200	5488	-4684	-424	116	-148
15504	5148	-4804	-318	57	-186
15380	5436	-4624	-240	93	-216
15232	5112	-4588	-183	53	-280
15012	5308	-4744	-77	-86	-367
15212	5492	-4540	-484	28	-51
15264	5052	-4636	-664	70	218
15256	5248	-4816	-453	15	159
15264	5236	-4640	-435	-42	184
15364	5244	-4684	-301	94	-49
15424	5280	-5084	-301	-139	-27
15404	5396	-4640	-251	-22	40
15172	5308	-4696	-355	-28	151
15328	5472	-4644	-570	-61	5
15308	5104	-4704	-470	-41	-192
15260	5236	-4632	-155	24	-163
15488	5172	-4704	-97	98	-117
15544	5428	-4568	-246	155	-189
15416	5472	-4748	-383	132	-288
15312	4992	-4744	-382	186	-12
15308	5316	-4772	-249	159	-48
15248	5200	-4636	-454	229	-2
15180	5184	-4948	-274	-17	-44
15420	5336	-4816	-499	305	168
15260	5084	-4916	-353	269	-30
15224	5208	-4592	-278	88	83
15260	4992	-4732	-223	92	78
15300	5552	-4800	-324	121	-111
15388	5424	-4628	-547	106	-65
15232	4940	-4856	-185	-73	-109
15304	5488	-4848	-292	81	40
15348	5104	-4520	-287	-27	-35
15508	5576	-4852	-225	-28	-152
15300	5272	-4640	-408	77	122
15568	5500	-4796	-650	-59	157
15368	5408	-4748	-887	-145	195
15468	5004	-4532	-541	19	-159
15360	5396	-4864	-603	-93	-29
15248	5108	-4324	-338	55	-126
15432	5460	-4744	-346	-33	-47
15240	5424	-4672	-783	230	57
15264	5196	-4676	-865	68	70
15280	5144	-4612	-842	148	59
15380	5200	-4316	-728	126	123
15464	5252	-4812	-637	168	100
15452	5212	-4968	-654	228	-21
15336	5292	-4576	-684	153	-49
15204	5184	-4816	-593	-52	-2
15344	5400	-4740	-681	310	-32
15244	4976	-4700	-626	160	110
15356	5244	-4844	-529	120	-11
15244	5240	-4600	-472	263	-9
15356	5056	-4716	-372	165	-23
15200	5300	-4684	-467	19	94
15280	5088	-4660	-545	139	21
15316	5148	-4804	-394	-64	18
15248	5132	-4604	-166	60	-196
15112	5236	-4636	-89	-182	-120
15152	5172	-4620	-15	-50	-186
15480	5272	-4640	-35	31	-163
15388	5256	-4776	-41	-112	-89
15440	5296	-4684	-193	14	107
15292	5208	-4512	-169	65	77
15212	5192	-4540	54	-121	-34
15468	5500	-4784	-305	-198	170
15356	5232	-4732	-488	2	260
15504	5348	-4632	-334	87	286
15328	5168	-4560	-301	56	102
15432	5384	-4676	-245	-25	-125
15332	5340	-4548	-282	137	-188
15220	5208	-4712	-213	198	49
15212	5232	-4660	-136	335	-84
15252	5232	-4688	-156	122	-37
15492	5388	-4904	-302	199	-154
15240	5220	-4788	-347	185	-147
15264	5208	-4616	-226	108	-155
15100	5232	-4908	-102	152	-207
15464	5120	-4836	50	144	-299
15224	5468	-4892	-61	224	-12
15452	5272	-4744	-39	89	-186
15252	5384	-5028	-266	-92	-140
15116	5260	-4540	-337	90	-114
15272	5380	-4924	-335	-273	-69
15160	5608	-4764	-688	156	20
15476	5056	-4768	-605	58	13
15024	5096	-4420	-318	-28	-72
15440	5192	-4940	-111	-152	-329
15132	5368	-5024	-210	-58	-221
15332	5356	-4740	-287	116	-9
15344	5412	-4724	-505	140	-9
15404	5016	-4832	-614	-135	-110
15560	4980	-4900	-324	-84	-299
15388	5236	-4604	-103	161	-274
15224	5228	-4480	-16	157	-93
15204	5292	-4836	-215	0	5
15464	5444	-4804	-616	26	92
15448	5156	-4724	-661	79	70
15408	5352	-4760	-434	38	36
15332	5392	-4820	-435	2	89
15196	5552	-5000	-801	4	122
15168	5196	-4684	-748	68	128
15280	5356	-4928	-611	80	81
15320	5668	-4696	-786	204	102
15204	5216	-4672	-733	-75	77
15400	5372	-4804	-534	33	-140
15264	5372	-4980	-652	192	-112
15352	5292	-4668	-481	249	-275
15296	5500	-4572	-539	179	-307
15288	5240	-4976	-665	-14	-204
15304	5080	-5004	-636	45	-141
15336	5128	-4372	-461	130	-211
15168	5204	-4668	-393	-111	-87
15248	5228	-4816	-535	125	-98
15248	5212	-4560	-673	170	30
15180	5044	-4544	-566	210	78
15272	5248	-4564	-411	166	4
15332	5144	-4820	-451	87	98
15120	5436	-4844	-490	102	189
15220	5484	-4668	-560	238	228
15424	5336	-5012	-538	38	150
15196	5388	-4788	-761	95	302
15336	4968	-4788	-282	-4	-59
15260	5416	-4772	-59	194	-216
15204	5264	-5088	-155	55	18
15276	5512	-4728	-297	137	66
15240	5192	-4828	-236	170	-172
15444	5172	-4816	-252	30	-63
15360	5152	-4816	-114	-98	-98
15416	5292	-4556	-2	85	-207
15188	5216	-4588	-38	21	-167
15156	5384	-4516	49	46	-170
15496	5228	-4732	-83	214	-131
15208	5532	-4724	-245	-29	57
15380	5244	-4604	-272	152	72
15340	5308	-4752	-155	26	57
15124	5440	-4504	-101	51	-3
15268	5296	-4656	-290	151	55
15644	5476	-4988	-125	77	-64
15468	5508	-4708	-244	156	181
15464	5400	-4636	-255	-60	-39
15216	5776	-4684	-610	163	-92
15236	5432	-4580	-787	158	-42
15516	5156	-4592	-358	332	-439
15312	5208	-4660	-124	383	-560
15228	5060	-4664	70	172	-672
15208	5260	-4836	-23	239	-611
15264	5344	-4728	-341	215	-132
15308	5176	-4724	-465	108	207
15328	5416	-4968	-670	-25	507
15312	5432	-4788	-778	40	450
15312	5372	-4660	-776	123	227
15284	5148	-4452	-446	71	-64
15220	5184	-4784	28	-63	-338
15188	5268	-4728	85	32	-279
15308	5336	-4892	-224	136	-80
15356	5444	-4756	-361	164	-44
15012	5236	-4620	-533	-121	216
15364	5204	-4716	-346	-93	74
15384	5220	-4796	-272	79	-14
15384	5164	-4376	-122	171	46
15468	5488	-4732	-67	83	-82
15344	5364	-4780	-276	-14	-3
15356	5248	-4812	-154	2	-246
15164	5376	-4704	-137	2	-123
15220	5316	-4696	-197	25	53
15264	5436	-4660	-459	191	84
15176	5188	-4756	-473	15	138
15328	5160	-4644	-138	74	-26
15224	5332	-4752	-138	66	-64
15304	5472	-4780	-444	87	47
15296	5336	-4852	-494	3	-42
15276	5264	-4984	-547	65	189
15296	5288	-5016	-376	3	164
15460	5428	-4864	-421	80	7
15192	5352	-4728	-549	-147	-55
15360	5208	-4876	-307	-110	-195
15352	5588	-4808	-360	-66	-107
15284	5396	-4756	-442	-46	-147
15256	5604	-4732	-630	-170	-151
15248	5432	-4676	-841	-224	-9
15372	5364	-4612	-808	-37	32
15328	5220	-4432	-497	52	-102
15408	5484	-4768	-463	-53	-124
15288	5476	-4596	-762	53	20
15268	5468	-4536	-816	134	-74
15328	5404	-4652	-791	214	-118
15360	5212	-4760	-738	107	-27
15412	5324	-4680	-550	163	-49
15256	5344	-4832	-552	207	24
15212	5596	-4488	-802	219	97
15220	5172	-4840	-726	-16	-39
15404	5400	-4964	-699	243	-35
15120	5116	-4568	-560	228	-87
15200	5404	-4792	-326	155	-124
15132	5308	-4824	-434	102	-65
15284	5552	-5000	-623	168	-105
15296	5276	-4852	-707	127	3
15484	5208	-4796	-382	8	-126
15284	5332	-4720	-443	26	3
15076	5100	-4624	-210	-29	-213
15216	5440	-4524	-383	145	-106
14992	5228	-4600	-496	230	65
15316	5152	-4664	-132	159	-7
15468	5344	-4736	-283	277	60
15224	5384	-4648	-285	151	119
15280	5444	-4772	-320	51	191
15056	5528	-4700	-527	229	120
15232	5244	-4548	-353	103	112
15448	5180	-4884	7	61	-113
15388	5552	-4716	-72	138	-7
15136	5272	-4524	-183	-25	165
15104	5420	-4752	-315	-40	67
15152	5352	-4732	-489	129	132
15160	5180	-4520	-64	97	51
15368	5476	-4700	89	116	-188
15528	5400	-4892	-272	104	57
15656	5268	-4544	-238	5	-4
15300	5488	-4572	-225	-53	48
15064	5584	-4636	-511	52	66
15060	5392	-4640	-697	153	-119
15068	5088	-4588	-443	117	-119
15480	5044	-4780	291	116	-296
15416	5380	-4776	343	123	-298
15460	5512	-4828	-49	27	-138
15080	5528	-4700	-440	-120	49
15224	5372	-4284	-737	-161	263
15208	5132	-5004	-532	-112	291
15412	5456	-4536	-487	243	263
15180	5152	-4544	-395	-81	149
15580	5524	-4720	-262	-126	-203
15200	5452	-4732	-608	188	-192
15372	5240	-4732	-468	196	-290
15256	5272	-4728	-402	133	-350
15312	5116	-4680	-212	-30	-436
15396	5236	-4736	-67	-18	-310
15372	5488	-4624	-234	18	7
15248	5536	-4556	-503	87	156
15164	5304	-4532	-760	-58	199
15404	5128	-4712	-667	-40	31
15188	5200	-4440	-371	138	-93
15320	5240	-4604	-225	51	-101
15200	5360	-4660	-164	109	-166
15316	5424	-4828	-407	244	-225
15304	5152	-4844	-564	173	-53
15296	5100	-4780	-219	21	-76
15408	5348	-4780	-116	249	0
15424	5356	-4872	-294	-35	115
15552	5648	-4644	-458	71	21
14992	5504	-4596	-754	150	206
15008	5200	-4428	-675	252	137
14836	5136	-4464	-325	-12	-188
15332	5092	-4832	-69	201	-384
15228	5228	-4528	277	199	-290
15396	5564	-4712	130	166	-164
15300	5468	-4808	-308	-63	-81
15244	5560	-4792	-639	-51	-9
15092	5248	-4612	-822	184	109
15280	5092	-4556	-461	4	153
15332	5408	-4888	-215	-78	127
15252	5508	-4824	-290	-91	100
15308	5652	-4944	-528	-42	47
15144	5540	-4616	-808	-137	158
15220	5272	-4604	-692	-268	-21
15356	5380	-4712	-621	-109	10
15088	5304	-4556	-494	-134	-26
15300	5612	-4556	-571	0	-63
15228	5484	-4736	-756	51	-151
15500	5364	-4516	-686	11	-142
15308	5208	-4416	-416	115	-300
15368	5488	-4760	-450	91	-264
15396	5352	-4684	-551	171	-215
15392	5560	-4760	-576	101	-290
15396	5340	-4712	-675	124	-53
15224	5392	-4884	-632	116	35
15160	5500	-4656	-640	230	45
15316	5600	-4732	-782	164	141
15288	5320	-4640	-712	236	-144
15300	5340	-4624	-455	135	-411
15164	5304	-4772	-305	210	-213
15228	5312	-4712	-301	128	57
15280	5476	-4900	-434	-43	320
15352	5680	-4932	-828	91	463
15160	5368	-4568	-961	-117	377
15220	5468	-4612	-653	-35	-74
14876	5276	-4496	-493	117	-165
15360	4908	-4592	67	105	-281
15220	5492	-4812	307	114	-394
15376	5596	-4676	-109	9	-275
15368	5404	-4812	-329	-140	-193
15140	5444	-4572	-602	37	-40
15192	5012	-4448	-305	28	-27
15272	5180	-4604	174	-5	-67
15320	5404	-4700	303	40	-31
15460	5456	-4756	-12	131	3
15496	5560	-4664	-210	53	-72
15372	5552	-4724	-362	-2	63
15268	5244	-4740	-267	182	293
15148	5492	-4492	-145	200	221
15088	5468	-4596	-185	132	157
15504	5716	-4920	-374	132	205
15052	5328	-4368	-461	161	133
15300	5444	-4560	-178	78	-179
15228	5484	-4604	-206	256	-87
15292	5220	-4648	41	239	-71
15208	5628	-4744	-40	287	-140
15276	5440	-4544	-249	122	-66
15360	5448	-4896	-244	62	-104
15288	5328	-4736	-318	189	2
15256	5504	-4780	-222	101	-11
15200	5432	-4800	-176	2	-92
15320	5324	-4728	-175	6	-138
15424	5492	-4596	-53	-55	-277
15272	5584	-4708	-196	-84	-153
15136	5496	-4752	-496	-17	39
15032	5336	-4580	-518	116	63
15052	5376	-4452	-402	67	-111
15128	5340	-4604	-282	-43	-207
15580	5576	-5080	-269	41	-166
15300	5432	-4744	-464	190	-55
15352	5348	-4836	-413	-32	-223
15164	5312	-4888	-441	22	-161
15328	5288	-4608	-210	4	-201
15256	5260	-4880	-149	48	-123
15384	5284	-4828	-164	61	-175
15204	5460	-4724	-245	-9	-194
15208	5316	-4812	-407	-66	-94
15124	5364	-4644	-462	81	35
15192	5256	-4640	-496	198	116
15252	5268	-4804	-372	95	146
15436	5360	-4684	-283	83	231
15320	5576	-4632	-328	9	206
15352	5504	-4852	-458	-69	195
15132	5556	-4688	-662	-83	130
15216	5312	-4696	-615	-50	195
15292	5224	-4788	-285	-67	35
15448	5680	-4712	-308	-201	-5
15180	5680	-4760	-542	16	158
15376	5472	-4632	-700	-44	35
15100	5620	-4824	-835	-90	183
15324	5340	-4580	-633	33	8
15360	5600	-4808	-406	-5	-142
15372	5548	-4688	-598	102	-84
15328	5480	-4656	-552	34	-217
15316	5460	-4700	-575	72	-242
15268	5408	-4688	-634	164	-183
15268	5408	-4652	-608	112	-190
15328	5348	-4808	-536	156	-178
15352	5332	-4816	-604	120	-244
15220	5460	-4640	-842	174	-145
15220	5112	-4636	-659	148	-68
15184	5332	-4752	-457	81	-137
15216	5376	-4988	-643	192	20
15192	5128	-4592	-536	165	63
15404	5312	-4808	-346	87	119
15100	5244	-4728	-380	119	136
15360	5468	-4632	-458	-15	75
15068	5416	-4820	-589	299	89
15124	5072	-4540	-317	98	181
15288	5268	-4896	-46	-19	116
15284	5384	-4888	-143	71	85
15312	5480	-4724	-209	4	67
15184	5320	-4752	-288	-36	197
15252	5452	-4660	-235	-25	163
15196	5300	-4612	-182	72	32
15236	5372	-4644	-84	62	-34
15348	5340	-4768	52	29	-108
15284	5504	-4524	-113	71	10
15156	5352	-4580	-282	80	122
15128	5216	-4712	-343	9	249
15204	5432	-4624	-240	66	156
15420	5212	-4516	-254	59	53
15524	5524	-4976	-160	24	51
15020	5552	-4484	-427	209	230
15396	5208	-4728	-263	69	-45
15272	5512	-4620	-323	227	-6
15288	5192	-4500	-171	130	60
15276	5536	-4660	-66	206	-175
15340	5336	-4732	-180	169	-178
15432	5360	-4940	-33	71	-246
15280	5280	-4664	26	159	-244
15192	5192	-4692	80	84	-205
15092	5484	-4916	-121	60	-167
15192	5200	-4792	-254	157	-42
15324	5452	-4748	-264	137	-58
15280	5552	-4688	-594	57	120
15284	5312	-4532	-760	-59	124
15264	5328	-4924	-798	-54	163
15136	5272	-4576	-624	85	15
15224	5224	-4644	-354	15	-50
15476	5508	-4764	-245	-67	-153
15136	5388	-4848	-608	65	-91
15424	5168	-4620	-486	-57	-112
15012	5444	-4744	-492	164	-53
15292	5004	-4704	-492	100	-23
15336	5240	-4840	-203	44	-174
15384	5300	-4748	-273	-12	-167
15220	5300	-4800	-341	66	-173
15280	5332	-4928	-468	5	-44
15188	5080	-4768	-399	90	26
15364	5280	-4632	-439	154	41
15156	5128	-4552	-249	111	-53
15308	5312	-4824	-157	75	79
15296	5376	-4844	-185	108	116
15360	5492	-4728	-465	266	65
15264	5148	-4836	-581	34	159
15128	5316	-4792	-403	41	137
15216	5328	-4736	-277	123	100
15352	5396	-4888	-138	8	-26
15284	5416	-4800	-335	112	27
15392	5412	-4776	-326	-5	-129
15156	5584	-4888	-497	95	-68
15124	5052	-4680	-498	-79	45
15380	5364	-4864	-250	32	-128
15384	5496	-4804	-381	-4	-76
15344	5364	-4768	-545	-103	86
15288	5444	-4704	-728	-62	164
15252	5328	-4648	-793	-31	132
15288	5148	-4804	-675	-86	27
15304	5340	-4512	-395	0	-110
15384	5376	-4700	-289	33	-147
15432	5516	-4888	-503	83	-6
15340	5328	-4688	-604	99	82
15320	5300	-4664	-634	133	-16
15140	5396	-4540	-555	210	-64
15168	5212	-4796	-500	4	-4
15460	5360	-4948	-249	169	-211
15300	5472	-4564	-475	323	-123
15208	5256	-4756	-436	5	-207
15208	5412	-4900	-545	152	-173
15216	5212	-4860	-471	121	-40
15240	5348	-4880	-420	115	24
15288	5240	-4776	-619	45	137
15288	5368	-4876	-563	-111	89
15316	5284	-4904	-642	45	22
15256	5204	-4644	-555	4	23
15160	5076	-4580	-330	31	-5
15212	5384	-4808	-227	-23	-39
15428	5384	-4516	-409	96	0
15416	5216	-4728	-420	143	59
15284	5272	-4612	-353	158	71
15272	5152	-4588	-237	47	-24
15380	5276	-4756	-243	141	-63
15332	5152	-4532	-158	203	-95
15516	5264	-4776	-52	132	-88
15196	5356	-4708	-337	230	208
15300	5124	-4792	-157	81	36
15268	5292	-4664	-177	335	71
15212	5100	-4720	-51	177	114
15408	5360	-4772	126	260	-19
15432	5448	-4672	-147	75	36
15356	5344	-5000	-336	73	37
15264	5204	-4664	-302	139	101
15080	5236	-4728	-88	87	132
15208	5236	-4612	-32	61	88
15288	5388	-4832	-136	68	183
15440	5388	-4892	-199	109	104
15396	5452	-4780	-338	72	105
15308	5236	-4708	-432	46	46
15204	5148	-4728	-242	49	-40
15180	5140	-4728	-163	42	-72
15268	5252	-4556	-77	53	-107
15456	5472	-4876	-160	60	-61
15352	5496	-4968	-685	178	20
15228	4852	-4624	-551	-79	53
15248	5096	-4796	-180	60	-186
15252	5220	-4672	-185	120	-260
15416	5168	-4688	-130	120	-296
15352	5408	-4916	-384	12	-225
15316	5136	-4624	-396	26	-187
15340	5172	-4736	-432	21	-23
15216	5020	-4700	-291	95	-80
15324	5132	-4684	-196	15	-59
15384	5152	-4600	-325	67	-39
15348	5124	-4908	-387	82	5
15396	5204	-4760	-391	171	21
15316	5136	-4696	-412	26	90
15324	5064	-4648	-470	127	114
15216	5176	-4676	-275	69	104
15396	5248	-4644	-251	181	44
15384	5160	-4740	-296	136	90
15380	5344	-4592	-471	197	215
15200	4992	-4640	-357	129	100
15252	5196	-4756	-339	62	-44
15176	5260	-4800	-458	166	54
15400	5096	-4696	-198	297	-45
15236	5228	-4884	-152	51	-49
15204	5112	-4688	-360	77	55
15364	5316	-4900	-340	-30	-89
15188	5236	-4904	-545	-92	-98
15188	5264	-4392	-411	32	-123
15312	5212	-4976	-390	-52	-191
15264	5248	-4868	-334	-96	-131
15392	5092	-4688	-362	-40	-105
15268	5352	-4768	-387	-197	-61
15328	5304	-4632	-613	-118	-12
15236	5304	-4560	-836	39	21
15416	5188	-4724	-755	-150	-42
15424	5028	-4664	-530	-161	-122
15488	5328	-4840	-450	-106	-131
15392	5232	-4596	-731	199	27
15316	5020	-4640	-557	6	-129
15252	5472	-4584	-667	112	-146
15504	4988	-4656	-463	207	-83
15548	5156	-4636	-65	378	-258
15324	5424	-4748	-398	208	-149
15328	5312	-4748	-615	206	-71
15320	5104	-4868	-681	220	-40
15064	5044	-4712	-685	156	162
15300	5048	-4784	-240	253	-15
15320	5176	-5048	-142	182	15
15216	5428	-4856	-232	201	-14
15152	5484	-4788	-501	155	74
15244	5188	-4756	-627	99	7
15144	5320	-4540	-728	123	75
15280	5084	-4628	-177	150	-115
15232	5392	-4844	-152	14	-48
15384	5108	-4748	-194	-77	77
15232	5648	-4668	-424	171	91
15176	5156	-4536	-651	-37	80
15480	5132	-4748	-429	-164	-26
15096	5260	-4680	-259	185	-171
15360	4928	-4724	-27	102	-104
15364	5448	-4804	119	-132	-131
15576	5304	-4540	-352	171	16
15460	5136	-4748	-402	-213	-46
15236	5244	-4548	-410	166	-52
15288	4708	-4512	-120	127	-60
15364	5288	-4760	153	83	-180
15280	5152	-4724	221	102	-189
15384	5356	-4804	-51	122	-82
15492	5336	-4732	-411	103	91
15308	5276	-4644	-481	118	205
15228	5048	-4704	-240	125	97
15240	5152	-4784	-103	99	18
15224	5344	-4764	-5	-17	-103
15448	5400	-4812	-128	97	-120
15288	5468	-4700	-579	194	76
15264	5176	-4700	-557	-167	36
15136	5152	-4832	-374	80	-132
15316	5096	-4800	-360	130	0
15420	5208	-4672	-14	-87	-161
15384	5520	-4724	-384	148	-124
15404	5128	-4784	-571	-133	-151
15400	5324	-4960	-460	-16	-184
15356	4944	-4740	-313	57	-158
15328	5320	-4720	-247	-62	-181
15288	5068	-4684	-289	10	-130
15376	5164	-4716	-232	70	-102
15348	5252	-4732	-469	149	55
15436	5204	-4748	-575	2	104
15352	4948	-4632	-328	27	-68
15300	5132	-4728	-258	203	-118
15220	5252	-4852	-224	166	-43
15252	5152	-4588	-280	129	58
15496	5348	-4952	-313	45	125
15268	5136	-4824	-470	184	179
15348	5208	-4764	-329	52	-47
15316	5304	-4760	-372	193	-59
15312	5016	-4712	-238	123	-41
15456	5200	-4824	-77	117	-235
15268	5260	-4816	-258	193	-159
15368	5052	-4808	-187	64	-192
15228	5216	-4888	-191	56	4
15220	5260	-4832	-273	1	73
15072	5388	-4776	-509	-38	164
15300	5220	-4888	-668	7	223
15420	5140	-5012	-476	-110	192
15408	5248	-4848	-501	88	106
15240	5360	-4872	-566	-119	32
15356	5288	-4756	-699	-18	156
15328	5248	-4668	-648	49	173
15336	5308	-4824	-430	51	58
15268	5276	-4792	-460	119	-8
15532	5396	-4580	-368	2	-202
15128	5336	-4672	-445	150	-223
15384	5372	-4680	-507	71	-347
15316	5360	-4684	-842	194	-277
15416	5040	-4724	-730	184	-310
15380	5148	-4756	-537	121	-238
15432	5128	-4820	-545	164	-143
15388	5180	-4576	-483	206	-262
15392	5196	-4744	-659	144	-145
15124	5056	-4764	-664	32	-106
15232	5120	-4640	-658	152	2
15252	4984	-4716	-468	207	102
15304	5236	-4724	-437	77	191
15148	5336	-4628	-570	41	245
15320	5116	-4864	-624	48	233
15248	5124	-4864	-574	4	250
15376	5192	-4612	-418	96	171
15180	5208	-4556	-382	148	71
15244	5244	-4900	-316	-205	97
15384	5524	-4716	-359	92	82
15184	5184	-4596	-394	-121	130
15360	5304	-4640	-339	61	-18
15196	5096	-4688	-372	113	48
15312	5124	-4672	-53	83	-57
15504	5352	-4636	-82	82	-109
15284	5300	-4620	-218	57	-212
15520	5232	-4628	-250	-21	-116
15212	5288	-4640	-288	68	-73
15312	5128	-4548	-323	56	5
15316	5172	-4676	-227	112	32
15456	5168	-4772	-80	73	19
15308	5376	-4668	-187	105	54
15472	5352	-4676	-300	60	59
15384	5152	-4740	-326	31	-56
15272	5084	-4640	-297	82	-110
15308	5136	-4760	-197	38	-28
15228	5172	-4684	-189	168	67
15316	5208	-4808	-252	31	28
15424	5328	-4580	-470	170	125
15292	5088	-4716	-440	-23	70
15340	5212	-4812	-287	138	-79
15312	4964	-4780	-238	115	-1
15460	5188	-4700	-32	124	-37
15368	5256	-4780	-141	98	-114
15320	5208	-4700	-274	-44	-93
15440	5160	-4880	-258	-88	-13
15352	5292	-4576	-341	111	57
15156	5024	-4476	-305	136	67
15312	5128	-4852	-236	43	-32
15340	5220	-4728	-225	59	82
15492	5316	-4908	-203	111	25
15396	5236	-4664	-379	132	151
15224	5136	-4736	-386	46	143
15320	5196	-4844	-418	-61	135
15180	5164	-4748	-308	67	-32
15340	5088	-4732	-179	9	-133
15360	5368	-5128	-193	-196	-208
15224	5276	-4660	-497	171	11
15500	4972	-4736	-482	-78	-70
15192	5316	-4872	-506	-65	-73
15428	4872	-4636	-251	45	-152
15356	5216	-4892	-114	9	-156
15424	5268	-4816	-300	108	-207
15204	5104	-4644	-301	25	-360
15384	5124	-4508	-439	172	-234
15392	4904	-4844	-290	-70	-148
15340	5148	-4872	-133	30	-144
15360	5132	-4756	-310	158	10
15352	5112	-4672	-467	42	158
15240	5236	-4932	-613	-95	209
15356	5152	-4644	-628	5	178
15352	5000	-4728	-588	-19	179
15220	5232	-4884	-456	-30	66
15200	5308	-4664	-556	7	70
15388	5092	-4804	-631	-39	93
15436	5500	-4660	-701	-47	78
15276	5136	-4588	-846	112	119
15400	5192	-4768	-468	-87	-188
15260	5288	-4888	-538	209	-100
15204	5088	-4700	-400	289	-152
15288	5388	-5056	-451	165	-217
15336	5236	-4760	-600	101	-240
15436	5164	-4760	-585	19	-234
15428	5228	-4888	-845	137	-60
15212	4892	-4756	-686	105	-7
15412	5188	-4752	-408	178	-135
15240	4828	-4856	-440	91	-100
15264	5288	-4900	-534	-38	-66
15252	5140	-4820	-752	42	82
15228	5120	-4800	-682	92	57
15432	4996	-4804	-521	-81	112
15316	5052	-4760	-336	-27	56
15276	5248	-4680	-346	84	36
15296	4892	-4660	-275	51	-28
15480	5356	-4816	-287	29	19
15152	5080	-4716	-456	-55	182
15408	5132	-4852	-310	28	-7
15288	5088	-4812	-371	196	155
15204	4924	-4684	-38	28	96
15488	5324	-4796	12	139	39
15196	5256	-4556	-170	142	33
15324	5208	-4664	-211	17	46
15264	5156	-4812	-247	142	94
15168	5048	-4704	-189	227	89
15340	5096	-4696	-46	184	27
15436	5280	-4720	-4	225	64
15316	5460	-4816	-159	153	100
15392	5376	-4792	-408	133	80
15272	5228	-4676	-474	176	23
15244	5080	-4660	-200	161	-39
15256	5268	-4788	-47	193	-170
15180	5300	-4672	-17	80	-257
15224	5324	-4932	-200	-171	-243
15332	5432	-4936	-500	229	-62
15364	5032	-4756	-417	-92	-10
15468	5276	-4976	-432	-10	-118
15384	5032	-4512	-397	-6	-176
15484	5008	-4876	-108	-20	-365
15264	5240	-4864	-230	77	-334
15388	5060	-4676	-251	-3	-411
15276	5160	-4748	-321	-39	-278
15292	5012	-4740	-348	41	-114
15292	5040	-4752	-337	8	-78
15328	5036	-4652	-297	3	-37
15416	5140	-4844	-283	20	-82
15296	5260	-4808	-359	19	-56
15480	5056	-4816	-357	104	10
15412	4972	-4708	-286	116	118
15396	5204	-4824	-249	12	87
15328	5328	-4804	-441	176	108
15204	5116	-4680	-580	133	217
15452	5004	-4648	-235	124	115
15352	5256	-4728	-349	242	285
15340	5056	-4724	-159	52	12
15236	5336	-4896	-330	243	-42
15188	4948	-4752	-311	148	-2
15352	5236	-4792	-114	232	-26
15296	5176	-4836	-190	206	48
15284	5184	-4744	-265	146	0
15288	5152	-4836	-345	104	61
15204	5236	-4768	-335	105	36
15244	5184	-4856	-405	42	21
15312	5252	-4892	-473	13	-23
15448	5312	-4888	-539	-28	-61
15348	5364	-4848	-641	-39	23
15280	5268	-4816	-608	-130	65
15200	5272	-4896	-654	-122	118
15264	5400	-4820	-721	-1	-38
15168	5376	-4608	-847	-97	-9
15348	5196	-4748	-768	-223	-203
15580	5324	-4952	-667	-156	-226
15260	5176	-4588	-825	26	-162
15456	4968	-4620	-639	-5	-294
15332	5120	-4696	-629	107	-290
15404	5084	-4852	-694	59	-205
15368	5172	-4856	-722	95	-126
15524	5100	-4812	-699	34	-58
15536	5060	-4752	-659	100	-153
15396	5036	-4652	-740	85	-55
15264	4972	-4540	-676	244	-55
15236	4928	-4448	-487	239	-78
15352	4928	-4668	-352	295	-17
15332	5200	-4908	-340	378	40
15200	5160	-4796	-410	290	185
15256	5224	-4684	-648	312	229
15324	5036	-4928	-590	196	200
15224	5108	-4768	-446	232	115
15084	5208	-4748	-371	161	122
15256	5072	-5024	-206	10	84
15412	5268	-4640	-180	131	204
15212	4972	-4884	-177	-158	258
15372	5348	-4888	-292	-76	103
15248	5300	-4676	-554	1	109
15240	5072	-4636	-199	-176	-4
15524	5176	-4884	-108	-103	-40
15412	5220	-4804	-203	-78	12
15472	5332	-4652	-240	-103	14
15316	5116	-4660	-255	-88	-97
15308	5176	-4632	-225	-76	-145
15308	5216	-4540	-290	111	-74
15348	5104	-4504	-128	114	-158
15424	5148	-4616	-255	123	8
15484	5184	-4800	-312	48	-62
15396	5216	-5004	-463	117	92
15244	5088	-4664	-530	133	148
15276	5040	-4632	-370	321	28
15284	5232	-4748	-396	76	106
15596	5012	-5068	-263	70	-58
15452	5260	-4884	-432	240	36
15304	4860	-4760	-200	34	-140
15340	5348	-4916	-208	147	-213
15272	5076	-4820	-235	123	-55
15404	4992	-4896	63	55	-150
15260	5208	-4680	-145	63	-84
15304	4988	-4836	-208	-49	-139
15316	5132	-4856	-227	-77	-152
15260	5064	-4772	-156	84	-167
15184	5128	-4440	-164	-3	-68
15352	5064	-4680	-279	27	52
15464	5064	-4840	-234	64	59
15396	5228	-4764	-279	30	88
15220	5136	-4808	-469	-2	172
15444	5056	-4604	-461	39	120
15448	5204	-4760	-336	69	-82
15308	5336	-4724	-458	5	22
15376	5020	-4808	-363	-90	-11
15452	5372	-4768	-345	2	-43
15196	5268	-4600	-557	-20	130
15416	5060	-4640	-401	-80	-133
15184	5212	-4780	-323	7	-176
15396	5000	-4660	-313	170	-183
15320	5100	-4820	-205	255	-231
15356	4944	-4828	-299	123	-289
15452	4992	-4876	-225	60	-416
15308	5220	-4920	-250	116	-280
15268	5068	-4920	-287	58	-129
15336	5048	-4860	-383	92	-66
15320	5000	-4752	-277	49	-109
15192	5052	-4676	-183	97	-96
15156	5216	-4868	-278	144	74
15240	5148	-4788	-322	81	175
15432	5280	-4668	-626	124	212
15268	5032	-4964	-709	-11	383
15384	5224	-4872	-613	-14	347
15444	5072	-4840	-495	35	281
15436	5436	-4780	-582	16	201
15104	5020	-4864	-647	-245	186
15352	5308	-4828	-557	-64	-24
15216	5188	-4924	-503	-6	-160
15316	5096	-4768	-401	-80	-118
15492	5360	-4840	-441	-127	-145
15376	5284	-4932	-706	-32	-159
15508	5176	-4888	-590	10	-218
15260	5152	-4612	-533	1	-171
15448	5020	-4800	-401	37	-311
15512	4944	-5044	-219	108	-418
15284	5180	-4792	-236	171	-389
15296	5028	-4696	-461	-21	-227
15376	5240	-4640	-685	48	-31
15260	4968	-4720	-869	80	210
15368	4960	-4916	-717	138	225
15320	5032	-4884	-616	116	217
15332	5168	-4780	-589	92	156
15368	5048	-5196	-570	35	97
15416	5164	-4780	-627	218	102
15156	5040	-4692	-606	52	-3
15396	4948	-4860	-404	125	51
15200	5116	-4952	-216	107	-12
15436	4996	-4676	-91	114	-61
15492	5336	-4848	-147	26	-203
15464	5080	-4976	-387	87	-81
15248	5256	-4984	-355	-40	-208
15172	5080	-4784	-465	190	-34
15296	4904	-4732	-158	98	-55
15164	5148	-4688	-58	160	9
15408	5176	-4812	-39	136	45
15456	5304	-4864	-382	162	127
15348	5180	-4852	-671	121	248
15260	5068	-4824	-535	126	92
15308	4908	-4828	-196	109	-51
15340	5184	-4796	41	125	-71
15300	5164	-5008	-90	116	-3
15424	5272	-4952	-303	-20	37
15188	5200	-4876	-614	70	175
15424	4920	-4760	-361	-112	12
15296	5184	-4936	-384	149	-43
15296	4864	-4768	-171	68	-68
15396	5228	-4828	64	41	-254
15336	5344	-4828	-239	-20	-191
15384	5112	-4876	-437	-54	-123
15416	5136	-4964	-471	-9	15
15392	4924	-4720	-205	-54	-21
15280	4916	-4660	-66	65	-106
15216	5176	-4672	-146	56	-33
15332	5168	-4692	-342	134	86
15332	5088	-4716	-439	150	75
15556	5204	-4840	-489	140	122
15360	5024	-4888	-402	114	150
15336	5140	-4696	-287	125	93
15212	5100	-4880	-331	163	62
15272	5080	-4724	-351	91	-2
15516	5080	-5000	-392	18	-14
15188	5072	-4660	-482	112	81
15364	5020	-4676	-290	-3	-86
15240	5148	-4916	-416	153	-72
15384	4824	-4804	-329	127	26
15364	5112	-4888	-242	150	13
15380	5192	-4876	-420	137	19
15416	5012	-4904	-406	-39	-72
15440	5052	-4944	-377	56	-140
15156	4956	-4572	-313	36	-179
15428	4936	-4764	-276	30	-145
15276	5100	-4788	-264	-53	-86
15332	4972	-4888	-222	50	-62
15324	5244	-4796	-365	65	35
15372	5120	-4828	-493	45	-30
15324	4936	-4680	-421	24	13
15336	5032	-4708	-321	56	-29
15312	5308	-4704	-403	72	-1
15396	4996	-4984	-414	38	7
15512	5176	-4952	-512	-29	59
15308	5168	-4788	-768	-14	226
15544	4960	-4712	-414	-117	-132
15284	5140	-4816	-506	89	-154
15280	4924	-4688	-455	65	15
15432	5132	-4780	-371	137	-104
15360	5332	-4808	-641	79	-87
15552	4988	-4928	-576	-6	-259
15416	5176	-4808	-518	149	-230
15276	4916	-4768	-541	96	-105
15240	4916	-4704	-446	114	-74
15240	4936	-4760	-331	147	-86
15316	5176	-5132	-443	157	-82
15428	5144	-4872	-767	134	57
15284	4976	-4896	-805	9	167
15468	4944	-4796	-727	112	160
15328	4944	-4828	-529	59	94
15388	5072	-4828	-428	1	143
15164	5020	-4784	-382	117	52
15464	5140	-5004	-438	-65	122
15096	5136	-4568	-621	95	205
15604	5056	-4884	-529	-188	124
15208	5268	-4732	-622	-7	73
15524	4936	-4656	-546	119	23
15124	5064	-4916	-197	30	-84
15444	5128	-4688	-374	212	-126
15480	5076	-4804	-305	20	-151
15340	5124	-4708	-301	52	-176
15236	4960	-4672	-273	12	-204
15132	5044	-4720	-318	150	-83
15224	5060	-4600	-345	156	-22
15336	4856	-4912	-187	-7	-14
15352	5192	-4892	-263	69	38
15268	5084	-4668	-367	32	92
15360	4976	-4756	-295	37	24
15228	4852	-4960	-80	29	-65
15256	5040	-4704	-77	96	4
15296	4872	-4804	-16	-68	-62
15492	5304	-5004	-173	-24	136
15244	5124	-4612	-467	56	359
15528	4996	-4752	-367	6	128
15164	5080	-4860	-285	1	136
15432	4972	-4732	-75	161	15
15468	5092	-4860	121	57	-70
15476	5312	-4696	-223	192	-39
15420	5104	-4912	-330	-22	-115
15352	4984	-4772	-361	59	-100
15236	4968	-4704	-172	87	-100
15264	5008	-4776	-143	219	-150
15356	4944	-4732	-49	51	-144
15516	5192	-5008	-175	128	-96
15380	5004	-4848	-378	161	-22
15356	5044	-4836	-483	-36	-22
15376	5044	-5068	-425	81	-40
15300	4892	-4920	-318	235	-77
15212	5132	-4740	-378	121	-75
15324	4872	-4944	-316	43	-19
15516	5232	-5136	-412	71	3
15296	4936	-4920	-516	12	53
15368	5096	-4964	-442	-24	-107
15328	4920	-4756	-513	96	-39
15528	4900	-4876	-217	95	-177
15356	5008	-4908	-190	-2	-202
15372	4952	-4856	-252	20	-205
15416	5164	-5036	-322	-57	-155
15344	4900	-4812	-409	199	-54
15240	4908	-4652	-261	51	-92
15332	5012	-4892	-263	-14	-69
15340	4984	-4884	-275	103	-45
15344	5020	-4664	-247	101	-69
15380	5116	-4748	-366	86	-17
15236	5052	-5004	-319	-12	37
15464	4960	-4992	-393	132	109
15380	4956	-4784	-264	106	29
15288	5116	-4960	-282	-33	9
15292	4952	-4964	-286	67	-136
15624	5156	-4952	-600	6	25
15196	4876	-4880	-388	-167	-68
15568	5088	-4928	-329	22	-120
15308	5088	-4888	-483	-41	16
15444	5028	-4800	-276	-27	-125
15360	5128	-4716	-354	-31	-163
15428	5032	-4804	-630	-68	-40
15428	5184	-4824	-587	5	-59
15496	5004	-4800	-551	66	-52
15296	5168	-4828	-528	37	-101
15400	5172	-4720	-645	215	-13
15340	4824	-4580	-493	232	23
15308	4948	-4768	-236	462	260
15580	4860	-4704	-555	672	737
15220	5272	-4684	-736	193	305
15588	4892	-4776	-1081	85	109
15492	4988	-4944	-797	-7	-191
15368	4848	-4816	-658	297	46
15144	4652	-4844	-174	309	56
15360	5060	-4920	-238	383	170
15104	5004	-4804	-340	62	76
15628	5176	-5056	-571	17	-44
15296	4740	-4932	-665	163	-21
15416	4728	-4740	-294	147	8
15212	4892	-4824	-156	28	-71
15424	4944	-4968	-192	-12	-133
15480	5052	-4764	-257	-105	-95
15264	5044	-4724	-459	-48	55
15212	4964	-4708	-394	-44	106
15340	4940	-4624	-335	-1	102
15304	4880	-4604	-166	-31	-46
15468	5120	-4788	-170	24	63
15444	5108	-4712	-373	121	76
15480	5096	-4864	-506	34	85
15436	4872	-4732	-443	84	70
15488	5004	-4788	-187	100	-47
15356	5056	-4724	-206	89	-12
15456	4956	-4992	-178	86	-75
15472	5276	-4652	-455	287	39
15428	4796	-4768	-373	8	-127
15556	5044	-4820	-321	134	-278
15324	4652	-4568	-205	226	-160
15264	4864	-4852	101	135	-234
15348	5128	-4748	-208	130	44
15396	5024	-4896	-439	103	8
15428	5044	-4888	-519	44	-16
15452	4908	-4644	-380	56	-79
15204	4704	-4660	-106	70	-119
15248	5124	-4764	-55	54	-104
15392	5024	-4692	-234	165	-42
15468	5012	-4752	-268	-19	-2
15304	5092	-4896	-395	-101	92
15468	5052	-4740	-372	62	-47
15328	4772	-4808	-267	37	-69
15276	5056	-4800	-213	-18	-58
15432	4976	-4708	-292	45	-168
15536	4980	-4840	-313	-19	-218
15436	5048	-4916	-414	0	2
15428	4920	-4724	-241	35	-119
15496	4860	-4732	-236	90	-184
15468	4956	-4788	-275	-48	-152
15512	4952	-4864	-203	136	-260
15592	4956	-4856	-358	-80	-129
15476	4888	-4860	-425	258	-132
15320	4812	-5000	-308	70	36
15324	4888	-4744	-60	-26	-77
15268	4976	-4900	-138	-52	-75
15444	5104	-4672	-409	102	47
15420	4808	-4752	-473	119	196
15536	4852	-4892	-200	11	27
15336	4880	-4840	-137	133	-54
15420	5156	-5084	-327	-76	60
15160	5036	-4760	-309	108	66
15368	5052	-5012	-466	-4	165
15272	5136	-4864	-619	-68	192
15576	4892	-4988	-598	-75	148
15348	5424	-4824	-882	-113	354
15228	4824	-4548	-839	-203	152
15164	5160	-4940	-711	-249	0
15420	4936	-4980	-787	-76	71
15532	5096	-4868	-454	-64	-80
15512	5208	-4952	-700	-40	10
15472	4792	-4840	-635	-91	-106
15468	5052	-4760	-640	53	-195
15376	5024	-4612	-638	3	-194
15444	4932	-4956	-604	20	-177
15428	4912	-4816	-587	130	-195
15520	4828	-4728	-595	206	-189
15396	4820	-4720	-629	123	-73
15392	4860	-4808	-592	213	-34
15436	4852	-4964	-619	194	2
15260	4812	-4756	-479	196	-37
15480	4820	-4896	-471	154	38
15252	4820	-4820	-475	142	56
15480	5024	-4848	-433	58	20
15344	5040	-4800	-718	165	254
15360	4760	-4772	-522	44	240
15296	5036	-4828	-414	170	116
15276	4924	-4664	-458	183	180
15332	4888	-4868	-124	148	-16
15320	5004	-4856	-192	59	-32
15492	4876	-4760	-165	147	-95
15328	5048	-4768	-130	68	-150
15400	5012	-4960	-209	127	-53
15312	4860	-4716	-101	124	-3
15372	5032	-4780	-246	153	102
15372	4852	-4860	-206	151	37
15424	5040	-4888	-179	114	6
15256	4968	-4736	-115	59	-99
15360	5008	-4908	-200	109	-11
15256	4856	-4876	-79	44	-96
15340	4992	-5028	-88	5	-21
15436	4940	-4764	-262	53	51
15668	4936	-4892	-290	85	-15
15268	4900	-4560	-350	127	106
15344	4832	-4780	-125	-37	-73
15232	5132	-4888	-215	123	-67
15508	5008	-4816	-226	141	-58
15464	5020	-4716	-133	196	-160
15432	5052	-4844	-297	54	-42
15472	4940	-5004	-195	-10	-153
15488	4984	-4812	-72	109	-266
15372	4980	-4608	-178	213	-263
15420	4996	-4840	-231	1	-119
15260	4864	-4892	-191	195	-186
15536	4868	-4904	-341	140	-10
15440	5000	-4868	-351	119	-67
15300	4904	-4812	-338	14	-58
15424	4952	-5064	-455	83	57
15200	4916	-4716	-416	-23	38
15332	4772	-4852	-233	-5	-124
15444	5048	-5092	-329	84	-186
15448	4792	-4868	-293	-28	-265
15384	4936	-4780	-356	122	-114
15196	4724	-4672	-275	-42	-167
15332	5056	-4668	-405	48	-198
15536	4896	-4896	-428	195	-77
15436	4740	-5052	-158	166	-92
15424	4992	-4788	-180	118	-165
15316	4808	-4932	-113	-2	-215
15428	5008	-4976	-242	78	-143
15348	4952	-4784	-332	160	-78
15264	4708	-4684	-215	38	-38
15476	4960	-4800	-186	74	-72
15352	4864	-4932	-226	58	21
15308	5016	-4984	-212	47	49
15408	5120	-4812	-406	107	185
15252	5044	-4976	-564	49	206
15516	4876	-4852	-513	13	129
15376	5084	-4896	-521	46	130
15320	5056	-4588	-473	-56	108
15396	5084	-5028	-473	-64	132
15488	5192	-4920	-655	142	168
15352	5044	-4664	-682	-76	68
15364	5036	-5044	-668	-35	-76
15420	4972	-4680	-715	60	-79
15356	4824	-4772	-427	150	-238
15404	5048	-4800	-372	106	-280
15556	4900	-4760	-376	173	-230
15476	5156	-4828	-488	132	-127
15360	4928	-4688	-747	130	33
15412	4876	-4888	-749	52	32
15244	4732	-4928	-684	208	-6
15356	4676	-4700	-403	182	-59
15324	4968	-4756	-317	185	-61
15372	5164	-5000	-623	207	61
15404	4928	-4924	-732	155	160
15328	4892	-4748	-660	149	79
15288	4960	-4732	-651	92	108
15384	4856	-4792	-389	66	11
15420	5024	-4712	-393	19	-33
15564	5120	-4820	-475	-27	-49
15080	4972	-4672	-613	95	1
15448	4912	-4684	-497	-44	-153
15352	4900	-4948	-522	101	-73
15380	4632	-4580	-83	235	-176
15492	4924	-4932	78	166	-242
15236	4968	-4688	-155	65	-9
15376	5008	-4892	-235	-108	-108
15432	4916	-4860	-713	125	158
15344	4592	-4748	-307	-18	25
15332	4936	-4816	-105	14	18
15276	4892	-4764	-57	-39	20
15408	5016	-4864	-69	106	27
15392	5080	-4604	-292	98	223
15516	4912	-4724	-305	8	149
15420	4980	-4776	-327	-1	70
15460	5024	-4736	-371	42	31
15448	4920	-4812	-169	82	-17
15284	5136	-4788	-66	93	-85
15580	5120	-5056	-209	-41	-23
15376	5136	-4780	-421	230	57
15452	4820	-4744	-300	19	-105
15396	4968	-4872	-429	132	-50
15512	4736	-4640	-222	77	-206
15384	4960	-4808	-20	184	-254
15328	5124	-4900	-388	83	-55
15560	4964	-4664	-506	53	-80
15392	4876	-4724	-415	36	-18
15264	4788	-4868	-196	61	-85
15416	4816	-4840	-155	41	-129
15412	4860	-4852	-120	79	-123
15368	5084	-4976	-274	68	-37
15392	4968	-4732	-552	61	109
15408	4768	-4780	-452	-72	84
15312	5088	-4820	-298	-12	16
15352	5040	-4828	-305	8	16
15364	4952	-4888	-252	-55	-50
15552	5008	-4976	-416	-23	-14
15296	4812	-4692	-260	-68	-147
15480	5036	-4844	-321	150	-13
15316	4832	-4876	-213	-80	-66
15420	5196	-4804	-315	-42	-128
15432	4844	-4792	-537	38	-60
15368	4600	-4764	-96	101	-207
15316	5068	-4692	-101	142	-200
15340	4656	-4904	-116	25	-230
15556	5068	-5148	-187	58	-163
15364	4956	-4864	-417	240	-57
15348	4928	-4652	-455	77	-25
15480	4792	-4856	-346	-28	-62
15360	4892	-4952	-138	111	-66
15288	5100	-4988	-240	163	55
15380	4924	-4784	-398	95	198
15404	4984	-4852	-491	-35	91
15456	5032	-4876	-637	56	62
15380	4976	-4996	-661	67	17
15376	4872	-4712	-614	21	24
15380	4812	-4804	-443	5	-4
15640	5096	-4956	-398	124	-52
15148	5092	-4664	-557	92	112
15512	4996	-4824	-499	5	-91
15352	5080	-4860	-669	59	-130
15428	4784	-4760	-528	133	-110
15432	5048	-4856	-386	138	-172
15492	4980	-4728	-550	186	-147
15328	4860	-4784	-471	54	-205
15276	4804	-4864	-500	150	-66
15336	4908	-4784	-472	162	-67
15364	4984	-4860	-503	138	32
15264	4936	-4860	-483	166	17
15368	5056	-4876	-534	132	91
15272	4968	-4844	-566	104	132
15228	5108	-4748	-675	31	192
15424	4908	-4728	-605	27	202
15392	5076	-4968	-562	127	116
15164	4924	-4832	-558	80	114
15272	5088	-4908	-417	-57	30
15496	5024	-5000	-423	-55	-92
15336	5152	-4800	-624	0	8
15416	4828	-4876	-451	-118	-152
15308	5108	-4772	-476	115	-232
15252	4772	-4840	-319	-3	-150
15380	4892	-4936	-60	131	-214
15372	5072	-4892	-296	94	-104
15440	4860	-4908	-373	56	-135
15328	5004	-4812	-379	22	-139
15220	4860	-4592	-354	56	-184
15448	4752	-4640	-238	98	-155
15384	5012	-4964	-154	154	-35
15432	4936	-4916	-143	192	2
15368	4956	-4760	-291	125	45
15428	4844	-4828	-365	-21	125
15364	5136	-4796	-354	73	47
15344	5000	-4784	-285	152	17
15396	4924	-4836	-183	133	-24
15216	5012	-4796	-103	-37	-79
15428	4932	-4892	-94	24	-35
15432	5276	-4812	-408	208	108
15396	4864	-4804	-339	-93	60
15456	4956	-5116	-243	-40	-123
15384	4928	-4880	-132	58	-178
15408	4844	-4928	130	87	-261
15408	5228	-4980	-98	-27	-180
15444	4836	-5000	-362	6	-45
15452	4960	-4772	-297	-17	-112
15432	5016	-4776	-388	-38	25
15360	4852	-4848	-317	-50	4
15352	4936	-4872	-222	8	6
15484	4892	-4844	-261	55	-24
15364	5100	-4756	-361	1	-25
15476	4884	-4964	-391	-65	20
15516	5004	-4852	-355	15	-61
15500	5032	-4884	-472	143	-9
15264	4892	-4824	-482	125	120
15420	4904	-4880	-258	129	-93
15520	5016	-5140	-322	193	-121
15272	5132	-4792	-490	233	-25
15204	4780	-4700	-361	140	-70
15372	5116	-5048	-462	211	-145
15284	4936	-5072	-562	125	-118
15384	4852	-4924	-311	127	-202
15308	4916	-5084	-216	138	-216
15424	4876	-4984	-279	101	-218
15200	5052	-4912	-401	37	-233
15300	4748	-4840	-428	-34	-103
15400	4828	-4812	-319	3	-130
15268	4824	-4832	-290	4	-39
15372	4968	-5068	-241	-104	64
15552	5004	-4860	-339	-42	153
15588	5064	-4936	-550	42	244
15468	4864	-4928	-522	-71	224
15392	5172	-4888	-588	54	175
15336	4804	-4864	-341	178	98
15584	4996	-4776	-1	249	-19
15380	5004	-4916	86	61	-153
15460	5344	-5076	-302	82	-101
15200	5152	-5040	-699	45	-44
15348	4988	-4820	-838	-87	8
15328	4888	-4744	-747	52	-77
15320	4760	-4848	-371	185	-203
15348	5028	-4828	-259	135	-347
15356	5084	-4964	-448	71	-254
15368	5064	-5000	-518	105	-281
15264	5072	-4828	-633	92	-63
15392	4904	-4664	-658	116	-14
15276	4844	-4776	-545	59	39
15340	5004	-4840	-438	100	102
15328	5180	-4964	-516	69	77
15240	5108	-4776	-766	53	161
15368	4932	-4780	-790	24	79
15308	4952	-4856	-659	61	32
15356	5016	-4892	-538	42	66
15396	4980	-4668	-419	48	69
15292	5100	-4928	-412	-44	-14
15468	5220	-4840	-608	83	62
15272	4840	-4596	-597	-39	71
15548	4860	-5000	-498	83	-26
15248	4944	-4768	-368	254	-180
15400	4824	-4848	-185	78	-67
15336	5088	-4776	-191	82	-62
15556	4944	-4860	-281	129	-52
15380	5052	-4960	-362	22	2
15340	4952	-4644	-401	157	-89
15344	4776	-4876	-224	85	-37
15232	4864	-4736	-51	125	-37
15272	5036	-4768	-122	136	90
15404	5136	-5048	-249	81	108
15472	5168	-4904	-483	24	168
15468	4876	-4848	-529	-8	223
15376	4848	-4756	-151	87	-68
15224	4968	-4964	-64	19	-106
15360	5092	-4708	-49	62	-177
15460	5048	-4732	-84	36	-219
15672	5308	-4900	-392	165	-95
15200	4716	-4576	-485	62	25
15504	4984	-4752	-179	32	-155
15224	4932	-4736	-100	176	-130
15468	4924	-4712	-50	223	-95
15412	5144	-4804	-101	150	-123
15424	4964	-4876	-350	79	-48
15432	4948	-4884	-345	107	-96
15352	5096	-4792	-379	270	-15
15256	5060	-4644	-342	95	95
15388	4948	-4960	-222	-27	98
15412	5120	-4900	-250	87	-73
15236	5164	-4840	-393	-5	-53
15360	4888	-4836	-370	63	-73
15352	5052	-4976	-280	-37	-163
15216	4848	-4808	-191	-37	-245
15328	5032	-4708	-153	-130	-286
15348	5008	-4800	-267	-43	-130
15432	4872	-4852	-235	-102	-109
15396	4956	-4924	-431	-62	82
15156	4792	-4640	-343	-31	23
15500	4928	-4708	-117	-141	-152
15412	4960	-4896	-303	68	-61
15392	4948	-4828	-214	60	-31
15432	5072	-4968	-269	51	-17
15376	5028	-4848	-363	115	59
15548	4944	-4748	-186	43	-72
15316	5084	-4956	-235	69	-2
15396	5212	-4784	-230	135	-10
15480	5016	-4764	-394	166	-10
15396	5100	-4944	-467	53	-79
15408	5072	-4880	-529	10	38
15400	5200	-4984	-568	104	98
15460	5016	-4864	-637	101	151
15316	5080	-4892	-626	6	89
15304	5080	-4876	-625	7	-31
15368	5068	-4896	-624	134	-24
15340	5052	-4828	-604	185	3
15444	5144	-4896	-576	77	-86
15296	5136	-4788	-821	255	-34
15500	4760	-4732	-625	13	-113
15436	4984	-5084	-597	271	-96
15284	4976	-4872	-575	269	15
15304	4964	-4964	-390	202	-103
15360	5028	-4804	-572	81	-25
15456	4992	-4944	-707	15	-48
15340	5112	-4856	-744	90	-53
15200	4832	-4780	-693	74	-5
15220	5024	-4800	-565	-39	118
15264	4992	-4792	-520	94	41
15292	5148	-4860	-561	37	18
15228	4956	-4724	-630	-21	79
15388	5048	-4880	-470	-48	19
15292	4972	-4804	-390	40	-9
15316	5088	-4788	-381	21	-82
15356	5136	-4904	-383	-9	-80
15272	5020	-4820	-335	-28	-46
15384	5148	-4828	-303	-52	-75
15420	5056	-4876	-401	159	28
15324	4812	-4812	-201	-57	-112
15420	5156	-4840	-146	136	-218
15316	4908	-4824	-187	59	-205
15312	5032	-4908	-171	182	-103
15432	5036	-4796	-221	138	-50
15468	4992	-4828	-230	94	3
15168	5120	-4892	-218	28	-34
15220	5036	-4704	-303	86	22
15328	5068	-4864	-196	125	90
15312	5012	-4956	-206	135	104
15424	5096	-4768	-223	72	93
15312	5244	-5028	-352	123	113
15384	5152	-4652	-345	116	103
15344	5176	-4840	-404	24	110
15328	5036	-4788	-308	4	34
15300	5052	-4904	-229	95	-73
15488	5084	-4840	-284	140	-74
15360	5024	-4856	-211	38	-216
15648	5200	-5144	-373	168	-91
15084	4988	-4768	-432	96	-54
15500	5028	-4808	-296	59	-210
15188	5052	-4716	-548	245	3
15436	4796	-4832	-199	208	-101
15352	5140	-4892	-150	201	-149
15336	4968	-4800	-360	65	-104
15352	5140	-4948	-380	15	-83
15416	5020	-4848	-499	179	-13
15316	4932	-4800	-324	3	-61
15452	4928	-4988	-247	62	-26
15312	4936	-4804	-209	65	0
15276	4984	-4712	-209	5	29
15444	5012	-4936	-227	90	66
15308	5100	-4888	-340	20	37
15316	5080	-4732	-356	18	-85
15300	5008	-4968	-224	3	-118
15308	5040	-4892	-152	28	-40
15188	5036	-4784	-247	22	56
15360	5080	-4968	-195	-44	0
15320	5016	-4736	-402	34	199
15468	4976	-4840	-339	-140	79
15316	5176	-4864	-530	64	1
15372	4804	-4860	-285	61	-63
15444	5068	-4932	-58	58	-115
15364	5044	-4788	-270	107	11
15388	5040	-4864	-331	-21	-83
15512	5152	-4888	-546	67	52
15308	4960	-4724	-473	99	13
15304	4984	-4664	-289	139	-113
15396	4920	-4724	-178	114	-215
15388	5052	-4956	-150	183	-193
15464	5100	-4860	-294	265	-75
15252	4980	-4948	-360	126	5
15308	5196	-4920	-570	143	66
15236	5044	-5020	-659	41	193
15324	4908	-4944	-450	120	71
15328	4940	-4860	-402	31	52
15196	5012	-4948	-394	-75	27
15504	5256	-4896	-596	109	22
15104	4872	-4756	-618	-53	129
15388	5016	-4824	-449	-75	-35
15256	5000	-4940	-718	81	48
15452	4792	-4888	-461	-10	-24
15448	5208	-4972	-318	35	-78
15312	4860	-4772	-534	92	-77
15420	5064	-4912	-492	-54	-191
15516	4972	-4996	-645	74	-103
15420	4920	-4704	-538	71	-136
15436	4948	-4760	-468	56	-50
15432	4860	-4812	-299	99	-113
15416	5032	-4744	-371	130	-48
15444	5064	-4708	-571	115	16
15364	4972	-4896	-774	212	156
15352	5000	-4732	-635	189	61
15420	4780	-4828	-521	55	-9
15312	4888	-5016	-385	84	-67
15200	4988	-4788	-466	161	44
15372	4916	-5096	-428	44	61
15232	5100	-4896	-661	120	195
15436	4800	-4868	-504	-188	50
15452	4952	-4884	-510	146	-9
15312	4700	-4820	-298	58	-38
15356	4780	-4792	29	56	-157
15388	5036	-4700	-203	-17	-3
15372	4940	-4956	-493	-68	92
15504	4956	-4720	-553	-9	214
15480	4764	-4744	-388	39	170
15232	4804	-4760	-105	24	-17
15356	4852	-4732	-60	-5	21
15392	5128	-5016	-143	1	52
15404	5120	-4860	-397	82	151
15384	4976	-4788	-444	53	163
15388	4904	-4936	-383	-28	136
15436	4796	-4932	-226	-50	109
15404	5164	-4868	-186	44	38
15412	5000	-4748	-238	33	30
15356	4912	-5024	-371	-105	-15
15480	5076	-4896	-463	-9	-83
15284	4580	-4844	-480	46	53
15456	4960	-4988	-142	-88	-150
15528	4940	-4760	-221	168	-126
15508	4848	-4944	-114	26	-114
15352	5016	-4944	-147	168	-177
15544	4852	-5004	-426	99	-55
15368	4732	-4892	-378	-4	-67
15500	4868	-4768	-258	133	-82
15312	4880	-4992	-208	108	-122
15464	4920	-4840	-289	75	-44
15296	4844	-4816	-382	85	144
15460	5004	-5012	-301	86	124
15420	4972	-4828	-461	157	107
15428	4888	-4816	-412	-29	13
15356	4868	-4944	-386	83	19
15388	4864	-4748	-308	107	-80
15344	4964	-4976	-358	159	-25
15320	4936	-4812	-422	54	-92
15344	4872	-5080	-389	-38	-10
15540	4976	-4944	-515	146	100
15308	4852	-4848	-355	-77	-64
15456	4932	-5004	-386	37	-174
15368	4752	-4912	-406	48	-143
15384	4772	-5140	-264	126	-123
15336	4928	-4816	-353	32	-80
15304	4736	-5056	-361	26	-77
15504	4828	-4920	-340	-53	-95
15424	4856	-4856	-438	50	2
15420	4780	-4864	-415	78	-5
15392	4776	-4948	-288	116	-96
15408	4832	-4880	-201	68	-83
15360	4928	-4908	-280	123	-105
15200	4944	-4892	-435	97	29
15408	4860	-4908	-503	44	56
15248	4816	-5084	-415	58	2
15372	4876	-4912	-388	-1	-27
15440	4816	-4924	-376	-35	12
15400	4932	-4952	-368	-118	-88
15584	4968	-5300	-472	-56	-58
15284	4888	-4816	-660	6	37
15344	4816	-4952	-467	-172	-56
15336	4916	-4884	-503	-93	-52
15384	4812	-4880	-377	54	0
15572	4960	-4772	-329	114	-41
15372	4964	-4760	-531	24	-29
15524	4788	-4924	-468	-36	-128
15392	4976	-4892	-565	152	-46
15264	4864	-4884	-429	116	-35
15344	4792	-4944	-365	121	51
15264	4896	-4792	-334	176	37
15252	5012	-4952	-395	173	60
15284	4884	-5028	-461	161	56
15492	4936	-5068	-515	147	99
15256	5032	-4772	-490	166	38
15400	4696	-5032	-437	158	-48
15332	5032	-5008	-415	95	-111
15308	4872	-4912	-363	84	-90
15396	4840	-4996	-227	-32	-102
15340	5176	-4920	-368	97	-22
15200	4936	-4808	-532	-65	21
15472	4828	-5088	-549	0	-36
15316	4852	-4816	-474	73	-20
15360	4752	-4860	-183	15	-161
15424	4948	-4852	-171	70	-158
15432	4964	-4920	-355	0	-23
15320	5024	-4908	-459	-25	26
15228	4840	-4940	-462	78	23
15328	4920	-4944	-255	31	-91
15412	4780	-4860	-218	79	-24
15404	4888	-4840	-164	58	-46
15324	5076	-4896	-333	138	-23
15372	4888	-4864	-514	41	94
15416	4808	-4896	-550	76	165
15456	4812	-4856	-288	168	-7
15356	4824	-4888	-266	139	-69
15392	4800	-5024	-189	-31	-85
15216	5024	-5004	-181	123	-147
15408	4972	-5036	-347	137	-47
15296	5000	-4844	-610	112	195
15396	4704	-4988	-366	-135	-46
15436	4776	-5000	-207	210	-167
15252	4688	-4688	-59	178	-68
15384	5016	-4920	85	74	-114
15356	5044	-4860	-343	64	-102
15280	4940	-4932	-601	-25	-38
15440	4800	-5012	-570	74	77
15288	4708	-5000	-391	122	44
15396	4756	-4760	-213	91	7
15264	4812	-5032	-142	107	-29
15400	4944	-5248	-301	100	89
15352	4944	-4912	-525	118	106
15376	4872	-5020	-487	-50	-27
15416	4784	-4888	-371	38	-88
15436	4836	-4888	-201	-6	-222
15340	4860	-4892	-133	58	-236
15344	4904	-4948	-262	93	-90
15376	4764	-5012	-310	5	-45
15472	4956	-4864	-426	81	-47
15144	4808	-4872	-440	-57	-17
15544	4752	-4960	-317	43	-124
15392	4788	-4796	-329	118	-88
15452	4620	-4924	-63	156	-143
15332	4936	-4952	-42	53	-125
15456	5004	-4940	-371	98	57
15380	4860	-4856	-443	44	37
15392	4920	-4944	-383	77	30
15296	4752	-4900	-265	101	4
15392	4892	-4988	-331	98	10
15372	4976	-4972	-284	125	-62
15376	4948	-5016	-272	120	-7
15356	4988	-4976	-415	111	43
15292	4904	-4972	-403	65	10
15244	4956	-5048	-378	0	-10
15388	4800	-5072	-261	124	-20
15336	4904	-5000	-323	99	-5
15152	5012	-4896	-340	13	-127
15404	4728	-5120	-279	-14	-197
15256	5028	-4860	-502	16	-4
15380	4640	-4848	-419	44	-39
15348	4824	-5204	-272	28	-161
15200	4972	-4800	-374	98	-22
15480	4820	-5088	-235	38	-124
15468	5004	-5136	-397	60	-73
15328	4788	-4884	-502	-39	-58
15540	4924	-4976	-415	-42	-86
15484	4824	-4952	-461	104	-72
15296	4828	-4816	-476	12	105
15372	4932	-5056	-426	65	110
15272	5012	-4744	-532	14	126
15392	4940	-4916	-622	39	72
15448	4924	-4860	-620	84	15
15444	5052	-4916	-580	193	-92
15316	4928	-4956	-535	153	-36
15168	4820	-4904	-351	201	-84
15252	4984	-5024	-375	154	-59
15256	4964	-4908	-480	111	-87
15384	4928	-5072	-517	37	-83
15144	5076	-5012	-662	96	-24
15268	4768	-4836	-518	-23	-201
15324	4892	-5092	-486	155	-221
15368	4848	-4892	-367	114	-143
15260	4840	-4988	-254	47	-174
15360	4956	-4952	-625	-3	-23
15452	4736	-5060	-511	-83	-79
15428	5104	-5096	-483	-9	70
15324	4860	-4816	-579	50	45
15272	4820	-4836	-445	17	14
15372	4992	-4796	-320	76	-18
15404	5028	-4872	-335	77	-25
15424	5096	-4872	-440	87	-17
15280	5008	-4680	-587	170	37
15332	4912	-4804	-548	88	50
15392	4800	-4832	-263	231	-77
15196	4996	-5000	-209	194	-129
15292	4908	-4880	-350	192	-152
15384	4828	-5092	-286	44	-160
15400	5032	-4896	-395	257	-56
15248	4692	-4716	-384	64	16
15328	4792	-5016	-239	-34	-69
15148	4744	-5060	-237	117	-32
15316	4756	-4924	-133	161	-6
15420	5032	-4900	-4	29	-93
15368	4972	-5080	-358	-82	81
15284	5000	-5000	-357	-106	-17
15396	4908	-4848	-452	34	78
15320	4992	-4736	-300	-43	88
15392	4832	-4908	-201	-30	81
15308	5124	-5084	-225	-17	55
15464	5060	-4996	-380	61	30
15436	5036	-4844	-473	77	63
15416	4892	-4948	-456	71	-65
15364	4916	-4860	-258	55	-170
15364	4908	-4756	-200	82	-125
15340	4924	-4892	-209	74	-125
15428	4956	-4748	-427	124	43
15448	4908	-5056	-439	61	5
15432	4912	-5088	-520	220	93
15340	4644	-4884	-345	22	-61
15376	4812	-5000	-308	113	-136
15312	4640	-4876	-294	201	-98
15428	4908	-4948	-184	179	-31
15412	4924	-5072	-346	101	103
15356	4740	-4980	-401	85	107
15452	5040	-5008	-438	4	36
15292	4824	-4824	-410	94	82
15408	4772	-5096	-200	49	21
15436	4964	-4988	-325	139	-29
15388	4764	-4860	-374	33	-19
15244	5048	-4700	134	-312	-613
15296	5132	-5092	-285	148	-1276
15468	5552	-5048	-304	199	-326
15168	5300	-5080	-487	-206	575
15028	4916	-4764	-635	-313	-364
15712	5428	-5284	-560	-429	903
14672	2756	-3648	-1531	740	2008
15732	5888	-5940	2163	-1854	-2278
14912	5524	-4692	-2346	2793	1452
15052	3600	-3228	-2622	3068	1721
14112	4500	-4424	-1271	1203	1013
15840	5812	-5356	-1967	1431	-927
15492	3872	-4652	-3670	1229	-1707
13876	2904	-3404	-281	-1219	-3128
16012	6548	-5156	-1501	-2303	-2750
